-9.438262724021703187e-01,-7.005199617198273332e-01
-8.731677803866455534e-01,8.648857926816875263e-01
-5.634601664937366472e-02,5.431794164202927711e-01
5.095561148883656077e-01,1.705056720006234774e-02
7.282418142884991008e-01,-8.782640970263883018e-01
3.956407921759403368e-01,2.179388832957688926e+00
6.429730452043909139e-01,-4.287343188048297615e-01
1.447999421851961177e+00,-1.438970354244338612e+00
-1.490378098399477214e+00,-2.755077376447941373e-01
3.107825003371435524e-01,-6.950753733591136241e-01
4.370187522914558143e-01,2.819255886432218139e-01
