1.602936117646792225e+00,-9.424947382644688343e-01
-8.048868551597968546e-01,7.230009253144145664e-02
-3.997851951335691378e-01,8.239272841643778822e-01
-1.208797785920822543e+00,-2.985060356792986758e-01
-1.217302781570699377e+00,-3.189085903861856863e-01
3.307513415033936921e-01,2.017134256590201069e+00
1.194104632759886542e+00,-2.546784765702395786e-02
1.332141636021644038e+00,3.203966251375041652e-01
3.070437562696759493e-01,-9.010420113411188314e-01
-6.503259418975566586e-01,1.346269689980180706e-01
3.546107843107516588e-01,-8.874017989299056719e-01
