-3.505999393850425805e-01,-3.960808310722216397e-01
7.590302911464521518e-01,-2.149275245082267471e-01
2.882846164947173162e-01,-2.976217294031733296e-01
-7.918305129118050067e-02,-2.210042146375739147e-01
-8.986202210532240331e-01,-9.776091802239363915e-01
6.457725666600035996e-01,-1.667467306267789162e+00
1.660530106179128440e+00,-1.008542077612658350e+00
-6.026080085853553481e-01,7.505194131570730454e-02
-1.666113490877987047e-01,1.981200088957353556e+00
-2.906770013971847755e-01,-1.804133768860629372e+00
-9.026737027712254946e-01,6.544961374671905974e-01
