-1.302360751193792021e+00,-1.321491238504360233e+00
1.419519226301633630e+00,3.130242138321236989e-01
1.098583852127807292e+00,-5.999798915337092309e-01
4.802656220676357890e-01,2.236121747793380354e+00
-3.328845203728807434e-01,6.562343391808256321e-01
-3.049081915308844426e-01,-2.970258889330102958e-01
-9.692679811407098889e-01,-6.015476785026598883e-01
6.306335591054210710e-01,-1.349874989280235721e-02
-2.077342212831873591e-01,9.090383714842861229e-01
-1.690934221418935568e+00,3.506966853332858514e-01
4.732898540795364983e-01,1.319457256073394147e+00
