-7.680495367762282255e-01,7.244335497837940674e-02
-4.014168082898617040e-01,2.679236676624450642e+00
-1.022660860332129218e+00,-4.011738023898447913e-01
1.021292007600041352e+00,-1.182660053752109253e+00
-2.125039413155757617e-01,-6.323448451345603516e-01
-1.469824849198253958e+00,1.784867964508960680e+00
-3.310883217220167429e-01,4.996903247413477245e-01
7.927012380556676119e-01,1.264984603021426457e+00
8.451903699567504813e-02,-6.280378759929254873e-01
7.832835479254169897e-01,-1.066161631995846681e+00
5.201808076824215865e-01,-9.897363015717279833e-01
