8.805990258707465657e-01,3.073118027054039247e-03
5.984278656917377814e-01,-2.137313326062782737e-01
4.700199911859569979e-01,7.852559687968955204e-01
-2.304709933875677130e-01,7.650451282665726715e-01
2.942942953124687566e-01,-1.102570866977657493e+00
-3.943497797310403508e-01,4.088760256016123890e-02
3.723073514319307220e-01,-2.816282493892797167e-01
-1.856486515171303919e-01,6.319540134544456844e-01
3.971371063986215422e-01,-2.497265254920150446e-01
-6.713305932032759271e-01,-1.112310695185523057e+00
-8.867283405448690703e-02,1.212425731070708446e-01
