-9.682564204715692346e-01,1.222243294575510036e-01
-1.611959517193986891e+00,-2.442636251066897593e-02
2.167148467928827205e-01,-2.202322743741914390e+00
1.680483530360431077e+00,1.399387212920875090e+00
-1.229961732784122574e+00,-5.454362852638613424e-01
9.094773375731096676e-01,4.051609686061024562e-01
-1.750634850960627875e-01,-2.308480250363121877e-01
7.954547285877490159e-01,-5.053171726695244309e-03
-6.915695270936542682e-01,1.153290203856597085e+00
9.174840852825447701e-01,9.179740206123294666e-01
-2.467166368334357263e-02,-1.011542637774184517e+00
