-6.329051723964191911e-01,5.619371857620771848e-01
1.396447443802916188e+00,-1.771588321111415176e+00
7.078611485432871886e-01,-3.700893696040861158e-01
4.261155499219039799e-01,-1.940703598764172311e+00
-2.707292131817065961e+00,4.121655872638376183e-01
-1.803952862194188267e+00,1.051295011645038358e+00
-1.426750278312555187e-02,1.725413608677864641e+00
8.120754177926484685e-01,-9.352345186023729162e-03
2.941787060793640829e-01,2.325364893097806362e+00
1.211213256693072893e+00,-2.671249577267707842e+00
1.981360708891879874e+00,9.080724732080364126e-01
