8.802208030462556065e-01,1.189850491770942043e+00
1.568752546929880642e+00,8.337143138350820992e-01
-7.311227628427661163e-01,-2.228161725518917891e+00
-1.829864391393434930e+00,-2.774648440437358587e+00
-6.259224740848785551e-01,9.647349887769234300e-01
-7.797723829844713794e-01,-5.182785589874040477e-01
-7.019337265645522184e-01,3.865039538440765421e-01
-2.231338242563749574e-01,-1.756661627611760812e-01
-1.632512812246607048e-01,-1.669111695740671530e-02
4.703790170458650444e-01,-5.291053401290737312e-01
-2.192701975478092091e+00,-1.860018712606033686e+00
