1.650947121427096542e+00,-1.798972361678634613e+00
3.800284104197361179e-01,-2.084805051516483432e-01
1.454566417721184113e+00,3.904996819717402867e-01
1.876303702194958845e-01,1.090076886309161663e+00
-9.461211573069863157e-01,1.121601520611280156e+00
1.509893142910800623e-01,2.537497281645580749e+00
1.205941078014358903e+00,2.452716789557020660e-01
9.020713364557898517e-01,-9.846143631865972301e-02
-8.237991458949800450e-01,-5.580388626141739028e-01
1.731021197005767842e+00,1.034734172866743851e+00
-9.861064664611376429e-01,1.100043430775927034e+00
