0.04910961682746523,0.050811362021410907,0.051575397860811459,0.053207608482773922,0.064618035737308149,0.069011639182860074,0.071448459101458944,0.10335448652843998,0.11067093098180263,0.12742275257705227,0.13089397233245106,0.13814702339991486,0.13906038612093483,0.15507993635234993,0.1571517404059404,0.205675236543512,0.24878551537140192,0.27637217194895874,0.27638570766054005,0.29288235414467095
0.058630294695772599,0.059772273148583653,0.061235732158569575,0.061702189456736417,0.075193692623206534,0.086398335972944759,0.088412707655399186,0.090764175933654559,0.091745831273542092,0.10425919466606322,0.1089170009055745,0.1124530266831175,0.1270734161661726,0.21633345807958876,0.23219772714429179,0.24386651835056838,0.26801871855210035,0.35097932938391796,0.35126754469717897,0.63297292093407331
0.043511030987480846,0.045215898255263197,0.048418114124170568,0.048680803867393194,0.052537142500842113,0.056881166070451655,0.062275305505571345,0.07165997431444153,0.075252919050714004,0.10032701009789326,0.1014792280033921,0.10438784506075095,0.11257131720946477,0.12042910615024285,0.12651584109859104,0.12920605791921497,0.13429493371545678,0.16621772727751635,0.26346857272268281,0.32526374333127839
0.043751866983639302,0.044008406199608156,0.04572326508221302,0.046442260547995523,0.048947370141767893,0.051223037092407629,0.052604175434213668,0.057477569649897746,0.062747953419973565,0.064929650789602139,0.068712198152537693,0.089532374660667213,0.098816665261221431,0.10002611388809571,0.11578070929951921,0.12242172296817055,0.12299345239889076,0.13980181950034842,0.2366228551400307,0.54780166795227414
0.051378016268842752,0.052539436565188141,0.052656208357502801,0.055923676617689572,0.05772511357439402,0.064752771543800908,0.066916999635546259,0.072975779368364191,0.075808406431609326,0.079354436876577034,0.091490700098232472,0.099789508319072878,0.11143040711496956,0.13032161506793774,0.15689636929945996,0.17497111265190662,0.18455795416271095,0.21035829646435764,0.38084563243162056,0.5546500110792546
0.064144348258415265,0.072982343908130312,0.07331345525021693,0.075444552221106201,0.086164757125724925,0.086529399933238493,0.098012090498758725,0.10158662427400365,0.11147547249673642,0.11351398692530823,0.12424916433312315,0.13383963524211484,0.15040326942937898,0.17761657003826245,0.22255254274315861,0.24450095794709356,0.26313028798430682,0.29401643450350112,0.39935298530007801,0.49541098284228546
0.038071369676694014,0.038707868314186135,0.038771001941103861,0.039365151154352594,0.042375340706536944,0.04526445082366945,0.047380801500390715,0.048648820229894037,0.053492867985227129,0.06503670221900712,0.079238768097300724,0.094705360588981491,0.098059614229957043,0.10519380614881603,0.10891186707450577,0.13582203366782097,0.15034862470999383,0.193895519108534,0.31835505931743729,0.36678446818675919
0.042531372401397899,0.043670600161568228,0.05102365081089455,0.052927542781908914,0.05302154199704269,0.05559198764357768,0.059949823772690876,0.066502024213393768,0.072347493987616238,0.075419102946418265,0.079146488700659809,0.079231514323875304,0.079381665057413772,0.084308469969740937,0.21113651563197947,0.29563206571427397,0.36092111482765016,0.39488431031711835,0.48487303846680019,0.5782011365247075
0.048033156995052645,0.053472043677579656,0.053821442398731247,0.055441489267055201,0.062242923375237687,0.067106540925339436,0.067914023810231178,0.075104994927976523,0.079995505271522979,0.084600527220363236,0.084842131725876485,0.09157268644050541,0.097157349423049794,0.11546538376985277,0.11724234559165538,0.12633502151799206,0.13941126301043827,0.17723720276311972,0.21524697421967798,0.40247675825127571
3.7709446692834772,4.3380040794405987,5.7397713453729322,6.0647585531544719,6.2940999946180067,6.6139123484237734,6.9595597568744765,8.2836728191782427,9.015733578687227,9.0260951431591732,9.5138079365045503,9.8306262947395187,10.118031954703133,10.542459275556975,10.868442039983215,11.880297043225614,12.227625739994162,15.133554655066709,16.00808715272133,16.949362594288221
3.4266081188407531,5.2228248156823787,5.3152193609133995,5.8929581199761083,6.1782340273425351,6.3234863158813042,6.4730558674316576,7.0225613485402114,7.8184771832654141,8.0939431709553933,8.2550248430080551,8.4074389867281596,9.2226827950627008,9.8198756766656548,10.67212905998618,10.949040954174452,11.824155950645851,11.865050127283585,12.833039736408168,15.261074950510222
3.7523480592434293,4.3471521471802603,6.0782473529007159,6.2054814423892397,6.4530906851185748,6.4880199681942683,6.8100405154413437,6.9293541793516811,7.6131373136914222,7.6791709708503655,7.8245316465030657,8.5040219189906257,9.9041573789848965,10.317035281037803,11.091737399479518,11.157815820466746,11.289388176954599,12.484733442951789,15.463512355057176,19.855103645693369
3.5370396521465333,4.4258855716651784,5.3753713465944637,5.8030047694652289,5.9324106576996076,5.940825644801083,6.1167553638793288,6.3397867811190656,7.3486199987149954,8.2868255861044613,8.4200837644477833,8.6116120836179011,8.9025676577911881,9.3192686240935689,9.4594864967524668,10.499553793846095,11.293873780079402,13.089629132352314,15.693537337165981,16.573751584500013
4.3167439110346004,5.044050237603372,6.1589944824813001,6.3229849070419162,7.9938537030107701,8.5802117569970093,8.7300521086673388,9.1634245920084112,10.806570489913778,10.817328641375548,11.079673780856925,11.535443929011834,11.914821781714684,13.304994863996422,13.587083656155487,14.721633002158354,15.058262606777449,15.356688034860763,15.93662007033921,23.327356638141275
1.5241092015243045,1.9646827324705425,4.0208598012706771,4.728607006828895,5.4766992071463241,6.1984766442174672,6.9754679674436648,7.1870002981351888,7.3818084702026026,7.5441185881311954,8.1190374252952289,9.3323753330832151,11.98436334459579,12.11940216090316,13.441550103307446,17.094683753017097,18.309376511210136,18.37657740535715,19.088189082302666,19.919059219687764
4.6822969476952636,5.9271282961151242,5.9403134299394482,6.1423510220463635,6.2708073255141707,6.6222656808935376,6.6468206446295808,7.4678106451779778,8.3376779199894848,8.4874515211163324,8.969575123656444,9.0122175712824593,9.2716344954745118,9.8850961743611716,9.9260439721630824,10.463794647778334,13.700667160677019,13.793969236425873,15.04667494557032,16.502311161734717
5.1656331349060451,6.2997199622752591,7.3857544618210431,7.4719308899933834,7.8024211099545395,7.9223190644780237,8.0556493771119033,8.4136870501163923,9.6092352556649629,9.7825795672698685,9.8856020142074108,10.418520365245005,10.571965402419689,10.933234051678058,10.953481204638845,11.277358477854605,11.563622216935554,13.253755046726399,14.999572589944012,21.828360265682161
3.1646553627348157,3.2978488373100086,3.5487283190657757,5.479731128695108,5.7872540153339891,6.3435091424694674,6.5985997358145481,6.7135976722024076,6.9099297955601617,8.3131468930981072,8.5996699209650149,9.4550758493021796,9.4565560338463381,10.260518277103428,11.477518191468588,11.524496793003513,11.873050760951983,12.452724161204515,16.233152801770345,19.835741572839545
2.9285348004417262,3.6473909247284122,4.3098513220995978,5.8257733612248472,5.929334520554761,6.2512998932326038,6.915866150660996,7.2658139950259546,7.3927150531857198,7.4561035459128808,8.7049761071457432,10.045190929430992,12.142345681444452,12.349429687532421,12.462672089858382,12.770295871745994,12.931454866460699,13.781489887818523,14.285741722048433,21.69068312910008
3.9995497136026414,4.0525029568083308,6.1643864155709469,6.1721704459854791,6.4799041205655747,6.8062231993436253,8.114846234203025,8.2530371257256565,8.4346849758639468,8.6308778728942848,8.8455365747626882,8.9948346577555416,9.2812218759082921,10.47457403677322,10.609391539706781,10.683477747737127,11.787859877184211,13.282726567402038,14.601386080579415,35.513011842890229
1.7946125784607887,2.538956246053528,3.5691514530427972,4.5417001330914664,4.8949560860024537,6.0971459516860591,6.1992786621011398,6.6991990671496238,6.7565910272487502,7.2915496072827253,7.4321817998211746,8.5293637452255044,8.5865685019852211,10.086097103532772,10.612421641805692,10.708066292184739,11.201243452931553,12.144075944366563,17.670343530759332,18.948906101949643
3.0054386753695619,4.1725933321247712,5.34410581339431,5.3974201829538568,6.1624368729556034,6.3334873567260992,6.7709760009694575,6.7727404826456183,7.2028157828092887,7.6508237060862818,7.6537242453048879,8.1558862873052416,8.1794023606316077,8.4916657844204728,9.1087809004993208,9.2294889097917654,12.120103435860569,12.19037964683173,14.234407827177977,19.618596987901491
2.7021500083600185,4.7874590048387224,5.3965311820031898,6.3881410654347004,6.3967014331281975,6.923775614781138,6.9513005393580514,6.9560345431324917,7.1739689915754772,7.1996079340134198,7.2778469197067981,7.6669652474708574,8.2118484336502586,9.4973804352902,11.820906528813785,12.378921179336862,13.504038599050158,15.034545424911281,16.509668896379424,17.856415529317921
5.0971157617659788,5.9221322084439052,6.0117211672239508,6.0663224956794402,6.4063712947053082,6.4838573259427337,6.6102533725524291,6.8427758040405253,6.8971325438852791,7.6463172173308491,7.8601060522314334,8.0604112442656977,8.1177154479688411,8.1216242660973332,8.1269884583839715,9.2360317332224522,9.508834045004356,12.624467036997327,16.729020292430111,20.5238147692077
3.7564874450587942,5.202073188804837,5.7151715637560612,6.2427040505701594,6.479078975074251,7.244946713565473,7.3163229253478521,7.3870823324000341,7.6370720871765467,7.7869434992835354,9.6059052232121509,10.059149268475437,10.260983867666775,10.305863336085338,11.119266523394135,11.817876435170414,13.072102805393918,13.678837651811261,15.581215818681665,23.169888819729078
2.9193459678382854,4.4659604550795269,6.1513748286058938,6.3092095351670627,6.3958188983130473,7.0185463014220177,7.6341261678295353,7.9542764809720667,8.4080200120972499,8.4994024355615565,9.1819245770741897,9.3379163585540184,9.8026339753876321,10.244137028728213,10.406256799634212,11.813869859323283,12.469925171374394,13.244007281639698,14.882747773317012,16.325160811276024
2.5823000105582063,2.9169172476922514,5.1914109394538528,5.7635311738757595,6.6714194774555651,7.5207412687601796,9.5113227712724271,9.6722358046013657,10.003527629543211,10.083873996454612,11.533784331501415,11.701974956455905,11.883108729559872,12.952726537895769,14.12994585645616,14.495260886339182,14.6045502685028,16.265420013771074,17.238316465927614,26.34300847127755
2.2652265418622965,3.7571806310001326,4.4123202941105006,4.9506031277192397,5.3504717765279235,5.6660592502954303,6.0562827409004374,6.688715754014269,7.8550827763757471,7.903905495482042,8.2808689518869123,8.6172910897596395,9.2054590733101858,10.27303280589676,10.305984426342333,10.395210847810748,13.082235410280376,13.098579237745396,13.722855356768518,14.690712875706533
1.701086921858229,4.8689132803210065,5.0577237874780243,6.0795815316844077,8.2563847310736893,8.3850913128736355,8.6742921893553113,9.0042470095182772,9.2649361462656543,9.5114289368282332,9.5494688445610354,9.7317458276039623,10.303375062306893,11.317335110010912,12.040206632684255,12.161651798346616,12.180813764592088,15.136865359601853,17.165139441582344,17.24639091125573
2.2133345754183438,4.077126664922444,4.127143181981201,4.3424355499209542,5.7044530316179589,7.4913722314859523,8.3522945918924787,8.4543080476352905,9.0206159619296464,9.7814540088952189,9.8565604891742638,10.036109279472182,10.068842828932381,12.879062228856231,13.203868683758897,14.64896762171707,15.172381200509918,16.197251875719239,23.11399372033117,24.235363708573345
2.0309526149256247,2.9454271289701701,3.3194066529181914,3.3223146200066633,4.5356995746971398,5.164849972589157,7.117368470865074,7.2329746939050015,9.6585908186713585,10.172101128723332,10.296373809423075,10.45914024070936,10.707874194713673,10.733303063732613,11.59320983124687,12.05226953320123,12.52558846297735,12.694599995771002,12.724391428095805,13.021268241010917
4.0322772796370598,4.0963616343709646,4.5804980086794771,6.2880665248388281,6.3363030844107824,6.4400162564112033,6.7256011101523479,7.2279650017143586,7.5357339976132796,8.0903587695565484,8.485511312774177,8.9858434612571294,9.37348081150631,11.245753585476374,11.428533660232798,13.264403147149709,13.50700240371024,13.824219858738781,14.211205999277313,17.991064438282844
3.6048731561489982,3.8934239799715216,4.9722370493681538,5.2607796659013708,5.3831181343467245,5.8104501455443929,6.6637076139099571,7.2649277283762483,7.6666854118654522,9.5803714881090656,10.098452269553299,10.175736225789617,10.280641628086819,10.369135130955643,10.493922761692328,11.569825967889351,14.732247086948121,16.025008819692815,18.00579137632144,19.369726847288803
2.0912805953458031,4.49799703555182,5.1646352752508751,6.3229093280769844,7.4152608629304675,7.6264094383128462,8.2690603588939471,8.4260670578920358,8.6229564552700761,9.4126888259961206,9.7248552969812074,9.8104666417068227,10.631692869376028,10.726890070416127,11.608164786199476,11.707038490903331,13.334908409687499,15.282894142395689,18.082185541348348,21.490340490693974
