-6.303997360274682382e-02,9.641588218683534439e-01
-1.307655516125040052e+00,-1.229689780528001819e+00
1.322538083575307999e+00,2.638234102456398222e-01
1.646705501694365748e-01,-1.827219674466129262e-01
-1.208639661023571898e+00,1.328060750872497309e+00
2.465425849140045145e+00,1.238772767233748962e+00
-1.195460047205330473e-01,-5.288076392635473466e-01
-1.577474417903029780e+00,3.921475623208983130e-01
-1.597340368686373857e+00,5.952283453324480611e-02
-2.570061925875022912e-01,8.352118186338617356e-01
7.308560554823208266e-02,9.580285676691984165e-01
