3.053367363303063908e-02,1.362020153530772326e+00
-1.749552480667153409e+00,-1.267678961531938098e-01
4.900962759668687219e-01,1.295305513625413241e+00
-6.839072773180440157e-01,-1.254626506302136013e+00
5.173090557201142081e-01,-4.848338471908388847e-01
-2.600806183652755732e-01,-3.609562013345025133e-01
-1.655313303019120053e+00,5.403444809493429535e-01
-2.263304676987931696e-02,-7.646517872994235132e-02
1.073505396619647279e+00,-7.405992212639177508e-01
1.366675230020678811e+00,2.243578489632543360e-01
-1.207041768540945137e+00,2.585680083499204418e+00
