-1.505513088888164708e+00,-1.300040030620403186e+00
-8.758935026101639654e-01,2.263544880865282050e+00
-1.006772970818746282e+00,2.669672466038982006e-01
3.402059974736687531e-01,1.968157381371713477e-01
4.814649432437830834e-01,-5.612743958850900938e-01
2.606942878118772011e-01,-1.628364695568300213e+00
1.200033795594241504e+00,1.855301333729948710e-01
8.741388981766659017e-01,1.089032722067141412e+00
6.280197152289243023e-01,2.037882108808719561e+00
-1.755467038282740644e+00,-1.311013130882860533e+00
-1.430850153450450968e+00,5.077275314847216059e-01
