-1.558995078252068400e-01,-2.461799884465772692e+00
5.675321683527420058e-01,1.930082421509297097e+00
1.354146099211265053e+00,9.089021782801507410e-01
-4.553410183819047163e-01,1.979748840330958659e+00
1.065270044429262208e+00,8.997101109395774232e-01
2.118488488972692707e+00,-3.664689611799151203e-01
-7.566079807191308237e-01,-4.080731081736918564e-02
8.610820847848160708e-01,-1.705593625356120135e+00
1.485673896994417875e+00,-5.257827421271710211e-01
-1.606270938802214276e+00,-9.390097954558842552e-01
6.112650381754434203e-01,-9.339085130996515050e-01
