-1.452637101800489106e+00,3.775734788523802621e+00,1.313737246471327613e-01,9.997305262106049861e-01
-2.852180544000847640e+00,-4.514457517539961273e+00,1.655650643152242196e+00,-1.555150019193029198e+00
-5.578216112862803833e+00,-1.083587616629335226e+00,2.012742041273100746e+00,2.229144398847018316e+00
-2.387455557931273120e-01,-5.836275930655188127e-01,4.404201335967079523e-01,-1.173152068839342199e+00
-1.639301762255058525e+00,2.897560484613071363e+00,1.220713847269357499e+00,2.228613578149520436e+00
3.041337803783395355e+00,-2.608170206787804091e+00,-1.416802919454346998e+00,7.360690017382757189e-01
-3.665178866290627724e+00,-8.566713010104705095e-01,1.747077508532852042e+00,1.876988760918722465e-01
2.245146864301661882e+00,-2.083679842831567264e+00,7.694486798428538110e-01,1.430742652909315682e+00
-5.118220404017865377e+00,-3.079288062015011485e-01,-4.393366301915416550e+00,3.092010224821670317e+00
2.750801079621330469e+00,3.771233221640470923e+00,-1.752053198866241335e+00,1.457930735097437758e+00
-6.783067623049829353e-02,-1.193459869085026659e+00,4.847475230180159356e-01,2.115398598680133524e-02
7.797232306754930953e-01,-2.388316679378112983e+00,2.993392407452439397e+00,5.637658576800355981e+00
8.457976589421777325e-01,-1.181538377963482045e+00,-5.463279378660706342e+00,-1.908186463643288588e+00
