-1.413525722614388525e-01,4.881275870200049161e-01
8.520998101305841121e-01,5.229288407240975656e-03
-7.705333287141004073e-01,-1.329517777682052815e+00
-1.451265883028697079e+00,9.107349473457009292e-01
7.521755814485336922e-01,-7.348027095438419698e-01
-1.437852404218396885e+00,1.386373114267608342e+00
-6.970417456847765036e-01,1.607291051173473095e-01
-9.561786753346417367e-01,-7.341577407968288282e-01
3.101588958262628815e-01,9.497020710685935008e-01
6.980055972156237187e-01,-1.947791361731496806e+00
-1.029056659524360207e+00,-5.367570712252258680e-01
