-3.429787473098447337e-02,-2.996581538479415885e-01
-2.412199853976829678e-01,4.149312980272562568e-01
7.448800304681354456e-01,4.176718567899190826e-01
1.695139107673037326e+00,-1.726408507560426298e+00
1.223193801231065914e+00,2.851115595594170826e-01
-6.331181557754136380e-01,1.058128284253867929e-01
-8.029017228238057857e-01,8.857306939693389003e-01
3.191403645395501365e-01,1.855253672304108203e+00
-1.664514051851371801e-01,-2.390888688093219638e+00
-9.526565871444689915e-01,-8.546036514407295837e-01
3.066303913928501435e-01,1.717626307068072400e+00
