-7.296164264074771477e-01,1.910536579312266392e-01
-1.080358142640562402e+00,-6.214998587548976605e-01
1.002935909908766021e+00,-1.146178251350378652e+00
5.961123324524506550e-01,-3.843072804506652007e-01
2.002174751464498859e-01,1.420372239884295951e+00
7.372968445834319207e-01,-3.058937830120303514e-02
9.373337509499183318e-01,1.624253316855990004e-01
-1.244947035448672246e+00,5.281969108100830201e-01
5.801807278724017136e-01,-3.523327933347974450e-01
4.582949151545653299e-01,2.458956402173343991e-01
2.266222816512536209e+00,9.926900700604299743e-01
