-1.781526424913117301e+00,-9.859722612099058869e-01
-2.903784856297577099e-01,3.036417004166959144e-01
2.289939978962440392e+00,1.121304937038659411e+00
1.048867670990214718e+00,-1.084429609733565669e-02
-3.746789099144370860e-01,-1.115227587809261012e+00
6.061572700525020840e-01,1.745882992239570886e+00
3.250110860421330239e-01,-5.189723517927279373e-01
7.581551098942016509e-01,9.909186174886099874e-01
2.319801245991568006e+00,1.497994923216121377e+00
1.408699511695244766e+00,4.203424951153564848e-01
-2.238655886300625619e-01,-6.545835154924243282e-01
