4.899769357777634671e-01,1.286865421561779466e-01,-2.375377478210301874e+00,7.135571722007837403e-01
-2.535228262979690728e-01,-3.242969265523660827e-01,-8.474539287597525616e-01,5.186986922411276901e-02
-7.944660430926485661e-01,9.711545680726952900e-01,-6.196247346754765184e-01,-1.567957093093292065e-01
-3.643561888027040951e-01,-1.098035780244623227e+00,1.056004363432167414e+00,-2.319943906504131181e+00
-8.579386360083638419e-01,-2.322020477810049499e+00,-1.439166140934488691e+00,1.458349792577147697e-01
6.147760630207024790e-02,-2.101344317279309593e+00,1.155786265449573191e+00,-1.130780907223712495e+00
1.703414474028164038e+00,-2.750543899002935722e-01,-1.296497044234097951e+00,-2.804012140910316031e+00
-1.720141018847105574e+00,7.128110100319224873e-01,8.705914945319251363e-02,6.339952871783360866e-01
1.143159356888881373e+00,-4.620725812883337280e-01,-2.785386409148950526e-01,-2.555284350400475746e-01
-4.152131333598129359e+00,7.102906523745933232e-01,-4.650111010392897759e-01,5.838528121453405717e-01
-2.322233190401030711e+00,1.833339301858152304e+00,-9.911126114944496246e-02,-2.389138388564230997e+00
-4.139760330532616384e-01,-6.618729925001941572e-01,-6.087157548240357263e-01,-2.558545520704537113e-01
7.659794997011605266e-01,-2.006613683384099733e+00,-2.765204383139945876e-01,-1.917028827211675557e+00
