3.045119820729440985e+00,-7.288891888958612952e-01
-1.559452321601535907e+00,2.288875207726051575e-01
-1.581697929616886711e+00,-9.537836965614632234e-01
9.680299482147762813e-01,-4.401961811071691821e-01
1.199190229820916498e+00,2.048647557917320672e+00
-1.607234293315726648e+00,-8.590580310650072215e-01
1.237348497237264477e-02,1.204575623199436674e+00
1.968719635227628717e-01,-4.507686795672493085e-01
5.042691588710139783e-01,9.556111272050118455e-01
-3.216649563437991022e-01,-2.575351386433937795e-01
-3.048416723978922827e-01,-4.522818177340868218e-01
