1.033620835647563352e+00,-8.317670894306774532e-01
1.185589095544852478e+00,7.934656334803557032e-01
1.168112501691664251e+00,6.159734547786342995e-01
4.021697250092254317e-02,-9.193314719183645067e-01
-2.889355097951660234e-01,8.424633783851298574e-01
-1.357440419563751499e+00,-2.054715365387390080e-01
2.471544790289047722e+00,-2.028878426499500232e-01
-4.018245894806691809e-01,-1.833886755041512218e-01
7.955407562164276136e-01,-2.012450912313969109e+00
-2.939613908083304583e+00,-2.212315066898331573e+00
1.172717842996917170e+00,-7.546980080114010225e-02
