3.437742137901334427e+00,3.061938757176544956e-01,1.202948658685912831e+00,2.575138413800127868e+00
2.191534015449763118e+00,-2.830970643040896739e+00,-1.083457911097606141e+00,-9.078266533540910732e-01
4.240609189578157384e-02,2.158218947370956098e+00,1.839698390507723103e+00,-1.701147676501323924e-01
-5.161758933578280972e-01,-2.781927827810061760e-01,2.883859629184176931e+00,2.976465002984013175e+00
1.605653781076930908e+00,-4.219452398738613996e-01,1.395795224456834571e+00,-6.626952288823489967e-02
-4.678991379325524447e-01,2.519947583195943697e+00,-3.374833261299397869e+00,4.944409379357333378e+00
2.944061291894748855e+00,-1.892097520560036328e+00,8.327387995563343637e+00,1.814105605842935898e+00
-1.391565602777082855e+00,2.516578604685625553e+00,-5.931398101517366683e-01,9.801155491137102382e-01
7.415300872633870943e-01,2.382835181225259724e+00,-1.195215604170062784e+00,2.358861349866467061e-01
-1.009235913589654254e+00,-2.368357306956062835e+00,-8.970305354013023091e+00,-7.372351948734315874e-01
-1.065442971385343274e+00,3.415986867984955322e-01,-9.759497589737220480e-02,3.825660015019527904e+00
1.131879595012549977e+00,4.599582684809391253e+00,1.145740141172444382e+00,1.295407488993582268e+00
-5.999568474571904952e-02,9.945461881853119301e-01,-2.851928153265736121e+00,-2.853673536980667169e+00
