-5.025706434318791826e-01,-8.325882685425054497e-01
8.041206223778286644e-01,2.977115701154560146e-01
-3.443399727209384836e-02,-7.203633009023133749e-01
-1.740608627807486819e+00,-2.128374960585786013e+00
3.493620774711552607e-02,5.468196510698339896e-01
-1.209386433902242874e+00,4.141284225329432966e-01
-9.681517076037808867e-01,-7.455014952997270905e-01
-1.353332723249965341e-01,-9.377629512055386529e-01
-1.107852246740028024e+00,1.525029926738519226e-01
-1.532793672892304171e+00,7.049814732696841890e-01
7.891499566778632513e-01,-7.393215223857159124e-01
