-5.292904339424984173e-01,9.933892949818828866e-01
2.102728268227542774e+00,4.217181167789979535e-01
-4.144478205480415234e-01,7.457635817971599579e-01
1.077134643250491575e+00,1.838288680022442945e-01
1.162617553768739098e+00,1.312117166505788912e+00
3.838658922818319330e-01,-1.529573182308360257e+00
-4.852244970844533656e-01,2.335872061639414632e+00
-9.919413847499748416e-01,-2.779622231974639313e+00
1.429266459709681580e-01,3.266553045005390343e-01
9.632367992777025600e-01,-5.719648184831188642e-01
2.796364873835592846e-01,5.805828665449919157e-01
