8.450869843060286879e-01,-3.176448846004472637e-01
1.994891517405147363e+00,9.431923527966568077e-03
1.350833812938218914e+00,-2.816477353382365045e-01
-2.009406924516651816e-02,-2.897781987224686606e+00
-6.277989776884417283e-01,-6.299370939908873757e-01
2.160527535489124240e+00,-9.164557824323795732e-01
-1.127249372721368825e+00,1.620886399765367303e+00
1.123499425770277282e+00,-1.215782477651786708e+00
8.341945324478733381e-02,-1.075991342425416608e+00
-7.280173802776821468e-01,-1.239395959252632018e+00
2.234186511218820004e-01,1.368430499685209245e+00
