-2.037270364291476343e-01,-7.167036760769682768e-01,1.230853797052115839e+00,-4.327216593660317967e-01
-2.155718545111664497e+00,1.848173677054693598e-01,-8.576409733316827655e-01,-1.792451900885004612e+00
-3.193515681688723906e-01,1.055918295422610509e+00,-1.786270720444052662e+00,-2.189733460567335754e+00
-4.476077488394444859e-02,7.286454378425830658e-01,-2.063648595694894894e+00,-5.064290152753612995e-02
-1.020790648673303158e-01,-4.854794573386608803e-01,-3.533703303919214278e+00,3.644271712910018834e-01
6.095630188470664290e-01,-1.499607297018223706e+00,-1.475020744678527063e+00,-1.800908978965571228e+00
-2.410115033665259643e-01,-8.876160816584347524e-01,8.343096503856922697e-01,-1.812264829392072896e-01
3.593392454648181911e+00,-1.772190250364618080e+00,-3.443266891190337908e+00,1.106891886251272439e+00
-1.015853180056140115e+00,2.044140227118945941e+00,3.173340806407372483e+00,9.250581692409860501e-01
2.158230689856880158e+00,-5.800479284114319345e-01,1.943655331755162141e+00,-2.241444491475684142e+00
1.567184968766446307e+00,-4.266580142852218205e-01,1.947620126375239291e+00,7.561094767660594407e-01
2.813275394199195034e-01,-9.913209163986762551e-01,-1.489496346511483216e+00,-2.274602249036581814e+00
-7.014063266146775000e-02,-6.470302315580793717e-01,1.332793783120967301e+00,3.608701734763690161e-01
