3.006055076784623914e-01,1.318447872831397971e+00
-7.233556591637086974e-01,-1.070335348007394050e+00
2.236801553718468782e-01,-1.998263142882529042e+00
-1.463492263487420786e+00,-1.995901512458729155e+00
3.056311584563977224e+00,1.376597929647618290e+00
-1.103393497436782722e+00,-1.559734030379272163e+00
7.363389045859808357e-01,-1.467332055954164716e-01
-1.097298692138249487e+00,1.143004669598683076e+00
-5.103801002637342599e-01,-9.423437664741961539e-01
5.043836286559686410e-01,1.284898279555512168e+00
-2.910357644275829880e+00,-2.065664312395131930e+00
