-1.573369977927882857e-01,1.062319830590171987e+00
8.921713833750872791e-01,1.085986236489201229e+00
8.860834539140649557e-01,-3.362315669366307547e-01
6.101440423437801824e-02,8.448461791940011789e-01
1.944207967924356462e+00,-5.959594209251539709e-01
4.326057754289707180e-01,-3.723457199060202782e-01
-1.722811328128916131e+00,7.611712782455981596e-01
1.506312498014185985e+00,2.331875936503262192e+00
1.851200164975185247e+00,1.497153878324180454e+00
-1.371907032943064042e+00,-1.527604850305766426e+00
3.403456446889558951e-01,2.767209602517275990e-01
