-5.563417656598117489e-01,2.993781681651155324e+00
-1.279394326299351015e+00,-8.884719938901851632e-01
-1.912793762825516719e+00,-1.192664991245944384e+00
3.549616719587985747e-01,1.351398995853800855e-01
8.285185981211142803e-01,1.413101643342859148e+00
-1.206444534981441219e+00,4.659998144778380036e-01
6.787983764148529664e-01,-6.863255128721810205e-01
1.715546304695747981e+00,4.080095079350526399e-02
7.784407678000134778e-01,1.187637977802981082e-01
3.873950120485026849e-01,-6.398027674672909226e-01
-4.278949867189998368e-01,1.718336002058605594e+00
