1.799281825210009789e+00,-3.529245850465749790e-01
3.171373468894798098e-01,-1.611103242430040661e+00
1.475217680771987006e+00,-3.146045061253864294e-01
2.581917016720991942e+00,-1.602795511563137321e-01
3.274318431496812565e+00,-6.893614352045704941e-01
6.529613966808025527e-01,-1.034895025310037964e+00
9.095434128514898742e-01,-5.981200646315033564e-01
2.932441807196588979e+00,7.404581353696527701e-01
-1.665295371894973675e+00,-8.695178116612636288e-01
-2.705079547766479631e-01,-2.095164262302883634e-02
-2.545471004627204992e-01,-1.473126665139142255e-01
