6.703999377896315837e-01,-1.024491509660685029e+00
-1.207403034973468348e+00,1.091439321099060944e+00
1.865180893540732576e+00,-5.388931479459259100e-01
1.610953453768698029e+00,-5.507104787558793069e-01
-5.480701742601534754e-02,1.293583684747870999e-01
1.345332826353345723e+00,1.852624110303020100e+00
1.879516050936236526e+00,1.828451523403348933e+00
-1.507546123346664713e-03,2.061068638066639036e-01
8.420524406727526445e-01,-3.732943586600836472e-01
-6.428038467719399129e-02,1.612287311141881396e+00
1.066798525362879113e+00,8.429502374330596903e-02
