1.931254180185930425e+00,1.157498991142542177e+00
8.559731333619211568e-01,1.526415869407936332e-01
-7.385176794387979804e-01,1.021931673550772413e+00
6.963158617229021630e-01,8.548470390336734281e-01
-8.772033219857830466e-02,2.379335636505575946e-01
-1.509377723296443374e+00,-1.700047116240038098e-02
1.314951117349496768e+00,1.420023736863034181e+00
-1.586260073349783140e+00,2.026508748606892230e+00
9.501005980775406590e-01,-1.431294683173420346e+00
3.689910501929203335e-01,3.781517751750640421e-02
-5.746413508597507658e-01,-2.870207461080746814e-02
