-2.496926841949474785e+00,5.293887524988932780e-01
-1.089066000802471346e-01,8.424465960879191639e-01
-2.482110196169481142e+00,-6.205928274555860824e-01
3.434070135999137685e-01,-1.543156330113670371e+00
-1.418406011651473841e+00,-1.067320589902305716e+00
-2.210260959398604896e+00,-2.503397205723599805e-01
6.846211664021164545e-01,1.395939367513814311e+00
-8.243713035991597771e-01,-6.914197153993775213e-01
1.163763716789110170e+00,1.608199182751619993e+00
2.691606267453329204e-01,1.210398697153156400e+00
-5.429564248133593451e-02,-6.350691586747647666e-01
