8.614766315742385938e-01,1.404950503961399866e+00
-1.442333003440220862e+00,-2.221392177447241156e+00
2.089439002140805357e+00,-3.344630515101951751e-01
1.036885681885557187e+00,6.386828011251295401e-01
-1.410740654649668413e-01,-1.689937105205715051e+00
1.039468408763225105e+00,-8.008804280566391709e-01
3.030902902633941798e-01,2.342611707130979048e-01
-1.831916608269143376e+00,3.945171139475074917e-01
-6.800988614944195043e-02,7.404344960962503386e-01
1.424916036210808645e+00,-1.266472178147220795e+00
-3.150060405596594393e+00,-9.391733109946795999e-01
