3.959685154663212803e-01,2.171013171423734622e+00
2.293499201614036809e-02,-2.046309759202721956e+00
1.551152953822318548e+00,1.963466888674421762e+00
8.625730180446787854e-01,-2.104424882467880398e+00
7.989990383984124644e-03,-1.250125938627637767e+00
7.818353428433172381e-01,-1.018441201412753294e+00
-2.581427419673408274e-01,5.110909929972379251e-01
1.833859519756184664e+00,-1.726152979172767443e+00
-6.842404443856098251e-01,1.394390078063741045e+00
-6.057437204454731994e-01,-1.640360271326887776e-01
-2.011331485164095101e-01,-9.142149135404565863e-01
