-5.887760846554559446e-01,1.418219925882810428e-01
1.518119946186471392e+00,-1.957608823809706966e-01
-4.630803726480085536e-01,-1.638556224677691908e-01
-2.710975425879266876e+00,-1.028659416785641767e+00
2.894101826105996533e+00,1.486909357798445130e+00
1.239901197333634020e+00,6.014523217983176462e-01
4.928962088006033082e-01,8.886054920239991883e-01
1.933642476289968437e-01,1.678480347396637540e-01
-1.227970763462188919e-01,-1.136918831291106713e+00
5.009223862666337679e-01,4.615877760115051354e-01
-9.693838330172080964e-01,1.304829021854546633e+00
