2.644912114279701076e-01,-2.658841990148501200e+00
3.612312662662090501e-01,-1.043932819018076552e+00
4.132149707021817164e-01,-1.364093189634796532e+00
5.979412023717687319e-01,3.022551464057276482e-01
2.585501436729374936e-01,1.914322529337667333e+00
4.577353669422320470e-01,-2.067267141024450083e+00
-1.586999053705195450e+00,-1.011978545660408013e+00
-6.843852620412885779e-01,1.086619993429863262e+00
2.324220192405656693e+00,-2.278434672459553334e-01
1.880436381295262471e+00,-7.683638155529891600e-01
5.819916252670562784e-01,-4.200587677049356095e-01
