4.154380413900744529e+00,-8.258222861384892921e-01,2.524441611200141100e+00,2.740560877934834494e-01
-2.588279598452122077e+00,-1.246754464050100264e+00,2.488932128413351652e+00,3.037999802015012296e-01
1.350214434232428040e+00,-7.326248127114054487e-01,1.042327408762566548e-01,-9.700134228602746989e-01
-2.178577083003505888e-01,-3.411934559636261355e+00,1.081479174103202379e+00,-2.119273524085109883e-01
7.775035496756810272e-01,4.199738310055711743e-01,2.575306451010694442e+00,-1.190855864767008665e+00
-2.893997607249543691e+00,3.432699080676486325e+00,9.296248472530379559e-01,-4.062605842145873281e-01
-1.951411006837749706e+00,-1.243508096239486660e+00,-8.784731902772721090e-01,-1.996473140506836330e+00
-2.010341868056043424e+00,-1.544204857184098723e+00,-1.242319841461002161e+00,-6.761507839591331948e-01
-2.903745005134849677e+00,-1.140033499825378938e+00,-8.128707100616773262e-01,1.099731941767821075e+00
9.216165974485202028e-01,-1.271030556830561986e+00,2.030601203710921343e+00,1.145815571308346437e+00
-1.597426936505117467e+00,-1.846515960526233124e+00,3.413922000528363254e-02,3.237338735289332914e-01
8.536307097722288795e-01,1.753442203459886439e+00,-1.210864111257252906e+00,-2.789022728565157538e-02
-2.838155801038892978e+00,-3.970864021856648218e-01,-8.419495889568638647e-02,-7.191005134520767061e-01
