-1.348528670744658209e+00,-1.193403665670866198e+00
-9.875864432522060143e-01,-1.493908244463396429e+00
-4.170169734032496134e-01,8.979540365735798613e-01
-5.201369307156901434e-02,7.608628856090896564e-01
-2.941634289865063812e-01,7.531645384257484865e-02
-1.121744111372287467e+00,-1.291883060871184208e+00
8.266582391860552992e-01,6.424807670160196382e-01
-5.380943318067707981e-01,-1.030587271199470578e+00
-9.477914501952459103e-01,-2.292286620774433570e-02
1.171269250701082454e+00,-7.681845654089942688e-01
-1.361121299232918247e+00,3.823089549066804871e-01
