-1.202816086514519656e+00,8.585721694616270661e-01
1.202042438527245460e+00,-1.014739240941048282e+00
-1.265187915433840349e+00,-1.013501075894896575e+00
-2.920306933342424194e-01,4.668332851265817873e-01
-2.372189642087051631e+00,1.925586892044094167e+00
-2.143287815658058371e+00,8.772394281645142788e-01
5.729106596477214763e-01,8.522054798763910588e-01
-5.495401751775164101e-01,-6.131948515077938200e-02
1.265342135711979843e+00,5.489792214204782805e-01
1.523508602640080589e+00,1.000025413272760677e-01
-6.673724365184582896e-02,-8.551584031712825551e-01
