-2.241215334839782525e+00,1.469432628915332106e+00
-1.185279920507634616e-01,-3.348775563080196860e-01
-1.440024360459420283e+00,4.098629049311277583e-01
8.488240481543249949e-01,-2.557134506339483471e-01
-4.603568974831379057e-01,1.102216953074322658e+00
2.959175364847884904e+00,-2.224920198769254398e+00
-1.326281163960003340e-01,1.561181026524081972e+00
-4.129060832327199337e-01,3.301467187739388631e-01
7.214714036256678065e-02,-3.845585166055258131e-01
1.249164305398563490e+00,-2.351010377054582268e+00
5.293792359082917232e-01,2.376706887701948157e-01
