0.76342799601971789,0.76992139849701902,0.79274331177852853,0.81946427274092715,0.82156138023886083,0.82889718747428054,0.83513103739863936,0.84891332146746112,0.91551106888248546,1.0319694451218164
0.72534239596282957,0.77759790477969259,0.81190463901065035,0.84549418542174193,0.88179215245027009,0.94511250447624562,0.98842084789235951,1.0055562988584876,1.0410724727160248,1.0981964171372764
0.71520640003734925,0.79883840454079058,0.81779831814517312,0.84654498165880776,0.87535165360129019,0.92091476586445609,0.96255447564851471,1.0512202870292198,1.0677849546384071,1.2903445468887966
0.84852792002915001,0.85493217660194443,0.86000001427735695,0.88274017227904444,0.94845050017919474,0.95894999772734657,0.99460585081334507,1.0372923838278827,1.0972204185192633,1.1618797189123997
0.83831938889736346,0.89182557782045979,0.89729052749418692,0.89900792767216364,0.96014615560860728,1.0336076521173458,1.0639128778125682,1.0838100418298398,1.3091466516087018,1.4032722802206212
0.66751545464818207,0.66894509914672584,0.68892095013197485,0.69744217298943756,0.70195712396853782,0.76076244204802057,0.92210731426224113,1.0198050884157288,1.073486010791965,1.1660057115029985
0.88209362024559823,0.91048462502988992,0.91493085349236081,1.0982986797828431,1.1025503017400617,1.150567503502911,1.180562016715581,1.2248317518828618,1.2788506677546194,1.4504854508878644
0.71705595603702399,0.7503114782844138,0.75726052083071149,0.8395090340993101,0.87031664915255957,0.89780954585084682,0.90835395565524601,1.0869784473394177,1.2495985212935032,1.3749932585217213
0.73144840571311676,0.75885085754694614,0.82431942386026913,0.85764604423110802,0.86800165223053716,0.87588939341948135,0.91544918090122085,0.95157405498856606,1.0538852878447598,1.1133571465945189
0.82726593486580891,0.87715085548142246,0.91015459195153614,0.99620512834695862,1.0457772768097402,1.0462261927886254,1.0735281771939555,1.1244497149080304,1.1725765518596307,1.1993841669142884
0.79889936847391407,0.80575899279483387,0.84104430625338233,0.84288151163209646,0.85431377472505909,0.88663285232417266,0.91273419963339464,0.98220608087200834,1.0251008487165265,1.1785855048952345
0.81225054921488882,0.84650556025682722,0.84709887808961115,0.8607083442641299,0.86663663038140459,0.90205577717086483,0.9607222575403731,1.0729850838686095,1.0742560518566471,1.2672561263196012
0.83923514323774695,0.86485373340166882,0.88490247344844342,0.91270449405909693,0.98693550238596606,1.0299646750951061,1.0490864698808338,1.0724710770389994,1.0795842948589893,1.2212381610544041
0.8701632645605657,0.90156465143680897,0.91833997239349285,0.94324613037457716,0.96327418854301472,0.99444834390020365,1.0120198525453201,1.0236639062843107,1.0661059089957021,1.1379167515203328
0.94670058387300093,0.95153998624237257,0.95418802201469166,0.96755704477937821,1.001328549643774,1.039005578472977,1.0738342070057039,1.103847349802455,1.4369361999609396,1.4640098662965344
0.87205431548832202,0.87235860035980606,0.90474337108852154,0.93587148599698189,0.95278395755462775,0.99938969411406831,1.0483536109538543,1.0792860258554917,1.14839920580651,1.1811437663723998
0.90462116760027245,0.91789337550565486,0.92017761165550072,0.94718006112227648,0.95145569885866399,0.95421869455517694,0.95453136224546009,0.96116131448656983,1.0115082235256398,1.1885092332237108
0.81051927343857333,0.89677019082708531,0.90003563552130705,0.92798380533540925,0.94537220770967023,1.0059499271361512,1.0165518657903903,1.0604218055579548,1.1626809783872774,1.1986558462733781
0.87027091265015111,0.87591885158678595,0.8874990477201381,0.92086709990658511,0.94142497570203609,0.95791565794813405,1.0373400049327453,1.0732604249669682,1.1186479149308841,1.1460538437416607
0.77373903561876212,0.80615850549787282,0.87027108213362769,0.87788918792442505,0.89068583736553464,0.95120032020249567,1.0073716956129775,1.1003669970506631,1.1198224855919765,1.2129851275621646
0.78557738411464406,0.84732260596058229,0.86378771078096728,0.86564100796477339,0.89816097791674121,0.90062439827741381,0.93852987397376397,1.0039040296118542,1.065536270318117,1.148302941219443
0.75919019316797165,0.7975931574507884,0.81154161471654929,0.86612280778605744,0.86767887759821383,0.96879262790007115,1.0189760085027695,1.0907607252664695,1.0992523322170791,1.1079771778856204
0.8756187237562556,0.88936378871971256,0.89744126694588067,0.94973905452836993,1.0156217188577781,1.0361252939963537,1.0728787082406681,1.0767143181493695,1.1142616282882458,1.2649694613883593
0.85004489024002217,0.85444088711005195,0.90450248161457036,0.92849081968299529,0.95403554953297487,0.96181254482668388,0.96578154844032937,0.97439857743402358,1.047275062015915,1.1068601059582757
0.79232689873412099,0.81547040607164822,0.85616236852714733,0.91999920379092526,0.94606973434793185,0.9661895472463411,1.0169350994107984,1.0263137555552357,1.0754572735255064,1.0836352733759358
0.82724901045254784,0.83351552232802062,0.89520701967725413,0.90762563866823331,0.90929986137727381,0.91970316430587973,0.93155372871407138,1.0861675924285317,1.1212426297239784,1.154940305030959
0.80451246657316222,0.81692532629762749,0.8263706886243618,0.86017538124355841,0.90775991316605742,0.96916613980112798,1.0051798637346812,1.1625055008880554,1.1829972480535447,1.2565183543499279
0.74272226238807582,0.81026609298569952,0.81654216092560539,0.81749461650323019,0.85864343165959811,0.85991246946533773,0.86341196691032573,0.92820246586356348,0.98111542961993692,1.0598750621932935
0.66565459619830669,0.85401915510243587,0.87374821030275251,0.8820403036912885,0.89820074359796509,0.93765124751626638,0.94181334036187581,1.0171733741177444,1.056717873597786,1.1418583033900744
0.82588445273397504,0.83508591858556214,0.84349743849940007,0.86982474364139373,0.87235389803667518,0.9244820984385802,0.98298236100453451,0.99953104973982221,1.0569678165571221,1.0609471369350634
0.78169930683735966,0.80642669488577257,0.83056066482841118,0.83590428918298443,0.83702580467339249,0.84017900622816777,0.87021944929038186,0.88300143751155469,0.89786833338599603,1.0214060316548261
0.66818879702987299,0.68770141542615093,0.68978442166582443,0.69503108619742004,0.81770042792049091,0.82166204498206952,0.85995927663053573,0.86741805248309678,0.89979805061832652,1.0795711190121926
0.73514094878610026,0.75752993853443318,0.82651700400645423,0.87475025583004795,0.88144788245981642,0.894667250307283,0.91615555810249694,0.92765261097981888,0.9617901419885162,0.97058225558201894
0.75807592078782537,0.79010215809486306,0.81154110935152524,0.8309449945993177,0.85156880945007174,0.88242666280501059,0.89502249648602383,0.89582449826967148,0.89705760341786034,0.9253479424101565
0.64944842845663953,0.6624677961921992,0.69728018861101848,0.71858172005235543,0.73009961877773089,0.80847512841577007,0.81369332234257064,0.87951677071424195,0.87979633210817765,0.94302229383015668
0.8132270422305754,0.82260952892530259,0.87151613418616147,0.87727187305955523,0.88454779610149892,0.90049873501937228,0.91270950162049536,0.94294422635482711,0.99392619871462173,1.1582302615131446
0.72564277793676579,0.752140579425014,0.75375109850128119,0.76451288142610885,0.80364564790095772,0.81106209113108418,0.8202864504995393,0.92275204312448222,0.99577254332042209,1.0953540302880103
0.73675924238535995,0.78049012286455488,0.78672075434250521,0.78802759144578749,0.81681146758806111,0.82254934653294454,0.82784566595335196,0.83995012046571738,0.86604601031168782,0.90484466580092127
0.74196733495559819,0.76747481994763422,0.79003613778818149,0.84574109547953658,0.87959162946831082,0.89887782488524159,0.92521440603822125,0.97912445451537833,0.98709393071613416,1.0889846361248137
0.62775391898042088,0.63385526661126956,0.63734890015886547,0.66905233763533989,0.68857443004392449,0.73707782711537861,0.73829772874830946,0.76664293655503757,0.77133877302360077,1.0935648852779298
0.73686364015653316,0.77490704145079281,0.78831071559062371,0.83003084514668846,0.83469020202091126,0.84442984444571856,0.91111342835209674,0.96239206138131239,1.0219102975610275,1.0228561919218149
0.75419329559902337,0.79377388931110415,0.79843522108993925,0.82011374235924039,0.85258815475201821,0.85951896336742495,0.86199102019125995,0.8653598030169114,0.92671207538806621,1.0426441399559416
0.73501326380384313,0.76678007023294814,0.77246759077254135,0.80303791606959329,0.81910980799812938,0.82285115002818632,0.83739357887247134,0.93446261600013436,0.94465738969128088,0.99582859201045215
0.764299902829356,0.79249769356037092,0.79802707023436792,0.81207745769955331,0.88750920981705228,0.89471315123502526,0.93879220079560266,1.0156710504581303,1.0504017153665859,1.0770681970947162
0.86453526685611548,0.87013474229819732,0.87949279049284401,0.88513180063408203,0.91492978934127089,0.93710127097453899,0.95977113700207095,0.99981203985352085,1.0056443620143707,1.0965497711350682
0.78086565963112387,0.78223039169490471,0.80115178310592361,0.88132168033721969,0.90580825677259957,0.97494135952870709,1.0032046061199953,1.1138163238526624,1.1476925944509477,1.2293119281784928
0.81216208750306729,0.82510184809554366,0.82738007982773221,0.83110756187477586,0.8520904853997151,0.86970416472389278,0.88676734433421567,0.90462654853041347,0.94788674515504434,1.0012477855847912
0.88381906301017388,0.89046507746145842,0.89339382057184213,0.91146194744446207,0.92692985439490938,0.95948495322211969,0.96992298575197999,0.98443585496792974,1.1751215999971403,1.2373636641850414
0.79869173303152818,0.86867050403541635,0.88165222143188604,0.89313945134981543,0.9042187071552914,0.94264197093394042,0.98352017823917759,1.1118406570180173,1.1235713716282132,1.1895306910509404
0.83988647197831678,0.8430117355498723,0.8453527201984552,0.87215691707317688,0.88707972888028008,0.89086208883687412,0.92395701918983164,0.97643273209133641,1.0640001211764734,1.1021368044068471
0.85208277059338267,0.87627825490691524,0.88153209882532257,0.98082979140636839,0.98436551548195217,0.99785470139863985,1.0468240234121735,1.1120696523914151,1.1730882621833656,1.2101535829774677
0.75817991714662725,0.76059195428243509,0.78164189140971585,0.83317117391285134,0.88279530058032618,0.92218712045317286,0.92284254334039639,1.0137562101888586,1.0646410634556864,1.0874557029682679
0.85018297254296238,0.85566728417539739,0.86337163154691599,0.89233835756914193,0.95222694356423343,1.0030237365992885,1.0419650794529263,1.0767215615331098,1.0992192889549397,1.1133861400833616
0.81148397346334233,0.87682981231485302,0.88016749115592363,0.88415692289490844,0.89660022769091752,0.93805559984312792,0.96002414703894479,1.0067248971402756,1.0814530007078917,1.1232974909478424
0.72893863651591673,0.7295366717146643,0.73178826178265544,0.7738279128495642,0.82672185169799395,0.83119042176093982,0.85703162955001222,0.87281705154598344,0.88038002676097893,0.97069443975881109
0.88198034934338132,0.89283313419379073,0.90889833058508529,0.95035204654638061,1.008830729251847,1.0114789757837901,1.043016457988347,1.062845063703985,1.1535222292600276,1.1974088828966964
0.78277193216985408,0.79050706782365898,0.79858465876881013,0.8064762152044036,0.80850908600542226,0.84881844816017527,0.92671570935988701,0.97633489912443094,1.0128660585215932,1.0523799486178627
0.81464457109224808,0.83459640800722568,0.85853935645935353,0.85978597661550848,0.87904137082345812,0.89872547855635831,0.90331954169097672,1.0553381279287395,1.1194512714872431,1.1696317058813617
0.80291557301286387,0.81917175345719961,0.85781067942977662,1.0091335562158177,1.0149151865212716,1.0382525199914476,1.1147230644923027,1.1204979583178609,1.1981360747599128,1.2680161591056049
0.72691590749859092,0.7341469154559932,0.74790279697232664,0.75648563385664325,0.7976868733050555,0.90280745502505866,0.9817298100556715,1.0294578916438999,1.0354700901265472,1.0549859495098617
0.82001927625159921,0.85460162357681924,0.89643447331658654,0.90287221905473913,0.91414956416820337,0.9372813622813001,0.95904264235763881,0.97589545701779867,0.99464875273091691,1.3119260382287754
0.75459764301836918,0.78907737000872169,0.83569253569922974,0.92901397013837173,0.9550921036087634,0.98626324551432587,1.0057873643902631,1.0439391485490335,1.1623138285341561,1.2186273906936402
0.85537272440624568,0.90092740378654312,0.91192603980201792,0.91793789434228312,0.9190839966444031,0.96052889679689857,0.98120882181385882,1.0111573250202146,1.0245670579732842,1.1040782259568087
0.75499468934793734,0.78919664184106786,0.80210808612087536,0.80839937514469717,0.85566721653602063,0.86598125756836719,0.87030386668525894,0.89986215249009005,0.9200767022106926,0.97324891397444713
0.77972149826301873,0.78546164549504027,0.79344997894442626,0.81659066208600883,0.8404904276351135,0.84225730215409422,0.8754216030868105,0.89930070028575138,0.92038554315757848,0.94335966484568745
0.87436812534678632,0.87985253732148205,0.91734574414295178,0.94117435097265023,0.94452601793570068,0.95146552423504316,0.96267361309569877,1.0408080943633764,1.112458635628685,1.1800134433692588
0.78166274134989022,0.78830491771238576,0.82597428374908821,0.83040301710322773,0.8593203140162009,0.89898291011618259,0.90930218414269781,1.0414777193932223,1.0864952279295683,1.259534257420837
0.84993292646005258,0.88520266557204286,0.8968486919794838,0.92984369449565962,0.97775430961731491,0.98861497199483317,1.0033645213086873,1.0176687726578484,1.0393621910904161,1.0780746311071541
0.80845897660872312,0.81860308123023362,0.83642934185654427,0.85113208200222523,0.86166357541341743,0.87945007914495266,0.9421395055067241,0.95134288616752949,0.97712956545488794,1.1133095802772366
0.89035860129500444,0.89440250090112272,0.92174976187462265,0.93573357626709708,0.93630819293156575,0.98069114194673812,0.99393704586523279,0.99484769352118052,1.0223549108703112,1.0599930214065867
0.79596641895596187,0.80672634220255146,0.82572840873900333,0.8508559207162274,0.85830358398847384,0.88602385124531713,0.90575651930616718,0.95517995121330967,1.0098572832175394,1.1289924639490647
0.77802927558350587,0.80515918555503596,0.83494147868694224,0.86292918666291518,0.88778188199695762,0.93168863850772077,0.94449174823274573,1.0267436810924591,1.0582622234171599,1.12813671677308
0.77470878435704105,0.78145728780365875,0.78492764376379931,0.81066655927015807,0.88516145041395022,0.91304430644011658,0.95793989025725068,1.0537781171163423,1.1323927696445311,1.1941541650887193
0.85048803966944497,0.85894856310636403,0.8969346561460485,0.91070123325470531,0.92508117572765736,0.95496271104002961,0.96706158209663107,0.97983572371011007,0.99030003988066628,1.1760389498736505
0.90575356822955078,0.92256412990523229,0.93969508445660566,0.94168653293139615,0.94335463542086018,0.96157872215732088,0.96583087658586741,1.0004626952284212,1.1596594576064598,1.1844701028436755
0.91550767123258225,0.91607029403856099,0.91802121351412813,0.94010266146896759,0.98441099591509529,1.0091409986229873,1.0698386755844442,1.1412426228544503,1.184683310210199,1.2616945638169352
0.87032367220275564,0.88600199450119499,0.96773482008910028,0.96870988721113527,0.98065634100536148,1.0189214991981945,1.0332589757888755,1.0357264986819805,1.0891443877513898,1.1849911545548917
0.7650104227620429,0.78237531312791342,0.80438094549261585,0.83689435884648589,0.84783699154528147,0.90382211218160791,1.005354197059209,1.0282642764456766,1.0984789873624008,1.2249910994167581
0.78904638507269853,0.85440679679524267,0.86630776179686553,0.88864930333499759,0.92134084644590741,0.92608412931405582,0.92993046593181106,0.94941394149047698,0.97857460542324715,1.0672014278635986
0.66028168002848142,0.67373852918366905,0.78410005205431377,0.78538112548075478,0.78635903533821727,0.8272808528754676,0.83930663294202956,0.97403910659664206,0.99340398691034126,1.2005129306084661
0.72082081155025346,0.72416943249493126,0.75746962225857573,0.79695467437280731,0.81805182035101254,0.8201655460537367,0.83009962190603925,0.8421045677675707,1.0057889167778074,1.0967702879669945
0.83523790428673728,0.84386487577132252,0.8464484453929626,0.85960272151786699,0.88082737648456666,0.90233630193354664,0.91255440253607745,0.95652904191783694,0.99409913720466658,1.0793536175588949
0.72260848979856585,0.79676169227433036,0.80413085659358341,0.80970399496237766,0.80991194962317037,0.96747297394356524,0.9826445664501926,1.0328721574502828,1.094758918115541,1.1460597183727024
0.69105954959002291,0.69139809402095409,0.70205338754068691,0.70957968253444781,0.71186203725649566,0.72829831637725384,0.75001456602653249,0.79493884045903318,0.90474520439435357,1.0110717448560345
0.71238496965112308,0.7679660730931106,0.76813698473393277,0.79930867395858707,0.81475094998212594,0.86387981410635906,0.86406408161467407,0.86678312617294528,0.92772582798625036,0.9562149932799735
0.66736912995611775,0.71162800246495994,0.72716743122162963,0.73172561143989245,0.73607864521516975,0.74332887343969167,0.76272975623770822,0.76431716042500097,0.7647941952284798,0.82705033722160426
0.75179953725665172,0.78314720524771531,0.79124494519882971,0.80401862877247288,0.8214282027636215,0.84642601257018324,0.8516530092966681,0.85506110689219161,0.89785204282170783,0.93190065739994488
0.71389028110530139,0.71874466471363929,0.73798850922626702,0.75027912929735319,0.81137881091071451,0.8691606099124165,0.89008309440358557,0.90577491306105617,0.91056222291178246,1.0529660664998035
0.68961284738003048,0.69585933710307879,0.74632212949774912,0.76188995327388787,0.7623211031608248,0.81066272422943175,0.82861436056192961,0.83907019570738184,0.94135145450346736,0.9477635615829203
0.73422902863250927,0.73979565004438319,0.74087757194228221,0.75767717684191638,0.77577337619912212,0.77783872197803605,0.80153426530653737,0.82185006836985774,0.83264172578883322,1.2459779153081865
