0.014965986851388724,0.027323138094109023,0.039896862054903171,0.079008523502789529,0.080240239976021588,0.085615111880889216,0.087793999135215461,0.10842846486368352,0.11557958354677567,0.11754893830925228
0.042408094853523703,0.051774761747525488,0.055677263224200413,0.064271354958294946,0.090295314948791283,0.094879294346494447,0.11323938363856811,0.1170561239773531,0.1402117533421734,0.21866481971792595
0.0,0.0,0.0,0.00049959173797731182,0.015895658996849527,0.038304383573838141,0.05568369036337284,0.13465707759716095,0.15719755207008701,0.18327197950802887
0.043058031427442689,0.045356777799051784,0.053752958949986773,0.056254631273330524,0.086698145127436899,0.095934888128971885,0.099767561783449032,0.10647807962682121,0.15009664747301388,0.21295365974239155
0.024921153922500938,0.033340085721135893,0.042389539109979779,0.043603930139242575,0.052437404600468973,0.08433515505791922,0.10112686605209475,0.15905420985724206,0.2135798999520202,0.24577105253235265
0.024933773001711845,0.027820059556738386,0.032936769352679196,0.036432049611427431,0.073756421451527387,0.078343429419906574,0.094487567528161343,0.10650171042842116,0.13183967712302813,0.17572861804109863
0.07525393156314486,0.089272779260763269,0.092280264261007439,0.093467379917346438,0.11424083663357587,0.13884757775256729,0.13906217612038985,0.18795948848990607,0.19535526536015313,0.20000505396504575
0.05712626378960195,0.059676056282278456,0.10826449398267979,0.164031190908696,0.17470606601059568,0.18131966820554846,0.18809528491394722,0.29359249595629455,0.32632326432214587,0.36693823786825241
0.064061396074047483,0.066846374463599201,0.074000118101815726,0.083145759059973567,0.092598082839175699,0.12765627566988957,0.13425715036594088,0.14227939933114797,0.1745224762383053,0.17786087188576349
0.043874683792232805,0.071667157523691571,0.084542716211327029,0.086677570766767964,0.09825225597215681,0.12764658100339643,0.1395091746777446,0.14450103440785611,0.14511862909926831,0.21528935108387515
0.050022599426197356,0.052216744259877323,0.053214212610205092,0.068833252422928037,0.090116330791289556,0.096781715185851436,0.10198577194452252,0.11595577109931643,0.17662756853142092,0.26420554809915497
0.0602062488323023,0.071595393992767598,0.074856541240469809,0.075039204865192222,0.098667053442372143,0.10273637838345184,0.12045698694126816,0.12414669178568039,0.16387161385812066,0.25676806041684586
0.024733636599777675,0.026106404666824456,0.029872424260580566,0.033727460246970153,0.035971466827511289,0.075389720265589322,0.092221583068315738,0.10964269781353453,0.1229724916945103,0.18974660139494448
0.027182159316452736,0.027304689748393063,0.028237528244765997,0.033534391446091494,0.042987713339506683,0.072969713346906939,0.07817177796082575,0.089087728441590297,0.096665545621216431,0.11290861534467345
0.034364968155760511,0.042077258428849795,0.043377438535857404,0.05575069780313413,0.069862285877886787,0.079075842076648417,0.088891938692617245,0.10133299643714233,0.10664855183186361,0.10860839591191951
0.037281970004444887,0.038047037534279404,0.051034860812235738,0.066666004963536363,0.079233009740936389,0.081330007378472846,0.10250187790032461,0.11949749806069265,0.15748468758933409,0.20808238668748169
0.069822257772756746,0.083376765028841948,0.1154606953140509,0.13589813371433301,0.13624069739862987,0.15122381537066465,0.17448933153807022,0.19961546712517864,0.22499475794204438,0.25086868451193389
0.030394817495383641,0.041143009874471392,0.041894617631128561,0.044827586446832157,0.045452086941915937,0.060852002809185901,0.061613643746023961,0.088502853929251835,0.13478325101636424,0.19712389369733829
0.079466775657824229,0.093904356596757221,0.10522633114910906,0.10783133866643979,0.10931706851565481,0.11836914484170746,0.13236518538808095,0.14089572657066451,0.27320640503431992,0.2775816927893846
0.045319994465855107,0.045529440436511859,0.061759916218958377,0.071944649812746952,0.079121911332498129,0.080976828275130863,0.082015559117514236,0.15285102376119664,0.19424933614243667,0.21580798529529099
0.060993924323897719,0.062979385397077703,0.064352871730828376,0.085391665728623334,0.090597236957563609,0.094198712727906031,0.10753683691582028,0.15019912164476779,0.15880078034450884,0.24517379013754548
0.017871803378495699,0.021015482761979065,0.026938066946405659,0.038043206355085513,0.051974159906262418,0.066532417318761361,0.073372219344669531,0.084641412312819408,0.21301075957687532,0.22075894036948984
0.055339717985944947,0.071162017926114984,0.080940069449667362,0.083703275353677498,0.084561974994239897,0.092158267452580933,0.097962890219623677,0.10161165141844641,0.19248893162791036,0.23361045084227072
0.020557159411535686,0.030302264363657905,0.035004917887620834,0.046836464164345948,0.05615462978117991,0.061441648263639514,0.065499549353513764,0.073721905635262708,0.074595644338238731,0.12042336047385183
0.025821794296588596,0.03660827794680177,0.042324011761037728,0.046216232410003499,0.071339443093234589,0.087190765661472103,0.090411118557360837,0.16124858288605326,0.16193844634726418,0.28459082750497799
0.015836314706810573,0.019416035200182868,0.0406035747589919,0.043215918178057144,0.053409299823526268,0.055578693335621931,0.070569953462029655,0.099919294882274912,0.15899479522108484,0.16841626070960958
0.037511774619246374,0.038386011316737356,0.041705741476036895,0.049990840922549573,0.081891707116671597,0.090168210131333915,0.092590913174966261,0.18723427780718094,0.23051035986410895,0.23086773593510745
0.022190446793225238,0.034162339401370811,0.03875868505707869,0.043158070060727027,0.056069907935709207,0.061992957401505233,0.075135394452059856,0.12150455063643317,0.14444430507271777,0.17994862764875874
0.012198598821467233,0.018763217445607605,0.021398267052800346,0.028219557670099427,0.035764420036645372,0.03723881188193312,0.040889848289463959,0.067251736549483354,0.1297678686192425,0.1399039833122413
0.020818650739824029,0.031251881771686474,0.03998596675215893,0.052127876770914128,0.057872248647589331,0.065913086280416255,0.07497675737269649,0.086178875633784013,0.12756043830620323,0.1334061664016768
0.048034909463557707,0.055590869393521203,0.076805606712099017,0.080169621321842577,0.082241813453658441,0.084708064241820313,0.10208192826697893,0.11415323731860738,0.14949751376904796,0.15606589850626129
0.042002164532159103,0.054753316485878223,0.056822191311584724,0.057506272593185859,0.069967917805508151,0.079868477187887699,0.094776351119753244,0.16660628357417995,0.17815601113085489,0.19847087263242891
0.023488910369408256,0.029428704767417102,0.032623250162617801,0.039228821609596842,0.054915841299484125,0.066052747678385426,0.089844566675904236,0.11885286393482897,0.16945870862518353,0.22240529303829115
0.027075383508105677,0.032426118542681515,0.043244912073333808,0.050547692105947117,0.075180900688446517,0.077926275699115255,0.098697819229878636,0.16444605191759054,0.1767595697300326,0.22426745672944559
0.067260709491180126,0.072753145249582651,0.079073850252040945,0.083395210511663986,0.087402933371804714,0.10550789601888377,0.10715229793452519,0.12073722667120945,0.12906737524877565,0.1529383369816637
0.049550215895208805,0.050806221594482004,0.061631403940676677,0.062791190637786709,0.063013525361264922,0.095062407111813574,0.097457116414321199,0.1105109643443587,0.12850885427583369,0.15180654921955883
0.046720907518539079,0.059705429095361584,0.063107299774120662,0.077841561195728382,0.089868086434542693,0.091463393173897956,0.098013690546552734,0.1040528148402271,0.12384623843294262,0.12993343293277482
0.025108765023571067,0.02993265292166658,0.03031694507835736,0.050785436278387053,0.054481455064426587,0.091910931072807234,0.12903985200808998,0.15167539648104844,0.17051364778677858,0.18129255357380902
0.036711624332808945,0.045085679433754855,0.051048689515891255,0.068390268069157045,0.076858438363998971,0.084167303495446433,0.092691912853855918,0.12563326066460512,0.15872277299055959,0.16406408369977665
0.047312213018877447,0.074026303555688955,0.075123871941498166,0.080299951323602681,0.081478332293613676,0.092671985483453678,0.092686014043498854,0.098598784494616787,0.11686646155591118,0.11856386271746633
0.043194127385136838,0.044648619549205293,0.053448086254793914,0.089420841155311237,0.093060365729680683,0.1076159208222669,0.10868576998235513,0.1611870072306405,0.17692451057671743,0.26573582766545689
0.053646999689623165,0.057525363383907901,0.070354374898349725,0.071121212542529122,0.07488261665167828,0.083169001185136704,0.099609980742290993,0.1220668224734105,0.14252840311244608,0.20254546406501062
0.028778712420339136,0.035366135774105079,0.04018861625190695,0.046148263572338699,0.056906562410990791,0.060413705554127617,0.069957504589997832,0.080372467217695309,0.12241053118725009,0.15435519317049851
0.031803277122182561,0.034038755561664136,0.037783505384738625,0.045893012887685991,0.048633186587598409,0.062955671051287521,0.075985787169525754,0.12060256678226855,0.19329393325803101,0.19840504049009855
0.034214971186865117,0.037338334910208104,0.040069077393246832,0.053048997818819998,0.055429685699274867,0.070924881796683437,0.07794504493757648,0.091704400995023416,0.099542908123101626,0.10553776301951823
0.030742079381210541,0.038124154983804281,0.048547469998733384,0.06233018580381211,0.062364047954541757,0.065315092509423689,0.069781495662743609,0.081870984032274219,0.091922082615492506,0.093331227163197195
0.03606869488639397,0.044006412330394262,0.047721143717298631,0.052111309250631788,0.055683160722752589,0.060385555827063175,0.069663731522748851,0.096997545963100062,0.11249623276925513,0.15553901588496322
0.049677182395720276,0.059963619692302128,0.073377336028043416,0.091956353815900727,0.09433582690584208,0.10200988968267088,0.10238185772851516,0.15040782335411196,0.18679298234534647,0.2540658721974749
0.035164332380426711,0.042945235130074533,0.046862739302946821,0.053211473375241791,0.081607618469972554,0.085077517019931825,0.092330160615492929,0.099633625607421283,0.12046570633441478,0.31484022114098931
0.044545326025344778,0.044798117313272101,0.050184240883455189,0.052989307064547742,0.054048198707175921,0.055440558718417243,0.11136442858544138,0.120761506729826,0.17728372688024185,0.30146963941569238
0.051178067941730188,0.054466113764463753,0.056949852012626589,0.062126481825181212,0.078970455181368582,0.090841401188396453,0.10027633132040181,0.1518856079419133,0.28160665796232776,0.38914178935484678
0.10241707032477976,0.1132489049513703,0.12021123780845722,0.12680061523969011,0.14925317840778618,0.15611849162374503,0.15722489685062202,0.16410388500716255,0.17709179925595553,0.26215203609590798
0.066769039045957435,0.095186716887113221,0.098432380022919652,0.098738416199899426,0.10898052809135006,0.12068218341489567,0.12292760692856053,0.12699186898662829,0.13899113577767519,0.15701425860408147
0.078743103638406975,0.092822519054591268,0.10915426196582168,0.11773172002501608,0.12265980882176741,0.12909299104403527,0.14416139582335052,0.179561815422975,0.1811308216483658,0.19836263178139601
0.035417268169740446,0.038233368903240361,0.049023342856687524,0.051590391142668501,0.065755480664663413,0.067383088366967936,0.072532789662947295,0.07568642635015177,0.1176160652461129,0.1759407725331501
0.072442238055039798,0.089785876870690284,0.098677901269664581,0.099859075443256895,0.11426917183409424,0.15356984381824512,0.16752171387180814,0.19590582457376415,0.20367480156459017,0.27053295307741765
0.066464205138472288,0.086839482973828819,0.14066751219963525,0.14680616454041706,0.18328036503355793,0.18663034779587306,0.19780803726685292,0.20021437578430179,0.24315743557050817,0.28609973344395589
0.051783525538494857,0.05757686556780417,0.075844260232771354,0.11262961921129122,0.11328390967835844,0.1156533813227214,0.12145099180376562,0.12432816279218795,0.18132034237612515,0.19480692608058892
0.057340334005139049,0.076426540071801607,0.09458054675020966,0.096767314622139722,0.10062565581068261,0.11494435439581929,0.13227943817946786,0.16675800959479359,0.26794395040011443,0.33654622307520476
0.040888787299928175,0.041047587706998456,0.041499361827335601,0.043104533702142067,0.057284640308746582,0.093685587764275713,0.11152618855274365,0.13709757016059854,0.15646473751664569,0.29655485135408588
0.054265031370814842,0.060883223203548997,0.067730723877686749,0.07093547696218172,0.077565758518145511,0.086398340029564924,0.11741082862854979,0.15693477523242461,0.16741860518414065,0.18333355774229076
0.013661945017090726,0.021493285861436728,0.02425358275770062,0.040071942023600204,0.079801299879304288,0.08819177389507793,0.10685065072751376,0.1733836625017684,0.19334399202789054,0.25535623496882964
0.03621529741488505,0.044482436166693784,0.052866234246776056,0.069272775701577416,0.078020036441754037,0.096407333139963303,0.11356079303500577,0.1147187199155737,0.13172355783981171,0.27547556546991459
0.039801462030439438,0.046240283055360099,0.057320269785400058,0.062552211279512271,0.066267492538270023,0.066714697368131848,0.074903425484195374,0.088931411787894987,0.11426583229136922,0.13356936120782681
0.043038536648899228,0.046638601755105924,0.062320275821039939,0.067081898866654388,0.07646593013225278,0.080342254103139776,0.080527088417116754,0.10564321199303839,0.13288210894263486,0.14275895988546328
0.053354840656740787,0.053947579218467379,0.056710018356464165,0.060877085419614119,0.070950917914180067,0.07203591011479471,0.085511231762002371,0.089513833750459071,0.096107970526878805,0.12403358986153545
0.044558287933332608,0.065674849991065098,0.066204151949174062,0.069003368669311005,0.092849433335552067,0.10096427590162316,0.10795639174143012,0.11530144021275346,0.13153442831482609,0.16174002629963402
0.049660162959793919,0.060332114767261746,0.061030375489702138,0.064578420883048437,0.06822593654320297,0.070106305831021398,0.078314938577965343,0.14157214402804374,0.14826952863283926,0.18551947528652146
0.040596468281212328,0.046017253308494599,0.063883643928864586,0.064445890056310962,0.0660287894295295,0.071461727698260535,0.12264936641251012,0.1282938789441479,0.16056759654731589,0.16749289912986542
0.064911161380503568,0.065287480825311217,0.071267432057275926,0.076552838604148743,0.082534016573999835,0.084965714669301029,0.0970118531133628,0.1205975963599033,0.14072883797253821,0.18030631073294501
0.053354278894905516,0.056561322699049565,0.059404704711263356,0.062747115270685772,0.063033421524165245,0.078561618836709535,0.12584143074831511,0.16700335215763751,0.16988394960039965,0.18706549790174432
0.052244794424435081,0.055116178784041736,0.058533270498347001,0.062514918601521696,0.069273226232616558,0.087944024882809391,0.10048200778137151,0.10742698137658424,0.12222831488220898,0.16216138003137592
0.055485869543915545,0.062512695915763139,0.081329061573133465,0.083060283304472016,0.091200851315100806,0.097829360403889787,0.16898606132734084,0.172971526632268,0.19097980112362656,0.23440284985751436
0.084783249454237986,0.090593566097744382,0.091252408835908572,0.10945313140837509,0.14117427159640883,0.14653554917266787,0.15091931485044929,0.1628438126766909,0.21567885848518387,0.23825820368638473
0.10555949280152666,0.13931037770008237,0.15579100384364697,0.16259210297149407,0.18643583236597161,0.18877921248704377,0.19914674344087313,0.21787801583010724,0.23503669889316825,0.28910862278769311
0.043358280167941743,0.053685778600738754,0.056734411802107143,0.060792612748915786,0.076545760526832485,0.094268151679407275,0.10068774158315463,0.11451564383811697,0.12829507741747159,0.2120021219454582
0.047089440605553534,0.054466141315242744,0.076739612461143025,0.07843742360864292,0.086659768254050196,0.10695368067179745,0.1288914222039268,0.13145248891774086,0.16049423579271238,0.21001355781282438
0.080938737723391885,0.089272095751125047,0.10493896559417948,0.10718232043120812,0.11278878230589129,0.12600337494887404,0.17396756627621457,0.18664951812485731,0.20248750531651627,0.2595489392138246
0.058492405566351824,0.065553622791429511,0.069623429856313646,0.074883736609287155,0.10416602984302736,0.11287322756074847,0.12551691019288524,0.17022400267925875,0.17649966518447036,0.19361217212294335
0.034906337892202988,0.040346590304264129,0.045110423433756708,0.0500273493401866,0.094231389543899979,0.11804606212105151,0.13056015065984639,0.14112613432852239,0.15626647019524098,0.3029285687634693
0.084022259103341934,0.087631443663390485,0.10428671528242406,0.10519768120707074,0.11019372511005043,0.11422638538675978,0.14039700709515834,0.2082665414636371,0.2207114286358185,0.27980940939539778
0.070932054382705889,0.092901463167498921,0.11822588309951731,0.15787270801169218,0.16590904545107232,0.17697921657330173,0.21838701022891494,0.2548568741952959,0.26259860052082784,0.28034549401983666
0.054221916282055194,0.071003189282333956,0.093092028869746102,0.11496425320269665,0.12772065359815432,0.13518732746916529,0.17883973171674805,0.19434300037030328,0.1972523308717431,0.28915920951686802
0.059629153949145142,0.073236904494294652,0.07659480491976689,0.086862184947714915,0.10672131455225298,0.11394597675576934,0.14531562964956324,0.15684572393205043,0.18058003895904262,0.25017348475982004
0.035399790273537679,0.044063446481042767,0.054145503898006542,0.07261944178435531,0.073374221923776073,0.083240720051630301,0.085199464812051762,0.10737155263666187,0.12149251987221499,0.12586162910082832
0.098628465421420231,0.1126125269599525,0.11472178957596491,0.11573421067247969,0.12008749867338198,0.15284112813354467,0.1548290488578421,0.20578706096489396,0.22607782762072315,0.30775117408895003
0.045161298667807603,0.047391971194588045,0.059904773750626195,0.060492839311063751,0.060614538014996722,0.079156127198263704,0.090361211954999909,0.10255656493073184,0.12136172551770974,0.19052985663156452
0.022253800277733049,0.028008170601198756,0.028828776997948946,0.031083138912029185,0.050088697210820765,0.054009756854830115,0.07964859213954556,0.09204288012052686,0.10268391035824553,0.21402958499557423
0.037365814250064577,0.044358698448870193,0.058935844325444631,0.076377837173374985,0.079561845956037214,0.081159180333605807,0.082438975000767023,0.095119235285546999,0.10705521108607474,0.17403730687310048
0.074090763845441554,0.091957518010159944,0.094887832939440475,0.096904988358438526,0.1111730117719536,0.13798402061474402,0.13878736245057688,0.1508426349974048,0.18585048896571221,0.22086871029696598
