1.0864391262864355,1.0878447647939744,1.1122888907888209,1.1147908369234463,1.1400894016121437,1.1962799316261234,1.2205563686611387,1.2794113148019699,1.3956891766814321,1.3986340551421743
1.1393443311324032,1.1515035593510641,1.1627949014446179,1.1630397130939492,1.1765701421285395,1.2253575498896443,1.2324127701369423,1.3377992776753476,1.4357444337680052,1.5131512918954932
1.134395482879841,1.1690737724695177,1.1863098671122101,1.2549632853819204,1.3083977396106046,1.3277499448777608,1.4055647966705549,1.4130137040629505,1.4424697417498553,1.6328817059263221
1.2837893046999351,1.3053628982845922,1.3128943716312178,1.318705075187923,1.3330814242680804,1.5042592159699333,1.5090054168439226,1.516667025046353,1.5352994417163042,1.5375450034328231
1.2810044367613038,1.2850872000839351,1.3108895521208304,1.3280444152569786,1.3586108813315958,1.3590342873135022,1.4947017414673485,1.5377568862191202,1.6039002270101035,1.6338516724095546
1.150685623053163,1.1837471355665445,1.2352716001477142,1.2448885127615101,1.4555633369007817,1.5136091432505814,1.5447408715321771,1.5837256016044239,1.7500325699520332,1.7737242451504371
1.4407368132745093,1.4826500640269129,1.5498915847469239,1.5542042699117959,1.6113810923248866,1.6464953294096021,1.66747599750079,1.7089832577561395,1.9060789228740651,1.9384100376699642
1.3279758377875548,1.340748330625944,1.366518221241046,1.4805318865611827,1.5440804140836697,1.5891605422330124,1.6041518879505183,1.7222808394132501,1.82693306666703,1.9135984226614307
1.3510630959373233,1.3693514693342084,1.4256083644420374,1.4381829966094468,1.4833898202721132,1.5165790124356269,1.531743677578087,1.5552208683627566,1.6426462235919606,1.7553853063474403
1.3884215612007988,1.3927496435922144,1.4190955155924279,1.428041354613129,1.4568043780620967,1.511089512641651,1.5200863354532079,1.5253475019869907,1.5314593015154321,1.6903673944112652
1.3267667906707485,1.3322956483139761,1.3438927471314455,1.3841558879004237,1.4159616147676171,1.4388192006622051,1.4602895189465634,1.4719694917318162,1.5389660176065769,1.6071913363137353
1.3101494087742469,1.3513358429595446,1.382376614000393,1.3926715157935221,1.3938943442653553,1.4471386149072809,1.4533388309408521,1.5176907455209343,1.6934662722973761,1.7521695934001587
1.2967547216621611,1.3304934117277547,1.3851634632274474,1.4037583323230347,1.4170802826555926,1.4333570604294672,1.4670595381365055,1.502725984252359,1.5110694744685014,1.5350414830407297
1.2422772275331191,1.2557291759513789,1.2563361834287199,1.3017122945779622,1.4100483730106133,1.5119269256772077,1.5329785930055002,1.6298234645937972,1.6654070329284596,1.7126493742617015
1.2723105903911751,1.2899119692607615,1.2953104477797512,1.3577674958105019,1.3706634946761711,1.3795100516961973,1.5157311128155198,1.5297498711566249,1.6749530230904908,1.7022790936615797
1.2007912050838563,1.2301646218261642,1.3153022422674137,1.3183260743674987,1.3682792087159479,1.4265058868278513,1.4954634406256493,1.4996324882785625,1.629346586299834,1.7609823106343379
1.408590010435498,1.4111931899119652,1.4319906212220146,1.5150228949622186,1.5401239067048844,1.5697995649195313,1.5754280923869417,1.6459586393228771,1.7513115300142543,1.8881187396550789
1.244179799350412,1.3257059106688547,1.3516751431188596,1.3732281594419105,1.4455571445883288,1.4850854885885512,1.498338476225145,1.5792886700881756,1.6156060650227846,1.6888932984908296
1.1993035606024747,1.2167629292411029,1.2747469467519146,1.290068160456066,1.379917776024258,1.3909534999066513,1.392139773616166,1.3995159600269984,1.4552242015151826,1.7587651645903013
1.1689011972503822,1.1848706894310981,1.1872124869787153,1.322209468548599,1.3611007301080442,1.3913418621482738,1.4517451581553114,1.4850525360682831,1.7212203464063611,1.7826066375763288
1.1606403372670591,1.2007084445402163,1.2816342388280155,1.3493406984749621,1.361294304883478,1.3755861813091603,1.3794602064848176,1.3988681348850491,1.4724253605937503,1.5565562057001343
1.1450098204827124,1.1750953968005646,1.1945791526316385,1.2482173641246117,1.2890534413532495,1.3408323867284091,1.3873174837177888,1.4719917068916639,1.512668445297189,1.6026260753816048
1.1883682781785669,1.20005029000452,1.2287894327940996,1.252333424754251,1.2675881231004116,1.2713224517268369,1.2946505136068156,1.3615058535695801,1.4581548672276226,1.630528540876357
1.1661418163778037,1.1931748506619826,1.2017238513396546,1.2053988037073524,1.2509763951765183,1.3303826617086729,1.3440326812984593,1.4030049030499603,1.4461615736458047,1.568156097148957
1.1518456033056879,1.1699746557172483,1.1706428800673834,1.177669562048496,1.1818315228456497,1.2312695386762815,1.2760879930014806,1.3435279300427392,1.3553381042931529,1.3815554206211624
1.1480279457169669,1.1535835536743635,1.1558518239877462,1.1737557302890811,1.2613778963400328,1.3209023838173364,1.3330389548666561,1.3557515159080875,1.4257126281616053,1.4576252057873815
1.1989005213658737,1.2895902838668647,1.3353426913928899,1.342015480142515,1.3627735868269801,1.3817059679467132,1.4214439611273302,1.5365122852280111,1.5549909228356302,1.5953349913197705
1.1730380461320178,1.1875718417934231,1.2199993246128424,1.2423106460016449,1.255926607206503,1.2897036996659841,1.2945467919880675,1.2955287268240094,1.3357081142934413,1.4064068741876738
1.0997384438307742,1.1059548939207859,1.1114289660818848,1.1431634389756287,1.1536046779310531,1.1786998824142474,1.274466739863382,1.2841538092299523,1.3887285744604485,1.4134578973134779
1.077330696736797,1.0876324568720834,1.1686558954175421,1.1715538766805209,1.1801366445327779,1.2199902716411462,1.2246689146145551,1.2502946357944817,1.3041713699816486,1.3579288908211313
1.0757583065339471,1.0852192786851012,1.0854488641573612,1.0939945311289581,1.1257052045843845,1.1641320674152618,1.1910609569545598,1.2434785741390195,1.2627435411252392,1.2751415627837175
0.95091760450908414,0.97106205427106751,1.0106592017030982,1.0118194824918296,1.0402241342120853,1.0730297056434135,1.0935781980731121,1.103947311282099,1.1251099382464798,1.4458936807348706
1.0519522330629583,1.0712102528782435,1.072213125832755,1.0924566960897391,1.1671340637152792,1.2030512401827376,1.218496768643643,1.2671093813253846,1.2795739021920376,1.2890997146399501
1.0200870678789054,1.027623967326345,1.0423097831945545,1.1031783818732053,1.1063247921401147,1.1182667649668794,1.1446022392678783,1.1538078948503161,1.2133654181196336,1.380277557338446
0.931029775010626,0.93563364727702147,0.97055698571716187,1.0028225365557222,1.0265554505021321,1.1394006296316599,1.1429499645983507,1.2063349165421569,1.2160316982474844,1.2721044596861719
1.0664269839954059,1.0683165136418795,1.0992757128260284,1.1121736851796351,1.1311066670165943,1.1625970704995416,1.1842171160108559,1.2525169877105293,1.3289628406779537,1.3606940458050896
0.97386181550965256,0.98677530403777736,0.98834132609899727,0.98870667594360784,0.9896450347055521,1.0390553269579117,1.0610866737531355,1.0658541306776619,1.1357259644599775,1.3932079149981389
0.95406594478417128,1.0120042636912494,1.0244424643066625,1.0321532061076586,1.0458192289527233,1.053139367802193,1.0773044890357473,1.0822270687759645,1.1716737492301963,1.2695874185565637
1.0496547739112621,1.0536237286204022,1.0537929129002777,1.0699466681851133,1.0741301978038886,1.0760508072493695,1.0871673936101804,1.1552684857615034,1.1944367955512698,1.3687034808750815
0.90852367091544917,1.0051845190333508,1.025132219046661,1.0256872612612922,1.028069013016975,1.0665044429669082,1.0855931092368571,1.0879540274916053,1.1174176925038832,1.1903653331408375
1.0166680223158115,1.0242627629979366,1.0541254544788892,1.0783952263985519,1.0950156075649824,1.1464336280927494,1.2025566661146128,1.2161683786479074,1.2347208041569471,1.2826578585433479
1.031872442636911,1.0358493223226684,1.067195278423458,1.0850289385939469,1.1044957261223316,1.1232165932964291,1.1355698897868751,1.1561508244191248,1.1587310371105195,1.1721752977288675
1.0475459942543557,1.0611728905843538,1.0940587112083797,1.1040296015969355,1.1062171826718679,1.1285708047952463,1.1772104675066366,1.187972969563047,1.188284046793926,1.38181329911284
0.99931520993974265,1.0070514776996831,1.0194799864074722,1.047978704359811,1.061638567759438,1.0915651486574989,1.1205310222951894,1.1432945103892642,1.3060061635465687,1.3570434243995537
1.0957992937561674,1.1329448837314384,1.1412871158008056,1.1659050506516428,1.195975936584714,1.2091627273739505,1.2111889597905283,1.2413991173716523,1.3607480469652935,1.5357669262909721
1.0618962901649462,1.0689934968836634,1.1657759585862846,1.1933147947224936,1.23190982775002,1.2481960203798015,1.2650396697787776,1.2894012899253049,1.3905854125248349,1.5414657588944194
1.1193919942879638,1.1490458961244587,1.1526028409452942,1.1528527820944388,1.182325843209961,1.1988711712449227,1.201861826579472,1.2376844907282889,1.2419143636328229,1.2906590962366393
1.1387032431553679,1.1454953633149159,1.1567611329737439,1.2174732719344661,1.2312632748596246,1.2365582757112525,1.2631796728260891,1.2769594548099357,1.3014857335813983,1.359101823183507
1.052908043253554,1.0668063049772156,1.0847231081491122,1.1373109272059168,1.1638810422347206,1.2079690882961924,1.2316201347635665,1.2897183717946699,1.3949822809190984,1.4002836775865655
1.0104568719134872,1.0266983233122335,1.0799945633232686,1.080194232681067,1.0818909653030051,1.0884783749204514,1.1844882825663308,1.2154761094957953,1.3096400267120192,1.3530815779183176
1.06209210978199,1.1289318132180051,1.1636679336319831,1.2024480714146986,1.3362927519261802,1.3546809626098688,1.3855276961017369,1.4035462361820792,1.4117235975288116,1.4528591811754126
1.0213602451185002,1.0247036513432195,1.0361394218474778,1.0459734453054605,1.0578330276909558,1.0654865911265459,1.0894874817968634,1.2918149386630939,1.3680489871842192,1.3840795175967195
1.093940142739986,1.0944114252800201,1.1278708070328776,1.1721072821840881,1.1807824614992994,1.188880720214879,1.2220648156187979,1.3020351174324873,1.372668463825212,1.5097790569385334
1.1195490959969128,1.1627910615879689,1.176766888946311,1.189008999266655,1.2343994657577517,1.2986189821817034,1.31306308673997,1.3171981801838677,1.3436044804939069,1.4149520169885439
1.044849876078497,1.0624942579568164,1.1405670618606698,1.1791422153026754,1.1891538488058302,1.1954714425129747,1.2886234289745868,1.3249594604149477,1.3298615670972014,1.4101282888568543
1.3043645026000896,1.3216276215144007,1.344563576844394,1.3479747531426303,1.3487015494201549,1.3511688083629392,1.3624648527351324,1.396027233580138,1.4072113919894158,1.498634061717822
1.1200509645721985,1.1342013926880998,1.1614844392867019,1.1811021559875368,1.220429683028609,1.2711036332951382,1.2828115780909282,1.3140805744271398,1.3626936086422443,1.706238956532836
1.0832985375927233,1.0845560031842121,1.1071501602407152,1.1824886043838685,1.1963059071535338,1.3117259558536545,1.4513732016358536,1.5217701418839855,1.6229998315728209,1.6992570170659862
1.1289068711713584,1.2140258694380854,1.3812063856522117,1.4407533793461038,1.4502314532616412,1.5182875753565162,1.5214065929680993,1.5909378216244092,1.619560100382321,1.7972827973526984
1.0799851861710374,1.1031292936989159,1.1291870506565052,1.135697437844045,1.1535902353571674,1.2322542990693677,1.2830970597144242,1.3065196786044946,1.3107524614605373,1.4552129769444977
1.1328887133066909,1.17679632833058,1.1818231789903471,1.2302503864203742,1.2833986527816985,1.2894217177567335,1.3759038080596175,1.4373151265243425,1.4901309497567685,1.6027938061763884
1.1062420947924667,1.1410540206499831,1.1769199728219735,1.2153622138269271,1.2224717787983788,1.2667978587137014,1.2959583907502261,1.317137877409253,1.375269487556003,1.4528620752206294
1.1174339318166968,1.2743402476594321,1.3170081941991327,1.3198986748335826,1.3307975057100139,1.3548624540518386,1.3579658719542067,1.3623281806482397,1.3896815089036121,1.4080431645478155
1.1451029659320153,1.1553154075658898,1.1614561114244304,1.1627074459116375,1.1952118930039304,1.2337911648407665,1.2579018549663985,1.3425229634145488,1.4018208508972099,1.4072175724162874
1.122925834580712,1.1277504741468274,1.129204129802913,1.1349745081835527,1.2242284977104094,1.3678549849979333,1.3773577638494796,1.3832223780732154,1.5084841732523988,1.5094867457583576
1.2743676657840433,1.3108099304679244,1.3465898816386694,1.3676101887567018,1.3842152799265826,1.3876874061012123,1.387930621781456,1.4363025600448664,1.4622239769242293,1.5282631062681951
1.2515253752708779,1.3041368677127472,1.3124229819812965,1.313410800587421,1.3303531614092035,1.3533497305005375,1.3926196501704129,1.5021549980267577,1.651110997878781,1.741160057177936
1.3961512261613906,1.4076103073640631,1.445335314746881,1.4468227355168666,1.4481476076927171,1.4486418103049421,1.4829474843045487,1.4941100515998182,1.4969336758047382,1.5298469665676584
1.2424506898942487,1.2438097785174596,1.2539401841629494,1.2674230120653265,1.3082334261351019,1.334659491924473,1.3453575150540042,1.4211313874999565,1.5632050902615831,1.5889616503488151
1.2749942730795452,1.2925272512911055,1.2975548922642539,1.331395119543636,1.3479061836122006,1.3814403942934925,1.4294767141744251,1.4630471925896869,1.5443160787149548,1.6902141039848964
1.2435138128453409,1.2500577615974939,1.2960762509680586,1.3282118614390348,1.3544113701607925,1.3769752643493467,1.4261226963983558,1.5251758167650715,1.5327647489985075,1.6212358855154361
1.2324078726984102,1.2708436949157638,1.3258568987067334,1.3276705108513358,1.3850761531020725,1.4175214645693366,1.4547695328499994,1.5673962592403399,1.6697681946355072,1.6822993889957378
1.2675234348719822,1.2919994727072339,1.367715529610698,1.3785834145880247,1.3995773853203071,1.4913156576605133,1.4948606876452355,1.4950808757433935,1.5481205131298075,1.6561992129179934
1.2914501536457292,1.3080625544133717,1.3289514506474567,1.3986753829182446,1.4187549801525341,1.421174697801439,1.4216907916263106,1.4223385362254586,1.4335651152707265,1.627862258114491
1.33806378061414,1.3513266049149011,1.3742940986351506,1.3825092423381089,1.3837317986014379,1.3900916338742477,1.3927404030883115,1.4119016541257685,1.5183677628785612,1.6182901082715948
1.3140609443121556,1.3778346141159616,1.3862809278231834,1.4493386816858669,1.4650004334821118,1.486151863819094,1.5862284928989068,1.6157223975194239,1.8171947276291558,1.9734480496917821
1.3427575400010734,1.3631235458714692,1.3704603419264245,1.3911595443455576,1.4101604392601996,1.4233946219369713,1.5952606247764134,1.631479867753455,1.6466638827541149,1.7453573486628415
1.2703045004428093,1.3232749702005657,1.325668601952271,1.3743369386627831,1.3806292953024295,1.4034492304336061,1.4187301897813369,1.4487106649111414,1.7688418000438391,1.8032563776542583
1.2832887427382436,1.3129977436559557,1.3193358794092132,1.3244283836711657,1.3375710038759849,1.3397268075740598,1.3581309408889441,1.4021469602866503,1.495929992429446,1.6639641116532449
1.1674489453893311,1.1741800709287915,1.1937674750879617,1.2097245035558903,1.2777087813232297,1.3112357347883159,1.3972154530899474,1.4010327240445832,1.5922521486824395,1.8429602291527598
1.2782480947978314,1.3027625393661224,1.3093641123664361,1.3134134263090069,1.3471255983959409,1.3691811167036496,1.4238928585560506,1.4297874722983277,1.4804016741520174,1.5550568400848861
1.3488586521102532,1.3764415469620261,1.3792954721110733,1.380264837010031,1.3855816612389282,1.3955577442857372,1.4054976183569279,1.4170026148362456,1.4852222687076377,1.662500373149757
1.2672939054180357,1.2787445170835672,1.2809355074873721,1.2813783977302453,1.2926725901302207,1.308171975553154,1.3714168185530999,1.5061667056598593,1.7005730614005234,1.8362943429110969
1.2009498603506974,1.2103863950808607,1.2250653602257815,1.3095110603339588,1.3941479176541129,1.4355520483567847,1.4487330220561221,1.4990792171432261,1.5102178996184188,1.5793377859490385
1.2371385688994359,1.3017306760573466,1.34661041071432,1.3491029245341943,1.3923026834396124,1.4048662349821686,1.4292941803072496,1.4588180535592534,1.4889199822924621,1.4917789847370337
1.2617212984365591,1.2765774991744596,1.2991639594649804,1.314179176158996,1.3365220149022869,1.3425525324406404,1.3635495932410966,1.3884278133098995,1.4036171949788021,1.426401088753408
1.3184366222917756,1.3319948687017793,1.3386803227308333,1.3435912484947634,1.3614308438025011,1.3627358904839388,1.3639137044051188,1.3736425249385715,1.4414876621717352,1.5302800894137918
1.1989459697603726,1.2450688530226022,1.2820705512615347,1.2902965990091961,1.3420987264244317,1.3672233808468062,1.384625136075611,1.4857696963614679,1.4863416394676912,1.6348825331489238
1.2516320487153849,1.2618294658582387,1.2714965527896043,1.2782437326655858,1.2840233635436116,1.4532280424907174,1.4644454123245936,1.4906753832473632,1.6008786731589484,1.6021476056250927
1.1827755651577543,1.2683646760611986,1.2712546781800964,1.2768721537922132,1.3188400035585102,1.3328905990405153,1.3537153026071524,1.4609481499080812,1.5109597458477473,1.7627729994360677
