0.44032389138885186,0.45873766183810494,0.4659498267002844,0.49713394220151619,0.51890049880381728,0.53725511533474402,0.62016041303761282,0.68787868235096949,0.75559732693943227,0.76877011772574955
0.36341008825950549,0.36537185082630286,0.40971170896817144,0.46289043396796892,0.47050998935261834,0.4721548342916102,0.49351526866892081,0.49695793336098415,0.52124676525917168,0.63096021013543346
0.32380076178211326,0.33617446702644704,0.33956738091949257,0.34828486402614045,0.42001284120483895,0.42406191967688578,0.61322530126076114,0.75395092235244299,0.79782910812467822,0.82290517234564398
0.43517094908481946,0.43843326189623699,0.50925145900968216,0.52202403323012492,0.55332601057876563,0.56908544507370618,0.57294288851911279,0.61463649134741472,0.64074780124469921,0.73684713642617483
0.45743969940016038,0.46018698403264047,0.46619972943397281,0.47032188406649844,0.49912569545888275,0.55093681445119014,0.61883247352450166,0.74397243125084733,0.76245100507328756,0.78509538611027008
0.36632088599919088,0.37519467211753499,0.38389670759408157,0.38771131523226599,0.48773678810515708,0.52096422225599959,0.5631255753552038,0.5826280719433572,0.6210176390142812,0.65270172728084885
0.45339457581397058,0.46915660872733111,0.46920806199850063,0.49431662634557361,0.50734954380377539,0.52180294188998966,0.52999737051534312,0.63339566830980321,0.69394773854876313,0.89342915223679453
0.42914227951616635,0.4491344489087683,0.46294619812074389,0.48870723909510394,0.49022644351985312,0.50642130414678199,0.50677839943713199,0.54426067522179444,0.61184911226708349,0.7169272382606926
0.33863839299029763,0.38930080825441982,0.4147653674833407,0.42618340739629534,0.45161887210524521,0.45800554284429573,0.51170167826961155,0.53680744253614776,0.60054093754647209,0.67935550948372381
0.41017484471061483,0.4375534930396392,0.43866774341116255,0.44578681932619268,0.45370204974167105,0.47091840200144253,0.48544982222024569,0.52241191379014529,0.67348465815703884,0.69476903115081745
0.41288654938469804,0.42419316076043367,0.44300317578692638,0.46095810231061751,0.54710581687972848,0.56909145282232565,0.5963144139078449,0.6009566621481035,0.63107061342665771,0.66250263454870373
0.42881954990661475,0.44618576811952781,0.45820594840169937,0.46942698050972975,0.50571218608165625,0.52559952382226616,0.5357523062418772,0.65900677140305497,0.73762148871571753,0.78194836674110579
0.38922526342650166,0.39073061768940498,0.41510421390521035,0.43309150719324574,0.44058821117695945,0.45578727860855661,0.50757699909690013,0.56832847780986651,0.66242012869168221,0.66270910208266764
0.43894070863848089,0.44800386146558902,0.44831852217510137,0.47039208996064108,0.47335133499387139,0.4804916673621431,0.48649622070460907,0.49221096630135186,0.49540551029217861,0.55779560979905041
0.46120920396598475,0.46766148725090906,0.47936200724841527,0.51108007651132858,0.51341087769712335,0.55251772536656407,0.58340819182690007,0.64818418387092258,0.67384443212174627,0.90381450628011528
0.45205541411667571,0.46263555312718063,0.46539624863815243,0.48621207991991344,0.49582440130098915,0.53789983889265036,0.58050857163610692,0.62993849567419558,0.69774090027300373,0.79182518430789139
0.5212911397826181,0.52916016012393907,0.57667645524718525,0.58803557818917529,0.59006671921896015,0.59954438138119581,0.61877559172358643,0.68767048112569462,0.72250022944307402,0.72796343144157971
0.39054988418836967,0.39844019152660648,0.41198178818055098,0.41444596875379203,0.4327162461271401,0.46131638264974884,0.63174606607975514,0.64021660133687464,0.76986316830042023,0.77768877548285298
0.49710075803029863,0.53914028165366767,0.54110153314173548,0.57072212571130043,0.59695492026051999,0.60288522357065144,0.60888380699107403,0.62596186473659188,0.62654424329425851,0.66484856591029651
0.51414704461573724,0.52082394104551177,0.54853257107780973,0.55957654106573873,0.56797290783281484,0.61132384774266635,0.62336287065439056,0.64725730644043322,0.65562719592119167,0.66344757717181801
0.53826270529651588,0.55694217308046445,0.5569938259801912,0.55866940478276206,0.56543404624777693,0.60484490505453259,0.60562660393563039,0.63370134830918934,0.63433239116039797,0.66538124447451663
0.43905950942828831,0.49048322733383865,0.57088248710225153,0.59852003465089831,0.60185610203968087,0.63069428700921515,0.65298039849244915,0.69072868038135393,0.70962580400945185,0.79435885920715066
0.56174777849187851,0.57781887260139264,0.60879724030637483,0.64551477048916084,0.65125644181866171,0.66202504819645958,0.67915955638599401,0.68044096776339158,0.72682176249818076,0.83341408129164218
0.52282567702343785,0.53015140507007663,0.56095821570590187,0.57449484934151629,0.57481656793955471,0.60182975929101756,0.61138031357676148,0.67050323925517974,0.68477847270702519,0.76130251980703223
0.53519381475945194,0.53696190425819834,0.55443220659549253,0.58534572809508578,0.58806602454513435,0.59989085923497143,0.60995526157375268,0.64745595393191069,0.79593153873531097,0.96064281380951266
0.54552422074488183,0.57505943579676178,0.59892011202191942,0.62236124755036615,0.65734371394817437,0.6660012780662945,0.68069525072221593,0.68746583381285342,0.73159943299539787,0.73613057964926476
0.47855732221229053,0.53614496462753358,0.55737166073000077,0.59285397011673435,0.61137474349508247,0.63918821522253522,0.65003438906699307,0.77052074550257421,0.94129619295907485,0.97833267381047273
0.49499171739296788,0.50330449709800851,0.50746543645911402,0.51065555649620231,0.51286165907421255,0.52466980741885294,0.52641996074039854,0.53412260937379497,0.56361399362952769,0.6399464665828436
0.40651678869323016,0.45272356939191782,0.5004164198921317,0.5156588294575517,0.5717535297056795,0.59435691518684219,0.62080320969615332,0.6324200082447633,0.66675679981176339,0.77979456154767979
0.48765564750073631,0.48774587309686224,0.52812901187752281,0.5419458427010273,0.54464935101916545,0.55829309590523568,0.58872973183952793,0.58963493051932536,0.64079843417274152,0.66818296153077927
0.47756883371484848,0.49411833781079206,0.49983388620257596,0.510686489243946,0.52760069446913826,0.58617211803002478,0.59394349951713021,0.61118831034170329,0.61772948076479262,0.68242233987117551
0.39458857436141503,0.41135904305266768,0.41451103435543635,0.44676826884716458,0.48486051993911872,0.51994999320947999,0.52601712584293869,0.54441210995734579,0.5685270776266278,0.71144787141207466
0.47131630095914012,0.48404432281604759,0.50696526213151927,0.53800160430485455,0.56706037955975575,0.57161713103750467,0.5829828165337223,0.61072907264656662,0.64180099092134979,0.64631381649827313
0.47185805066495945,0.50834570876641161,0.52482751436184172,0.53760219037365786,0.53799976389178061,0.59127749725827616,0.65882331767790125,0.73491857821064643,0.74889368932053912,0.76419560916767981
0.36684045860294701,0.44092248665908373,0.45600023660567235,0.48675640522950259,0.52105080716964247,0.52625233195688992,0.53846288758576755,0.57102644983097717,0.58918365833359454,0.64486749786552178
0.50366040483532393,0.50898503851281829,0.52577350503314602,0.55757570616045715,0.57821302348634473,0.64393223437650216,0.6697655067728876,0.70608391080659016,0.73474418233300032,0.77720325217913011
0.4590889227610484,0.52128449442144076,0.52616616089662438,0.53076601246132871,0.55731969369464585,0.56550892986853851,0.59378089288047686,0.64138421835269011,0.67016684492851075,0.80124943872260745
0.49454763542931035,0.50323036579743752,0.51209323467005907,0.51557769613062199,0.52927243434776683,0.53196930419065902,0.5504217640879765,0.63756529371274206,0.65327261208528054,0.67289946625643626
0.49438198771494601,0.51072040842041799,0.52734970315604635,0.55590425508870034,0.55966187742949192,0.65815914488978455,0.68016398695581559,0.69609123657092864,0.88062823406135138,0.92493132904642383
0.43962537661387202,0.45165075192752058,0.46349091127368114,0.47070820583375061,0.47340896110754027,0.47820494490652932,0.50675368014298749,0.62610928209779493,0.65222192380173105,0.83978057258085981
0.50406572212967093,0.51467993856711214,0.53008499113663987,0.54279417865643076,0.56396003815226869,0.57729948957547439,0.63245948167656207,0.6398306424623792,0.77557561003949038,0.93518931740029698
0.53343546053052648,0.54735323955229509,0.56893394347402415,0.60078027068487705,0.60095571429685046,0.62158135749767141,0.63785418995590737,0.63956849468260124,0.74204405484927927,0.7552858856122775
0.49960854716503,0.51306908386290662,0.52034528972196759,0.60017700493304771,0.62694046804190151,0.63967997751634664,0.69723150642510001,0.71515881400854564,0.71940978682952661,0.76226800795648053
0.45124795168759313,0.49094507467194459,0.49890031466511342,0.51071485339657174,0.57515114057900174,0.58251252853522084,0.58639834631585996,0.61619612625106113,0.65204697376099752,0.68342052230829742
0.54486233570112708,0.55488426796306278,0.58026366960820841,0.58067556077824234,0.616427280820802,0.64803893111090982,0.664329124553237,0.68639842376714721,0.73970854086403026,0.76481083175839482
0.5218407792065336,0.56901982162646281,0.56957474659786289,0.61635243738961165,0.62142513018722845,0.6295195175967816,0.63077767426894971,0.649628834495803,0.663886618190213,0.82875830859130062
0.51272362317564291,0.51612414220831671,0.53795917404351945,0.53971760370813016,0.57593608790131556,0.59430936365454512,0.62960815993185948,0.65710405855014864,0.70005158909894227,0.72974118928987508
0.49374659164848644,0.51888691023063416,0.55399476589800134,0.5766084574511714,0.61602816923245696,0.63747845107778556,0.65074364849404454,0.76471215873446807,0.89380931064236879,1.0923112438755203
0.53761260996748073,0.58615766910500344,0.6405661129801663,0.64165596568782446,0.68953582820934134,0.69368712299978519,0.69548867966560834,0.73906814192738857,0.80514524792339648,0.82515206140951936
0.47825745809822084,0.47986918280961177,0.491062652870776,0.50613144676526645,0.5240482518462044,0.54113811949293833,0.54362977380736188,0.59340121920676792,0.65080963107341372,0.70144481086308774
0.51484708899947051,0.51619305369264668,0.58452680460004647,0.5929583797028144,0.64598977048427875,0.68036164460574877,0.70266617981671775,0.70845526974248596,0.7663821607959922,0.78332202033878984
0.4719015501600663,0.47308809930567008,0.49033435317327534,0.50037838665062351,0.50053865893670357,0.52350461581525387,0.55064553159427154,0.64640317849201967,0.65764509262397652,0.92138813836511213
0.48796294804202534,0.50171840317880534,0.52734302370954333,0.55081061790426444,0.5717910721149968,0.58248102979846195,0.58538401857389566,0.64905242840827482,0.68849239250342587,0.78135537569642333
0.45293621547791885,0.47424590562722946,0.47516508030622395,0.50642163414289287,0.51928546362261141,0.52677326465112095,0.57955848780772401,0.61002321376544844,0.66757584408230564,0.67728675846073294
0.39454826179802005,0.39969884769934971,0.40802961108180691,0.42416649651477867,0.50366371643314922,0.52466466226734898,0.52484781817878945,0.57928014342305589,0.58372889072074852,0.65539023009123376
0.46972381371772309,0.52702376574859189,0.60534607711224986,0.61822799158740782,0.62005984859761165,0.6510208432521396,0.65470455410238904,0.66300700283028924,0.73413797741312337,0.75537580404214033
0.44734165713232166,0.4548510035819775,0.4709199639480266,0.47675751489650864,0.5082966029102014,0.50913698452916734,0.53786570736552752,0.56692759280312677,0.67167318144403421,0.78607389431233532
0.5008484115315337,0.54850085134135451,0.54920364054268056,0.55748426580665722,0.59232839273282245,0.66700436109158012,0.71311925576668722,0.73276782297659349,0.8082712287629259,0.81970808305869092
0.48799976766669007,0.51269208400096389,0.51463819604070071,0.61051426940110165,0.62723965591121944,0.6928868473546026,0.7543623666632393,0.82490238502891167,0.8578773146027947,0.92839419512032384
0.45041224097147126,0.46210745043352386,0.48719372167629027,0.54266792001348874,0.54281700788200737,0.54550478524225943,0.59094225756847685,0.65211304085844235,0.71085948533229049,0.87296856540854595
0.5878516002964429,0.58822132224424406,0.5903051672639914,0.61138348999440595,0.64578856780927296,0.67486427456902653,0.68793944604999036,0.70279324720028713,0.70988180844248294,0.76133766388453283
0.42393126774313172,0.51776318962713752,0.56374140798485017,0.57967064629386789,0.60352537448532217,0.62078838180827578,0.67644603637951928,0.67899978320986554,0.84304702253228214,0.84771403795883193
0.46761777242831792,0.51840651048609043,0.55062780451204407,0.60223410207189998,0.6292188182413132,0.66597906548977415,0.69986346094856788,0.78823129199285225,0.81094202446919184,0.84143742907204189
0.43341763184743742,0.44122992962253349,0.44489158895571812,0.44893655345570727,0.4673818558393954,0.50136994218268072,0.51563115043095742,0.5324360440862983,0.57811255782025528,0.59259278604442533
0.44759573627645999,0.47323609555646096,0.47417906198956583,0.47550232047924768,0.48629081768937876,0.4976992837919183,0.49840385616332528,0.57905159533807637,0.60841870016089095,0.71989250138254235
0.44996356728117037,0.46280574935452456,0.49393976875329848,0.52153746725235184,0.52578600952517984,0.55231647876021706,0.58183365824551947,0.59637187431498395,0.64498534676632735,0.70220842585080456
0.40352321688752335,0.40837722721316938,0.45556588925650665,0.46854145843672335,0.48858358804657387,0.50667744113761959,0.57470712310008887,0.58403735943465751,0.59288114894597355,0.68515236531019541
0.36060989526332143,0.41486056962160989,0.44155548862763272,0.46449132561200335,0.51225264602532583,0.5270411826942607,0.58300477562705577,0.61420990540370646,0.61749504049948323,0.62521076820213084
0.4409621147866627,0.44775050681182416,0.45250493941590531,0.4615903608709484,0.49887341675380314,0.51194486242492498,0.51792186470762402,0.53114964023149991,0.53193617481722466,0.57081942903880734
0.4546657365978688,0.47350807829337471,0.49548439190934168,0.50523271905071265,0.52366685016041714,0.53310022362394349,0.53854817315700254,0.56703017115706,0.63056203912258102,0.65423823423187111
0.44492669705894361,0.44663950082488535,0.45186013412429826,0.45307195642570264,0.47983598701856556,0.51590038823606532,0.53437144525065117,0.54525570610394158,0.56902098563580861,0.63289088588836062
0.39924313317335702,0.4064051651275582,0.4171499206474012,0.45675697585090935,0.51767702588353748,0.52044390225030224,0.61991691175748764,0.63063861052574932,0.677094262035419,0.67789611034376929
0.4337157826403053,0.43648739820194749,0.46676489905913909,0.49601671163729666,0.53894774498556863,0.57833909243444381,0.62390523022531186,0.68378576838648675,0.69416563911980811,0.73348058515509695
0.50309876378505436,0.5033120281031338,0.52515042700217229,0.53826723598534043,0.55015052691062616,0.56319048564866492,0.5737170202313786,0.59009781741831713,0.72352272760283665,0.76263448302759818
0.49643899960339022,0.50140645599215539,0.52409224737631721,0.53400684520036545,0.54556116869448168,0.63952317698272854,0.65784841706536534,0.70103011666737514,0.75513606244581988,0.76907781998432379
0.49519805514619852,0.53378031468792608,0.53494018529554621,0.53560552151218532,0.5369588574111881,0.55043618732863031,0.55359566548683947,0.6313748922644784,0.67248567724575725,0.72044671179389042
0.45115173574424228,0.45628614162759185,0.48560763150554465,0.49460041622075845,0.56079026922336217,0.63953047030571897,0.66285786215659748,0.67670354606132976,0.77589487097580623,0.82583622554945091
0.56065592375392903,0.56228170224553242,0.57473418491008088,0.59344188433491496,0.59371975762763585,0.5969730481088118,0.59814448510676366,0.62077777494331521,0.65595845560692645,0.73095721406281244
0.552393655587474,0.5584269377394766,0.56207707140180441,0.60199016076904721,0.62423473166328458,0.62846615291098251,0.63561891694247441,0.67640058792367252,0.81445670389678027,0.89683792211882318
0.39880044724305197,0.4230307572537555,0.43078215603418002,0.48368476096368873,0.51017110944528232,0.64871963544408162,0.66537426210722428,0.67550837937672892,0.77646778444191211,0.84263256357710192
0.45707492057433319,0.46099811638544264,0.51160832881258322,0.52139979632609279,0.54734148921070025,0.56629939623580894,0.56717178343571906,0.59897708504376368,0.65423377450035236,0.76253252225009893
0.50156989273300301,0.53550848561010866,0.54474371906123942,0.55739451201413948,0.58755782767905362,0.59964118838141323,0.61906952822759109,0.62094482662214601,0.62556509141153382,0.66740122175607031
0.49504469526099237,0.51598579809011191,0.52561941356491193,0.54816682685728368,0.55535456252833226,0.62793332726805628,0.62990355694022826,0.64172918495407005,0.6692361565144278,0.74108878809773948
0.44011322123045904,0.44388448175070394,0.46875617643853928,0.5028561792026407,0.51022945033514011,0.53189449804181255,0.53993672248590974,0.54738995615942887,0.58471469012254129,0.7829066399863378
0.41539598388892696,0.45221798033727589,0.45928443249210016,0.46243185804233455,0.46596726267440358,0.53790780905390845,0.58969256614032917,0.61787667970718863,0.62712964308919483,0.68338037478189007
0.39738145010649317,0.44217767101969585,0.46886980779007947,0.47362105099045237,0.48724058762702649,0.53743749030993593,0.56591067913189175,0.58237693255439638,0.61463431310197203,0.64130402091368666
0.48768429766028998,0.491012542150977,0.49723674259120498,0.55319710869192562,0.57615500551393195,0.61577197365152259,0.62149717891873602,0.6369341928499237,0.70034897699955589,0.72813336156622155
0.40334853722598751,0.41424950531071714,0.47930789954385888,0.53045514149244655,0.53721057782370929,0.54593153052949939,0.56933030076632196,0.57237627067301355,0.66470234930490291,0.73729475015842461
0.40117525305303214,0.41315858120373061,0.49431965081409945,0.50047395377426307,0.53660029031583134,0.57399019582507105,0.57757907779948114,0.58511539953527292,0.6155496024036653,0.67044252885591016
0.45162438708282426,0.47858532311253432,0.48129116963237184,0.49616268607496616,0.53421977807573429,0.55082201697532351,0.58561996319758824,0.60090822811516764,0.66470256154720309,0.73678588549435098
