2.3580867146813689,2.4174907165457351,2.4331951961091605,2.472437049738875,2.5190697732062546,2.5254137191518398,2.6421372500003404,2.6469817943052392,2.662915004606579,2.7173249071040422
2.3475299430474097,2.3677789186537259,2.3741552680069073,2.449659841637958,2.4618273936493593,2.4963166978091142,2.5122552546035335,2.5362283104235535,2.6116329951295918,2.6189204052346287
2.2369328386765845,2.3219008755737436,2.3524592453022315,2.3670036234870868,2.3782612183550511,2.4524232760548852,2.5758569143389707,2.6825213770441589,2.7026204573544508,2.9550749522798614
2.3848880578253278,2.4510050663734755,2.4783659354338061,2.4995143725189437,2.6216435415940662,2.737328213194945,2.7446703844553877,2.7872393795195292,2.8471915197603419,2.949615474812957
2.5177651830882075,2.5331739218112306,2.6161723482981891,2.7260218294631331,2.7537131167473667,2.7927659588012639,2.8803291808048317,2.9335225912422818,2.9391371645432036,3.0333509266207006
2.3251229268908373,2.3441548052446182,2.3858015803413473,2.4264999175864825,2.5317680545870758,2.5492741028490196,2.7284481942338834,2.780126014086008,2.7986003840793803,2.8205040674640554
2.4845056625849278,2.5264217173308117,2.5301574237888249,2.5875371278401298,2.62738499418648,2.636480581455015,2.6694323820401507,2.7189422415293256,2.8365227610070511,2.8559029732233077
2.5266604945944402,2.545687041090313,2.5674661870102593,2.601939369398242,2.6602829347561068,2.6613483007340717,2.6869307722755305,2.7021834501572122,2.7577126639457283,2.8449575590796705
2.3562442419620426,2.3768894625025059,2.4206073334066027,2.4416315403407856,2.4549450438407652,2.4932618499396142,2.6067317114044704,2.6549521394188442,2.6592695443801784,2.9266873218009839
2.4463302621381842,2.4642504856050964,2.4789059113066871,2.5440760179675133,2.6713730223290675,2.6793668940026651,2.7325906030618494,2.7959552947488842,2.8279931088874877,2.8749643724014735
2.4539219391094864,2.5854520939161239,2.6021546330557466,2.6035953445360258,2.6237191379430662,2.6275616215300386,2.643928517144349,2.673018476127544,3.0005901932142525,3.1356207061988441
2.4468975007666858,2.4514508617306334,2.4934334301417485,2.4946597036539289,2.6057600617450136,2.6696928923063394,2.6967277168820156,2.7251762308188496,2.8757974262982007,2.9406784351608373
2.4946621529691644,2.552838124299071,2.6128287999987965,2.6884474284435882,2.7094931223763941,2.8292348769424667,2.9356993521476555,2.9951941705096234,3.0303523049523671,3.1935870302155944
2.4859693945848873,2.4909051364455332,2.5463985049286535,2.5775324482492428,2.5896875856774781,2.7009494252512467,2.8497933695711724,2.8782618494122705,2.9375350247616687,3.0152103406977147
2.4493306392999132,2.5152829860573358,2.5292268254494235,2.547933080942018,2.5670951814628844,2.585339661010011,2.6027610970891937,2.753223425095956,3.0217075963547284,3.0619536950263355
2.4426918850730854,2.4936238459269511,2.6438511828826421,2.6936380915389782,2.8272161988549978,2.8772724088398753,2.9136497215362982,2.9481953557645162,3.0659229287460672,3.0928731828690514
2.6575969477646701,2.6914687824070231,2.7626160051222968,2.7915379143760357,2.8216930785383183,2.8473225976363929,2.9726470749610154,2.9975416354217916,3.0316820774695095,3.1662665396717178
2.6218430573209508,2.6422989282836209,2.6429216540054092,2.6552104556469613,2.7067773834887392,2.7106271394539387,2.7152723870313511,2.9089473848366829,3.0131162275706669,3.0140957017412537
2.5413870616855787,2.5545293081969564,2.5591269351654624,2.6879547517552886,2.7141501154764649,2.7292068106817595,2.7349991489949672,2.8272832794655547,2.90639461325501,3.0751815781238028
2.4766210689187198,2.5568936663666837,2.560092105341476,2.5691415655970764,2.6252821115262064,2.699296408813967,2.7645959912506299,2.860479305900419,2.9093813485332896,3.1243064532456559
2.4718264368759995,2.4865985256598129,2.5093121976582315,2.5899030294892782,2.6831401694140395,2.7132801785509297,2.7409041529694442,2.7927568437305741,3.0170230374744289,3.1134513829032553
2.5672927752224934,2.5981129117556256,2.642305900153382,2.642820453692222,2.6738135271710357,2.7039537299602618,2.7131233622425786,2.7409633412721739,2.7535729118947936,2.8689358864949948
2.4377311218699349,2.4651549342172379,2.6052565569104456,2.6480548820884175,2.682357448911564,2.7212511533568895,2.7981598923076021,2.8067403331780962,2.8282509294869804,2.9408833744984384
2.5313121768647018,2.5471514765586578,2.6298769225234664,2.6642300621058963,2.6704537200126888,2.7019111576972943,2.741861397495446,2.7519121621399298,2.7719023600004906,2.8897284631558242
2.6059220815043749,2.6386464798020093,2.655241676573191,2.6632699617713902,2.6688403210203502,2.6732460580759634,2.7407095056360187,2.7692901762388784,2.7921033073290236,2.8457689739164485
2.4313509046314059,2.4357650717547119,2.4801399215162161,2.4939123462940307,2.5023284101306276,2.5093900503922972,2.601713018029721,2.6572981297811187,2.6760394307474402,2.9541419593193732
2.4687983757975434,2.522898653897756,2.5628225602362904,2.5715227198854329,2.5777734240634338,2.6141901597775865,2.6276984523127256,2.6315283022720601,2.6364234579838088,2.7907338480313437
2.5654769702088784,2.5889730341099204,2.6081950578617574,2.6183338178685314,2.6424526812456586,2.7366506577791645,2.7533787822306213,2.8398530895262626,2.8489752190586541,2.9388824585770412
2.515955841832036,2.5171990681016152,2.5305391043814831,2.5816052810175805,2.6557260489290115,2.7368426065516775,2.7386508884666689,2.7918561612022881,2.8075309237925108,3.0219416886107147
2.4462784532983362,2.4635705216562194,2.5087090020261495,2.6344878802111555,2.7018615055386901,2.7411604696321481,2.8313741449610168,2.8453880362693402,2.8655553593604042,2.9442125511800641
2.4997212141750551,2.5381995469221517,2.5404098416661158,2.5428745019739551,2.5920275724178117,2.6324805796561259,2.6944157509306974,2.7431937975681571,2.9052277117573313,3.0524755263669552
2.4513557811314843,2.4514187606107365,2.4624648500354671,2.4693594239497507,2.4994681759322881,2.5279434605773283,2.625633251955386,2.6489542162770849,2.6930863947680583,2.9619505882746049
2.5827519374123291,2.58278897679988,2.5983848334468407,2.6088547928966368,2.6106195745118854,2.6152124339292886,2.6322860233459657,2.7129130889927908,2.8296938671600547,2.9338454227257631
2.5846826818753366,2.607848188818831,2.6389608978154229,2.7121877513551018,2.7338714964041988,2.7402552879214808,2.745364977570631,2.7574678320187282,2.840562707113957,2.8527940326429291
2.5646726809507108,2.5752215436805828,2.5769335496516872,2.5929935659759282,2.6292213128681405,2.633640488854033,2.7780347781751109,2.8691999778533321,2.9413915257927581,3.0321416168031252
2.6048956120632876,2.6524433900905224,2.6679009619318794,2.690252058276601,2.7617195156793573,2.7832012871424077,2.8065959257232311,2.8619871963877399,2.9340289046232599,2.9694282184015792
2.6353711198817873,2.6832281708041483,2.6953192797271854,2.7039707329180107,2.7264470863431338,2.773379392187584,2.8441823239800867,2.8899472516903462,2.9514728463387461,2.9848227548244379
2.7227271400464512,2.7248358604786516,2.7957258440381088,2.80934683966127,2.8150539367160912,2.8238152195554909,2.8389024579574023,2.9043763040047281,2.9264363308143895,2.9710688387485771
2.6068479336633188,2.6147287729265409,2.6208517318946316,2.6343839481089049,2.6654377015208506,2.8309813400297514,2.8484404601945652,2.8597045436281801,2.8802956682385861,2.9681751229731637
2.6290402813224407,2.6538070242457863,2.6658387840025575,2.672476936277338,2.6794547953211456,2.7138167665497428,2.7961747102368273,2.860584341035695,2.9158610965987295,2.952920297022406
2.7224278291896913,2.7253483104702876,2.746202966281253,2.8074993960900043,2.8603669961363458,2.8868095557724156,2.9340979970809014,2.9516305066041486,2.9750179554680387,2.9898924818656001
2.7378832237750652,2.7541307923504328,2.8373260576297614,2.8488655256758886,2.8563986724937651,2.8867804996475175,2.9153884946438469,2.928700410312667,2.9388321863006324,2.9809309223667961
2.6834205044052082,2.7338369404632745,2.739137426874179,2.8820916894869635,2.8955041285485255,2.9351388528641507,2.9506068274782988,2.9538138122619699,3.0337189841933276,3.0395948807640623
2.7043446197874301,2.7170016093386629,2.7357351411723174,2.8017608684081585,2.8076236655603761,2.8757333115193866,2.919579199299287,2.9834685832473991,2.9900382582508307,3.0138748384393437
2.7593439056452569,2.794312978231023,2.8034711638270706,2.8445081357578781,2.8535180751959683,2.8972997117394352,2.8999836455467731,2.9278355509971266,2.9907936171690457,3.0736633128393125
2.650619909661692,2.6689878935914537,2.6714471295877358,2.6766315940327114,2.7208886654357416,2.7988143109799468,2.8068161388019255,2.9216773092973796,2.9358558695715558,3.1807121457102059
2.582412579726709,2.6566343218481636,2.6582198221287934,2.6670315486710345,2.6748086810521783,2.7454794018232294,2.7721659376268888,2.9103573425925182,2.9739189326860211,3.0276437879929929
2.5928428974167259,2.5928996267691762,2.6108090039264806,2.6541926548286625,2.6661396418798287,2.6933645815036371,2.7017250869748333,2.7301039719532487,2.8773914422875637,3.1061781430187665
2.5774574521537144,2.6052925510692786,2.6488923023778934,2.6905516771538895,2.6963355958948503,2.7075381892697403,2.7223416071381239,2.7261413163967765,2.7775236760085624,2.9305391808256229
2.5927712745799703,2.5995072028067163,2.7005032674745326,2.7472845892405315,2.7666458602207364,2.7718536771147342,2.7792984795286277,2.7875863673467127,2.8021924442752733,2.8928501429199187
2.5321478840624199,2.5975530055414895,2.6586823634599104,2.7406752640239382,2.7563527272238919,2.8018555234710916,2.8197809100626308,2.8296259077092465,2.8820182124755727,3.0401868276766844
2.5854478896004136,2.5886269575227625,2.6334056482200454,2.6429543555314332,2.6548146546044613,2.6636750570016328,2.7150852518758337,2.8696730836492939,2.8983421337983053,2.9352338894405552
2.6436055261399458,2.6490286762497779,2.6565164251613713,2.6829878141458163,2.7169807245831601,2.7245220210972052,2.7531223344862426,2.7593485651806846,2.7927654269819104,2.8188071069748482
2.6636647152313784,2.671314554623708,2.6768093129112924,2.6918427905651487,2.7100906234878401,2.7381341372950265,2.7683491991663614,2.7814661613563327,2.794088434655551,2.8983682202355574
2.6474342736932552,2.6529493928618768,2.660006886112452,2.6697389831195135,2.6729186396005407,2.6951901938555185,2.7952021539785306,2.8397160527499015,2.917081457114219,2.9610782599899812
2.6315763293585173,2.6399061395078869,2.6462141627966456,2.7105127024434914,2.7163443203408413,2.7423812648888077,2.8128140118235714,2.8592823397782721,2.8749735427962726,3.1442633732110044
2.649991002778421,2.6856346487260527,2.7860441162730774,2.7919085152806309,2.8169813385881781,2.8277177258484238,2.8319351534494275,2.8826643905920837,2.92663931904778,2.9374056335011556
2.6305933263015184,2.6434953830841632,2.6683377080672308,2.6949731447490164,2.7168992243020154,2.76313161990694,2.7667478637553966,2.7810386773507823,2.7941668364928436,2.9974299328141996
2.6937719648921501,2.7214864917281902,2.743445325152448,2.7444879450289466,2.7492653429315457,2.7833001428932196,2.8170922492573385,2.8452174998956914,2.8718504592941594,2.8999583830473648
2.5364198644820246,2.5481193505539448,2.588563693628398,2.5911228879617396,2.622731592879072,2.6475056666052397,2.6698858083518919,2.6863304348712322,2.701983205452847,2.7527618627830641
2.6584911365130739,2.6626708520816278,2.6672467677358829,2.6744244745447348,2.6887794286986457,2.7036589761539593,2.7314365408454817,2.761387988282253,2.7944058564051319,2.8173724594027463
2.6095154549950568,2.6472344284426272,2.6538539063754527,2.6985850099161608,2.7045520252619024,2.7502781295618526,2.7957664814526977,2.7975131729993881,2.8196880739663599,2.9656567173259827
2.7067412453577173,2.7563346674907248,2.8029985894557621,2.8126623335289462,2.8244199142520681,2.8523051591957653,2.8875684162597706,2.8937418977938174,2.8958382894600661,2.9300439280100758
2.6520298750783864,2.6828044670403512,2.7002606724449896,2.7269977087148192,2.7445742362893739,2.7481923459502626,2.762228099568139,2.7787825151127281,2.8403539309498811,3.0047758801308131
2.6273629527384288,2.6529539136129805,2.6905037444631281,2.6971199998083089,2.7061591771666613,2.7313727225722166,2.7383168751872429,2.8263029435279732,2.8446065231249604,2.9589527597598266
2.7026312190196506,2.7044485075366014,2.7184270257533845,2.7304532308657761,2.7715643400773327,2.8254435517973553,2.8612507022970717,2.8874633146599211,2.899881018491242,3.008502486836611
2.6023047193890001,2.6391736154782888,2.7061694381364223,2.7195586222242465,2.7205226763877315,2.7381069125696866,2.7383899757509074,2.7412513603236262,2.7499757916238905,2.8917535272664043
2.657157522690706,2.671320210975427,2.686549176016725,2.7020660409733628,2.7197355248912451,2.7587501369023544,2.7685117487359658,2.7776224633562556,2.8954458780454035,2.9060200206381266
2.587791097726269,2.6155991087053354,2.619278740143006,2.6524240704376574,2.672438504027387,2.6778951443386863,2.6916663108505361,2.775946040287991,2.8215320633997889,2.8450196054950192
2.6049204633643273,2.639650249717338,2.643063604569976,2.651235701992519,2.6531622619429616,2.7010819483852635,2.7788108666674307,2.8758139477259204,2.9201212780211128,2.9861044872010774
2.6141697312156769,2.6148335979112884,2.6224377531601712,2.6428143959634367,2.6633349886355768,2.6904626829164284,2.6918283873985223,2.7656337123907537,2.7922410133087001,2.877827433251813
2.547393126104355,2.5584712544605193,2.6371743363029148,2.6432327572470831,2.6466723852755534,2.7282349420997685,2.7697190110035237,2.7953808722659157,2.8403370657129763,2.919435390716715
2.5277224061850738,2.570207334981697,2.5729336189275864,2.5825371302155724,2.6332351740955717,2.6393667450149345,2.6704910920519644,2.6786662336345222,2.7442069497041075,2.7892420577301102
2.4996931879943372,2.5029767909804113,2.5150920547153985,2.5552200719339915,2.5695715993274133,2.6915261838468343,2.721841576329493,2.8005456808802762,2.8162162830230608,3.0609116793734401
2.5537963002066224,2.5637065806202419,2.5846744812135078,2.6324893090928887,2.6372704969949767,2.71051839816589,2.715126730526082,2.743197149911424,2.7435511292437331,2.7470334302446022
2.5933969380018191,2.66889787755591,2.6950192525530809,2.7001281082096713,2.7195376273039296,2.7580785146177154,2.7623736896607487,2.778240012053232,2.7792945155426314,3.0224401653857713
2.5313574962538805,2.568514431514517,2.5821156568352697,2.6062018169895405,2.6429913671666077,2.6685767207807807,2.7007645726122003,2.7360413293581836,2.8052315873617895,2.870909722918122
2.5298171930237143,2.5336728778479869,2.5353383010836157,2.5481997310219757,2.5746051216451891,2.5997225610471357,2.6105905513858398,2.7050749229122131,2.7220102137103437,2.79271486706764
2.4534245653397688,2.4643796454025262,2.4663710335857272,2.5258971784671242,2.5434658256646099,2.5563279147677216,2.578686076804134,2.6111917081754776,2.6376272978725375,2.6915760509327553
2.4519763392393958,2.4908618686062374,2.5741799633293994,2.5805650751387161,2.6136743051965095,2.6437735141281049,2.6485921214221015,2.6894343198472042,2.7078509859185709,2.9319751350590098
2.5433612232002134,2.5477200148689132,2.6225106549802764,2.6226986995242401,2.6430375556810146,2.6576110570326108,2.6778896825681162,2.7424268242514733,2.8432220496259326,2.8554501370560743
2.5677955708089168,2.5856451301510326,2.587376319030676,2.5951716589862999,2.6405050754464385,2.6537603078042951,2.7053073483605354,2.7661893747448572,2.7809208353295176,2.9506881131542881
2.4828510083359889,2.5506000645938807,2.6123105621573615,2.635434852606652,2.6550354990785685,2.6901893534559558,2.7223709243526746,2.7312070899057694,2.815480938997426,2.846060090122573
2.5469060189010184,2.6007348895868807,2.6080400956308312,2.6262341365485717,2.6269458996152837,2.6334904414068241,2.6400704626858111,2.6604869022920554,2.674417222263159,2.9611434262300249
2.6015644092021484,2.6115862678949378,2.6150914592909715,2.6701294997142595,2.6780759263658709,2.6966388930205558,2.7078586457611507,2.7162012065283339,2.7163864495013286,2.7225581058322179
2.4328347205778886,2.438803975353542,2.4927088292136048,2.5397677384452431,2.5534475129057648,2.6470877749452097,2.6582795091176568,2.6995124480093282,2.7037179889745371,2.7899088797963181
2.3538898766125618,2.3742258038433253,2.3858479747963317,2.4334342254636319,2.5609545754337866,2.576133057151254,2.588375825638551,2.5912628504969417,2.640540895711458,2.888744352811778
2.4605963490443843,2.4607499391657628,2.4790389800919614,2.5200035812026718,2.5421016146228128,2.5742101793863736,2.5772653645777357,2.5980977902362508,2.6629135703983335,2.9085771130145925
2.4164672971889054,2.4170324214010721,2.4219750154747892,2.4278669179518921,2.4564736314936977,2.4929407210515069,2.5555812277779655,2.5565297918501599,2.6554852407048388,2.665792150377392
2.5149272951554273,2.5524600164336557,2.5659181318105571,2.6133990726219007,2.6361662241304451,2.6667282029333204,2.6675700234707356,2.7240701472885336,2.7317814238279503,2.7948884294498875
