0.044567325348433412,0.045317490579396741,0.045952126605063898,0.048545808222813333,0.05177354967612964,0.060299128231471912,0.061471606467676035,0.0644078853719732,0.081790220797315225,0.084741082264365483
0.042045743956797096,0.0533836432562107,0.054580863161979569,0.057661232244333435,0.06089934346059768,0.066276282249773652,0.080902844723737419,0.081676986564197668,0.1115659257280171,0.12344562847609178
0.046627637200603964,0.048419488842033502,0.049415226256606853,0.051228110463718404,0.057937768013642185,0.058754829953332366,0.061250081608157772,0.097821013432621937,0.10430075822395175,0.12426211863110129
0.05431512884336636,0.054541419952633841,0.05987849405322318,0.064856226313380672,0.069086864144851948,0.072390527569658053,0.074722333553151277,0.081057180072439686,0.085991170595280497,0.094169753275172532
0.052314800025017469,0.086719045102152253,0.08748778392389335,0.090737149626500785,0.099612082623621867,0.10501779287460133,0.11672476445275068,0.12112983019087999,0.12121872725771371,0.13062020610946062
0.067205085169027734,0.071702488932999422,0.086455888765556793,0.087506225376407745,0.09710963791772026,0.10767764169881358,0.117650885516097,0.12262019923114487,0.12439473698431788,0.13230018741106178
0.065950310325932793,0.089599897994993155,0.096802969196544728,0.10851455418109038,0.12028951593651441,0.12150812016876136,0.12189363132510635,0.12301426686496991,0.13410529997742357,0.13681251252104948
0.081608189369509448,0.081777235922311495,0.083485154025944378,0.08410478087568346,0.08509481327199156,0.085792977105902113,0.086576357657972891,0.092873669678110726,0.12302033500631467,0.17586426290459053
0.074188992592457856,0.077923051259439796,0.080452862396088926,0.080928158992384508,0.081457298761096447,0.082622676727433897,0.082764764720824863,0.11162157759077809,0.1236634279811468,0.14206135588626553
0.053841242449908941,0.054171009567516672,0.05812796162403823,0.062586458969596165,0.065547291705058075,0.089521508801225086,0.10577572417258532,0.11259826897433867,0.12080157347523873,0.1212463738916468
0.081140366265031044,0.082731568253873622,0.087200349778919911,0.090920001144785045,0.10092791136281853,0.10612773320585997,0.1178251734735021,0.12066515386859063,0.1263755843166508,0.14995977068912936
0.097125916450182731,0.10676295996824414,0.11171774893137484,0.11261638279665709,0.12037059666021158,0.12492171895222696,0.12898558554416775,0.12962185493012188,0.13663173969796877,0.16013798890720959
0.074817106078078455,0.082082334301574675,0.08257130649282339,0.082703212268415552,0.084738024160346204,0.086190059406393682,0.08914468090314917,0.096285640266244824,0.1127809948816571,0.13306593009025736
0.067098440687891794,0.078567951534412928,0.079709341096113231,0.081454361509319645,0.082315695068541625,0.083129030400024048,0.083542795887466478,0.085825092570739503,0.086903780034711581,0.12948556203424472
0.090782708220637387,0.093231248450479864,0.09891694644826711,0.10152068613401626,0.10689451661748639,0.12079921835039262,0.12194644489075147,0.12196259466572923,0.13521814089031664,0.16872039442256434
0.083662475794533162,0.086220398373633572,0.088172015409339013,0.090577297737960472,0.091506647680427794,0.10840640769398929,0.13045404070035865,0.13377059845439596,0.14094362367647684,0.16307915690504302
0.066596785809308848,0.082197202995219223,0.083396552661242823,0.085205106870039765,0.089260846464236376,0.12032338196619524,0.12164649452238901,0.12936137496836125,0.15029457366106236,0.16235375806443628
0.088684124615179008,0.089166833891546948,0.10036797856860299,0.10730472069154179,0.11827129085998926,0.12045127624043134,0.12205481733537515,0.14334955077906569,0.1444373456660237,0.15887549636351239
0.086122335118220789,0.089820217309352593,0.09095898643473968,0.092626923669206787,0.094450374731585324,0.10292870766315576,0.11798909537023886,0.12056518488875446,0.12062261037770043,0.1246041358754862
0.082336357407895244,0.083211787405998855,0.084234269996082328,0.08759172210586251,0.09765343806327953,0.10212980826436099,0.1031361143545132,0.11568711613284419,0.14068750780474823,0.1610664980649093
0.084446479480902961,0.085927186777590106,0.087109915832586926,0.099043265902065594,0.11219260040625142,0.11473770252851362,0.12431103919428746,0.13690772778958435,0.16022437445397264,0.17307511578710472
0.080641691436728002,0.081083481965175161,0.081620525531652832,0.085039376218411789,0.095166906568062648,0.11345478697662909,0.12055789574641189,0.12090845320054447,0.12145260265437469,0.14792909499209983
0.099571146424246124,0.09970707840943438,0.11516873726286131,0.12030046078143605,0.12064910798358583,0.12433032125984765,0.13619037371733925,0.14947117901547524,0.15023995171763127,0.1603493116312136
0.094122791111581464,0.095512696648997211,0.099453998268256655,0.10191125262104825,0.11002432555411815,0.1214339311355819,0.12245195405947935,0.12380192669485542,0.13181368834695414,0.14689073147851747
0.086202060610423611,0.09463692501386381,0.096370587206610028,0.09784103265418323,0.10354160739800564,0.1101826600853182,0.12065342043994445,0.12081094415191991,0.12773097746379905,0.14008503114338833
0.084418075309082574,0.085412122260943968,0.086323377468401741,0.091405127089533578,0.09980020703871903,0.11031467258355462,0.11673238677208346,0.12167733798903772,0.14585072425273057,0.16039961586449683
0.072167620725380563,0.077585221998814208,0.077827003666380484,0.081546473328570096,0.081999094770296127,0.084040462586107492,0.084756072825854165,0.087276677067441702,0.12089547152074706,0.16017425235112201
0.099303060161809786,0.11307766973443301,0.11637075805200392,0.12204218801340186,0.12600496193561556,0.13566823872044051,0.13834665703967586,0.16037055701724476,0.16079458014063494,0.17073623836186866
0.093118503126694493,0.096833309506596396,0.1039161808408518,0.12142883207361777,0.12363774042624465,0.12883904803419141,0.16104304915035506,0.16301499701799393,0.16692136460176066,0.20000000000000001
0.085625751410103951,0.091126515553032639,0.11530578361811183,0.12076625157019555,0.12113362041213985,0.12174822526462387,0.12207662560099893,0.12224214724877822,0.12776969997671853,0.16289232402301843
0.1033453788641627,0.10966485139549284,0.12024546400286228,0.12065073133072533,0.12294226189087698,0.13707031512921269,0.13972964453187378,0.16051922368962371,0.16103090551769073,0.16277327407324321
0.067701553989104726,0.071027393366466365,0.073098832439449091,0.081342101402008565,0.083432278148352787,0.086041953400959575,0.09077029236392184,0.094794240278889011,0.12067928692290947,0.16110941665249609
0.088485812250442275,0.088602927965713535,0.089300679570869596,0.091945703137037454,0.12046486293730059,0.12096613219999465,0.12157480099475262,0.13834309104957657,0.16111906884262098,0.16186303506133251
0.081504235520381441,0.081935080663358181,0.083005031059165763,0.084779096543170687,0.085545134577447973,0.087476494736826074,0.096318456184806694,0.097918878927993391,0.12064179515291326,0.1221664058611108
0.09172652984072821,0.093049750747576376,0.10798887023499831,0.12029404412896216,0.12190440268437325,0.12493510563194313,0.12520379358025327,0.12693010248608019,0.13039129445979203,0.16032507327064552
0.073603375358035517,0.076247413833477287,0.080389908482143474,0.080751357774966337,0.085863434972680078,0.097746891803153241,0.10700967791174895,0.11624273991792851,0.12273633843600754,0.12344225830466837
0.084852185047221168,0.084914202487420459,0.086132095197764144,0.086739546662579603,0.08910523393027163,0.08936927614769509,0.094081545175501602,0.13695737123585902,0.16241483067672166,0.16648645425650674
0.084614331736708959,0.088364285925855032,0.095369955102764498,0.098673989934825485,0.10452676236423751,0.11575363571650846,0.11669720622861242,0.12187141131337789,0.13713997118507024,0.16245043361797112
0.081117277421729445,0.083618109481199257,0.08951838575002366,0.092987768150858255,0.094420455111461674,0.1247839252360497,0.13406407534821022,0.15789475418991725,0.16219620522582071,0.16245746204157163
0.086905060133995363,0.08786437506825967,0.089113593525835144,0.092329001648731285,0.10763679556784081,0.12570329782618117,0.13466143963720878,0.14556593631309164,0.16094142369122558,0.20000000000000001
0.092180111075857107,0.10394780431452338,0.10656065656205314,0.10748895368072968,0.10871186224406776,0.12318860693697181,0.12493130560381382,0.12781288927395471,0.14767865980435393,0.16010644872749286
0.08202919898945224,0.085105101119476056,0.085446213590647802,0.086701492892855281,0.086752528766269765,0.089389545721793168,0.098549919456935142,0.11582005429617372,0.11621534400675959,0.12283049418119762
0.10074608453521615,0.10189738559541003,0.12036144123165177,0.12169274589162178,0.12299826385537094,0.1230127489034753,0.12437148997859745,0.13372452134999505,0.14024267590380163,0.17975117656551928
0.083349614633639782,0.083965317643166684,0.084646099874998451,0.09930653761163015,0.12094593222132963,0.12189503470385718,0.12215191869513697,0.12438480083243426,0.12538182641801981,0.15483555666901891
0.069363435317143993,0.074771869377181319,0.080847570505678965,0.083352730642596851,0.084107413514119794,0.08501568735289719,0.086144425636414432,0.12063989176018867,0.12519239843492841,0.16134336680821307
0.069177204352765392,0.079690716905429143,0.081580162368293976,0.082980608349038337,0.087141006768771359,0.10012039351362886,0.11033727354833829,0.12041658886751383,0.1236917060602794,0.12625680504455064
0.087456836262505444,0.091330648628634159,0.11767526404920144,0.12252249893821857,0.12379019836140837,0.12945173513555883,0.14144140781919345,0.15282575702406642,0.16559064696007622,0.16564787933760186
0.081443779223199786,0.081527805870118736,0.08249847662771842,0.083546284965984444,0.083705155319422131,0.091571880553427507,0.096301552776756755,0.096621724229348269,0.13942045083275431,0.16217766884599671
0.10048066166846273,0.1062170168795559,0.10746716158096661,0.10949904117970002,0.11612282065677162,0.14649492918201773,0.15966944496466237,0.16061091997725802,0.17561725358993516,0.19622047545938009
0.082222221001626072,0.085371943686406632,0.08639132382948822,0.092602595517097333,0.094759424490993491,0.1019896122160566,0.12184700379075328,0.12248374781661889,0.12407028334252911,0.17089434617937774
0.083186317955620967,0.084381457296527462,0.084689057435252679,0.084707571374611809,0.088457622713895664,0.1077587042503142,0.11935997053826775,0.1292314434943983,0.13235328392204351,0.15716753846098988
0.11051252839324577,0.12219738797599347,0.12331125120305783,0.129693376464356,0.1344197584126095,0.13470675187937806,0.15991399989898095,0.16074097716802857,0.16176071226375219,0.17588804389842821
0.088761523494566674,0.094871962010892166,0.12023001337238867,0.12107207706946829,0.12153325995563158,0.12235563466739241,0.12410878843688038,0.12846552585616985,0.15070436094263523,0.15854426239695779
0.084390836205538944,0.094013832389638188,0.098379688284777111,0.099161916014020884,0.10300762243798101,0.104929673304457,0.11610945931745059,0.13492093056509988,0.16385858201970577,0.20000000000000001
0.087539341258103268,0.08977242872838001,0.090286730188807812,0.094522119968570906,0.12322080295358509,0.12796408952522897,0.13089827591360026,0.1348195608960433,0.14703552302018527,0.17401079068341824
0.081373385904389542,0.082315122663434548,0.091766415882779284,0.10307790954915916,0.10899722654705499,0.11327483769100993,0.12122097950126451,0.12175169016648199,0.12943392364901571,0.14149008267388727
0.082136739024791919,0.082421305165594413,0.083042580119112461,0.08383423601921236,0.083908904842499646,0.084518217509900989,0.084830084267105144,0.098816421809219609,0.10151213280779148,0.12086910335721987
0.085741758629663878,0.088332438504616917,0.091199910705461906,0.097898676571229498,0.10505452802294624,0.10789410908926028,0.10901609859132355,0.11695757455431285,0.13011501897172864,0.20000000000000001
0.090193793759314328,0.092850415997635466,0.098472997398414447,0.099235486336411605,0.10611680305594748,0.12021428927919256,0.12164499749395605,0.12462412490300304,0.12542873669007357,0.12594310063451392
0.083702849529462664,0.087210368282762213,0.08960506955561244,0.090951792039833612,0.10097476753450685,0.10582274403062641,0.11948836903583006,0.12052717473088823,0.12561240334139007,0.16169275371349406
0.088282534448982403,0.089095185978509878,0.091477269440699088,0.10314931154655908,0.10712414038385484,0.11523884531810191,0.11630021962986345,0.12027055040891185,0.12094617513292628,0.12365565874462596
0.074765170322645291,0.079470304232392777,0.080761271449192068,0.081102897619371297,0.082140171250782754,0.082678960175474353,0.11511306267829033,0.12259282296041656,0.13159999556187418,0.13476494164492525
0.081712774103237004,0.082118685741305208,0.083851125094271811,0.084075450226432508,0.085093221331885918,0.08849847117127789,0.10046636714165869,0.12143604433666988,0.1227412811925826,0.15896922097375224
0.090843858564014668,0.092242337998965945,0.094589333223243283,0.098482979702845044,0.10233649907063479,0.1035465761509001,0.10671115684777729,0.12065063800882878,0.12119302938857547,0.12135120111692588
0.10955407678061782,0.11574477846317272,0.11617109851418697,0.12042911289805222,0.12126381492903948,0.12129424002554748,0.1259078861450986,0.14697775550646572,0.16540241758442406,0.1774963480897544
0.08201301923444089,0.089951464362309011,0.091375559762374131,0.093261617200721986,0.098400036004232111,0.10016190963468762,0.11207075801313006,0.12376984541427641,0.1240783465919317,0.16072541519142711
0.083254339347009945,0.084400479492891353,0.086562435796683393,0.088781414228230493,0.091703736003933653,0.09943758135262358,0.11330614582416448,0.12442390362986488,0.12538914736544812,0.14634044956706918
0.086420278559560582,0.08652642756742826,0.087797369201123882,0.094231095948437954,0.10057826628909662,0.11467995085837365,0.12013264850640615,0.1224975432460364,0.15284635602662397,0.16056156901808322
0.082231593668187164,0.083164574706936681,0.086435359170210085,0.087855136572341674,0.090265506462482575,0.11248769140505827,0.1207630142794125,0.12494653640734231,0.12731182310200173,0.16795442938962821
0.06547041343865348,0.081286292214611477,0.084717913633690439,0.084722016557588625,0.090086089404401534,0.097482099407289038,0.10583369219923275,0.11394423604980539,0.1169221521908116,0.13559413123644631
0.085525022454309263,0.086261307309671728,0.091982684744306042,0.094617807608507992,0.1044898193989309,0.11394690084387948,0.12021371302243736,0.12046108962155236,0.12063561613357078,0.13290476439637364
0.069327757888964003,0.076133436968032361,0.081947299307096114,0.084329150753802193,0.094813065392717971,0.10896368785820598,0.12402422863747128,0.12407935156138031,0.12457537140593125,0.12648066079022194
0.081533707176920933,0.082121775115103574,0.083212680052514962,0.083918794232421712,0.091283833541384779,0.10950930466273325,0.12064603246169861,0.12128311131376582,0.12599089436639169,0.12819125665228909
0.08618829722033608,0.087930273348521007,0.088967795271348377,0.094772592417353155,0.1019494054364655,0.10338675194069884,0.12125176935562382,0.12175312710756811,0.13691156632651483,0.1630480224114238
0.08173450678551869,0.08583919485495739,0.090163682110692478,0.090696377923526028,0.10887128526366295,0.12220575477421425,0.12382317645220321,0.12858857867484597,0.13360088438268494,0.17094328757966615
0.097697267999656973,0.10970617367913296,0.11634652390702091,0.12159569677613422,0.12371486898161295,0.12439243598001257,0.1244078755255722,0.1354653821363907,0.16027485353491502,0.16420618700882436
0.088288022637745933,0.092335566616357917,0.099937980355336548,0.10227578354260518,0.11439192304832721,0.12549398383326821,0.1260754050039522,0.12624926994537616,0.14047086126121494,0.15821011256150841
0.080897274477528591,0.081075808730931134,0.083253053199747712,0.087083211427639931,0.090477295385314599,0.097344175947981448,0.097399638028203187,0.11049983673173164,0.11884676960839197,0.12261948337371562
0.08707324122306466,0.088638427884286192,0.096370683263414511,0.11325531592013478,0.11805278502791737,0.12045753947283105,0.12700279628083291,0.1381893842689102,0.14654275876723788,0.16017158938292875
0.096165176369585409,0.097220259198792264,0.097731317850094951,0.097934516743619374,0.10611012597418668,0.10862248018294345,0.11062270154442184,0.12046056821968479,0.12069606201502908,0.20000000000000001
0.05658193246096354,0.060463324631789654,0.071239627382965826,0.073396143925153493,0.080083587762363406,0.10722382128808894,0.11594584340589864,0.12367482683708282,0.14995504189183367,0.15767158763847522
0.079157356103476822,0.080444660730604578,0.084673916486436102,0.085511380983388632,0.12098086940042296,0.13992868486377139,0.14385881534477363,0.15642885992710967,0.15949468651857612,0.16042165539156605
0.09439695358643066,0.096768140554240087,0.097008608744870523,0.10264135742357264,0.11911337196014934,0.12100667478332164,0.12123922658357814,0.12203317062383602,0.12800899009499989,0.13570696415998593
0.080820062131135822,0.08225171008190077,0.082308701055980371,0.083220028066533905,0.083533183616078255,0.085904610516354202,0.086564625643150678,0.11571176957876279,0.11617445166129492,0.16018052657548779
0.089484538632864236,0.094055879745346127,0.094968946296363557,0.096677994932750033,0.10119261382286257,0.10507463818977894,0.12106861059101943,0.12247372903261125,0.12799711044819734,0.13287573431591959
0.080994033000175422,0.081135710725088905,0.081893181581265378,0.084132738582706534,0.084551628282537955,0.12387738358134506,0.12916317718306575,0.13878424488849445,0.16016576670970092,0.16178864215129074
0.08517568063659936,0.091103649386092639,0.10391436306284954,0.12652893739886753,0.12838919386662953,0.12907846144804153,0.13843054283176209,0.14509742773846532,0.14558810613509587,0.16053767231375143
0.094435142450085427,0.096975139346589079,0.11974448996186643,0.12050629944192445,0.12117700387757144,0.12223369847171436,0.12299632830981391,0.13473410454631274,0.13934371794271436,0.16018825579200013
0.084083386339088712,0.085681157125571367,0.088918418672331356,0.093627856021303399,0.09376887454316632,0.12040691002469336,0.13284439144354787,0.14190562624755182,0.15885119486659088,0.16476498532181938
0.096816698410354202,0.10071340110084545,0.12061087461332462,0.12063721441538069,0.12087257725780259,0.12186115688804355,0.12506787586901835,0.14771756943399406,0.16063028197164964,0.17843232590941444
0.086618994576327865,0.09295041814317985,0.095991938570913968,0.096679645419769186,0.11499229750672635,0.12229620660926097,0.1234138006833024,0.16237708077572713,0.19269253608495654,0.20000000000000001
0.087917856201045461,0.096288505942730987,0.10044372407113468,0.12035504390204388,0.12039823309403869,0.12075958572230727,0.12110711389420969,0.12507308914137152,0.12563886349093398,0.12648616175104865
0.095268462021525863,0.10023686172437346,0.10982426414819435,0.1129020036022737,0.1239299828152754,0.1334559905343852,0.13487994757679705,0.13828395352857564,0.16061347978057025,0.16314580300902337
0.10074750888280015,0.12085013413736889,0.12120372720227809,0.12395624640490716,0.12484417931032657,0.13395643300351806,0.13502285011403745,0.14877990895397253,0.16021214908324144,0.16524139993594855
0.083775643716519355,0.11425600911781372,0.12074048599494068,0.12118749942437267,0.12219719697107154,0.12614709567769797,0.12769770045905668,0.12884096689939395,0.16313367501134052,0.20000000000000001
0.089311619020448804,0.094347248237306516,0.099346949764745257,0.10585799711661398,0.10667801797202148,0.11622476768565337,0.13745125312471107,0.14415146981965771,0.14673483474436166,0.16057348918633566
0.089749404264971175,0.092390679542349141,0.10138772508137096,0.10754904617228542,0.12060849633455514,0.12083161955365293,0.1214942854302304,0.12577505878727954,0.13741769311885269,0.17374517525934655
0.094148778758560217,0.10432389612388464,0.11328554048097444,0.11576311654667301,0.11953118337987763,0.12057017110087223,0.12142727034006706,0.12149110191947257,0.12791067718510546,0.16032832154699411
0.068321857399557984,0.079006152314337649,0.081694178918120405,0.08415153713388665,0.095385533366527109,0.10164418608233214,0.1204007162774109,0.12510217590470213,0.13889733679589816,0.1600899439219039
0.067952696320897288,0.0890639855876523,0.08946366297621941,0.092122564959670472,0.11404481845285125,0.11941888602588778,0.12028243488387447,0.12047703964953313,0.12072674989571969,0.14427023341021397
0.082655108141555952,0.089233107703507869,0.093652601850551728,0.10033038038464981,0.10903015832871965,0.12105836114025695,0.12145634665897109,0.12627268491658308,0.1269724805603287,0.16015597420606589
0.08234906731609444,0.082526682938628027,0.082857559813493561,0.086432606644756771,0.099573481268286287,0.10979731298987112,0.11755652023515893,0.12101806164089937,0.16016395366728678,0.20000000000000001
0.087377402215684283,0.089230256947859854,0.099640459105323195,0.1096749840866476,0.12136307879084661,0.12666071233983217,0.13765282271078591,0.16031843924504136,0.16263355916513708,0.17681058375350775
0.082618262190761418,0.088848476985294356,0.12039576111321412,0.12109045100606057,0.12651776261856656,0.13088643696984179,0.13143341631830516,0.14696456874943561,0.16015115532383709,0.16071833066443231
0.083111097181600146,0.096490366660329036,0.099170478171630952,0.1205946726806193,0.12200830095566181,0.12973842974300001,0.16013050118664526,0.16043944691953005,0.16108562422850814,0.16265973862931976
0.075004638456461312,0.081550114276611685,0.082498008062560843,0.086168484827812239,0.099448511578000179,0.12052840667970321,0.12456433691317545,0.14541910605320527,0.16021088267023564,0.20000000000000001
0.093090492789785179,0.096417906903543044,0.10591661013595555,0.11093597318619275,0.11233995174402944,0.12300166793191319,0.12307601052783559,0.12793758381011217,0.14125111726759085,0.16915666213149527
0.10190983251548608,0.10369319960896198,0.1204402518345378,0.12480444909064804,0.12551616238231217,0.1420310149146212,0.14871979729624449,0.16079080854046565,0.16117763146946454,0.19149421467681224
0.08710085348349271,0.089022505428369814,0.091160286716019293,0.095256262375725417,0.099291569945166164,0.12059429736910815,0.12432271171704268,0.1259434316661735,0.12858768407251597,0.16144872361126872
0.086025999428788608,0.088534375624169617,0.09910844083843548,0.10580753993041093,0.11202727834387409,0.11437003215812808,0.12063913518650901,0.12121308276253087,0.12146557366225955,0.1220218112995861
0.081540141143331024,0.084060257020827922,0.094234137303351978,0.096003513139592225,0.10570958272554661,0.10940901141163681,0.12069130039093368,0.12198623938162306,0.1397415237417016,0.16029335095637973
0.085097986686389779,0.088534441098107819,0.088805417036035367,0.099930379717377033,0.12030674214635489,0.12248678115612635,0.13473702566826307,0.16054491607310495,0.16652516979907028,0.16726999569398948
0.1008274723578523,0.11187035424575989,0.1218971204021467,0.1224827347160547,0.12306677474580971,0.12395623691212632,0.13631275659504272,0.13829042433491087,0.15629386341592416,0.16026703504779005
0.081558359091360069,0.083722444791812706,0.086139734501942719,0.091955802889103905,0.092736516872984315,0.10348699420865665,0.13433069364636774,0.13657406147385687,0.1629214276487275,0.16704835471606214
0.12088588763724648,0.12176348943478005,0.12373517069236853,0.1237730080387647,0.1239903299852482,0.12605588809610249,0.13756484359729876,0.14569869766205901,0.15878846227906598,0.16026605411530134
0.085254109200252448,0.091301638298238785,0.1107917147979469,0.12042790877097731,0.12053092907872383,0.12081790194176026,0.12193491218202876,0.12224402500645379,0.12246369642884578,0.16476603596723857
0.10833257742360725,0.11129016440548661,0.11166534570389176,0.11686118012816446,0.12120778318765835,0.1224101615006877,0.12290516418499944,0.15189871177332437,0.16448885823240963,0.17480880096469623
0.10490777523784472,0.12105367821978859,0.12313352537412003,0.12514982525140911,0.12959450392929492,0.13269114858674572,0.15395507538763845,0.16188697942026903,0.171468555923045,0.20000000000000001
0.10377508287599517,0.10448783074170609,0.11918627833586701,0.12027600683391113,0.12706715923690368,0.12732954950840983,0.13239204760232229,0.14563127960704211,0.14969864568060504,0.16011312019478541
0.082644755607570508,0.084665821089910179,0.10297630033154125,0.1039351551269545,0.1206676774558781,0.12133260059810691,0.12235215427099139,0.15900562166088539,0.16035323638406582,0.20000000000000001
0.092076891363204544,0.095242917111101652,0.095813662931584373,0.10251137607911916,0.12121022488012978,0.12358667920982905,0.15997464348983351,0.160215227832711,0.16072175598505864,0.20000000000000001
0.098375534459830591,0.10006096797246242,0.10366378518265941,0.12068257315981633,0.12095285358275149,0.12502240045668811,0.13025384466505643,0.13815582634167489,0.14399998801135669,0.1601097853662071
0.12101424405109737,0.12150731828474368,0.12270069073751512,0.12702188585978222,0.13377389256309088,0.14102987233156433,0.16033659549942966,0.16051313987901605,0.18065611205914367,0.19092200715757091
0.092940544289946692,0.10030162891136554,0.10685447047372762,0.1090700533219493,0.12256893056849497,0.12560678415303664,0.16024582498921808,0.16109761718537002,0.16901198045459107,0.17899686574222656
0.08695778275053051,0.087604792349054203,0.089313363928858608,0.095912729955040951,0.10517927369417565,0.12078227018924241,0.12152292381749083,0.14158692713921378,0.16026350094798805,0.17365411080629323
0.0823907264626665,0.082647286560237621,0.082687803395319157,0.084049939814386299,0.087064688197943677,0.088343170241009114,0.089439209915640056,0.10427018965908544,0.12975837007246732,0.13234665520266917
0.086106473569661127,0.086427309588045051,0.088473764270037503,0.089001293105820972,0.090106457090611311,0.097255492524169818,0.12410766379751072,0.12625739708096018,0.12682127367156928,0.16036494475959215
0.081367418260256091,0.081398242281003952,0.095613211118376742,0.11679574115371649,0.12037283112310122,0.12114305683629627,0.12301266092363593,0.12458459591778667,0.15282106846127425,0.20000000000000001
0.087531951595912733,0.092666761255978364,0.099622570661866847,0.10215188037835776,0.11896728512559776,0.11972729176680799,0.12409126489532293,0.13331850576803822,0.14421883966776936,0.17200842120201695
0.12058709766354125,0.12128404583573973,0.12568294153052217,0.13130920024718787,0.13685601570622438,0.13855614564634244,0.13884949617406239,0.16022693355667789,0.16093795469365924,0.17810072832852569
0.083714787610550706,0.088840749086974993,0.091770900680801987,0.097830644267734232,0.12154003058447968,0.12167569509261536,0.12697181372515348,0.12962678122211171,0.13163750155890488,0.1375058754869819
0.081929582613479879,0.082482357297172015,0.084248302568839792,0.088187959829899534,0.09083379570362321,0.10022084984609458,0.10142138417559676,0.10241751890994044,0.11018796789885549,0.12321443059904347
0.0898409378969868,0.096075798450015515,0.10402264016865664,0.10939159989347086,0.11959309763285768,0.12063443997517714,0.12905207697324261,0.1389112872141873,0.16355057205350382,0.16524960930441193
0.082704138830126811,0.082757362753317548,0.083332856553092097,0.089890019849991232,0.090929378521366955,0.093861806570824796,0.094693291773515043,0.12414103505498261,0.12493758507838292,0.12520421808855547
0.086543342330941631,0.089340076473723065,0.093475198910194873,0.095069708560715047,0.096416137106738381,0.10593574376800949,0.12082218524500524,0.12141745995568104,0.12841330919312888,0.16039173970653506
0.083364332002637168,0.083488485091887374,0.084329055063622704,0.084706364322454264,0.0943442526597046,0.095712459089135435,0.1043599833822577,0.10869968742681041,0.1136726079493896,0.12544898251648492
0.081982713035781613,0.083560330832874244,0.093628556007449723,0.098064323183814681,0.10945529150256544,0.12199366661217315,0.1230497963529576,0.12378330951700769,0.13042630070926975,0.16052574796987384
0.082105098975355006,0.082692858643527489,0.083371494524989806,0.084019850903863255,0.090352289917234138,0.093136529243191532,0.10526457239972287,0.12031562148646986,0.12387762898065208,0.12607974588587578
0.059149267181812556,0.080556638245841472,0.081809860867248507,0.082079748054837462,0.082801406378085279,0.08663976465721232,0.086776516782942695,0.10302713339009126,0.11028258908116087,0.12095526207490392
0.10177645292469964,0.10519863586537095,0.12144515235304212,0.12171779291024298,0.12262705026130895,0.12778877871892833,0.13426976177222388,0.15163685986354339,0.15773360716428764,0.16020497797373814
0.09855137002513821,0.1036141099310257,0.10390666435785691,0.10840913928622843,0.11452749247988037,0.12111074913315889,0.12720684760104889,0.13776400716605119,0.14504328148522339,0.19707470895354876
0.091122632185954719,0.091581865477145558,0.092577334356172394,0.11496522588513794,0.12626589080104261,0.12735367694441244,0.13251894696844232,0.13539474664404458,0.14743921452327927,0.16159783487968049
0.093089300984446038,0.098053094056392884,0.11230837812920162,0.11586188714456594,0.11927872605613184,0.12196446090624027,0.12471196382917113,0.12490086784180307,0.12637379890139402,0.13214934758909996
0.083845075615121195,0.09009578680564112,0.092096136093706815,0.093402499841295838,0.09445345915718549,0.097480882351998935,0.10756607857646247,0.12083463271719247,0.1290474234350269,0.14413414133848004
0.067612457405465232,0.093234063660519048,0.094888747327505338,0.096592371291286838,0.098095090701164067,0.1083993354115734,0.11838675182195607,0.12038999023034969,0.1213149987945592,0.12363627009927677
