1.7653902340797922,1.7936752422451461,1.8052276834704235,1.8184271325710708,1.8297310077474462,1.8800574120207538,1.9151247968043248,2.1121988507239124,2.2161020026146945,2.2893278288511367
1.8260799670051153,1.8796224444762648,1.8818878901030212,1.9332921309099582,1.9811230896718115,2.0147032438576291,2.0765366180464477,2.1236357668200694,2.2245283069620125,2.2832397760922176
1.9425297850945313,1.9441359165552077,1.9524394990881844,2.0619516327799787,2.0995778613555331,2.25760869451894,2.2602061816068311,2.3512579192511849,2.5058902022349443,2.7697236501880584
1.9190173193347053,1.9456383241576025,1.951738015062342,2.0985598748469672,2.114008037326347,2.1753950722210114,2.282415552734844,2.3210986298295024,2.3855076541709312,2.5321350201937172
2.0764968910212769,2.1111207745227345,2.1674369803752085,2.2804858451023482,2.2952775378244681,2.3183820621812066,2.4057518668834135,2.4114313905436435,2.538425474471361,2.5725608895356435
1.9089442570124959,1.9277657883766826,1.9436882807081104,2.0125509288896026,2.0569038832335673,2.1271459661306782,2.1652445047768594,2.3147094367953605,2.3311389958593507,2.378776980205676
1.9711729722081635,1.9827113546388269,1.9860297769875592,2.0039449313438635,2.0517517276521291,2.1158065742675625,2.1610150694686174,2.1702141387075384,2.3502812678751681,2.4232777053501575
1.8633473855404301,2.0113461983893903,2.0201619977327692,2.1107609263805589,2.16579265387894,2.2370486494555339,2.2431830540742128,2.2811187663129111,2.3595512140555526,2.5321637374716039
1.8846505030602152,1.911871171722856,1.9412476266327079,1.9571132802374673,1.9697023812829064,2.0754659182196868,2.1115395663402543,2.1440581267076455,2.2300545435309238,2.3176547048897045
1.948143356731592,1.9870468027566646,1.9955363825318098,2.0489320532931075,2.0717449965572934,2.1028737340657462,2.2949871544511571,2.4077510160505033,2.4544575815672256,2.547882194047407
2.0502458547085016,2.0572048708701831,2.0883857234537828,2.1114533051509339,2.1528784042949329,2.2553590393628165,2.3412898390247703,2.3702452055057703,2.4939907050625756,2.6884340704769145
2.0546061402531515,2.0865595129828547,2.1153117227005396,2.1161247629010882,2.1200306665219983,2.1222222316800501,2.134179471030766,2.2535600210819382,2.4629898959879757,2.5765470685450653
1.9804668510813852,2.0330192553416175,2.0964332566037753,2.0968985634747561,2.1692024378277286,2.2490157080798756,2.3931859361734231,2.4095132367708967,2.4562995515385238,2.684763025373798
1.8476202189173472,1.8559706972695282,1.9781981920378686,2.051554925805215,2.1710216351618126,2.1717709971304697,2.2649313210040041,2.2770043145169545,2.2984909364768749,2.3806874153980493
1.9823999903796674,2.0133399309475886,2.0770756315231917,2.1239848587997203,2.1422860116332547,2.1511622479290518,2.1888918745646455,2.2841188900145157,2.4874772492842392,2.5990640389474438
2.0336051288830364,2.0897685577389025,2.1223646472194919,2.1509698817429443,2.3094647339696275,2.351927104165723,2.3689142969418908,2.3783842988702397,2.3805799535561416,2.5465863873860499
2.0202150923025028,2.0836245423902966,2.1266226749514883,2.1848587853542529,2.2277487261415745,2.334957600252296,2.3859796908705961,2.4373760972896683,2.455481051078761,2.5570573543614676
1.9940427570196346,2.0631839000914267,2.0999977977179856,2.1649067614645636,2.1686908609586695,2.1719974934273569,2.2030282589383359,2.3676892992231906,2.4329553622287063,2.4337155772929426
1.9586128923383135,2.0048042074409969,2.0519615560508901,2.0718427722556201,2.0774055767134194,2.0898885543503107,2.203995377634739,2.2108024819649446,2.2533887231552492,2.6685524080140217
1.9015760223952114,1.9258676451551298,1.9351936527350253,1.9929095402002666,2.0303102300133102,2.2301107816417414,2.2481105845350005,2.2578256565451165,2.2667340620282364,2.4741516309662179
1.9206402486597756,1.9722828914603383,2.0150409615459477,2.0799919869629093,2.1602971949785763,2.2691094721849385,2.3720062012198082,2.3797629516542518,2.4183275986041339,2.422871807984925
1.8733827940327388,1.9098506878506989,1.9407289863925432,1.9566900926214814,2.1151261004162976,2.1637757307933221,2.1897367008587789,2.2325291698341188,2.2642808517323667,2.366764231170297
1.880647553305999,1.9150556657736084,1.9359230680674884,1.9453721654783407,1.9467954356157107,2.0301057658543225,2.0446657065168141,2.1948781337841741,2.211865719789067,2.2159490919741813
1.9531011966619516,1.9554338188650446,1.9917386749214876,2.0612538898359762,2.0651126873589547,2.0733931988193346,2.1193126636867876,2.1306687293384465,2.1671843024840927,2.2228528743503189
1.9572990973434385,1.9851531632057273,2.0159286859206236,2.0334145374545587,2.0678844557473126,2.077714789494582,2.0974336567507166,2.1049842560142533,2.1118213335749889,2.1287549698768253
1.7952030665500582,1.8417943045970819,1.8637251133806578,1.8896432810447035,1.9094288979109262,1.9127692407101193,2.0677991217762397,2.1008774927690661,2.1430168876425557,2.3388836126298242
1.9932042306409981,2.0597953583039805,2.1010742553205377,2.1040356324135137,2.1954634595466529,2.2022173405785801,2.2330062350543263,2.3794264470392141,2.4332246148934926,2.4393608037244108
1.9813609327250525,2.0235217218452037,2.0471388824180767,2.0675163300498447,2.0793950417843563,2.1411132414607903,2.1780534758457604,2.2248471250396396,2.2502248532296374,2.4284994583002111
2.0045337717230876,2.0209776178528518,2.0918499769027958,2.1714491512792198,2.2685825592090412,2.3301499997788633,2.3743402005265741,2.3928622503874495,2.4353539243522082,2.4484576173753498
2.0392569035989219,2.0511686813651373,2.0601012808692407,2.1027265783630558,2.124874572409758,2.1472033842925224,2.1599900120409234,2.2424567661091008,2.3574006809102137,2.4814572791706131
1.9244813556495359,2.0886661462345386,2.1026161976275581,2.1461772651780908,2.1630242532798509,2.1944498043924709,2.216424845035335,2.2480639152823407,2.2633859004163419,2.4361976991063661
1.7894077532841837,1.8143090850306658,1.816964683962178,1.8375678572386067,1.8472055762051123,1.886509597791602,2.1066982932746159,2.1858885501722929,2.2566479120538832,2.3224510248970249
1.9200757560786765,1.9694650101873665,1.9862723938062816,2.0059637549160403,2.0065920861594044,2.1344427031931241,2.1437333806738197,2.147536394134133,2.1568176085514414,2.2066603671195697
1.7995034807307511,1.836826175588292,1.8969587346748793,1.9634216227396446,2.040310300870332,2.1350047978757898,2.1683797113009931,2.3868930664440788,2.4341771598472199,2.5282358746287477
1.926918911928021,1.9959385629147779,2.0036292272811869,2.02095956505178,2.0359988628832886,2.0424426740394597,2.140345045820796,2.1632812716915994,2.3215852485264739,2.3778845300612113
1.8870314801814418,1.9048036494660276,1.9914237762911406,2.0137955685941344,2.0797351976902299,2.0800156276247175,2.0918480710037262,2.1658373588727904,2.2957364700632317,2.4313161685192544
1.9344346960809133,1.9705884907827109,1.9730144648364369,2.0290197800677428,2.032894233444893,2.0619127928542209,2.0757242602949031,2.0852746268157762,2.1000846740819306,2.1115813703061441
1.9367828640436009,1.9596152758452248,1.9802793734817481,1.9805748369002354,1.999196553117065,2.0242876732866,2.0243261814396245,2.0330629997089291,2.0718262066396194,2.1649258452145723
1.8866457703998332,1.8953638719320451,1.9083669531660332,1.9397236347906361,1.9426132639010423,1.9540555726333058,1.9783049738126091,1.9878131330386029,2.0345810862310385,2.0656001828869242
1.7939844175692858,1.8020843779215994,1.8055601697016939,1.8160193892313781,1.8614491303047371,1.8980892104986515,1.9122997658492853,1.9212201318587085,1.9662794349072372,2.2101323768626573
1.8326906244778631,1.8757751293193883,2.0022621793280049,2.018367599983101,2.0350270669458137,2.0514505935138745,2.0571559707519707,2.0666298095270901,2.0689805685833447,2.0959506185143919
1.8953198749880631,1.903138662795536,1.9061201651667279,1.9277259743206507,1.9979295865743285,2.0332726807567205,2.040610043485116,2.0488472592662514,2.0759008774856804,2.2740894822941806
1.7960114741274802,1.7979990552963463,1.8139769823509462,1.9707537888181224,2.0050489659397428,2.0795565562961285,2.0965643587144429,2.1688787410952157,2.322646793970792,2.3549461026996825
1.8231888755362184,1.8648016772396543,1.8708670763955555,1.8995930902561537,1.9159174060069584,1.9641781352545999,1.9736277183776068,2.0155395395689597,2.0774260147487089,2.2052716137477342
1.8508758576908084,1.8637490347325503,1.8795084616854509,2.0252436278910055,2.0603661513523659,2.0908180246326791,2.1121141145245952,2.1408575202220925,2.2597560054758667,2.3682937070378212
1.8286300869214536,1.8289889037756311,1.8437286083069908,1.8635958269555561,1.9587678898481302,1.9707938214422476,1.980094599688303,2.0598278519011486,2.2648028633002184,2.5390154620920162
1.842443824150237,1.9228093946981384,1.9302040363138173,1.9415506400656695,1.9743306871207422,2.0067556936290014,2.0134897511172563,2.021688428202304,2.0486953270670192,2.0545465460865397
1.8543366940224428,1.8557454104823916,1.8613117840589968,1.8716558418166001,1.8961847399230427,1.9051975384818349,1.960195350734713,2.0340777731367137,2.1083450046304733,2.3766751848478282
1.8323117829672932,1.835229392331982,1.8516909665709833,1.8532358318102635,1.8781449785439919,1.880891233047628,1.8987663402561867,1.8997932058895441,1.9994131666208794,2.0611706273504371
1.7132996707723391,1.7666242479320746,1.7685791362918244,1.7928757451510713,1.8372809707932778,1.8528475891710556,1.8704464371420184,1.8840796110983451,1.9889612306198794,2.0011444433790149
1.859038406758192,1.871389577908104,1.9127381354815107,1.9359775964911081,1.9447767851212892,1.9515417786663696,1.9551308498623392,1.9789694206105244,2.004455664878301,2.23213634638768
1.8690102685364605,1.8693803072551141,1.8931656589145931,1.9151491920659507,1.9329476068982332,1.9467207203057724,2.0631071737001943,2.1472796721051202,2.1703365476327035,2.2254857269117236
1.814865286012314,1.8812663935321445,1.8902821239420609,1.892834188614285,1.9595551633786936,1.9892160573121911,2.0291521040515281,2.0320686998381925,2.038304475720611,2.077332585825562
1.8108033559022763,1.8112156553288947,1.8455545387222754,1.9187463312168207,1.9204095777783643,1.9229524693997413,1.9533573871383267,1.9956895728075874,2.00727259364304,2.0326040756706871
1.8211565596828527,1.825596713592089,1.8668423324249017,1.896609963615927,1.9237493792127391,1.9282324424995914,1.9484394340386022,1.9888426234968066,2.0341789296624584,2.0777122121747449
1.8659593449900251,1.9271098101195774,1.9347665750932408,1.9485565875816069,1.9732614345383104,2.0240923477605071,2.0612242698064809,2.1002640626458344,2.1552131978016629,2.2516801459430287
1.8820776325393713,1.8897954946636375,1.9158217127701658,1.9328782342192821,1.9647371471892818,1.987208502686773,1.9931734191141413,2.0679351912869444,2.1188791413264667,2.3041879313944511
1.8284778016281438,1.8747729211472546,1.885863332311692,1.8946304045560429,1.9218274612756818,1.931126576303402,1.9627006208033329,1.9749589341514147,2.1881198478967812,2.3314027615558
1.9025330925138912,1.923710862698619,1.9423436521161379,2.0334832778341445,2.0401239073066866,2.0421007129923572,2.0620793954202465,2.0943181343701314,2.1526550178848547,2.1725690853830395
1.6867137709552478,1.7112133856292095,1.7230802018745195,1.7583180470492357,1.7905019387734176,1.897008423155303,1.9445276829754359,1.9524374181256174,2.0682482029514553,2.0718963551359408
1.8365054473827827,1.8397152736157512,1.8523325622692783,1.8892878074839399,1.8974962201078636,1.9747032127118018,2.0206169273043768,2.1248001280043587,2.1772995854178374,2.2510946608878171
1.8512659975080894,1.8542275832440469,1.8653392314559591,1.9332092488445152,1.9338855908151626,1.9670688922905637,1.9971285919178146,2.0078541879783023,2.1243185877197952,2.1644211345311182
1.9057466759107851,1.9259051266688036,1.9642534852849018,1.9666417212591107,1.9700061393672392,1.9937674793987676,2.0299565492596696,2.0573535945049497,2.0659055732326346,2.3459259180683301
1.8585166613585176,1.8873379888913282,1.9217551820060272,1.9672156954948588,1.9689210378658801,2.0473300861139516,2.1192688778080129,2.248657322034453,2.2934674229153855,2.3050510421209882
1.8282863934761107,1.8564748268261808,1.8830875338541626,1.9383400228196153,1.9644997637482855,1.9651635652997097,1.9680243507086912,2.2312687111439242,2.2409140318206342,2.2654514837684325
1.9843909916394642,1.9944043417699924,2.0236044230603025,2.0784950913346121,2.0803710059346123,2.1726303385124677,2.1872345452595692,2.2050632323098505,2.3058487028785883,2.364284274558532
1.9066734094614286,1.9106714520550088,1.9208279211803188,1.9369667784996423,1.9618863166590084,2.0506675640852619,2.0585666879677449,2.0864729792388497,2.2642404589833758,2.4189164851293379
1.9604829377913151,1.9655476663552878,2.0455352633853359,2.0481513527445143,2.0821231787066639,2.0881970267690004,2.1278258499969311,2.152793775531145,2.1600896176852125,2.1832980703941294
1.8968227962586355,1.9100013321512959,1.9999363957721024,2.079849629360925,2.0917823564474034,2.1043105311841837,2.1108134774204852,2.1560491372032837,2.2677881230423624,2.3005758909869356
1.9648119262148978,1.9685027682013856,2.029284282610984,2.0344367279870945,2.0940160768209912,2.1014967961663,2.1292341279851867,2.2092053639656388,2.3058926240016007,2.3931377426555791
1.9866781996810987,2.027441196632437,2.048330325396424,2.0490036366384192,2.0580687013960599,2.0625781749400796,2.0881958307790045,2.1235553176218867,2.1930073524282347,2.3475791798163379
1.9380761440842775,1.9608008713663658,1.9638500110060919,2.0010573429860381,2.0362521914855352,2.1272661879779582,2.1506173063009886,2.1734102568423728,2.2646643482537829,2.3015540846969147
1.9765447438298818,1.979064368233004,1.9843130622786549,2.0132466998925862,2.0184141160881879,2.0404173059191146,2.0708207557090876,2.0768458494101383,2.1016031415716965,2.1143935720860911
1.8658492723314992,1.9009299771343899,1.9113266582351012,2.0267738285534662,2.0367742761593393,2.0848433534159025,2.0987854304118896,2.1486135292902935,2.1502332747533619,2.3616352413493491
1.9457091824301083,1.9610037760461108,1.9969162319726954,2.0036413439984306,2.055391640188696,2.0790291150495288,2.0858829355197113,2.131326644912463,2.1458299675787771,2.1534730451796289
1.9669056013230874,2.015310119396863,2.1062453191953896,2.1554943697942806,2.1560940016407271,2.2651582942413828,2.2855305562125614,2.2926068562943667,2.3503957991517583,2.4447514442503078
1.9433904888870241,1.9831511199745444,2.0063220376838862,2.0434150036556886,2.0545050413869519,2.057224542879811,2.0751346817146086,2.2366127031348992,2.3394527075866423,2.3468760412059835
1.9898936459578094,2.0035323029318302,2.014632343234497,2.0879095493191593,2.1407459766169699,2.1707464374241865,2.1950777420349077,2.2265076239039439,2.327527013962154,2.3790714229186465
1.8859851274103072,1.8989931216424645,1.9107103098642586,1.9196649132354471,1.9378267001905702,1.9886637395393247,1.9910046738652176,2.0397662411864337,2.1452190667407676,2.1741179686666912
1.8870925409718931,1.9678255328069991,2.0172343691678956,2.0346600139613398,2.0382552350859156,2.0570854976424089,2.1085197470066319,2.1885386124893724,2.1962977788471267,2.3667538177736951
1.9379309632463351,1.9411123946149873,1.9577274979628643,1.9703679244204444,1.9889766565930169,2.0149926796692643,2.0163196223092728,2.0781507677981579,2.2138093942383916,2.3022974321253722
2.0349270055503181,2.0450404317361794,2.0689525344246542,2.1075609734507958,2.1132250343018129,2.1160936372695671,2.1174055363070203,2.134053351897677,2.431807837676927,2.491341733699552
1.9466698536160223,2.0284963263626574,2.0425499611314697,2.0556263611116217,2.0608382375143668,2.1228569083400086,2.1431016542843304,2.1875031961134677,2.2284930919702512,2.2365553830076732
1.9121122079446167,1.980261218123327,1.9928933136846119,2.0016730356102626,2.0107638743004532,2.0339994956213077,2.0358150742963663,2.0922922761689824,2.0930891006505781,2.1214620951497012
1.9009516455648683,1.9028369810605352,1.9290335443025195,1.9425493368068822,1.9661411255438435,1.9697693954380975,1.985518531138291,2.0953269456164461,2.1370052266114943,2.1822964117283905
1.8025166982954071,1.8066641489879622,1.9365231006960693,1.9456526149893523,1.9457558815034468,2.040256743496248,2.0520617336575757,2.072619928262851,2.0994365977281095,2.1451046837450223
1.8640763989059586,1.8646645851878079,1.868936508467437,1.9209323243516805,1.949550530824713,1.9942248517030836,2.1384438422159517,2.164761078009918,2.1818353424637809,2.2799988948623779
1.8647484084235852,1.9567214436281473,1.9913148341510107,2.0006553424638884,2.0050362553453991,2.0088976177687377,2.0370551898332323,2.1211089100862921,2.1972216831020992,2.3038097548440595
1.9361495001044366,1.9847537239538635,2.0004821960121282,2.004115443152398,2.0271106627097595,2.0531753812509903,2.1055113954982039,2.1859038854831425,2.2082538534113847,2.2945328685496005
1.9069060548775969,1.9919492699171235,1.9944634685529603,2.0134931110404111,2.0671654424547055,2.069772534104672,2.0929089898795237,2.1593600920962199,2.1836571113522574,2.1970400569371833
