0.034680449334752284,0.040082193561124517,0.040188954132384887,0.044101316782779849,0.044389374263050133,0.046695034002512403,0.050188502470843818,0.058252601234036534,0.063020681628417702,0.081235535218500438
0.040176861821888787,0.041008021112440007,0.041394536988137332,0.046454630139024192,0.054154812430538476,0.056671978221265226,0.060797866155233297,0.065470298710612787,0.080133109028299745,0.10681003887150743
0.042521742679176189,0.043633067215171774,0.044662303413517471,0.0455751669297704,0.047200822054569033,0.057129665842890115,0.058358914153324254,0.059075552203622123,0.10108129120140105,0.12343887950260095
0.044208163465591907,0.046514621966468314,0.047082800124840937,0.049474177431850931,0.052649788736405932,0.056335739817859574,0.071646179584729616,0.074215248939551504,0.080067368299682334,0.0937772812772808
0.051413458262937403,0.078007135580429265,0.079845069214165676,0.085627293805870919,0.085823913833303914,0.09033529412843383,0.099064319740640172,0.10481186284047428,0.11993577488912439,0.13014589734907539
0.048663953037326187,0.055800254054071907,0.06876272727199105,0.080140786317521834,0.081108862888324557,0.086754219674659239,0.095525607622312034,0.12209584802969643,0.12342680532568491,0.13075318331676411
0.065143140066159858,0.065289509409139843,0.081152357141106635,0.085447749848219567,0.096036883342975124,0.10792984117507359,0.10943417194240702,0.11539045415070584,0.13205756338178737,0.13300149536377942
0.068171946727785385,0.07653649982157458,0.08095409756577629,0.081371035890231314,0.081835872109582486,0.082975689088346863,0.084808732286669838,0.091389026480487329,0.11997853073734438,0.13523376437803919
0.049747718576031462,0.058748963372029457,0.079178540738020151,0.080181561403564958,0.080471653370934482,0.081310932447448109,0.082196098395717065,0.11067190789992845,0.1120688405344223,0.14151216445909143
0.046185790714665491,0.046394277566211041,0.047797364699400456,0.053512321255563225,0.057425271602497267,0.062046848944050992,0.064035273149003702,0.07947751363124847,0.096266530991171245,0.096951071316198845
0.078628610390430273,0.079980326085269768,0.081551801257122775,0.085626498004452753,0.098933336337815314,0.10570181503095948,0.11336837137746,0.1164867010148075,0.12606979367557697,0.14913633713498858
0.077431010632164454,0.077846783121572255,0.081148583062003746,0.083871103538571856,0.095815555213309672,0.11145633956169,0.11945245644808544,0.11994364781616221,0.12061255432210229,0.1238350788703543
0.055365491381430092,0.062319852037762205,0.073805076027614117,0.079864218058743788,0.0822461968744745,0.085109205700737267,0.087973935816619997,0.095446743059086875,0.1014904143085435,0.12279482822015603
0.046402906079730501,0.050481657244891225,0.061885521733139603,0.062104683080831086,0.074703347908246134,0.078590148280276287,0.079389433139307949,0.080014798794472167,0.08244831944282216,0.08546655293014592
0.074457099996739329,0.079252919605572542,0.080094429054183597,0.081244623094668733,0.089232999724448134,0.092426189626068939,0.093659951732950858,0.095068832056186409,0.11987746168961275,0.12825482087845749
0.067749416398909273,0.076758021029275356,0.080093936634188928,0.080507241782694305,0.081192378375523386,0.082842338126902268,0.084225879380558921,0.10197389816090685,0.10972627817056849,0.13202834855595194
0.045465712362384204,0.058368805499350154,0.07962333965576994,0.081366244482480726,0.08157662080173908,0.081737387020156399,0.087386581251865714,0.10645300639079289,0.12077404917287195,0.15205134009148469
0.082319525359499823,0.082960387983153472,0.086858132782265077,0.088782850778136801,0.09071200284920504,0.099876922184142958,0.10348605565871302,0.11741639938173846,0.14260533821523849,0.15126579976594476
0.078993231292234581,0.079567909263221256,0.08021554702089545,0.080266252340202057,0.081934185779454563,0.085764600996013449,0.091344451396895218,0.1164537935598754,0.11852766527581825,0.12016732925123488
0.079841455638521186,0.080837051870211632,0.080921387508099962,0.081407474321151238,0.082275712432717626,0.08715218041972965,0.10088674571905798,0.10293316518400222,0.11152144649579945,0.13954392983258829
0.077939728837909034,0.078266213337531226,0.081391902116126999,0.085183245561053625,0.08611388324363943,0.097388639042685229,0.11098769849953947,0.11139417386344345,0.11875831155751038,0.11884023765223829
0.066227311964705785,0.079763621545829722,0.079818023998832061,0.081105688951691721,0.09109974446394703,0.094067552686284459,0.10246771580513425,0.11500775048170146,0.11937368105453773,0.1470913220254387
0.078344875428818864,0.079307030447185831,0.07964969182055967,0.081123272700352037,0.1110841987064658,0.11451399014015778,0.11981475676387622,0.12276641053402161,0.13550642252470024,0.1400813107969229
0.081280781285962556,0.090349291043717639,0.091315744045729424,0.093450451120331582,0.097531913745746046,0.10140259778845444,0.10964362348293241,0.12065893886165178,0.12127018327224896,0.13435215341426865
0.08250995922384341,0.083476990540221258,0.083685879137715025,0.092592885334285724,0.095896948340818217,0.096622234632031956,0.099820757319454806,0.10614886921592821,0.1088405760374693,0.11865561101685709
0.070878121719663026,0.07874121251808977,0.08006563573416639,0.08042146968731774,0.082827666398832947,0.08357575043190292,0.085745466637232468,0.089914553734296021,0.1434226922187101,0.16024355121064832
0.065801145684728626,0.068671624605057005,0.071746382304903406,0.080106336001604966,0.08075083609163386,0.082975539737187201,0.084011836046446436,0.08574819424862469,0.086836468350263638,0.12065609223311372
0.082937156897658224,0.083815139692218363,0.091564471674758438,0.093046275092464728,0.096483930757447628,0.1016886855400416,0.11471918480975146,0.15883260393772153,0.16013769871921252,0.17008749746338594
0.074401225704974386,0.080852083463074237,0.088472890067714929,0.089900649091994855,0.096439870818461185,0.10312389204284715,0.11705603509893225,0.15125639835765672,0.15803152223995942,0.16060448521584836
0.081890280866857554,0.082045537512174235,0.082887635372175514,0.085200134712758085,0.085764685372365174,0.090637789876061234,0.11456545493423465,0.11936823822371612,0.12080105142024318,0.12207904251800723
0.081839261339854572,0.097497210741379223,0.10237599009941716,0.11409330497188609,0.11988904493048927,0.12008382670500009,0.12195666093726357,0.13840570403752808,0.14415255391726514,0.15948644609183166
0.045316796684940354,0.063187973731155159,0.064084596192369433,0.070036430133886246,0.071825725832669732,0.074170564113761189,0.078953988878449899,0.079977289922113073,0.080671442845891714,0.16016217694996249
0.080600200156903279,0.082232012589365619,0.083172505354709395,0.084967009032680563,0.087703255681626319,0.088738369431089092,0.11865306794344302,0.11978372959967869,0.12089420447604332,0.16035901871878766
0.07091782041296163,0.07982254242097854,0.080338116565732726,0.080939399349491764,0.081978939809679741,0.08711819758030491,0.093384810075322719,0.097166812467398403,0.1140887630692083,0.11876989148016849
0.083725378857741811,0.091557299498879641,0.091573579672854968,0.094271349267381413,0.10690891387103674,0.11477284529680555,0.1150677523095533,0.11953195889875957,0.11958799651910783,0.12110585992017289
0.056075040538114226,0.064973662701378998,0.07080334155815439,0.071333889471837275,0.076006428228097694,0.079395320264742025,0.079624519834287172,0.079661789625231488,0.11315283016989881,0.12213802099177161
0.079662223050177977,0.081163092580282398,0.081739997476813431,0.081765490560781098,0.083112404730602815,0.08506376316399307,0.088589645103244158,0.094160821700172467,0.15655024569116577,0.1616369206594408
0.080398401587825449,0.08125702657099465,0.081859641075406553,0.083044546696204202,0.086398677925545717,0.1040961446953504,0.10991645926773359,0.11940849130336405,0.13592834133505219,0.16163000721170662
0.069099870977016434,0.071090821867957524,0.079788257835755147,0.080730268041175252,0.083834401360309951,0.12291155191864275,0.12996177888272495,0.1571727403871335,0.1592877768196283,0.16191912881400569
0.080187254320741266,0.084079459679047924,0.085435820072813057,0.086206815424613614,0.091225452988325045,0.099693160994691332,0.12014047339907501,0.12062932535665286,0.145242797718974,0.19597539529542052
0.076930684721765466,0.081308358854287985,0.081391105398341157,0.088548812039666497,0.091047945476280534,0.099171389511078178,0.10558681325806653,0.11338023781079148,0.11849622073216934,0.12049996889543611
0.071426128446606674,0.075371403658149344,0.079913814277921436,0.081185088965110619,0.081261743979545137,0.081934674711911931,0.083504992037019415,0.090450257249727883,0.10302475805250647,0.11391154196044495
0.079579163234630101,0.080919066891590105,0.098156009769904726,0.11958472993210049,0.12003645776849434,0.12144472930966663,0.12221849363998775,0.12233758980804527,0.12402220757755802,0.13900233054744052
0.050521581898385591,0.059228245251388312,0.08011651991089587,0.088569439714650311,0.097653589167237528,0.1066212006456095,0.10916550029634178,0.10924960286904524,0.12025136675923863,0.12376876506079806
0.043715178993822337,0.044070779800389627,0.046997788667154365,0.055704823540542125,0.064730819347748353,0.072237502296699771,0.079579525234077408,0.080228977380350938,0.11260463100195404,0.16023593691375307
0.043898694238757294,0.045026735344106117,0.046283972949801223,0.053651440842316531,0.077307344578520273,0.078928972866970176,0.08101098331024896,0.093480794781922227,0.11862332118390496,0.12582562488923368
0.080662636331107956,0.081330734098909466,0.089193336122427747,0.09731774716531208,0.10026944313708945,0.10872474032929097,0.12294015288247769,0.15001474467648093,0.15887275846258045,0.16515391058811757
0.068259817203965248,0.075741628938030464,0.076843714288967205,0.08016329062640444,0.080369866713671217,0.080937526154607434,0.082945220146577112,0.088463125864070929,0.088936646754666712,0.13907747223878442
0.0630294033476545,0.084146616933530066,0.084664749385016849,0.088331482714370621,0.092123139206281124,0.095182042408715709,0.11502151983952269,0.12002656327055519,0.15588598820750016,0.17498582696667866
0.067206521126073726,0.070791165885044999,0.076128979038728617,0.078762990247000217,0.079740666953256142,0.080868674188430661,0.094146907297275581,0.10252755677480507,0.11038689246509835,0.11816379183034312
0.062844928536585631,0.066951571331937063,0.076457849692881011,0.078642600264820339,0.079385610735422191,0.079852990089966852,0.080049623159390168,0.080633410859380611,0.081921218246534089,0.13211462948471164
0.089963062827169996,0.090636879147700772,0.091631301126292558,0.10902560892039156,0.11569280719367073,0.11940382522827095,0.12188487991946559,0.1432607161011816,0.14918269173105875,0.17570425094928588
0.077836335126233974,0.081813752056388009,0.082223453038968039,0.08334292176379765,0.086903159478548098,0.093574965167700322,0.11039112508184779,0.11593665131853019,0.12071362995299673,0.12188134527275929
0.079547321140242863,0.081656865691828895,0.082908927456210965,0.083024842795603113,0.093122118258243153,0.098684834714793251,0.098757960617089621,0.10049315146448738,0.11861967490119069,0.15207124203978503
0.071551650802894773,0.072526482431835779,0.083448713932321616,0.087988964900359679,0.1116452271032167,0.11441755397225264,0.12287674473862421,0.13449010240038123,0.14659650406804295,0.17356745459652212
0.079986325843152462,0.080261937246582427,0.080597539213774508,0.080707604010114453,0.082068284817525441,0.0874844873045931,0.095162553526515925,0.099331282046815836,0.11896318740614448,0.12000770629935112
0.070868775270572212,0.072001730197233035,0.072385200675626982,0.080471527627444514,0.080977255537707724,0.081067437067544976,0.08391377362506526,0.08456368800914979,0.09841466816653506,0.1188778963993215
0.077828674023220967,0.080150555331951326,0.081562181512940868,0.081861387949254807,0.082425401068587242,0.082509814836581291,0.088663528436652012,0.097014221376690399,0.11972760476619064,0.15979511182085918
0.081493053820076822,0.083241027861316277,0.083878961666862567,0.085567827419196732,0.08566800899859757,0.089574592661115768,0.091233589876576718,0.11970715266179903,0.1199071128949676,0.12109348974541048
0.07514593193784197,0.077065900751593475,0.078386291481433251,0.078656467081411177,0.078679134370900503,0.079944650525550179,0.080776035670553026,0.093118817503565252,0.1067995410681726,0.15829336701060034
0.080774348401142351,0.081142442078826149,0.08189262225105394,0.08238339187050929,0.08426937809000537,0.086970707336793518,0.089412816332348211,0.10526464292405266,0.10938519877126164,0.11194466774122325
0.047400312696130417,0.060674079084024529,0.073821266853043604,0.077983365033298918,0.079506715753501822,0.079861097528282271,0.114736420669716,0.11832384628860233,0.11958014367323754,0.12001782192417756
0.074626944911049459,0.080623261442057406,0.08080256282731732,0.08120769077118134,0.081580779220492144,0.082664489705119554,0.084555432219705975,0.096149518737543502,0.11084883340891975,0.12000084071729154
0.080758559449315842,0.084687473129031715,0.085496933759440757,0.088459192776663975,0.091978964401728522,0.092008239805673561,0.093990052778879715,0.10187581666077332,0.10240044671201438,0.10857935922518461
0.086631137820177992,0.089802746270074937,0.10259664257053491,0.10597793843109909,0.10625761173607803,0.10823952471650668,0.11777055475500939,0.12010878218766742,0.12314208975758154,0.13711432035102714
0.053223695972143305,0.078952450736555629,0.080070999268415821,0.080085534334596961,0.081437082863205862,0.083514446707725121,0.089591422387114331,0.095993856227640881,0.11779760158715236,0.11974275815411786
0.070546454341895604,0.070727943461744644,0.073502032329024358,0.073767098279029816,0.082639112975069595,0.083138159952556981,0.084033650271551671,0.097817404991143261,0.12407587449886907,0.14038225376468771
0.078284093826594445,0.080613707044882174,0.081253198328472567,0.08186113245865069,0.08196684619224609,0.10008495572727291,0.11109192875662999,0.11360169979936288,0.1197387960072938,0.12145778908011216
0.070197855654755364,0.072196528023585005,0.079223937554647933,0.080497926819968049,0.081599159871180355,0.082384066258451988,0.082593164067593178,0.089891637618892448,0.097507622757619428,0.16746537831617306
0.056941880696546404,0.0623889044837065,0.063338420293442027,0.077994338729961324,0.078154068364499812,0.079315979874838058,0.083530494776933112,0.084196879065908392,0.091225538043354093,0.13376502664087847
0.079022439584379406,0.079084882149610083,0.079337295432596752,0.081369288609577733,0.081873457750219286,0.088525795869617521,0.11094282480158281,0.11580574234571317,0.11862336281608041,0.12043496538086852
0.040935609713865569,0.040964224715716167,0.057682242335651925,0.080138921989811845,0.081497491795603436,0.087847947784238489,0.094212037681979471,0.10236943297493573,0.11002143035408438,0.11964835302303314
0.07990397373747124,0.0808470108486843,0.080902247002487535,0.081158466441392338,0.081338320698786548,0.085469198346569297,0.10822192350224864,0.11421296942392316,0.12008983866989094,0.12014747681506699
0.073467162292374849,0.078477047630958502,0.078703569227896175,0.081771398363217632,0.096460147534841417,0.10009061071639988,0.10288769409890364,0.11948958832186934,0.11991538093455791,0.12096512421401129
0.078232187374182513,0.080101174248773346,0.08229452486543512,0.084407344887616503,0.085342432334663904,0.088934797193119544,0.090035372318309936,0.11577876395629853,0.12152571919361706,0.13071485936832344
0.080257125714883498,0.080522426040867817,0.081724695383139062,0.092045408312006138,0.097181582151593199,0.10671926833158712,0.11972691303544346,0.12058716922887207,0.12149120196609618,0.12348789742154069
0.07843316268256105,0.079057189239509995,0.084142100870989722,0.090972110268305026,0.099668545039486273,0.10016956350682331,0.1004263447765083,0.11259185985575211,0.11796507185788632,0.12538264323376716
0.064214290267076618,0.069370893182257837,0.069540902079017877,0.074276407672630107,0.077606114721255517,0.079634005607306713,0.080414150629866316,0.085770899655794569,0.09274279001001122,0.12231363283558097
0.048381530320116085,0.051144270695484717,0.052256788887716191,0.075436213470238794,0.076802957282902956,0.11213333572334533,0.116068152532779,0.11940874762747802,0.12624676460862169,0.13697917093639211
0.054298872225498729,0.056831154974957422,0.066856116866048088,0.06858634047857616,0.079020670529530601,0.088000324339570724,0.10582009973410912,0.10782439390014611,0.11465264647188818,0.12039334142457289
0.044266541196057746,0.044782438622209667,0.046408409690150317,0.054749563011024176,0.059852199525404173,0.070054587154010056,0.079492344568280943,0.085379477466244566,0.1193319835584162,0.14791032379302679
0.046860039057047893,0.056467648103772278,0.056974917968411608,0.068732510404563088,0.069706126712187413,0.079859179757568677,0.10299896596162184,0.11365651522696846,0.12910277135012174,0.14795645815709474
0.054123505242742315,0.064030346679617933,0.074132633136787127,0.076485675630132227,0.081697658126789696,0.090899736745990278,0.095818210477883109,0.1022575742944215,0.12062219949219195,0.12555312572390978
0.072324787770487092,0.079395865976075522,0.079940668912717019,0.080169162300842048,0.082025373699507992,0.082111807272794546,0.082417079715687611,0.11419996280119479,0.11428234654704283,0.11853390686087927
0.074295952900610432,0.074790299788291867,0.076571467330842496,0.079818785299989758,0.081073309748008512,0.088939094991362058,0.091406765787229061,0.093807224937232328,0.094282214582916732,0.13042461639178224
0.051873355405246513,0.056381855801996235,0.056794663445370284,0.073982148626344349,0.078964856074316594,0.079066501760500507,0.083255996516764699,0.083775390205041406,0.11969835140545207,0.13770511242557532
0.066314428947713902,0.07788390127309025,0.084296382923602628,0.086529088691162326,0.090565624035793893,0.095341139278781364,0.098114497309633605,0.10251092005496361,0.1192997856598319,0.14443718598840932
0.079214275207316762,0.079870444616845615,0.083458256341365236,0.091834695921397341,0.11318171855784318,0.11871445624281698,0.11907606332839128,0.11992133472040033,0.12215786872767961,0.13152842066179471
0.059434683178265349,0.061064778535270418,0.078673056436074015,0.07987047434848342,0.080358348481995717,0.091021910404943882,0.11479648323212795,0.11935225203640751,0.14155878668807823,0.15787440608340095
0.079596126751399571,0.079612416086392787,0.080302156862913851,0.081873879358587753,0.084108893104953314,0.09659512770988693,0.12163573354807108,0.13433048126120783,0.13758209196453747,0.15181096574325081
0.047664571107972724,0.051945853810393822,0.06325836467765357,0.074763412380581346,0.087314921128613013,0.11627370731561651,0.11971107292155425,0.15231722766420697,0.15983243058047963,0.16151594576390951
0.047548141417247725,0.059515890777698505,0.076321992049935006,0.080101397905562879,0.080516853749253062,0.081573540061798372,0.084363178082293599,0.099164142801604432,0.10397216369872869,0.10614731221769541
0.069482111964082605,0.071468677375295997,0.080320404080596361,0.081754968172914569,0.086010658067640966,0.086340987782585199,0.094649756446111649,0.097680105965144925,0.098063967006919564,0.10485579675866098
0.080632726005712363,0.080927716668625443,0.081447431369462114,0.092012885062302999,0.094391603809125105,0.11965800331065297,0.12186774379567307,0.12420654400125782,0.15161524496726836,0.15963932956156129
0.081829418800474923,0.081941166824816489,0.083420174459123211,0.088427607372978778,0.099977386567516549,0.117520570468199,0.11917054681098227,0.12037993516301945,0.12239079130094309,0.12403381871496916
0.062817324918726436,0.062916844361496846,0.070950747874167816,0.076162057196193775,0.10305323912796142,0.11577976684469334,0.11932048263832787,0.11932709248251808,0.13279813013113098,0.14315207694802029
0.06069099618258178,0.068433997443805183,0.079469798575184492,0.080103043126045312,0.082050621736770815,0.082868225010473223,0.11898128711906865,0.12103547780939757,0.12782596889981504,0.15623219046411582
0.083000337064392193,0.087054292445695278,0.088589833751006888,0.093316580630598236,0.098733589973577035,0.10617209701737668,0.11308240783194431,0.1204749782824297,0.12106681111644985,0.15877043776245917
0.052738173049928963,0.058328935631581098,0.066755488866572968,0.071436223758749709,0.076529969660256519,0.081382994873372402,0.08375188247957488,0.11500738877508264,0.11926817850956586,0.12807565609886903
0.049152662620254889,0.058148020199102889,0.065602824272440186,0.068499271818013838,0.076183992651676663,0.083383576756422731,0.10773488563048493,0.1169244644973578,0.11935755391716474,0.11990474465829176
0.056510256702004588,0.057389919958242656,0.076304107685585071,0.077474720493636379,0.079177184314248417,0.079442962300303122,0.079772076336305675,0.084581396440519263,0.085451891517577289,0.12440944750929574
0.044028320709780161,0.04424966778462032,0.045497797475082979,0.053696878290802087,0.068078382003400911,0.080403840632667173,0.082699352516814761,0.085684479317910262,0.1148215729843774,0.1547631996888148
0.064388721195418622,0.077688506706644817,0.079241890357608327,0.082340100656907042,0.086360461125143645,0.08809423916943275,0.092992418094178367,0.096030385395058163,0.11637380283299803,0.11990868112790387
0.06579052597193874,0.078942319227231036,0.079552252937975618,0.079606599115353532,0.085164519598340482,0.091087309479338643,0.10591917232693049,0.11924767745916995,0.12304925093407355,0.15943532927029899
0.050961108766637245,0.056842615125833329,0.061245391746269862,0.095273841269347639,0.095559386035093327,0.10490966995552081,0.11917406352561091,0.12038421287554774,0.12327812656880785,0.15969396473184019
0.040704435027665173,0.040995466733209696,0.044443255960973108,0.052948372506059778,0.064762481544434078,0.074427228466599382,0.079393903884668299,0.086765574579132684,0.11062962979133828,0.11917321765948832
0.061361919826513879,0.066218937020236027,0.067410894308639252,0.079870079684680212,0.080564813590996459,0.081293563095568913,0.087695616476169691,0.11096601598919015,0.13844401231118394,0.16873296259827458
0.086757061741635513,0.095738506769954893,0.10148108991328203,0.1016381168758056,0.11082816141034775,0.11233383887906197,0.11304307059004648,0.11950927386802421,0.1211581999584737,0.15424821136561651
0.079600953256342213,0.079731788068185191,0.085414447556500267,0.085848893797180859,0.088354375316473971,0.090399334015916488,0.11189026077308946,0.11744089143379853,0.11932806079960555,0.12668582473559539
0.078949517070166508,0.080648391712130563,0.081379422137627749,0.083301115696732264,0.087482058656984399,0.097911455637842967,0.098387749827120133,0.11090492360922236,0.1199310367930118,0.12012435994195596
0.055247731535480155,0.062615817550619943,0.076593104561850728,0.079733018006148487,0.080619542812380179,0.082889832707730218,0.083029332813755893,0.10671231096248111,0.11811909615379834,0.15966742535970133
0.076924533164490841,0.082451473238233167,0.083521648431412951,0.08360785338863326,0.085369428269859687,0.1122091327703032,0.11912604110165539,0.11978030852653077,0.12457332469877394,0.131347703943058
0.079693686236880001,0.07986159217772737,0.079895615538472797,0.081065257476803626,0.09714054349489426,0.11976952283020563,0.12112627975689964,0.12277852294025561,0.13717844909838081,0.15164231943293197
0.0510405450590121,0.054994465894719083,0.076609891686076098,0.080794753550466031,0.081455227122249257,0.090867828672899276,0.091431282639982001,0.12223126718589844,0.12446150846402326,0.12759682441561876
0.10273254030961837,0.10772617876856708,0.10819052422184593,0.11294652614427809,0.11318813927831116,0.11964494273946708,0.11987450997264117,0.12038323379661744,0.12141736393456341,0.13957129893535059
0.077070363715079471,0.079805390618716041,0.079847975361792167,0.080272602907276142,0.080299112900003314,0.081375486454968463,0.10823636782777822,0.11589035936574829,0.11649623061908572,0.1203458081127833
0.084210885017281495,0.085093304883335899,0.085247710059647069,0.091016083319295948,0.10733915181420528,0.11060462504784314,0.11085029705126717,0.11635905555484509,0.11937350021454174,0.13227563130860873
0.080125191231736226,0.081647863857399999,0.087028783492773584,0.1030994575994759,0.10524031722786582,0.11963148048945291,0.12178063264477346,0.128189692918875,0.13944427762004807,0.15315668959550915
0.053318815617853642,0.062713906401993091,0.070080012795938618,0.078177604397177775,0.084324939458347403,0.099371303477989018,0.11752066524892121,0.12677635737418053,0.14234355024152223,0.15953350036918254
0.080245317403739261,0.082255588074248973,0.083975171927468159,0.10258027580261014,0.10264655133008128,0.10567439451504981,0.11877653043465063,0.1209663275917638,0.15661973748002622,0.15973380943679705
0.064510593399745658,0.078651161720724241,0.080460407389003105,0.082053116971129575,0.083173379736546732,0.095223109089117353,0.1199463677394489,0.12049749292930728,0.15818310389451798,0.15934043431732639
0.080310952460182494,0.097331896789480718,0.098323478113568619,0.101279236582831,0.11996569635334203,0.12011183076850716,0.12991352009765667,0.13407773732958175,0.14352596103463428,0.15977268299704306
0.082113723276324851,0.083630237083219511,0.092982653863236162,0.093405389290244251,0.11661292361108876,0.11941190739996362,0.1200813125785504,0.12494912269131039,0.15986404637894006,0.1906202805375864
0.067078060850178978,0.079903310252708498,0.080240710679222602,0.08026918271075982,0.08032550644348746,0.081522810427855655,0.12408963877082754,0.14722487115755528,0.15999620770588127,0.17775472000553724
0.080186955562766185,0.082644900566221841,0.08671009588064954,0.088628584148975453,0.10171197656867312,0.10482486199188125,0.11950929844889749,0.13327612733049024,0.14018308096273066,0.15978764193461054
0.061112606780207988,0.068011507750506878,0.079879136937059336,0.080015654726480728,0.080457159677223541,0.080632802695777356,0.081744536378703839,0.08319630102390857,0.084381197083087556,0.11671185876856741
0.06475343751543032,0.0793823962034651,0.080228657919359819,0.085089663865870205,0.08523615539381138,0.085528744594958045,0.085957761152053253,0.088615381172472002,0.096167420447989996,0.15985234544024876
0.079949412478526494,0.080107887584846979,0.080323900338886617,0.08072357192817442,0.091682444224057094,0.09295691573063769,0.10956570217871793,0.1224980851993808,0.12414646585756771,0.18516201963965678
0.081860572618849339,0.082519447490932013,0.085723488228529487,0.092638540431800726,0.097891679500706236,0.10101683520157145,0.11855861042972349,0.12051723069262096,0.13154801898692434,0.16804745000764701
0.084881425482647294,0.08721738315999629,0.090552433578764788,0.092866468123361204,0.11967081305701208,0.12024364049378572,0.12068819048735906,0.12099868538240499,0.13758146925466058,0.13780452178754712
0.047281260022474715,0.060888958705251156,0.080239731230674058,0.080297182074706402,0.082818002481108294,0.086173110756567806,0.092703296152015099,0.10216648855543582,0.12127362410136176,0.13725593372522649
0.044828480903697808,0.048720344752746926,0.050379662583061091,0.060931565760088395,0.063642875647191594,0.070563651071868849,0.07112072381663101,0.081617744647650661,0.086009461352788905,0.10554156327464627
0.087411192291397377,0.088614713063497913,0.10368664074598666,0.10877953264097069,0.11043333341268098,0.11224634187521128,0.11820547203494722,0.12888967503446375,0.15415245140452011,0.15872587710832142
0.062747315378351654,0.078939096567542472,0.079834178748014031,0.080540646546323869,0.081087588769420654,0.082512066290406583,0.083262424219494091,0.084259284099230322,0.090320996218036326,0.1161193086710368
0.078678501886785074,0.079617925684702856,0.080212435179842848,0.08104884227561987,0.084773805329089374,0.087948870724818745,0.088097863680509536,0.089061963323831955,0.11937615916608432,0.12025775869874249
0.054672030138585459,0.067406655474317206,0.074203642719895352,0.080248864935323072,0.080372376373734511,0.081103535532402779,0.082913396265818812,0.084515529141819506,0.1039680048155579,0.10642538543697172
0.056442580875896334,0.057427628765923611,0.070409008836114936,0.077309496739753431,0.080737758255101461,0.094464935166981928,0.11085823475664805,0.11589918061053922,0.12307346707765912,0.16013065644040295
0.063331342879825295,0.065042702736904934,0.07784926344749199,0.078604526412005632,0.081594211868450187,0.083104278629483691,0.085577512557667434,0.087975253924030494,0.11881544295201037,0.11955798514905332
0.043202545660392777,0.043213204756682999,0.049231781978730182,0.057946336683832311,0.061721389003563248,0.079857819714582848,0.080244016102588092,0.082389788684434598,0.086154800461468242,0.10117224077839192
0.091068653122472282,0.097521277260664868,0.098037161429776087,0.098190873714336435,0.11950862577571045,0.11960172430043957,0.12131770195385003,0.12246486953947613,0.1310354642397048,0.15727773258650554
0.08549461409653264,0.085691148180493448,0.095400577301784223,0.097891719617614434,0.10140123033979906,0.10748849594179051,0.12622384380288873,0.13711244314116314,0.143334280764911,0.19540129268665915
0.078595906089073242,0.086823134322945278,0.087868446312123552,0.091029540998004116,0.11099665875308394,0.11432469756157138,0.12087937898167928,0.12105007355896064,0.1264422454416774,0.14717311647838882
0.080572524305176224,0.086073550683215622,0.087346488171753819,0.088259444834477688,0.09056902126850401,0.092531443245777764,0.11002945305841418,0.11989212533723397,0.12420233000456218,0.13163433681390346
0.057071493123062041,0.057413681328650629,0.079428907426062983,0.080443182130155555,0.080589559462227775,0.081079210468067389,0.081872452342702642,0.096332912340447441,0.10506111441375787,0.12872712731890459
0.058282095220441067,0.062289880858938836,0.068173826755322117,0.076897418269147949,0.087056781356653304,0.093261250450977329,0.094278030284129954,0.11517091989576828,0.11577116645830335,0.11617746640429781
