3.7650991989968321,3.6315860994151561,3.6060608157235787,3.8089258817521952,3.636577843428153,3.7027942897393711,3.6262948248969642,3.5460146846451672,3.8580685251185463,3.7236976964655657,3.6870430987781342,3.7421450827666236,3.4639394588813386,3.7643653334414431,3.6288845935318905,3.6155075405115786,3.5553566381220971,3.6274234419712212,3.6157132767552342,3.8270637538663315
3.4101659066286478,3.6579883620185911,3.6079923090889938,3.4830770624633507,3.5161487737021084,3.3227988424599504,3.6046001306474786,3.6707490652744319,3.7948790672514234,3.6999094840525437,3.4658942029665516,3.5358469883310466,3.7151953512397689,3.579168080294469,3.4235619687124323,3.2559371960704655,3.5148962565426976,3.6997102586582002,3.6664308927081599,3.6909591874869383
3.287440137246572,3.5170778195141703,3.6628610792195242,3.6705566025367471,3.4612609621987871,3.7722671090412438,3.734488559189832,3.4239995641453023,3.6613264708155784,3.6956468097864841,3.2071726213898852,3.4770462115028797,3.6118914988136681,3.810455251763575,3.4913152997170029,3.7982550316588326,3.4622764550041474,3.6604255403889061,3.8363957477659869,3.6940794112277922
3.5906816323462629,3.6804408839711624,3.6531250038090488,3.7201951121188412,3.6817431782649797,3.2707511360793569,3.5861000642195839,3.9347111542062212,3.6943536243516171,3.8071151376395904,3.799432753444989,3.609463218787448,3.5169705869636667,3.7057538652159234,3.6818493570505066,3.4168528896082311,3.5627841295877398,3.6971177722577315,3.4596408990790852,3.7244853286881541
3.6431753891219691,3.5907603598447708,3.6993777033096351,3.7255727090059878,3.6114294843200248,3.8379818165503092,3.7554942288718403,3.7234561907706127,3.2423391075206145,3.5541421048447961,3.7647706930002243,3.8585354693171401,3.4816871547300141,3.6568817735034216,3.3540716603762193,3.6920428455478018,3.6494254574989116,3.7485870855574226,3.1001658160288188,3.6784475923060675
3.5931885583027059,3.6595492900890103,3.5999873019735666,3.6438428488915822,3.6145908032261764,3.6058457746963763,3.8275350094171627,3.6709177670688833,3.7447611886451648,3.5362982712646529,3.5221943290271152,3.3966660953471028,3.6708285997829022,3.7798007584928666,3.45089052113063,3.4947887923668257,3.7106535719572968,3.693349530983487,3.7018736532807841,3.5971626332335713
3.5758359717262107,3.6845099755216437,3.6494429742528056,3.6525286061821753,3.5548444423313268,3.7131468026553827,3.3015901900854696,3.6904203818390338,3.4269157875132592,3.7694043171375107,3.8356794991582297,3.7163482214271792,3.4255351343597247,3.8389360691338719,3.6180135598376544,3.7301798854105384,3.7623609012246328,3.8522701937945927,3.7014972522865954,3.8689406986390105
3.642690851050582,3.579180380558348,3.6449057662775104,3.8028538033745618,3.7383191160495226,3.6035273279270057,3.6908925374041366,3.8044193552539141,3.7134262665155533,3.8361832418849384,3.5095518706705797,3.6076822164024813,3.3665556739823086,3.8330443176695121,3.7880359082319979,3.6609358786959985,3.6974656779844,3.7208492248485743,3.5367191063928929,3.8480132848803943
3.7764438411293932,3.6476521794972596,3.7355946929295269,3.2546087446850498,3.8161414932390465,3.4961355089442825,3.6267841255872053,3.8077827647973326,3.7959893506209381,3.8572510881773852,3.7303872630421409,3.7623145167644028,3.8579939288804002,3.2377059745752055,3.6404573834549425,3.5476249221148564,3.6014761587998003,3.7017793008325164,3.4740773297735275,3.7884988211958741
3.7059013791017068,3.6723757054414587,3.6811467588491906,3.8211264938517209,3.5093164803483599,3.5773242257480447,3.8224879775091494,3.650903321719901,3.758677804188316,3.7909311181028778,3.6355240347312372,3.6871159008365164,3.5468530230622854,3.682202264139717,3.7333773690429499,3.6997501839929474,3.7701753090231582,3.7850112150030673,3.7361678451190694,3.6658435742802933
3.7653250357457377,3.8189081573041861,3.2661848845442427,3.8144880993198562,3.7826955645419345,3.3929115148308835,3.5887932009869132,3.8186494553932806,3.8715073963395414,3.7737295001355022,3.86313913959899,3.8292779974258684,3.6136789989492293,3.7183582406528033,3.6934434846569535,3.5367937218322876,3.4982588040106606,3.6824529877000636,3.8153097107575209,3.6533369436874472
3.9152907838036426,3.7755265291079976,3.5174733442704791,3.6800926789782133,3.8840764742821463,3.6401609799995938,3.8594030023124497,3.934213984979825,3.766757185890937,3.5928034169691969,3.51145029200543,3.842685706678322,3.7437351408665736,3.877978076249156,3.8278705623510403,3.7337594437153303,3.7392211357658018,3.7627035508940825,3.6041400471346576,3.7874003081614207
3.8371709518227162,3.747064106513379,3.7095307658958263,3.6298080122361194,3.7824911125623877,3.6319623493361886,3.694272272451339,3.766254533725891,3.7047253809429805,3.6810567101715144,3.8618047905531681,3.7770945814931265,3.8025997075192692,3.4351283429602026,3.6099058133887683,3.7505021665878697,3.8069935284405205,3.8767225407133816,3.8843786735622317,3.6216121759084512
3.6729999519444076,3.932742176415434,3.8038945595267908,3.6915756117240823,3.7837224331722159,3.7828159734960174,3.9173514835846919,3.7254721524762484,3.8135424894377712,3.864409989345837,3.8551055057476811,3.7177443184137728,3.6509166264663451,3.5689842200768012,3.8320824747200435,3.6706047270948408,3.8782118613079382,3.7340104163742884,3.7860331643103753,3.8074174632307862
3.8065570956626322,3.8583367563969975,3.7784001347299419,3.4926464361019161,3.6012227731418864,3.689021330490776,3.8180765250432609,3.8273897140665158,3.7253246780660003,3.8958300655181408,3.7249868154885015,3.8420273261351423,3.6318235194914039,3.4126140626182284,3.4743836583371737,3.700037088231598,3.800788985829672,3.6649866793693153,3.8414485125451501,3.6282284758639403
3.548965648234514,3.6828444547865331,3.7881157828908192,3.7428135990021811,3.8209291638429668,3.8170310605216864,3.809310511095529,3.7580831088524667,3.6814259902782314,3.8608806090892935,3.7115799229835571,3.6687345514273138,3.7844449296197786,3.8142231012370815,3.6326563305489068,3.67595652144038,3.7536491205730447,3.5950485575998026,3.6744360321205423,3.7985944249335097
3.6783369547706779,3.4795643351233565,3.8478913927993967,3.7779375781730176,3.8306346566054676,3.6427550635244894,3.7516608591246623,3.6390885569339986,3.439187317308539,3.8975628337405968,3.6044181719886907,3.3485381278370898,3.8457766670492393,3.8093406793246758,3.6948961926104289,3.7724007938456383,3.8214820350013667,3.8176521806628747,3.6166103256356728,3.7616974356752753
3.7300517724182027,3.5459088763117723,3.7724898810371035,3.433484054987511,3.7444010708184505,3.777484170791888,3.6954587208338463,3.7413997019790295,3.7235038483760006,3.8054782391755455,3.6483985084512809,3.7382954002110762,3.7617562780791145,3.4920878031195897,3.8384754502586005,3.5921785071983026,3.7928936313874826,3.5661657150415835,3.8419666371179937,3.5705904827486221
3.7397207170505911,3.7493672281576336,3.9145805780105598,3.7282488562919256,3.6934171291561073,3.5694068325668433,3.5002836736462739,3.5360929707696225,3.7199914527874984,3.8135763901310336,3.7940808555771208,3.8117574889630439,3.4645139609009923,3.5160269328565215,3.7270455776135036,3.3023133129416489,3.8670058370777336,3.6712282943582553,3.5063118759447596,3.794310173729206
3.8139753743379567,3.7376166568796738,3.5263558815571288,3.7768033410348885,3.7445081850116799,3.6911541516522552,3.7478011100305877,3.8357035469724656,3.6198266578204219,3.6456905196868639,3.6579520283567466,3.9124174447057549,3.5431716340061072,3.7631496442664054,3.8565435799290442,3.7549597688025158,3.7286913935810313,3.5333319389379465,3.4251562329558185,3.7962646938442179
3.6536417258502896,3.7580910416867526,3.8611781223736146,3.8024880954538496,3.6103901877168632,3.6299796752433133,3.6540885445239839,3.8471222895700468,3.7420898117611081,3.5902973423299982,3.6925312948493718,3.8392046223045497,3.8108860210174571,3.543832162855356,3.5481730056030609,3.8095903074934485,3.9039915064405148,3.8598660502672582,3.7908668270753618,3.865186548030735
3.6933115634886464,3.7177825266124356,3.6339294331523093,3.7677367507094202,3.7081810152643122,3.6129802681326644,3.6366525518415975,3.6139265777727263,3.8867092386963678,3.6511395449680788,3.6457563673596187,3.7114075428837898,3.5874035018895887,3.7073825326560073,3.7649980260306166,3.8278554673089205,3.7640035927617856,3.6125436113667102,3.7172916948635537,3.7470657805814578
3.3113184051005011,3.7690618965430729,3.6432243974228409,3.4718895578955014,3.8072840673732777,3.6661554695497727,3.7984067442495038,3.7581472103213924,3.7632889392060269,3.7715841659181715,3.6093264043259605,3.7195684203806678,3.6375261531108292,3.5702798834313065,3.633242012940995,3.3704810790830559,3.855136162908368,3.6274952182060831,3.6722294462176506,3.7579325370406709
3.6434092389350168,3.5460858029991504,3.6120123322521573,3.5092298949945238,3.6035376924311273,3.6290116471541412,3.766493573922689,3.6293284367465848,3.7111909962575229,3.7248773288196215,3.5915465426718414,3.7495252793947889,3.8456561951166535,3.6289628908278964,3.714287550679082,3.7029853434825633,3.6538577310656071,3.7721771459412103,3.7421307314648202,3.6706263415393856
3.8282057379970778,3.6235454133382645,3.7208343240924218,3.6421602196869083,3.5963326544601046,3.6788044340095909,3.6121413019511515,3.8473491348703943,3.6319475384618416,3.7316175651711312,3.831700010132999,3.7918185299946741,3.8746630757335314,3.6767999741617849,3.8278037367774198,3.588842755300611,3.5412370496381653,3.7078216386979475,3.7317940548098938,3.7768764197913298
3.6343203054319915,3.6080044762701577,3.8275405957877315,3.5660432902600405,3.8523695906307838,3.7077319352908247,3.3161868283264049,3.8680267908452475,3.6078674506295938,3.6691849218260111,3.5298246405682616,3.6014941950468451,3.7814409556877755,3.7198504098011029,3.7010332799718442,3.6920715472316812,3.3771776645395826,3.747455176178903,3.8609743962646363,3.7026885444415107
3.7949589099837366,3.5628472019395008,3.7181523721860938,3.8049783627071245,3.6455997813615406,3.5402825285579582,3.8887135014711469,3.5610466671283358,3.7668231599483848,3.6872581772947162,3.6077978384272464,3.6231297027313953,3.4983055470655096,3.6382348781031908,3.6836323271415816,3.6482093236421242,3.5753256085960663,3.4754881695198825,3.8431823582294751,3.5990007605629173
3.7024641316172655,3.594689029208725,3.7240243798524819,3.7439413399751427,3.8542873372618622,3.5227543631830835,3.6387755919280416,3.7869052630454307,3.8658819787446408,3.6796269318332055,3.6779051362693269,3.538371073007418,3.6825129620878347,3.8427239536129831,3.498286391418282,3.7056448249038989,3.6277301737771719,3.6976013281221043,3.9318850170714827,3.7876587695349513
3.6583727411643192,3.8525360300870322,3.7231382162680191,3.9202639850877992,3.7944486624769569,3.531001367094428,3.6848810638456784,3.8554417104612306,3.7567734842773159,3.7390645335826465,3.4496103057470942,3.8395774463915933,3.8108933558580866,3.733682101997843,3.5042241054583489,3.7012823354508426,3.6242996540549703,3.7806832834959958,3.7579777534932544,3.8259435330809501
3.767114942060132,3.7028102104592167,3.7202484149153827,3.8561395536039629,3.6702306603019252,3.5634400566980924,3.7027983371463016,3.8353994979316823,3.7827324858001856,3.9049411714753162,3.6672405501148804,3.6757094139325019,3.6014541796941266,3.7975360077796192,3.7483147704806665,3.6664348423296986,3.6725453855849914,3.7235153695742373,3.7693100737088159,3.8547013289279239
3.6390801159249806,3.8372756296232433,3.7548635950216238,3.7531506931786267,3.7989336080462879,3.8061585821490782,3.7942826539367438,3.6545760955828039,3.8668801858505786,3.9432111613351521,3.8458123426500417,3.7553907144107064,3.7641031311870354,3.7680556284332547,3.5970136204805745,3.7876405824799715,3.6920385446794319,3.6958045569569289,3.6437868048106097,3.6976125985156583
3.67796985745442,3.7948317211826987,3.9164821022933576,3.7483439168123907,3.4546338800253542,3.6949866618876857,3.5857516508301144,3.7216632235449834,3.5295079231508804,3.8680380208714307,3.3933527020036292,3.8376936721182209,3.7772170190480714,3.6932821669186757,3.6013717700206076,3.7874290554739094,3.67146606171266,3.7710548846939052,3.5147442527177497,3.8393434097181633
3.6690487244946541,3.7150357287717006,3.656025872734082,3.8601834367173846,3.7404171942671987,3.6151586429429603,3.7648630564904311,3.7044207038261017,3.6660371072797346,3.6762861430682148,3.7752735653469585,3.7744293682760448,3.5660368583795194,3.756628792541203,3.8030314521466413,3.6631418697011204,3.7332021398832342,3.6769769631267271,3.6588563187228136,3.6298450166789373
3.6356906838260405,3.5488908289812331,3.7971532878094552,3.7359957132173065,3.7765114379281002,3.6740200227669089,3.8101859613022335,3.8493050324927109,3.8358100711977756,3.7330406536815501,3.5319610789138198,3.6253472622765317,3.7965280639613246,3.7154394794460828,3.3561836361380273,3.6572189886847695,3.888178360890751,3.6807580985182358,3.7885442843732098,3.5985766069776219
3.7461600445082124,3.7071228745322822,3.7868884188828793,3.7327142169233083,3.5348829301394957,3.7752256347656608,3.7782194415174279,3.6998493254091889,3.7990709913654852,3.7171017957762786,3.4171893809082667,3.5550068489806992,3.5058226529151137,3.8001655802197885,3.4903806776867552,3.8655209522953244,3.7738704253846493,3.806813566124954,3.7369561825928024,3.5936425357688324
3.7852447336753845,3.6532709410110478,3.7187900133135456,3.6607941328050591,3.9002441770284424,3.5239888816171541,3.7318247822429744,3.7328144710680693,3.8082689576713897,3.8028436560616838,3.7296149915247483,3.6636016637198492,3.5119869597083593,3.7048692026949257,3.8742302405573867,3.7124284472648506,3.8397248114060973,3.7296322780001998,3.8221884373409418,3.8446680612075981
3.6686673569412362,3.8576428515418493,3.7449706728999574,3.7444712578469614,3.726046260609754,3.7932736649601595,3.7181065018131556,3.6993443407826581,3.8000221737209081,3.6480817474686074,3.5761554560809228,3.7505108097196262,3.7576613516772333,3.7709539969526849,3.589644143833548,3.7216769781119581,3.8086994681990376,3.7247652909927664,3.8543150502780632,3.7299434860688843
3.909770638478054,3.7072724814159743,3.5984641377810305,3.5333710289022258,3.8314300651155571,3.5884498781716534,3.7357950553361872,3.7399160027598897,3.7422755400741043,3.6430525786190504,3.7256176798650973,3.8471767055853423,3.8221071339453139,3.5133475688350919,3.7008950244574152,3.6619986224757555,3.7198694405893868,3.6712003609896202,3.7844596729340272,3.6013739237986697
3.7043554019890523,3.6970886074809641,3.6565752049051294,3.810796240458175,3.8159987253517422,3.7872807671561475,3.8083056287883905,3.8910019943348915,3.7593994553241208,3.6754336488111794,3.7380011134705748,3.6401743551134729,3.7245068100461416,3.6878390772464114,3.6343353247623185,3.6895933860788053,3.8326701377839805,3.7753260366142722,3.8617140435015598,3.7880023518238692
3.4786520855706704,3.7962507705356936,3.5919654466429796,3.60370458581371,3.6910897863699681,3.4858287231160396,3.6858803254634172,3.8053821920257063,3.7451773434406408,3.7989934468362496,3.6076844689039764,3.7294819239980859,3.6735207756959181,3.6789510830946015,3.7591801554912552,3.7020840832582196,3.5727903812161603,3.6948644599516185,3.7019840162879487,3.6202573160957554
3.7834725759027585,3.6960285987556749,3.7018304577880268,3.8799926206978057,3.7493156525455476,3.8004110398550979,3.7072258862144123,3.6038045628142203,3.8616230988673106,3.774976364222606,3.7743663464171955,3.7097399041748105,3.8047886767591645,3.4332996864790339,3.677798770837494,3.7306100017068848,3.7934025538585128,3.8420178634156268,3.8769277908160165,3.8299587151597341
3.8073523427256522,3.7425752840199578,3.7400995392199978,3.7430687442987614,3.804315992382417,3.748759995455575,3.6935076970831973,3.7751917028128035,3.8029784873708699,3.6025320977835329,3.734741461855819,3.7381140009393912,3.7803103235359763,3.8198428762772831,3.7950126044376118,3.3323159104545215,3.8023315924197454,3.7369426144203484,3.729436158859027,3.7851305856538984
3.8894189928755933,3.860899439021773,3.6654177802075569,3.9291887166500956,3.6893915529490604,3.7522760626364531,3.6075332985503423,3.8274675269130842,3.8244108028384947,3.6111328583811231,3.8029216911235806,3.7218357398878217,3.6573779986224322,3.7126479565364394,3.6440293703281008,3.7868891993556741,3.8660756045448088,3.5524320396300908,3.7028230616426727,3.7428813223388762
3.8368751967519512,3.7104343082735736,3.5853582062464255,3.7382992973697138,3.6746842043855601,3.8423464507228342,3.7734995256409247,3.9270572396698924,3.8099030578485205,3.8566640803691588,3.7330321067549299,3.6420557027631846,3.5907476093189081,3.4425034736478239,3.7498541782890831,3.6398876709626213,3.773181657916858,3.8288200898163773,3.6592625782256381,3.7335468637545968
3.6375875405693971,3.6336531564992618,3.6771995156956794,3.7447718937686196,3.757849518187764,3.7053937749570531,3.5649495457332887,3.751703600349567,3.7805441167165799,3.8090328343219815,3.7783395116108407,3.9232931639010813,3.8462024143799072,3.8271433407239579,3.6336914681198635,3.728350247417934,3.5863765581418559,3.7983817576378778,3.7061240955304298,3.764765837806066
3.8123272891157836,3.5808901916246061,3.6687198798509804,3.6772204228975505,3.7787884879180815,3.6448153575829285,3.7532060272076619,3.7658997030263599,3.6673643028910106,3.9018358150870882,3.8290711414373506,3.8360066171689313,3.4944333512360064,3.6546797016622499,3.766331962135721,3.7033972539844786,3.678611641623724,3.6531879770834035,3.8374784371046498,3.8863651289226921
3.7750887378894191,3.755617654444384,3.8019735115331308,3.7740451303898954,3.7911901667199697,3.7129162820858252,3.6966805542508427,3.8347477779275856,3.8178288855563536,3.784190895572535,3.7661055845294955,3.8413875898919101,3.8110792354903174,3.6992884185597483,3.5814023969492466,3.8843985105116379,3.8267067493787885,3.7379968344512839,3.7511927210063241,3.7670498477905938
3.7457769941019849,3.8703151168818239,3.5269033082623555,3.6856798033942586,3.8337612251367141,3.7580403924818611,3.8224942278394303,3.7779076946467516,3.821418097673984,3.8064977967080349,3.7038598696165401,3.8561201622456318,3.7093431696361248,3.760328883889156,3.7888959614432633,3.688475354608129,3.7902593497711683,3.7138812547202438,3.7806354902476609,3.9115087624313403
3.7739587352189359,3.7519356429219588,3.8846743067192451,3.6301714897199009,3.679273912535181,3.916006275637919,3.5895730578543903,3.7500727420875446,3.8179686021276522,3.5345378992575549,3.6159302789268648,3.8384045843954486,3.9320415524255146,3.7573632468933424,3.745742374213997,3.6244057948030663,3.7588231371593084,3.7812151713591327,3.8312239367840961,3.3022715508591989
3.8342271250581668,3.8706860683147966,3.7903639724872296,3.6615290762854422,3.5823737041554202,3.7700643932337501,3.8073744063104726,3.6519250426279672,3.9336029845808183,3.5728688509749875,3.5678965002515421,3.7492520566593703,3.740422405781036,3.7847230880787754,3.7778165534123991,3.8115235610783058,3.6869022597786669,3.7254166054124709,3.7643824994897681,3.4191871229129487
3.6231290692418838,3.7583147374352515,3.7632893189255916,3.68573427314863,3.7585067277296864,3.7694199728156592,3.7244262869004983,3.7254170587346827,3.6982950785949207,3.725480706107942,3.8616789915747711,3.8418289831422872,3.7616501009189482,3.729552659864189,3.6521698300629906,3.7354170273306377,3.7209076466699571,3.8932936771272075,3.7648260821831876,3.8088293009276204
3.7602412904969857,3.5870961513788702,3.8308316426384712,3.7858861829329813,3.65589689261882,3.735663907450403,3.7689548568921416,3.7892432601786212,3.7462830008100116,3.7875142670286444,3.742861307122844,3.7231768674799923,3.6637794888156376,3.8916316892881113,3.7328994223861094,3.7237274213121609,3.7087788574434009,3.8005795356440428,3.7446006475553566,3.7784877840682594
3.7744525746223578,3.564826831232514,3.7861339142877144,3.6343165395916217,3.5402271339005016,3.8186417483708084,3.7333050033881698,3.7255002625410372,3.778379133137276,3.6321454149465704,3.762789284827547,3.8019711195603931,3.8068818096200907,3.7246590017805343,3.4548279163436009,3.7840669563790703,3.656275954045086,3.7811692369896996,3.8798459345488623,3.6449828288152806
3.6066805662564669,3.8413483466936036,3.4970853826990935,3.637738922961046,3.6327384320046643,3.858082710155966,3.7514695405754468,3.8785927122272938,3.8764309450735479,3.6595539407121862,3.7067394614592177,3.8759755710189272,3.6748003972086862,3.8167427459225465,3.6495957316879304,3.5013914476018151,3.625121298368267,3.8781497293670393,3.8866480443635014,3.576712939815526
3.6018632667536656,3.6302363487974962,3.6260884577052561,3.8129154104741012,3.7290401365590049,3.8450092874385402,3.8258446051511843,3.8925919550157464,3.6896785189318195,3.6440642572837816,3.5464544334397994,3.7075822319649503,3.8330614051279119,3.7547773958333917,3.4952031019195915,3.769404351901855,3.7025842787955026,3.7157400655582014,3.882464286249665,3.718184026954686
3.8460883687224579,3.7353400390679403,3.5468878812803863,3.7936159902636613,3.7773670245454594,3.7185119906566246,3.6976134103387515,3.8718324345639448,3.8361078008245939,3.79768253365223,3.7490885284434863,3.732370029436396,3.7135359777762553,3.7548584028938032,3.7353990751170763,3.7884762245548718,3.6948693288527257,3.8894629648533252,3.7162648343164886,3.7808764602624572
3.760194639272318,3.7867426893362697,3.7555499474117728,3.7474784032502031,3.8448363011477724,3.6812438366111198,3.5943060515096272,3.8687570404377127,3.7560360064746217,3.8438494121783884,3.7433607815664924,3.81173147334562,3.6847888000163915,3.6385199599919797,3.9274540849939252,3.7264462007506713,3.8648053565778735,3.7494374909007555,3.7345197935071917,3.7552786351508582
3.7470693550670293,3.5211072662510698,3.8007735757914949,3.6913342888090224,3.6826498395852987,3.7107161737479823,3.7625656864514436,3.8059928463762795,3.6504524765083377,3.8830688362680923,3.8196918602996459,3.7727822762480483,3.642758572340683,3.5116603397147665,3.7242629789551462,3.8865411678406532,3.7039756748231376,3.7628577655115718,3.7816166356282346,3.6329605510131389
3.7320725268681416,3.620076526421482,3.748516058826965,3.6881940521860237,3.6846251106100678,3.6838474177934888,3.7924248231626847,3.696878886867613,3.9040892971919132,3.7996185203418511,3.7700765894982688,3.7230000721959051,3.8270156149798789,3.8521675984855301,3.7684211276531374,3.7934817468326658,3.8929584061168003,3.6658667487131722,3.8614967238986004,3.7614301573164313
3.6240632738498535,3.5650229095989543,3.7088578745739831,3.7906833003510219,3.7695138736913778,3.6709466905909731,3.80156023035202,3.6660254149597766,3.822136784918662,3.6078619002125363,3.617568416179207,3.6547850711061569,3.6857009282671052,3.5450318344937486,3.758912353684182,3.6769077606095641,3.4846939725585,3.7653511501112651,3.800821583355511,3.6753995663400132
3.8301960172193237,3.7397984771043409,3.8084226075244061,3.6351202337912034,3.8497884799974584,3.7779576316715966,3.8365135602994207,3.5238155017425439,3.8731472513928238,3.8103701117323485,3.7763197807406157,3.6744284915055161,3.7392073635979268,3.7408058482115578,3.7940615466709979,3.7692400160407198,3.6923174267159813,3.8300112152195136,3.6764365454147261,3.7918550859841811
3.5599127390316614,3.7132488933208152,3.765864651307103,3.7273561897497909,3.7021563400029991,3.692970619195576,3.6996983786015329,3.7111296381862879,3.7668016825826736,3.7827566290850765,3.7926329215141816,3.7242049991691037,3.7603047259008084,3.8290434000153746,3.8398965276727619,3.8141230462425479,3.6021962165430592,3.7730323690317809,3.6294211723008201,3.8497050652608822
3.7619558139643541,3.6667100625199351,3.829925001435821,3.9012361281374752,3.7597499157004242,3.702178267858073,3.5899172409922722,3.7721136048864894,3.8342676823846911,3.8056956383154517,3.6425740745845614,3.8406810506757001,3.7878280236963695,3.7726946716074492,3.9026138291652437,3.7153496767594603,3.733003203165068,3.7792091227928171,3.9319870934776811,3.6635003766776526
3.8979993700306137,3.6838835654833337,3.5906554525901324,3.762369127250631,3.7972504137313896,3.7147391971627726,3.9174568399211798,3.8987096654234517,3.771730331564997,3.6896416454402767,3.8146177207156211,3.7746483369463157,3.7880049030616005,3.5425091897015859,3.5809218038700195,3.8455342686566967,3.8938884748934615,3.8743687604599617,3.7867366831212208,3.8849522096732692
3.7677646560847213,3.8007023141153655,3.7964355467342319,3.5279963176685905,3.6307026652905745,3.6853511937976795,3.7482519230108942,3.8280860965496379,3.8020580201127951,3.7713752207760414,3.6909612234032001,3.6957883725959246,3.7542424944051622,3.7288438282105365,3.8580250335547666,3.7385263030561626,3.7572627479089249,3.7211532092539299,3.7675594842409703,3.678423897882992
3.8787254336170771,3.7998517396740694,3.8545973004641105,3.8009022951552529,3.8098669821130184,3.8244095467063466,3.7632262805457768,3.7146057476230911,3.8244125444010044,3.7446654614826573,3.8115432075159528,3.9261210101139739,3.8593481719216771,3.8309286982324355,3.771055322313015,3.8162369883383027,3.7274750366034848,3.5156355952059886,3.9191073559686824,3.6749950976877876
3.7385510879847077,3.7220824097811898,3.5988005929581521,3.796719330812151,3.6587397129730421,3.7687933353360972,3.5583245252937137,3.7301776848622832,3.7862508678936257,3.7175697264153955,3.8155344354082059,3.6936567963712457,3.7233623756351122,3.7510178517276125,3.7071285097160165,3.8408599787680529,3.7611096382436884,3.5138126190706083,3.7142471165206157,3.6934714951898684
3.7681501794924461,3.8170051194976691,3.7450514796185845,3.7767162872670084,3.7757305500218346,3.7575814703961079,3.8974332799940976,3.9241639126893322,3.7540962773291073,3.9301638014205986,3.7941568348531649,3.665857418449348,3.6967577350134215,3.8443096326657087,3.5331900267834904,3.5972871919597589,3.7810975749686624,3.8255116128808386,3.6580397775138964,3.7309731928670176
3.6964172855698103,3.7450222674099618,3.7908656907717373,3.8061604168602812,3.7969422007094908,3.8637311690203435,3.7673964913412061,3.6114268902830298,3.8006039009540458,3.8018057465328523,3.7464345558034022,3.7689790742327993,3.8955269086054352,3.7820317256649356,3.642035196198083,3.5828624251390573,3.817930987714218,3.7108764538934698,3.41552412366786,3.6817880578843849
3.6026007539181153,3.8672277497011924,3.6705724328092764,3.7470035544373568,3.8011932372965358,3.6556844597868037,3.7754156548646547,3.8528567788749779,3.7039024254362714,3.7660601528116597,3.8702390997129554,3.7761633716354193,3.8253018107334222,3.6743498998461468,3.7342458516919628,3.6788072752957892,3.7580215585821226,3.8211409122750468,3.8113187530796719,3.8043734239249312
3.8251431946034788,3.7149984971152259,3.8456366371121233,3.5862447705108083,3.7805076774109168,3.7516970251685149,3.7423263151911144,3.6951437331112342,3.7764916174530287,3.8115187113200806,3.8999650247744868,3.6811692581555482,3.5403963634429561,3.7647566764690188,3.8274462672274203,3.7047410591503755,3.8653182261138372,3.6962914632752382,3.6835740913592399,3.8144747991832286
3.7640398924999094,3.6947684116062529,3.8816239195575086,3.6500831150126647,3.7499259779279894,3.7811455226876625,3.7983906491647477,3.9005749650830914,3.5763927382889338,3.8157299236681435,3.7610386416640518,3.7677520420787229,3.8345706864576239,3.6831259423859981,3.6956892610797225,3.5915562438058242,3.7382138790318549,3.6642084602030538,3.5289876763272701,3.7984396296158081
3.7632178055776166,3.7024838800183053,3.8860644679385676,3.8917324519036405,3.7496314061454514,3.748012440876912,3.5780737933120288,3.7694948030720679,3.7516403714088407,3.8314333511165257,3.7854735180257633,3.7614178872979553,3.8536770295068679,3.7307967189346609,3.7211392210029244,3.8525233309896674,3.7018758097635813,3.6982818236480242,3.6419172790001499,3.7763420855047638
3.6248581042461354,3.7726516612697329,3.7678939051852813,3.835798243387126,3.8232984810499442,3.7260670488195706,3.7052384543530374,3.5342920888893872,3.7647418149043572,3.9063754180568857,3.8806083190222269,3.6145404712070142,3.7436514425205276,3.6977056545232756,3.8891138036846855,3.7825206723541243,3.6774160114609966,3.6548142350165786,3.6778386522844571,3.817956849552429
3.8140899664757275,3.7435164414902125,3.7363472709040959,3.7420859622995111,3.8240446519023088,3.7636565710982715,3.7188430944531619,3.6873801369943178,3.7784518110285421,3.7766762273434598,3.9408083411010026,3.8275817907984031,3.7281410267929997,3.7449146494431873,3.3358885673099019,3.878237069467326,3.6840215467872186,3.5997351043436909,3.8013586118882237,3.7993296863400992
3.7744023429591338,3.7077661952571059,3.654444605694116,3.6561813406363322,3.631029194810222,3.9365681940841966,3.8307029400517791,3.8149118580059822,3.6895848704778516,3.5968424725341546,3.8466963226087851,3.8266528150108572,3.8954268364466214,3.8109011244154054,3.8280633266959687,3.8925440560407174,3.6900999535514432,3.8585943644210094,3.7037650557614152,3.8191531642796148
3.8180974162216033,3.5280874503461028,3.701384387068102,3.6695522566094554,3.7659729577547649,3.8294487899082315,3.8080639288756011,3.6224708726335839,3.8444482953069365,3.7929800415204182,3.4558345266780788,3.6548685755215082,3.7595785165910369,3.7442808727524235,3.7520537233085394,3.7334394829111717,3.7125317962067421,3.6918763510989816,3.8231541541997882,3.6586276346643176
3.7745930442820468,3.6873237557219936,3.576085785839493,3.7685713907866569,3.7355570352766754,3.7485614637822748,3.6906012801046155,3.7745277903623187,3.7369767682038515,3.6973003866108485,3.7426980750289234,3.7923613452756779,3.6667950014381394,3.8684400151996252,3.8119451333756813,3.7034690278890903,3.720515207837066,3.5534217412310865,3.3642018615111051,3.7215486572420264
3.6197809747931293,3.8040438611057446,3.7376926459673196,3.6550603387898302,3.5909243450498329,3.7489463809625292,3.8183654184693592,3.6157054218684772,3.8483437973514754,3.7344006396904907,3.6615514512808938,3.7722065291048881,3.7156273865817329,3.6123649788632544,3.7329996626317334,3.478127850596811,3.3535192899401305,3.6698305970135352,3.9070429537030336,3.8252986314919726
3.4317345992061821,3.6180560645565034,3.93296065878287,3.8941581281170654,3.4536886887311113,3.6626645946331546,3.678762751030769,3.6070776790820003,3.8973120944078992,3.6453101456342423,3.6515539750203789,3.5945127863188966,3.7717733937530324,3.6581030907269305,3.61350130173712,3.9187654149336524,3.6740872905885182,3.7589906907154971,3.8369998792495617,3.7479486478367714
3.6991525904349971,3.607973891489626,3.7874754342867534,3.7971167733775473,3.7889529560558488,3.7945822897524706,3.7987505676605013,3.6795057305484877,3.6702598220601841,3.5740192444280714,3.6982918086740986,3.6203225962800221,3.8006293214662561,3.7173273061576162,3.892421415019188,3.7890324462128731,3.6032736945046171,3.8347664181757839,3.8237363832238134,3.7329179956223824
3.7440898423745375,3.7518005551991824,3.8281674297486434,3.8372618084100103,3.5937813471542448,3.7835296511548577,3.742284666433461,3.7929745144473825,3.7450470624106118,3.6462837609853413,3.6378012624094787,3.5411545978924766,3.8904660038355989,3.8031147018920608,3.850099868483372,3.6621463220100936,3.5338156055622139,3.7560739711963689,3.8245871255388408,3.6305323741178088
3.8151632705365635,3.6395526203567155,3.8670151213098203,3.523516494955472,3.5254627787539743,3.6970748535389517,3.710347933346418,3.7469702263196858,3.6639415855534718,3.8724601191981121,3.701267712498109,3.4066967777607586,3.6874993087856693,3.5043405616388608,3.6918035778136504,3.6637012961195614,3.8625663293641335,3.7185205463561504,3.5554557516473642,3.774217834315992
3.5097766163518336,3.731432152348082,3.432409733665494,3.7912967708440508,3.6123681348287735,3.5598401365468315,3.6257921172791314,3.9605352423022233,3.7899933720900068,3.876317336956292,3.502771362744832,3.6702053997457185,3.6321890579636165,3.8811038186006832,3.7718287840984472,3.6489881815287144,3.6665646349533576,3.7056504358352056,3.6860936728520581,3.8186800124735001
3.4912711684194946,3.6877291044477043,3.7512586423723477,3.8561757305546549,3.8174811995742681,3.9031762275000839,3.7496784309764801,3.5515661185044824,3.6382167781288004,3.5594512596190917,3.7968992704060427,3.709607863235433,3.7730582564636514,3.7764322320151353,3.8253470805533429,3.7741193176951398,3.8007969967805928,3.5784765526736377,3.8832297394908779,3.7693984555435915
3.6812744793689247,3.5120620770847157,3.7789226457909013,3.6444645400267,3.3048908622319582,3.7540032619810328,3.7170146706798914,3.7118581861435724,3.9215429338894907,3.9540774768170825,3.6454438823608872,3.6321993303662792,3.8224572529407221,3.6019707788822366,3.6779921400819733,3.6046780712858855,3.7781133697677909,3.5876629041979458,3.9369375713484587,3.7484383356219606
3.7096044015747345,3.8623790772288635,3.768515205512772,3.8687247703837704,3.6552633457962713,3.6209109823556012,3.8778384261838759,3.6469792895712358,3.6006589503553892,3.5802982234800669,3.7042168645201863,3.6521802273318995,3.7591775472966149,3.6079438676803233,3.6673888166563504,3.4576623319712185,3.6845035800300368,3.8747347261721976,3.7707397995387479,3.6771761824954208
3.6983877432775127,3.6870931978432981,3.8323268321578041,3.702233625553685,3.7624210488494212,3.7867017744457776,3.7407541797816592,3.4386127423239152,3.6947775732493824,3.6984689764995968,3.8307973641514343,3.5736807188280584,3.6337907026672696,3.6688769983963567,3.8035088174169465,3.7834873579590647,3.768223165366861,3.4893803707585374,3.7896611037184171,3.8668358371952607
3.6059560410285236,3.6699713169057313,3.7021623377080197,3.7994966240112653,3.7552995486742411,3.8461075722726101,3.7460912182479635,3.888548605748182,3.5711856986466874,3.7509129291086944,3.9254028894040971,3.6546445888719914,3.7136008694175042,3.8209262026849768,3.8797201478506618,3.731434655364668,3.8542150070380257,3.7997204971764553,3.7943576009316677,3.8130639825073933
3.8083762894427813,3.7849241005442269,3.6920153002909237,3.871449657594932,3.5349220107861017,3.8036739055845663,3.5039356194523852,3.808511978640853,3.741421198874801,3.9147989210576366,3.7603477943857007,3.7540013476883005,3.7072150617073087,3.7962825579748896,3.6139088416429681,3.7621008328112007,3.6970199325844844,3.8438092755264779,3.6323445311798443,3.4921175858488924
