0.60415673029500194,0.6272543596034752,0.63677885886678487,0.63678975565419282,0.64002517577945861,0.65020317903914071,0.73530160822761648,0.76114113795192218,0.82156138023886083,0.87419852296795275
0.57671673467226459,0.57909670729790719,0.62072600534546885,0.72326238323527603,0.73013908856724274,0.78449854786245066,0.802094987785821,0.8319432979041701,0.89130634731726044,0.93982707468852533
0.51001524897695605,0.56468831097237349,0.56708206729243926,0.56888395815899262,0.65245324402115834,0.79455581416357424,0.79480903974326855,0.83382735748607173,0.84391080608988123,0.86135591328677696
0.61350722282639492,0.61965566952727036,0.62632670366581866,0.63625209763455493,0.68595716984956434,0.69191080367616387,0.69904282915759053,0.70023202961719688,0.75638638017099424,1.0365098644704243
0.52080484270432903,0.55330092779644158,0.56274334690571415,0.59406975601764067,0.67674520299977914,0.79341386848397688,0.82824225722171807,0.86852047710718772,0.91851408418114611,0.93269583655108912
0.41993494143360932,0.47637656741279377,0.48164245955714113,0.51721121257211022,0.63501490160126828,0.69580497614788417,0.72931508997964878,0.8532643321218436,0.910261787319393,0.92778777775260757
0.58107517107150874,0.72445124681861106,0.73044738202134107,0.73416370122276486,0.77999353658040116,0.79840803604846755,0.81872953921061109,0.99583848051409385,1.0622006136858348,1.1281486474799056
0.58099341371679669,0.5835399557399259,0.59146540050974528,0.59652150605324872,0.60143723236817914,0.68815634002081882,0.76071009370298315,0.85312453645353203,1.1750985736635675,1.2077758440889061
0.56523306245829863,0.57225669605180851,0.58970516948626361,0.61719826263217836,0.61897168257610602,0.634308648635733,0.64100143786738917,0.65122446318446592,0.68508010683523191,0.77465116336048734
0.60271080846378577,0.6400969898793587,0.64290897036844363,0.65702788029574455,0.74123636448374164,0.75149690503639466,0.75581712433235726,0.80041447838396218,0.96354921589535447,1.0393112975118357
0.68217332333770209,0.70241943567754461,0.75188876307443087,0.76879501896232671,0.77929849339226376,0.78078007971406427,0.7845481560309886,0.79737939752317866,0.83382921482234718,0.85877520035166643
0.60010574096848535,0.60591666374370146,0.60971285797220176,0.62653639956925788,0.64966976382749131,0.66457593923525904,0.73913726091546161,0.73925689681788009,0.79481450751924543,0.95457032927522434
0.58578530691346664,0.58629526394868581,0.60591648110906471,0.62023467932547582,0.65006255834192306,0.67844727470448341,0.71741668660341551,0.81006566980649275,0.83404924062657804,0.84124837324826229
0.56408647333975592,0.57162790266288344,0.57264263497424039,0.58117759702771732,0.58623807762962565,0.61108096548726465,0.73344985874411428,0.80349082207361899,0.84115678428813334,0.85091840304309496
0.70013188539329674,0.70280700120211659,0.72250369339265541,0.76417268605803912,0.8219768432847161,0.83810076868093386,0.87448685548548655,0.94869331789690081,1.078298681578258,1.1768100097085687
0.67030504646319766,0.70895973173358273,0.73964692174118163,0.77824832646745579,0.77994211469772168,0.82564098666658525,0.82793563698906292,0.88517123542691634,0.92252367617801845,1.1465239091081334
0.71582779812356367,0.72587378269862235,0.72995367721480564,0.73259142222370377,0.74212488482741357,0.80007948644344484,0.82685165207971867,0.83085173702918791,0.92692547109281387,0.94195960508840582
0.56348691794805728,0.577623742367392,0.63879926402311327,0.6839327526213892,0.68617157875878076,0.73816937790223447,0.85307473513448606,0.894785168742807,0.98753363058824384,1.0979367575240788
0.68726770410362636,0.72795871760397057,0.73563252942392365,0.73969231750544839,0.75088648566637195,0.79039562666779206,0.84409420026732418,0.84765287646760568,0.85933579629380574,0.92627657541452946
0.70932455658934623,0.72326612707890092,0.74129636589648173,0.74915648229180443,0.79184822565219459,0.80340967168134103,0.82116899641941021,0.89435378842990021,0.95896992417994431,1.0218821973283743
0.69083325183197264,0.69458542578123028,0.71051499094609838,0.71218498923240903,0.77195236406450851,0.77817587319498127,0.78784621433852653,0.84250804008904101,0.84694653727546809,0.85823891889459247
0.69465916176514408,0.7021095703330853,0.70758574913307593,0.72985045964114192,0.76330062316741776,0.84095550534256525,0.87660438190567236,0.92034093946985207,1.0308264174360255,1.0780654328222816
0.75839465809664475,0.76708120802499602,0.79335576558948606,0.83902510249009987,0.84615905554570769,0.88544874768752013,0.900817833167046,0.93170696841889189,1.0448840257618848,1.0635177308594912
0.78561435908110733,0.80385351387066795,0.81705753355758537,0.8324155436269276,0.84533953003552265,0.85004489024002217,0.88197926815534977,0.90424103935104228,0.91982062686329424,0.92968880042733248
0.75041348692895893,0.75149708720513875,0.75841483595381032,0.7623465503801139,0.78933667314895883,0.85670856526558303,0.86651066601213023,0.90297913878748171,0.98499135758139156,1.001212386455002
0.67481585340092431,0.71586292409736352,0.74737418483036988,0.76267414731742855,0.77638318332507739,0.82592770245959679,0.86877329530409586,0.87382220435663127,0.91382765402767019,1.1115452648011246
0.65399959872989122,0.65877210734751479,0.71432237823563316,0.71724669921190287,0.78058719699537793,0.82786839946552027,0.85779486727563503,0.86296060738264435,0.99199906951253869,1.1379652879035986
0.66409378228433269,0.67227341044487465,0.67729432752952023,0.68711460927749579,0.69548251670578587,0.70172479723294545,0.70675519050455593,0.71318064355352595,0.76473313678045773,0.7768595770564275
0.58616778893024746,0.66247257595456288,0.66392244680761703,0.75855825261136234,0.77043744545489679,0.79469507166026476,0.81136700942230622,0.86026165551715872,0.87350305524958882,0.99277843953864986
0.63477221321473509,0.6437640564595779,0.6902479766048546,0.70339331600205757,0.74145712683829679,0.79092210817349828,0.8149061422855377,0.8442149818132334,0.92226674215407822,0.92614601085515158
0.62987744284853653,0.65587888597786659,0.66888748797843212,0.67655568177292835,0.71845537941383375,0.71905971182857753,0.7758582179775364,0.80268873070405489,0.80478877912687485,0.81025342135177425
0.53073517516149193,0.54874438071320908,0.60935894492974407,0.63789089782463693,0.64150013280914608,0.66270707737543066,0.68770141542615093,0.70033444328612093,0.75386581654896467,0.93422480634388982
0.606642406743652,0.64918632097743112,0.65666912748700845,0.67551047043334123,0.68811925341058311,0.70299064080727058,0.76810742666030096,0.82692887770549861,0.82832950828817076,0.9617901419885162
0.64947902542366798,0.66088917307849959,0.66233215077409646,0.70991932470051022,0.75572253791566002,0.76737845613816091,0.77356918490258453,0.79037727285340731,0.88535356283766786,0.9253479424101565
0.58223745780836245,0.59083700766270653,0.59503967215870945,0.60450251533850041,0.60807151425152783,0.64422045255722393,0.74753300785423082,0.76177846485249701,0.7965660937986887,0.87910605526925734
0.60276142097439278,0.6419010714547384,0.65081308041888919,0.72372373378720489,0.75250502543933084,0.78893160306402565,0.81276948547536776,0.8724285368204403,0.95551620839581553,1.1384661635267017
0.61193853712720347,0.63714261027496688,0.64892937534538975,0.65333434644179844,0.65403737189075972,0.66170263792929651,0.66336948077692082,0.70728053162433469,0.75503265237602468,0.9003758767380563
0.62115770114770941,0.64117307685691038,0.64825292133966084,0.69799726648803206,0.70174702109291065,0.71747303709523935,0.75262512626311562,0.77547002874022297,0.77786826281438293,0.79795976351618014
0.65897722037570006,0.72484511019837283,0.73598628147174727,0.73931874783313001,0.76753918823553224,0.77688931227870617,0.78007288207967918,0.88391334917496822,0.91864694611347675,0.95662271912730734
0.54064343109118607,0.54618280614652326,0.54901761514035963,0.55926667067505553,0.57570350463572595,0.6646990236421364,0.68281653596830916,0.68548489416441827,0.71702853869981897,0.96771820131033781
0.57457383582204891,0.58666537190166812,0.62480494526203278,0.62696111793255449,0.65025582294652651,0.69461954785147917,0.72443034224152258,0.80481256988663841,0.94067383934632831,0.95408910004856695
0.64920954250822938,0.65658256851973817,0.67983477917713708,0.68045528031373781,0.68754575033588772,0.69276139635094358,0.70795198075402688,0.7108500668067057,0.81031596822591512,0.86921736965790197
0.57616539899143282,0.5823131841196818,0.62836113408917305,0.63845750705097171,0.65898609790776286,0.6773365654380834,0.75488195836364191,0.77358979314979148,0.83694246606793454,0.90365450485852516
0.59176848889034339,0.61832101445723575,0.63782484366786907,0.64050210041434186,0.65973931117802165,0.66656660720220806,0.70274939753763643,0.71397324981998622,0.80941957078671178,0.92968926575657695
0.65614928661800409,0.66613480804194669,0.68163286637598608,0.69038644569375673,0.6919376355799578,0.70907389373896601,0.75406864435091769,0.81838336546558033,0.82704949227704683,0.86601653611187013
0.67417061329230332,0.67772284871602562,0.68168132085859678,0.715055525763995,0.76678336058187213,0.79555645286555299,0.83076192183689912,0.8948249520967928,0.96522722035095843,0.98870485022620169
0.6612619089135352,0.70213945179861126,0.70465163313738355,0.70647119286853499,0.70692243136131472,0.70867476697353116,0.7428699468646518,0.79278434193802783,0.79970093516374741,0.85881119931185301
0.61029744983024248,0.62836708001357877,0.64745038267761013,0.7028656075177433,0.77254887476699929,0.81025472154083999,0.91979163962133859,0.94220593118441842,0.95484603517085365,1.1044221617872645
0.703402026351164,0.70414311811740271,0.7330417329341441,0.79469882156306593,0.8046936287419939,0.80680788225839883,0.81146064577730304,0.81720229928752097,0.89667678937337136,0.97596578042225302
0.66170740212840018,0.67707723122236718,0.6845388028184014,0.71042736571580667,0.76424614396047996,0.76529270539544481,0.78361801443363843,0.79079689009164511,0.85670303212048138,1.0640001211764734
0.7251377176346967,0.7356222743897618,0.78605695704519496,0.79132044364023146,0.79574150419576872,0.81709904274203948,0.84185311341753133,0.85649371199757418,0.97257641250673688,1.1120696523914151
0.57225490835400183,0.60158158167763887,0.6041594395608394,0.64173208260417614,0.66499254957183629,0.68809507209731224,0.69195259320146363,0.70415786499395994,0.82330304888578754,0.97336334417020076
0.63967614298642417,0.64601125446207774,0.70396410452798186,0.76085068046754545,0.77579054773592704,0.77676732019787309,0.78915017969236168,0.8411035791896242,0.91649154924189657,1.0411202294360611
0.55683126173590036,0.58179854124179009,0.60204737968241151,0.67633872806413509,0.7160702223710218,0.71866275115029055,0.8030204658691984,0.82641373314354949,0.9018953329023609,0.95790129979947602
0.5724068645777618,0.57718633852379009,0.59896161640509016,0.6043002546935683,0.64751201575405126,0.65545253265506709,0.74343869602939305,0.75678710869161048,0.80074094704531928,0.83300094170036942
0.68098410069576953,0.69811006582905399,0.70249894919807732,0.71618164975409382,0.76974564001837642,0.82489405280973438,0.85098618534814463,0.88177609666651158,0.88542390077714739,0.96736322846164446
0.56268818456429948,0.57827645958289597,0.60458239303381012,0.66989246774127453,0.68237581437760575,0.70315487096412665,0.7467919400532459,0.8515083928399525,0.92749450414936385,0.95336046120607598
0.63766113071194086,0.72258141663328557,0.72642261417008092,0.73713752241368358,0.80465098430249604,0.81309263691989608,0.87151443324842015,0.96092583164915402,0.98734216800131458,1.0225281752261663
0.70811627104176589,0.75311104322330857,0.75557845383034516,0.80291557301286387,0.81344683412631014,0.83713867414187382,0.93745952007026556,0.95242383452328161,1.0401463322674922,1.1479532996434165
0.65318133558606517,0.68224304195446761,0.68864387245325842,0.69327046989677799,0.71680516636772129,0.71752517510111513,0.77365956784631251,0.80973346153306647,0.90848265321579236,0.91196457234705264
0.70309259744715247,0.72239992835699063,0.76281464170616253,0.78395627838164295,0.79270234569354647,0.80692901566354358,0.81550124985466788,0.82318161259648148,0.83606265267785007,1.1203051683485015
0.66193765776237745,0.68829306808810964,0.69743824744277561,0.77432789878078889,0.80744837499603372,0.81362201906991061,0.856513279241645,0.88925614931652142,0.9274954874461403,1.1586676089906915
0.7013898783751209,0.73747325011669806,0.74005450885652158,0.75426925232228648,0.81774795021874702,0.82265478559146876,0.88342176960286745,0.89819936137670719,0.90703070657527407,0.97928200578765079
0.62908663630989725,0.6404433517353576,0.64636920851467572,0.67473965922427226,0.67563838648455476,0.69480791474028925,0.69488983097700885,0.7164757791017613,0.76366015943666588,0.88719904458216003
0.67100916336874494,0.6776083549501517,0.68822644599653238,0.72818682709130078,0.72988153194263328,0.75153133571214958,0.77688997932587966,0.82521533118223234,0.88639529905581016,0.91138660541155403
0.72489913404653761,0.74350500539389586,0.75231801654368757,0.78635441941522766,0.78858267765450885,0.82429891761458407,0.85873186923140432,0.94953647013797982,1.0079955743647786,1.1483226738345187
0.60576532233194325,0.66112710642663419,0.701122500773534,0.71852939338580102,0.72127076162647663,0.74623139955983619,0.77610961125947808,0.80298116513840601,0.92348606631776553,1.1330104496094195
0.67653745425462875,0.7415396551227218,0.77761382269872303,0.78379391842680102,0.79741926922415418,0.8173057640811372,0.86164905300278916,0.88673415823964374,0.89669572983025292,0.99190311908509088
0.70615596316311668,0.71303281393039786,0.76629093305310647,0.79957098574131802,0.81779514887027505,0.81879140803825123,0.83141387315226289,0.84999151003690843,0.91462425737866981,1.0214855059892849
0.73379262116905597,0.76116498390295817,0.77191917891153095,0.78330702114675343,0.7955760812738677,0.85821388099574936,0.90286889595482744,0.94383626223781691,0.95017101552035266,0.96691447860398894
0.70745384973313374,0.70911836035975107,0.75871353044879886,0.7863361312080106,0.78699637437326242,0.80634767894692283,0.827133951689488,0.85471044188063239,0.85651934219263381,0.90957447871904362
0.67799683153348367,0.68126659337073869,0.69531144088413033,0.71522403548680868,0.71524314953232571,0.7349459265174878,0.79318455287464396,0.82714157669363964,0.87862858295875945,0.954678541008394
0.66404993363339626,0.70397222160274442,0.7160711330282572,0.726006205398535,0.75444760649742593,0.80703595988298993,0.83312134117863312,0.86348525158723799,0.98611784245264422,1.076794854383313
0.69462890077733697,0.70583092543143167,0.71191460514549609,0.73566163443384047,0.74338658158154081,0.79911691312327537,0.8142877646343063,0.83918208870058741,0.8522237772315151,0.93942303930289794
0.71782892257162256,0.74232181579819789,0.75310931455763619,0.75690420255743351,0.79171803706257116,0.79642352315075415,0.83008722720095562,0.83611581261357948,0.92878803996153847,1.0245477542368202
0.78786421006913576,0.78870908307510801,0.80151662837825732,0.84180585929625673,0.86456137179313419,0.88525316794585507,0.88528584771291463,0.90181442003706147,0.93848496752214761,1.1412426228544503
0.7051737603826167,0.71662480446938348,0.71682367475593978,0.78662480585205508,0.8085800060830528,0.84580784061981662,0.89240153417683477,0.949492547665165,0.9586810959451868,1.1423335932055854
0.67870317345328246,0.70282946764620924,0.71724877063397718,0.7201543185718231,0.78135159137934762,0.78340071428577618,0.7940476400633143,0.84112760063863456,0.94309893733928796,0.95387181400502374
0.66613531077178845,0.72494704885930128,0.810149703786057,0.81914277008039971,0.82150046001218691,0.83125080316234312,0.86509313505046315,0.91278574776934907,0.92115008306461243,0.9569473790554035
0.53787599230374106,0.55393152801065471,0.608517068967525,0.67014698007412221,0.68416142992731377,0.70200159154269848,0.76600979620639276,0.86808993327102346,0.93818678541067779,0.961625153156354
0.58545324096599138,0.60467411075575273,0.60970712949146,0.6099552107999795,0.61033639766615577,0.70284249861003145,0.70691770816897215,0.75993044229575357,0.81123017580439027,1.0170242202287638
0.68031855331133606,0.68639144964732601,0.71776099431877771,0.71808296179741848,0.74062024660616999,0.74269412498511667,0.78639524558287599,0.82327143196783359,0.88488426268808773,0.93853487754689668
0.59698259267620246,0.61324821315147293,0.62610451533508726,0.63500338480100416,0.68248106100109984,0.7797079143238359,0.79509207810985272,0.9329716674597619,1.0541782515925497,1.094758918115541
0.59527681028126889,0.60544983444521394,0.60613539627422064,0.61631834952158071,0.63787962165938383,0.64111849834095835,0.67091757251775741,0.69819871832660629,0.80834876195716632,0.95847522169298704
0.52060821543742497,0.52342246406413162,0.60389754906100723,0.62022221510684838,0.68502545876791965,0.7794953248037948,0.78066698543258228,0.81475094998212594,0.82677431868004492,0.91475473299618493
0.52535768446559317,0.55982257677861558,0.56070547498756174,0.56640960397899098,0.57374569058798253,0.58092425821405858,0.63118046788351867,0.6523822337231131,0.72212882954134283,0.7318363040919742
0.65296728878827981,0.65319919418711025,0.66536333412839443,0.69544941290346696,0.71065373398644205,0.73482821455155367,0.78335967528908856,0.79572556259229543,0.81100003960488509,0.89454384335864523
0.57443468179016532,0.63053265433689809,0.63839112085609218,0.66849263426055083,0.6915238090250897,0.69592823609717946,0.70113061568445678,0.75564661111200637,0.80425894297871325,0.98118639200474167
0.57416039261568352,0.57498438302711596,0.62232351891331117,0.62297036476412337,0.62983914955931208,0.7238478343524033,0.76187443016672374,0.78464238886488724,0.79543917295927713,0.86853657098506254
0.58865095940534484,0.59848282152075916,0.62908366207129607,0.64563744252624833,0.64898157214607632,0.70104266765717682,0.70527135337683466,0.75593584414829129,0.76754170229763607,1.0359997666420981
