0.51890049880381728,0.52675555967087329,0.53725511533474402,0.59719946056081241,0.61312190293132174,0.62420753967735143,0.69464874881858796,0.70937800198977641,0.79064280953866062,0.87419852296795275
0.44353813156769295,0.46734006286441554,0.47622072254468151,0.57372715819166897,0.57909670729790719,0.63164375704526021,0.68145482284681469,0.7146016340072352,0.73013908856724274,0.89130634731726044
0.42778075630731882,0.45438079407905807,0.52799092536108638,0.54012455583527563,0.60628348274993504,0.74503725250331287,0.75395092235244299,0.78005213626088699,0.83382735748607173,0.83413255309182244
0.56409165666028116,0.57161508443442521,0.57293061624578412,0.58433843093502613,0.62632670366581866,0.62860719593514292,0.63964836507547451,0.6454746520443182,0.73979672546430475,0.96022240648405166
0.52080484270432903,0.55106050786446437,0.56168650130516395,0.59406975601764067,0.67674520299977914,0.743418174826453,0.82307380996413659,0.86852047710718772,0.91851408418114611,0.93269583655108912
0.40605907519674611,0.41664263115391797,0.42285250005311337,0.51721121257211022,0.60752050030842097,0.63143678402546133,0.69580497614788417,0.82780145340918976,0.907689709100306,0.92603556153679722
0.53593264669794038,0.70733076612421586,0.70888800724215395,0.71947631001043622,0.72300417141895723,0.72346572665982123,0.78490859111065836,0.83025783830716815,0.99583848051409385,1.0931878479208423
0.54426067522179444,0.55641568249518158,0.58099341371679669,0.5835399557399259,0.59652150605324872,0.67432621011538929,0.6815939893705667,0.68815634002081882,1.1506875747804983,1.1511774966689807
0.54548922692816193,0.56523306245829863,0.56868886530056439,0.58970516948626361,0.61897168257610602,0.63330492843548303,0.63703958234021396,0.64100143786738917,0.66348040070106995,0.68508010683523191
0.58289554276259103,0.59761792938409464,0.61799831688419316,0.65702788029574455,0.73704102169611874,0.74123636448374164,0.75149690503639466,0.7846262923209455,0.9090287653884852,1.0235886936116594
0.68217332333770209,0.69649017648854805,0.75188876307443087,0.76879501896232671,0.77076044055532034,0.7776042836516317,0.78078007971406427,0.78210566836581741,0.79737939752317866,0.85877520035166643
0.58741414002030012,0.59863810589123023,0.60591666374370146,0.62653639956925788,0.64966976382749131,0.66257108429041489,0.73684863467753692,0.73913726091546161,0.7808912762927176,0.95457032927522434
0.48957968773666671,0.51301936565037654,0.5396966130453742,0.5570191896094614,0.59099595532660798,0.59573003260247503,0.71741668660341551,0.81006566980649275,0.83242134438874427,0.83404924062657804
0.55450233211267053,0.56110480830964304,0.56408647333975592,0.57264263497424039,0.57558296443936374,0.58043455877391015,0.61108096548726465,0.62919282600255144,0.69268379470657981,0.83353890538393394
0.66450842190601334,0.70013188539329674,0.70280700120211659,0.76417268605803912,0.7984947271007945,0.80266324539706613,0.838329598429012,0.9484060270392014,1.078298681578258,1.1768100097085687
0.62943808225614184,0.70845262380165286,0.71800624221491782,0.7346725612857723,0.75756889362064683,0.80023123522624129,0.82793563698906292,0.88005969394295702,0.92252367617801845,1.1465239091081334
0.69577108527849241,0.72586048157762928,0.72836221864608941,0.72995367721480564,0.73259142222370377,0.78584489232050725,0.79991689861401261,0.82685165207971867,0.89466964152706341,0.90298561209428829
0.53290376021251351,0.577623742367392,0.58538926609555597,0.5903030785748169,0.64791830027868924,0.67662199187680905,0.85307473513448606,0.894785168742807,0.98753363058824384,1.0979367575240788
0.68608896279821385,0.68634460973210176,0.70717084193152191,0.71772283576187723,0.74245747029104425,0.7500728639215013,0.8334209146884386,0.84409420026732418,0.85860019235762941,0.92627657541452946
0.66286216353925198,0.68822501051191498,0.70766619122894259,0.74129636589648173,0.74915648229180443,0.79184822565219459,0.7983944358956867,0.86091838082828431,0.92387255581458971,1.0187085524432717
0.66806003857530749,0.68923712520641711,0.70997641986782778,0.71051499094609838,0.74968683490987686,0.77195236406450851,0.78784621433852653,0.83511357718974688,0.84694653727546809,0.85823891889459247
0.6622835738804862,0.69465916176514408,0.70758574913307593,0.71757056095427085,0.75548077500006228,0.78981902034779017,0.87556447691384598,0.92034093946985207,1.0308264174360255,1.0694099085665671
0.73334242322065801,0.75839465809664475,0.79335576558948606,0.83530935087730063,0.83902510249009987,0.88544874768752013,0.900817833167046,0.91375485791917388,1.0115401947844762,1.0618976536027862
0.75185504201164477,0.80385351387066795,0.80686793536778501,0.81062094060742673,0.81961003831737189,0.85004489024002217,0.87381729891542115,0.90424103935104228,0.91982062686329424,0.9212865545932738
0.69632360773996282,0.72272201904627398,0.73090246496322342,0.75041348692895893,0.7623465503801139,0.85226381424838582,0.85670856526558303,0.90297913878748171,0.98499135758139156,0.99450114933053468
0.67481585340092431,0.68966094159552238,0.69065150384044838,0.72702239097685784,0.77638318332507739,0.80405688170549316,0.82660530956714284,0.85386507347749285,0.87285488335426908,0.97513563853005936
0.65399959872989122,0.65877210734751479,0.70075915757597151,0.71724669921190287,0.77568986904860182,0.82020872516619781,0.85779486727563503,0.86296060738264435,0.95734991586454932,1.1348882629455761
0.5990248146126218,0.60096816126760277,0.60904830803359156,0.62522121574809786,0.650462479594482,0.67300055235212719,0.68382144495694863,0.68898800992701981,0.69548251670578587,0.74431860129958904
0.57245973964809194,0.58751982399749458,0.66392244680761703,0.75855825261136234,0.76796281649760489,0.77043744545489679,0.78388542592260757,0.83791942466151559,0.86026165551715872,0.98858569138678742
0.6108226398130836,0.62454998142168039,0.64364567452373667,0.66440910454909741,0.69525042775814239,0.79069749244829168,0.79117310104305716,0.8149061422855377,0.86044746868308275,0.92614601085515158
0.61518232284011809,0.64758702820896241,0.64815964025786288,0.66888748797843212,0.6694429515290321,0.69030921926703437,0.71645493790088821,0.73661714605854733,0.7758582179775364,0.80268873070405489
0.49301991120160382,0.50683049689924475,0.50726121698161286,0.53287373545059635,0.5685270776266278,0.61187305542754178,0.64872708110475097,0.70033444328612093,0.70484396396022575,0.89930873517421039
0.606642406743652,0.63515301409982428,0.64589144422489975,0.65666912748700845,0.66292615893562878,0.69616183772982998,0.72114985023247691,0.72359286321908245,0.7603126041889019,0.83722057761318336
0.60325937557918019,0.62714072044965841,0.66088917307849959,0.68997291109152714,0.69009411519822406,0.72113146204044876,0.77039227315979542,0.77809583602401489,0.81642800662073967,0.86016735567307512
0.54386224305281461,0.54630756218597609,0.57584625133095635,0.58982979589504714,0.59503967215870945,0.62577026376527733,0.67484530904057261,0.71147536416403279,0.71921089171858066,0.72588985224534985
0.58532465075255757,0.60276142097439278,0.60674038491107263,0.6158826197446281,0.68390685535180662,0.75250502543933084,0.81276948547536776,0.86758634198862161,0.87810082303967407,1.0116691756858778
0.60926335115935615,0.61284598784011513,0.63062798043636503,0.63343084052026555,0.64008145644687486,0.64718157690937339,0.65020598593387779,0.66170263792929651,0.67350576593277856,0.88030759111430745
0.57963861429150709,0.60638405485769109,0.6083415511675323,0.64020252092152852,0.65753937099309168,0.66378575470113876,0.71616772593063827,0.75262512626311562,0.77547002874022297,0.7907815111224763
0.63255773159303574,0.65897722037570006,0.66736756471705094,0.70368574466754374,0.71765527700089526,0.72225569017440483,0.72864094226065568,0.78138226002406563,0.89754023203543642,0.93379897965437531
0.5162601540380618,0.53707994765311584,0.53871991507101846,0.53938745282857248,0.55926667067505553,0.61190008971802268,0.63797178385628817,0.67470559569903443,0.71702853869981897,0.94288267582685448
0.56101060332574848,0.57457383582204891,0.59092098280421546,0.59328717987969792,0.62480494526203278,0.62514873510931146,0.72443034224152258,0.78175806265949799,0.94067383934632831,0.95408910004856695
0.6233826212584761,0.64361861952830246,0.65658256851973817,0.65879209723996635,0.67211600362066504,0.67523657231699241,0.68754575033588772,0.70795198075402688,0.79110395886710583,0.86921736965790197
0.56172177026085013,0.56429045486959328,0.57569555125996219,0.62836113408917305,0.63561806173370838,0.6773365654380834,0.75129739666656015,0.77358979314979148,0.80319575405455312,0.90365450485852516
0.59176848889034339,0.5963542011822085,0.61832101445723575,0.64019277032152333,0.6438826488006395,0.65448289632802936,0.66656660720220806,0.67986424273854862,0.70299647017807043,0.81305466032187512
0.63398841977525189,0.65017690277605222,0.65614928661800409,0.68163286637598608,0.6919376355799578,0.70630935467602862,0.70907389373896601,0.73472800540688787,0.74593329049431212,0.78554589657911755
0.65986181200975791,0.66014151965931411,0.66255758840869738,0.67026316315764811,0.6994407054723677,0.715055525763995,0.79555645286555299,0.83378122863174076,0.96105057696693352,0.98870485022620169
0.63586121775702198,0.6612619089135352,0.69308435117187894,0.70005158909894227,0.70465163313738355,0.70692243136131472,0.72884846288710259,0.7428699468646518,0.79278434193802783,0.85881119931185301
0.57634004761873614,0.61029744983024248,0.61170182697857367,0.7028656075177433,0.71255777636907425,0.78636908659165217,0.88060543665372171,0.93437412163956601,0.94220593118441842,1.1044221617872645
0.67805573924006346,0.68827781548250888,0.70580792672887238,0.76474497172130196,0.77678800895349509,0.8046936287419939,0.81146064577730304,0.81720229928752097,0.89667678937337136,0.94828223262252331
0.64490793041295591,0.65438455047091804,0.65441687600078779,0.66786227372360729,0.67707723122236718,0.68905418164976417,0.71360593183598686,0.76529270539544481,0.79952562592214393,0.95632512700983163
0.70299768062197598,0.72011582649088934,0.77051566246990477,0.77740108756899096,0.78316956955488815,0.78379962075748955,0.81709904274203948,0.84185311341753133,0.97257641250673688,0.99311199384237314
0.57225490835400183,0.59232256275024975,0.6041594395608394,0.63918276988539446,0.64173208260417614,0.64922125248768658,0.68809507209731224,0.70350364984533442,0.80203115845658912,0.97336334417020076
0.61717668151495619,0.64013684886346045,0.68849239250342587,0.75862293374834566,0.76239994165347413,0.77352830426695318,0.78915017969236168,0.84059313337220276,0.89743089484012684,1.040389574478108
0.52819504997599154,0.53108072523642225,0.54327654441225359,0.5997588758230985,0.62049166340664597,0.71866275115029055,0.78337649984685598,0.7913710500791451,0.9014697972851673,0.95790129979947602
0.55149334817741957,0.57718633852379009,0.58212830535860061,0.6043002546935683,0.60786349510504856,0.62567611913535259,0.62740083411035075,0.75678710869161048,0.80074094704531928,0.83300094170036942
0.64252632476794913,0.68755587925073858,0.69914673963384111,0.71131543553508303,0.74748648094948544,0.81034373829422135,0.8234486213515555,0.88177609666651158,0.88542390077714739,0.96736322846164446
0.5576551570574888,0.56268818456429948,0.56994633415909979,0.57074385902752756,0.66570489991555615,0.68237581437760575,0.74283976096194859,0.8515083928399525,0.92749450414936385,0.93400775557651716
0.62247106628865323,0.70956815610842794,0.72642261417008092,0.73619782551357149,0.73713752241368358,0.77772943127514926,0.86212246318311703,0.91640248802032831,0.96092583164915402,1.0225281752261663
0.70811627104176589,0.7215310015376426,0.7239369670259026,0.75557845383034516,0.76512881580865866,0.83713867414187382,0.93745952007026556,0.95242383452328161,1.0265518512714999,1.1479532996434165
0.60724548203755901,0.63038905668468503,0.65619849576696332,0.66365760249376038,0.68224304195446761,0.70484308884245017,0.77365956784631251,0.79194776612902684,0.85700756379452114,0.90848265321579236
0.70309259744715247,0.72239992835699063,0.75876808661071804,0.76281464170616253,0.79270234569354647,0.80548980462175068,0.80692901566354358,0.81849957812051422,0.83606265267785007,1.1185696283696429
0.64804265424469465,0.66193765776237745,0.67948135529087095,0.76288335840373955,0.77440808436191322,0.81362201906991061,0.83388716128802987,0.87092756339730348,0.88435749747064785,1.0376211339155028
0.65103507303420294,0.67245964426281279,0.7013898783751209,0.72553088903638363,0.76054290492659149,0.77462081159763185,0.80424003216456752,0.8616975779768925,0.87779015729126275,0.95821598997575785
0.56977711658880281,0.57479573285918928,0.58296567256966814,0.61746933693684358,0.62772609845983673,0.63563203370310051,0.63705003196364407,0.6404433517353576,0.66365799584713026,0.87825144166142888
0.62252928098234861,0.63162604121399735,0.66056273186172509,0.66286828375563234,0.66998099049385429,0.67100916336874494,0.72818682709130078,0.73273672155898462,0.80534945298006244,0.89631899889193622
0.68166361360141225,0.70651192150469777,0.7205326114194448,0.74658133011136618,0.75231801654368757,0.76185627129308564,0.78635441941522766,0.82837014728854719,0.83360951909652536,0.90717071890141643
0.53103130318875813,0.65150798098557106,0.65891229379942517,0.67745918469495781,0.69516142724997421,0.69837232801423754,0.70915043472298089,0.77610961125947808,0.90479806215540881,1.1037986491256948
0.65328334901921759,0.67653745425462875,0.7415396551227218,0.7466898636802628,0.76573336876747211,0.77668745660267779,0.81892903513232618,0.86164905300278916,0.86961698163790313,0.97528460968159525
0.67860395768405279,0.69413745759524437,0.70129595926859079,0.70457534205896089,0.70477288469315891,0.77057926003886124,0.78043498791049126,0.79861214392615709,0.87271390528305925,1.0149928869839782
0.67451194003060078,0.68832757064910011,0.73379262116905597,0.73869762866928745,0.73931115817253934,0.78330702114675343,0.87159499855661027,0.89800109646321813,0.93574188506699674,0.96691447860398894
0.69325185542606516,0.70495718581845646,0.70745384973313374,0.75564606465962703,0.75871353044879886,0.77573030220236605,0.78246966604161594,0.79867580200385735,0.83252753364632559,0.90893718049854666
0.63499860887840143,0.65405535940476733,0.68126659337073869,0.68558720955402208,0.71522403548680868,0.7349459265174878,0.7734778678412102,0.79318455287464396,0.79755507516547697,0.90588603002330226
0.66404993363339626,0.70137344363635457,0.70706718245392608,0.7160711330282572,0.73113507214309825,0.7327109290167968,0.73498608009177024,0.84359680313419849,0.9795267225034423,1.0730573971585198
0.66742928685333602,0.67447922010011174,0.6890823853553294,0.73019819683948395,0.73707487990005216,0.74338658158154081,0.80298809819908312,0.83918208870058741,0.83940023391365104,0.93942303930289794
0.71198437630036215,0.71490483938116123,0.71782892257162256,0.74101276232589974,0.75022850794181473,0.75310931455763619,0.76504359798814914,0.83008722720095562,0.83368335650848824,0.99456025884246646
0.71296657780538419,0.72849700201294931,0.73039223033437173,0.80151662837825732,0.83692451805361356,0.84676779060722263,0.88143300845325712,0.88525316794585507,0.93848496752214761,1.1412426228544503
0.66845013740620196,0.6939721833356951,0.71662480446938348,0.73668535591022488,0.78359009544303371,0.8085800060830528,0.81643926238169051,0.84580784061981662,0.94351952774644188,1.121735410337918
0.67126642408731696,0.67302849635209361,0.67870317345328246,0.70282946764620924,0.71724877063397718,0.7201543185718231,0.73043660210533723,0.76990591013707865,0.88841831980926012,0.93629608265027997
0.66613531077178845,0.69130384180057147,0.77707491008872287,0.810149703786057,0.82150046001218691,0.83125080316234312,0.86509313505046315,0.88206459642533108,0.90488446400363198,0.9569473790554035
0.53787599230374106,0.55393152801065471,0.608517068967525,0.62799945215514885,0.67210721825588005,0.68416142992731377,0.76600979620639276,0.81971956017448555,0.86808993327102346,0.93818678541067779
0.55189560353494338,0.56807039270564896,0.5773950431711512,0.59128703598039234,0.60970712949146,0.67929995369679519,0.70691770816897215,0.75119297060721646,0.77122381062936762,0.86018388629603537
0.6647703414492514,0.67050769708398805,0.68031855331133606,0.71776099431877771,0.71960868149579582,0.74269412498511667,0.78617732552901831,0.78639524558287599,0.85397425217408296,0.88469930293056587
0.59698259267620246,0.61324821315147293,0.62610451533508726,0.63500338480100416,0.6372037357741771,0.75489281590668966,0.79335035080606842,0.9329716674597619,0.96869517612601763,1.094758918115541
0.55023255873727628,0.58276651754290665,0.58329734440826631,0.59135425737798641,0.5953095360017473,0.61631834952158071,0.63787962165938383,0.64111849834095835,0.65153839051073525,0.93227537294583884
0.52060821543742497,0.52342246406413162,0.57465963480802662,0.57795758824959309,0.66793542292881058,0.76910935381232459,0.77737257797450932,0.81475094998212594,0.82677431868004492,0.90250199007732812
0.48937320682790908,0.49537194214106695,0.54751485874710992,0.54836215986224479,0.56037064286245375,0.58092425821405858,0.63118046788351867,0.64758290640819816,0.70702595802980772,0.72186691180415874
0.63386639261047195,0.63701760952786257,0.65078139023575199,0.65296728878827981,0.68660041507244296,0.72591464916159332,0.73482821455155367,0.75095768367192317,0.77750926810982435,0.88570305639079816
0.57443468179016532,0.61527455681195953,0.61968883934876251,0.62381473533801168,0.6476554317137686,0.68040333351682891,0.70113061568445678,0.74049335509483205,0.75527218843541055,0.93647923157672253
0.57416039261568352,0.57498438302711596,0.58179692666735416,0.61747140094224084,0.62297036476412337,0.72168418561605163,0.7238478343524033,0.7352874703931751,0.78167549286336602,0.83546842527859955
0.58144499971681052,0.58865095940534484,0.59848282152075916,0.60266611303952944,0.64563744252624833,0.66440203213332083,0.69781181170033424,0.7032086620881608,0.73678588549435098,0.82404620819940089
