0.92873619002073937,0.93334502295686983,0.95913703019724039,0.9924809760558384,0.99847566632725249,1.0009799691916683,1.0081196223048705,1.012399539869385,1.0506149158647933,1.176336112041406
1.028818693603518,1.0628625937354932,1.0728612561069468,1.0897977249020978,1.0954956642371494,1.1023489635076817,1.137024130231254,1.152476578189658,1.2804225504516662,1.3068482040117235
0.91215597267841586,0.99804662646138498,1.0382155382594296,1.0542497640275172,1.1317734519660823,1.1597695609079857,1.2272497035874546,1.2405238094588418,1.2409512792383413,1.3439346286256235
1.0372923838278827,1.0461194268601135,1.1249966898655979,1.1324537309673373,1.1695913869987327,1.2269333499498005,1.2513750216142192,1.2604304367521646,1.2674633577656418,1.3486665459423
1.1121002152572763,1.1345146502338608,1.1496203919989361,1.1992940494541182,1.2388426278978901,1.2947646571066356,1.3095924338323695,1.4129600835200193,1.4442629961278852,1.5313378463172711
0.88160680573527594,0.96883022870850288,0.97408036122760278,1.0451168123419459,1.093816673007729,1.1270788703125914,1.1467519440830474,1.3463969669876072,1.6622034677508029,1.7307875010117186
1.1697750921826091,1.1756754186607221,1.2305272139620831,1.2900061417615594,1.298120003598795,1.3887254578704407,1.4504854508878644,1.4602614242617236,1.6427298999408468,1.9060789228740651
1.0743744414099128,1.0879834620058473,1.1301419634098568,1.1888929336391842,1.1936791900015651,1.2659202546853376,1.3272854446485005,1.5822283227973486,1.5822376405211696,1.7255756845934578
1.0898340125660013,1.1415214459126592,1.1521392619027626,1.1880228832487401,1.1959942254171816,1.2424907093469333,1.2442828309575522,1.2790090832489898,1.2963816701612774,1.4312895643079409
1.1844277033145842,1.2110801319770812,1.2552201880813154,1.3302362755553374,1.3401964613198105,1.3784458675477218,1.3986677890121801,1.4132387895469352,1.4294907851512053,1.4576257621742674
1.1442296098117062,1.1529591155812002,1.1629945923413447,1.2275623149705455,1.2358369046304665,1.260424799814956,1.2899724688348737,1.3429798150508327,1.350394331815175,1.3840407696557029
1.1620477023522349,1.1808708127702126,1.1850106604422939,1.271160218204717,1.2976335036827962,1.3666658241464376,1.3673331225275644,1.3844563891111812,1.4727036552342239,1.5065361529175423
1.1352665819326755,1.1496104338335695,1.171468557785865,1.1958935084329192,1.2499828503837431,1.2666040470738507,1.3032909616989596,1.3357540810654527,1.3686854959454253,1.5036024933698067
1.0784603445108347,1.084773064367027,1.1534817385936451,1.1670992609848976,1.1835462122575118,1.1911156993707928,1.5012555321827823,1.5075174535026927,1.5362411709070543,1.5601615506325648
1.1712304540395175,1.1719723358210477,1.2007894992749355,1.2265466878522182,1.2768330428523251,1.2981458818520246,1.3477274261420384,1.470831734825206,1.6291972177814276,1.6310962250990295
1.1344045074986457,1.1436188157860854,1.1818505953861544,1.18472700909633,1.2754610323029656,1.3174202793420022,1.3675868145367351,1.4563885871482145,1.5075627726775451,1.685580977531572
1.2044590869360534,1.2955594979883291,1.3055280490521608,1.3094268098575785,1.3683870771088198,1.4230586161735812,1.4763270431627369,1.5149463114694308,1.5276167660366959,1.8171646342824319
1.0878375508844047,1.1167530920519462,1.3392970479332655,1.3411246821187635,1.3964636314529262,1.4062428969564045,1.4097161374509977,1.4797525036116888,1.5343671976923643,1.6652207702622865
1.087662917467342,1.1103119946403455,1.2328326271924821,1.2550289045905081,1.2689593958129137,1.2698643518114019,1.3364396096162294,1.3864219763455599,1.4315373368870197,1.742138023093645
1.0046565772121623,1.0064940525382955,1.1372333147583995,1.2369041943827619,1.2520768651351064,1.311704541944549,1.3369349347814552,1.4314506717287809,1.6413789817209303,1.7210375239285045
1.1121250621669936,1.180093535080613,1.2101612639985913,1.2490479553527281,1.2563761593820213,1.2604112880606837,1.3207099748485778,1.3372458413451564,1.3478398935667686,1.4627151580352433
1.0110058541930713,1.055743738607517,1.1217549724710816,1.1317648117028378,1.1545627684859907,1.218406839742578,1.3196792810400044,1.3298244471776912,1.3444827156100616,1.5031020611194168
1.0367835019231864,1.1001104246109179,1.1343261971045022,1.1395506062282164,1.1844066873655379,1.2253444343810487,1.2915299132321514,1.3112638349692785,1.3252086912435348,1.5348572959536702
1.07284296745856,1.1348079023674988,1.1427207935413555,1.1672224157308104,1.1724877081610878,1.1900906541324145,1.1974819561182377,1.2512633943681521,1.2832965232413449,1.4818774745223355
1.0999802687113265,1.1001713177177423,1.115909431858686,1.1338925767510024,1.1345232745303968,1.1642191150868304,1.1902197090299387,1.1990983379861966,1.3020402099162345,1.313024953874582
1.0416151997238163,1.0651348579430233,1.0687076567392957,1.1026860841144095,1.1186001144607145,1.2634603983167132,1.2747151522771776,1.2816887129314454,1.4021278850791394,1.4151226805034214
1.1358956406526524,1.1408348226882756,1.1872731192783199,1.2105448887780943,1.2221666647271925,1.2703411052136775,1.278181644953766,1.2783084930202921,1.3599079010493296,1.4760932073345376
1.0648658498597361,1.0758044811913097,1.0763534282922418,1.0872922057998005,1.1055328572314873,1.1256162924280919,1.140294926809132,1.1807742049021623,1.2159504135369361,1.2806357110356856
0.97149409011275356,1.0168148402409569,1.0216736473556849,1.0810829044225119,1.0936092323317808,1.1460267082218225,1.2449404201974721,1.2595833984211224,1.2832676477100708,1.2992537266995354
0.93148787823897594,0.96756539441917289,1.0135559776275036,1.0447547546507656,1.0547712601522989,1.1557552957998114,1.1558002217330472,1.1671229712904481,1.1743439393442463,1.2481264526352418
0.95816803987472632,0.95906544795411941,0.96123108658999135,0.97545104911841563,1.0507696381745721,1.0671720555265045,1.0945065354904568,1.1636764416341028,1.2105509093727278,1.2122595191756877
0.87578939013590906,0.87828711212567656,0.92636900540484035,0.92759215774379777,0.94387680078148906,0.94804051018348456,0.95057897100469413,0.99727007308000859,1.0457478152732147,1.3967175686629085
0.93129233893507068,0.94422939173686382,0.95614395740448943,0.95738593719643283,0.9654211602338636,1.0387311783503423,1.0687690535385723,1.0784615548480345,1.1166373967440864,1.1620937660124366
0.92713560958962482,0.9286293303870945,0.9474003524130703,0.95574331288412173,0.95607343669444367,1.0253833234986995,1.029023825564821,1.0746841062743266,1.0857362756587179,1.1970497548933512
0.86267929945585253,0.86355094151924527,0.89492704149819602,0.89586549249221248,0.92390105220056862,1.0392167167928736,1.0509178963689405,1.0654616657225993,1.1264432085085816,1.2026819157012163
0.97099606579129816,0.99776940950409898,1.0315858341699924,1.0404808918436084,1.0513119565111517,1.053477320854876,1.0834165323669875,1.1432536936985982,1.2103754140865122,1.2227824295210419
0.88428683202759784,0.90528688816133274,0.92110318463856666,0.93951508577281784,0.95227313904714084,0.95621118023184826,1.0036718737371904,1.0334719613990595,1.0629629011509651,1.3227215702338553
0.85582028828976675,0.87285450631382,0.88413586209923256,0.92195776635846016,1.0147310697279939,1.0154709969997668,1.0293934219935172,1.0679748458929632,1.0773044890357473,1.10982270495058
0.92521440603822125,0.94533746049392331,0.95152413839139749,0.95504938711750009,0.95539545875067589,0.95897174420228914,0.96475719765062173,0.97912445451537833,1.0889846361248137,1.1205034716313054
0.81421838868504537,0.83620203600630338,0.86257256480786593,0.86919658541315892,0.90380251418327084,0.91219240418777048,0.95265910461576508,0.99721828412753943,1.0921423805903636,1.1282566956788349
0.95266705432772048,0.95709527127240346,0.98648502931674154,1.0076014421833963,1.0156735430579253,1.0420883375934658,1.0702788156500582,1.0949318263094678,1.1478414390278981,1.211917524767288
0.91793668237822779,0.96031931095599088,0.9773704029125172,1.0439916879274023,1.0460731602103066,1.0463592716113226,1.080581655067764,1.1057497589690808,1.1143580797284618,1.1209402458236566
0.92607941546180683,0.95879389878124899,0.96061609117981117,0.9771438975754716,0.98696644067545991,0.99021325941464111,1.0888825983076038,1.1110074438005766,1.1438181613184311,1.2388174349695067
0.9250994384254998,0.9393389214803971,0.95277228280979376,0.9706827170107033,0.97285608416402258,0.98159833017019604,1.0477439861650892,1.0715983186182512,1.1690177485176187,1.265777370803622
0.99424131169636576,0.99482009424908036,1.0005490186428241,1.0111019279049938,1.085383412406721,1.0856877117243009,1.12339528818526,1.1754194620413001,1.2139130536281937,1.461664421400017
1.0264908944170106,1.0310535759186319,1.06518655714651,1.0687867691049457,1.1565569066446137,1.1695410521520593,1.1901638148535199,1.2212526834297726,1.3447900452939825,1.510396046968542
0.99434004681152155,1.00040376711322,1.0010882557413918,1.0039365404840099,1.0366282557808217,1.0734830014948757,1.088574404329735,1.1042222999766551,1.1238626303683423,1.2594692276972159
1.0848775755437159,1.105267801183873,1.1052923831491728,1.1228798558276583,1.1229157892798947,1.1845907086670984,1.2266497638056046,1.228120012100792,1.2376386814372329,1.2447185052064365
0.93754522093080217,0.98520542634406949,1.0179151863460523,1.0222544995224263,1.0762701360682487,1.1564145068178919,1.1585673961146838,1.1660864871805119,1.2255741832283515,1.2844170644417208
0.93318970971535142,0.97268711666596541,0.97852084784699844,0.97968318221406347,0.98283717589200092,1.0298399926405404,1.044243823875227,1.059706421804623,1.1694686920930732,1.2896370863823297
0.98629371535874588,1.0085227363088602,1.057385205657007,1.1099423046152923,1.1512277291062283,1.223614126040284,1.2996117522848154,1.3365029865816074,1.3811405772518484,1.4117235975288116
0.88433106420504703,0.90733850547708439,0.90980904451780065,0.95396262236822205,0.97633846801684454,0.99990241161840521,1.0251220032135562,1.174678847055453,1.2550491745457144,1.3448727964474902
1.0327537902213311,1.0718356620929428,1.0848168337219248,1.093940142739986,1.1146702189956406,1.1190868415903825,1.1209488959534077,1.1647581172517998,1.2836526158292552,1.4418315341342076
1.1009289083384024,1.1092860059061924,1.1508360479311408,1.1544891475073946,1.1545954033496475,1.1695428571033557,1.172701977233487,1.2600582195079553,1.2689668308006183,1.3359716385927327
0.88970057149424431,0.92315955669983563,0.94835007589003473,1.0247440213170074,1.0607415647414107,1.1007917543813588,1.1180214177200476,1.1691445073248103,1.2905550349695698,1.3055431546301195
1.132837743353325,1.1880347579689801,1.2093415971004013,1.2560337078398396,1.2640872206265485,1.2845126323974143,1.3029491390361669,1.3057525675788848,1.3306429956176444,1.3695408129223758
0.99634539774977915,1.0146993452148227,1.0246906130186546,1.0483027448544839,1.0677357543259363,1.0823071369377701,1.1124051026636881,1.1251516138465294,1.2323891409920402,1.4288249131749118
0.97069991952946655,1.0415686366963399,1.0743700359203663,1.0744923260190378,1.1035377536002802,1.1151189367472347,1.3348042394123056,1.3458233876992716,1.5012258307738775,1.5058934705520408
1.0533023108739692,1.0874618637379818,1.1628497795378796,1.2391892311298678,1.316360781414029,1.31828944180912,1.4055044004832244,1.4195723510250611,1.4499565577405304,1.6541939272355561
0.95638270105488532,0.97744035590043987,0.97905623615741399,1.0235767512234188,1.049297736541364,1.0889711462249174,1.1500610399883042,1.2260145475667752,1.2651978876048569,1.3722144675452825
0.94677053575643288,0.94918498792769901,1.0147967995484191,1.1322002098958834,1.1852599052207125,1.2433122625595359,1.2524011516648819,1.2719767933177493,1.3408209919205452,1.5399135749386557
0.9682938702549011,0.98126109656506699,0.98286330616638296,1.0260513559234266,1.0555099559510883,1.0721711252283876,1.0885500345182213,1.2459178806020286,1.279818949936339,1.343347801031002
1.0589175004584614,1.0660338581235207,1.069440751655327,1.0844308178159512,1.1451474499197891,1.1569515840750428,1.1960580110703316,1.2223517425841237,1.2274944109647601,1.2655960560043753
0.95143449981702322,0.97965991784393536,1.005300102972257,1.0422446966011036,1.0520563729834684,1.0860337526791115,1.130298836937238,1.1370999662217174,1.1401662216138684,1.1967776110195172
0.9359645096125595,1.0099663990490977,1.0306376893135769,1.0833444890624007,1.0996989483486952,1.1972034703848218,1.2384768013852816,1.2815419251442464,1.3102701526426501,1.3108799334369281
1.085406992085463,1.1122002752106623,1.1140374271540177,1.164000388102246,1.1905211758481644,1.1994565268190724,1.2310444604494162,1.2811577059259833,1.3134640082510098,1.3803025211755395
1.0679630648124343,1.1082520607071698,1.1090953582835987,1.1504228560235581,1.1514546636578271,1.2390343072650443,1.2538867365966442,1.3293507635394137,1.3851828284758128,1.5767965221003002
1.2120441904526262,1.2129330456248808,1.2149034773721938,1.2405644384704098,1.2489459152114732,1.2728971548286729,1.2995409239757034,1.3046122189889147,1.3346432535857855,1.3738441162572479
1.0408470249617321,1.1348063508536956,1.1365717338384052,1.1472704247978984,1.1808799222807118,1.201298116558398,1.2681833801150151,1.3249673013813696,1.3781881474414024,1.3877398801661065
1.1427742943624373,1.1454851816588718,1.1656573288297629,1.1885908989250522,1.2431478998370622,1.2513623910331941,1.2634632768715122,1.286606673023901,1.2886186684472443,1.3252412717311519
1.0871238359148876,1.1227408529197849,1.1238872302944354,1.1339990878272617,1.1653146835716268,1.2225071044031139,1.2336692596098318,1.3107904191657109,1.4416284034696085,1.4564951536207098
0.9776708378866692,1.0633820746265092,1.1071647125774424,1.1326668232127903,1.2001440645064942,1.2241496777773384,1.2275581829837345,1.3526166376797781,1.3985276305199368,1.4101716943018343
1.1172674574907431,1.1398709932458218,1.1797630270545367,1.184632031757157,1.1908321942061946,1.2598699854314463,1.2635877245625746,1.3531335077944795,1.3557767648020311,1.3612937364781805
1.128492756213225,1.1296384223839961,1.1321400917177136,1.1367280252824274,1.1442343498628929,1.1473958401602831,1.2034940753211676,1.2273100008914564,1.237017423760927,1.4746563930534036
1.1040876586816757,1.1056928381742539,1.1163116809475642,1.144433221337267,1.1637479686234791,1.1761315318800589,1.1825872100829673,1.2110494226208806,1.3566219668632362,1.5027125240858381
1.2119723552965911,1.2171373326944379,1.2227763755795427,1.2390318034029546,1.2721342805654725,1.2914161702456282,1.3602247245733365,1.3611239950237328,1.4759317489834767,1.558722831007803
1.1183252578022005,1.1847850651314569,1.2168071807821703,1.2606278956268562,1.2636031113146875,1.2667838306275496,1.3597273412818884,1.3649308139092371,1.4066434441680857,1.5824453815218364
1.0742304252014594,1.1475412291096427,1.1547098423680806,1.1753682570367721,1.2270646053555412,1.2448024501245283,1.2835845961312504,1.3785558093691348,1.4355371035846169,1.683552217541878
1.071295274178226,1.1029457578349153,1.1118395832567876,1.1605287768366166,1.2530013582406809,1.2752878584995408,1.2842291832357753,1.3175657897855921,1.3818903947250396,1.3943882185164096
0.94255827916329071,0.94704253094792934,0.94832572269030591,1.0224591825755862,1.0332955362019818,1.0830813244622419,1.1390424468985021,1.1476062567032526,1.1650371522206875,1.4680583297766283
0.98982938806548004,1.0364575227343447,1.0380888158193553,1.0567634585131596,1.0609410539524049,1.1855262314273771,1.2965057320810343,1.2969906102082907,1.3339118551678615,1.3581883250285074
1.0646999578522034,1.0852648467408952,1.1280826871483294,1.129533669950332,1.1408259917423251,1.1417007356060549,1.1676032053762175,1.2683140834696323,1.2713999565991689,1.4227090770569921
1.030966886184439,1.0622136819908587,1.0682024857621415,1.1012418187608457,1.132069812167213,1.2410237414079504,1.2970954601500031,1.3439326228255282,1.4912486343717437,1.51015362168607
0.91078519473884345,0.98702612063153072,0.98819825068728218,0.99873268340905508,1.0083962332591265,1.0253847884809555,1.1009135033441422,1.1198522632322643,1.1973524797624284,1.3227734681194652
1.0063110343876884,1.0277164197157185,1.0799444064554078,1.0902956346749635,1.0911020745717686,1.1024264962069839,1.1188774047615637,1.1524155424632032,1.253323520034225,1.2743811018211959
1.0229718735167337,1.0331320221758529,1.0563975642660353,1.0753794353320134,1.1160182136988501,1.1221122072915226,1.1274881705828834,1.1436372743329333,1.1510044140133542,1.1945783474599367
1.0349431701017564,1.0587580001338162,1.1146271859817398,1.1328597927862263,1.1735180963139547,1.1773763517412661,1.18662947888832,1.2130104550647194,1.2298871634880704,1.3989843517219303
1.0621333302913083,1.0635151908284133,1.0716695527942108,1.0836765564817625,1.125229606262784,1.164501176178077,1.1989459697603726,1.2149762767149612,1.2483396472307939,1.4579941607479592
1.0403345176692538,1.0509364617764194,1.0754927383588391,1.1361664042874597,1.1382985871568336,1.1476612172421206,1.1946803329114739,1.2260521390369279,1.2375963774966725,1.2571718040573256
1.0588267473103512,1.0679945767362886,1.0938134942164539,1.1013664049514658,1.116590235906227,1.1217972791133737,1.1223741093703317,1.1425331850904565,1.3877769237230471,1.6489513699474085
