0.19130359165232447,0.19132701349423398,0.2039593995596598,0.21568709280025233,0.21611537874457687,0.23604411841101847,0.2524190440148173,0.27413389848100289,0.34848090807304333,0.38525550502175143
0.15163388266633637,0.15418624000206815,0.15985558419183032,0.18400844109032866,0.19515879497214828,0.20362575318787579,0.22801731704439465,0.23311522590925771,0.24944566045242755,0.2552058995059121
0.11543532070174445,0.12997319756022874,0.13479486426335718,0.14565084819725538,0.14610110942415622,0.17059171556111341,0.20102049325079596,0.23740590564215225,0.24129115754920427,0.40128851654833264
0.16291790255354321,0.1815785540485475,0.18276922318789612,0.22409442029848048,0.22897043581584864,0.23320658586932863,0.27953691105883927,0.28789204744666463,0.30045390031069275,0.51218787715533853
0.15126265333390254,0.1550036343547827,0.1603932736495941,0.1723759338241404,0.19374948032466621,0.22402749215710793,0.24308643346985015,0.29767713418942243,0.36343658114006994,0.36882886554219363
0.11518463165941251,0.1262953743274946,0.15373624337117286,0.16536039428271465,0.16636229038399364,0.18749077330201835,0.22007950980027102,0.22195838946803015,0.27817173952221141,0.41742043605511059
0.19741574297268905,0.20015415983308493,0.21235264074027826,0.2466869586799465,0.26345825075383411,0.2797796645173678,0.28657126747737083,0.28872523438508546,0.29704850564914631,0.41061022775941325
0.18033018837163395,0.18558549326950446,0.20151569823203985,0.25056116148491192,0.27887274368183013,0.29632451518492742,0.34490873528946375,0.36335235739091853,0.41399754794080401,0.61302955765271738
0.14035368333318843,0.14527976085747296,0.16922594288105453,0.17384300510758832,0.20651432026790717,0.2251347595818598,0.26023246435894531,0.34735040419402097,0.4004285248524373,0.49775592705405192
0.16377601212173198,0.19655370338803202,0.23101289651572632,0.2327229519098637,0.24441057455369908,0.24859463801249548,0.25831517176711927,0.26261358665878154,0.31974314172541218,0.32650686699942577
0.22167849233661086,0.22757203211145782,0.24558120598225663,0.26543614047150577,0.27329316859933295,0.30613686966711118,0.32061269467751607,0.37513249426399753,0.40351565327115546,0.42422429190665056
0.18111294829119062,0.19004769935157118,0.1950014649425964,0.28238899570534848,0.31849835881033517,0.36722651117582794,0.36768235991432041,0.3718710245122101,0.39163025257642792,0.42038774266550449
0.16760996114205007,0.17546423940758915,0.18165138118308466,0.18468633145864155,0.21585488495422434,0.21660145960855548,0.23590012935786486,0.26472285134576889,0.3759229726444886,0.51031846240497014
0.18453464116600493,0.20309272373689247,0.2214418398756699,0.22882489535925643,0.22952642953738911,0.23484500530700725,0.23648653771831718,0.25297836984597666,0.27253352966907274,0.28232305497417087
0.15681127699913988,0.16266208061461507,0.18059255599568358,0.21536149464707321,0.24461767084297348,0.27084402851347056,0.27777727123462714,0.28188320548273049,0.34289292242323377,0.3572212014358076
0.19743026681321574,0.2019360874457341,0.20876058088177718,0.21905376363741036,0.26033618327840991,0.26814026053589846,0.27810980357995563,0.30903539471883201,0.3721019473437579,0.37787479784398759
0.22501061230895703,0.25485338101091903,0.26177250099265681,0.2617877422806596,0.28160931743782003,0.28882600190594498,0.30077825245987588,0.32483221842795684,0.41530310257831493,0.45018597810211514
0.13204593378809948,0.14451681107006875,0.14935179740821747,0.15012968442222796,0.16180782113788394,0.178416679077257,0.19126896986029251,0.19135975692460061,0.19286086733388208,0.39459103188465949
0.20425887227780715,0.25945177232914007,0.28688724770317497,0.297357563841532,0.30039887813186539,0.34838289947498735,0.37682907512663677,0.37997586724771981,0.4083539224196655,0.42947360627384734
0.19398704245121401,0.26138863470919738,0.27338109002800515,0.27598805779933322,0.2796432288039381,0.28326722129782045,0.28852350925131942,0.32578443535018531,0.43982180374211444,0.47980109950643657
0.19570850691712804,0.19599098461381326,0.23484214714545892,0.23765740856911277,0.26646774750088165,0.27227398101662992,0.31381761879979608,0.32907638511483839,0.37685730430922071,0.38130436802084278
0.19349205388936142,0.23467442857748289,0.2508797161062768,0.29872397870136114,0.30156673360560626,0.32061509239108155,0.37642369567984746,0.44789591331789858,0.46154179501209613,0.51467397050513997
0.26510394135043258,0.29915087258185968,0.30336190179003486,0.34105871218768158,0.34284512493792851,0.40176863867203005,0.41973158694728729,0.42272087416980142,0.5506275096964961,0.61648058336350386
0.20864250544550966,0.22115932778040293,0.22420278564691243,0.2656432256801331,0.28421058735700155,0.3238646745419933,0.39748983858607323,0.40355422672161545,0.41492680235107615,0.54873090999729124
0.21492110409470655,0.23848379904401273,0.24396366545282833,0.24501125513606858,0.26152520523341538,0.29560247690574082,0.33966234514137161,0.35997006700766354,0.41813281245331479,0.57758806453623768
0.26163937474204957,0.27035181151860854,0.27172988263901132,0.28862273575223751,0.33862220432467183,0.37244719031025086,0.37892763397986373,0.38571599945209201,0.44398734489523273,0.50001811575703403
0.25039142777082235,0.30761916200499417,0.34471510531464711,0.36254605003474882,0.39549814412685214,0.40278312657750526,0.44785347320226654,0.4606479756282722,0.52447743797435065,0.81981181318796592
0.30288978926463406,0.31106373792808295,0.31575139606373837,0.33786542811995446,0.33948347881779473,0.3504729566241247,0.39126096718778269,0.41554743426704821,0.45218022277918513,0.52485246198625202
0.23276544274760225,0.27888182891804281,0.29328887293849526,0.29916207850080312,0.30074707784215837,0.32092672930290078,0.35255041246786822,0.41248059699761619,0.41349315385825802,0.47025592087331169
0.24208830434288586,0.28977958247412872,0.29458214690065354,0.33575151279249127,0.366874045029284,0.39079011220060611,0.40803889042547192,0.42479235357442535,0.44220791479084376,0.44569545280685263
0.25261966629683297,0.25358826431920667,0.27787340562137297,0.32666169839607706,0.34939933159662306,0.35910670686253221,0.37404247151792935,0.39326043647101772,0.4468706157623763,0.49030947375258815
0.21672785181277421,0.23127653500997347,0.25780919716497452,0.28688471341078792,0.31198206104827397,0.33044800341539382,0.34395815413363451,0.35583408607727973,0.36195553278619252,0.36823888329383436
0.23082328218105053,0.26202903234571995,0.31298381744139325,0.31387774449353856,0.31880690368775078,0.32887763651132751,0.36745198407022306,0.37079051197114987,0.38955052258945022,0.5376672060978458
0.30394399101702296,0.30421621677830712,0.30844647415657489,0.31199477542477716,0.33194251529199992,0.34489016144630424,0.38186332127519185,0.38842893031733983,0.41964352545250216,0.49275067073708767
0.22624258822834475,0.24302980032901988,0.25225630171950941,0.26317484068961194,0.27542556685146513,0.29987708909804001,0.36376977861377258,0.37820616609390179,0.47714491631167766,0.55543974248395678
0.26982501270065651,0.28992819207673337,0.30013642376612193,0.33397544629870479,0.38839585543644395,0.39675572670486714,0.42250620553233853,0.47987103848300494,0.48519892391232755,0.49720299431827897
0.29622078717139422,0.30490435596482612,0.3188179816382668,0.34992927047294264,0.36357770534494982,0.3670562503050272,0.37691190928465623,0.38034906765364251,0.40661679587790189,0.57389399870382141
0.23815643515602813,0.25339044171827929,0.26532171090671586,0.28913891405164982,0.29129932319755403,0.29592652791640051,0.36436287132389733,0.37355591757269879,0.40427147965302312,0.50886479531782713
0.23696824450693832,0.24209262659863384,0.25821541569778717,0.29907066380228109,0.33332397098258415,0.39090480755649448,0.39105940449867926,0.42473394232839201,0.47693682269283189,0.5633082099423401
0.20200778338595038,0.20288938965641101,0.23817552242789342,0.24085726246375838,0.24477629496194853,0.26769089363170506,0.28869016200081399,0.31706397681030518,0.39649093646022671,0.43697445491077902
0.25376648775839827,0.25602198244094332,0.26630900414085668,0.29968573411644384,0.29983473995797105,0.3124082631252536,0.36356466904007467,0.45713545980929648,0.47551558949559958,0.52959477549042733
0.18912082220731286,0.18983712270874786,0.19071367123181027,0.24111077614481236,0.24985264482492386,0.27555101290322481,0.27613704259518901,0.28691238166046329,0.30362481120514007,0.38132442309582393
0.19727087682804934,0.23802033842981585,0.24837579277780142,0.25719567748003591,0.29826246581621207,0.30710751850951201,0.30899717038403152,0.33030908794161506,0.37330643915949091,0.39760871859611369
0.18033365246435551,0.1848643078132044,0.19906142076096778,0.21447966916621963,0.22109887891652003,0.24584297615832185,0.2518736693610979,0.28054527504179072,0.30635136276900443,0.43139628917212747
0.14561904397453862,0.17406181118081054,0.18646661342202275,0.20485483315654562,0.21902469859910223,0.24037800793154007,0.2708969917763917,0.32844137326874012,0.34528094609711513,0.42218800334529627
0.19492677772802391,0.19622225415441319,0.20039006207594046,0.22052736786234073,0.22504255207132573,0.25900093353512821,0.26567093086123483,0.31308980484049309,0.38514394368530036,0.39087960436268432
0.15699235653672661,0.18376748052233571,0.21552600783449583,0.22209801105901716,0.22569875529795835,0.22997828242083873,0.24360481286795022,0.31594933334670694,0.35060827690496144,0.37667232728678579
0.17153991977539107,0.19536834732431307,0.20147677272025089,0.22568416347224085,0.23389056968360267,0.2997332262336867,0.31009285575121615,0.34464264489199881,0.35546003878667642,0.46519633162140073
0.18480204750002116,0.18994113297542503,0.19750136622142112,0.21870322206478976,0.21915902018173483,0.22030514106869425,0.22958427211154842,0.33241406967289855,0.45348339128816928,0.57690756219231254
0.16851134600114603,0.17278608845134924,0.17294512605552859,0.23251462946902191,0.24193760940260178,0.24733848092038002,0.30259287694438575,0.35306748691337253,0.36900019910842863,0.41060122736368987
0.19038969758489577,0.2215655884072989,0.24494379615733486,0.25231698373235156,0.26395989687445409,0.26927798857668739,0.28294618388658233,0.36255720533264268,0.37639170758954199,0.53722383517730643
0.23974566930652319,0.25226556064071826,0.26193799409362395,0.26263155647607395,0.28541829982510247,0.28795325414058137,0.29355988092518315,0.30598165119813636,0.31432713038483984,0.34040190538744586
0.16238573946712709,0.21942293288345427,0.22692699641542324,0.23117841956530727,0.24118871603390124,0.29296577618655917,0.29416199070414706,0.35188015256974214,0.44209612802014053,0.4826579025210691
0.19728072604481905,0.22941729344426287,0.24165963758551712,0.24850272168122034,0.28508754678899706,0.32616206112515478,0.33095454103045308,0.35108415951316596,0.36243956392240229,0.37856144414845749
0.17434798615759384,0.17629476247282971,0.2003443267741325,0.20496805931920692,0.20787466544666078,0.20889496717204503,0.21302714756321972,0.23615875902108963,0.28114107435836733,0.29010072283172672
0.24062723531546348,0.26275690037169852,0.26316839612779575,0.27793419655087837,0.29243315084022115,0.32342006351466646,0.32507786240738445,0.32920467092180861,0.35387061082034377,0.35908198825199733
0.22619294733100581,0.232771707803344,0.25202734340552579,0.26702413250997559,0.26956017038385394,0.29791247685533717,0.35780996005695043,0.40681726465692103,0.42360971275199244,0.56387179650895192
0.2073586240249452,0.23930190393807438,0.24680422064484198,0.29894177049315562,0.30038046369585203,0.33098019663435441,0.33956032259090918,0.36624311465407899,0.39086460411539026,0.43203058755246815
0.2730371116316701,0.27729638612931939,0.29791255160090646,0.30694281824665648,0.31810484333462474,0.32171692893517712,0.34528936068744054,0.41376521235856245,0.43062015971890855,0.43418101843770662
0.21556183515416238,0.23072593599107272,0.25500806082859606,0.26941209006641831,0.29418332336237318,0.34879604321254254,0.38375487525569385,0.38958144112092263,0.39052274410288446,0.67304464767159855
0.2454706507163591,0.24818681812065169,0.25472270757797943,0.25510084237201802,0.26656575921467862,0.2893753572372062,0.33824732840649041,0.35872631952997658,0.41978848774265565,0.47656638941683838
0.2570177595970109,0.28755078451835248,0.29006783523275326,0.32135810507925777,0.37336794924945593,0.40881000907351472,0.42659378617111265,0.4479623640727608,0.46458158680986728,0.51750007363528816
0.23027098296755755,0.23610281940850708,0.25717298727923588,0.2783951410521408,0.3136163333733859,0.34753360536827715,0.43225899854448047,0.44501270757547573,0.46303189043913884,0.50350761797053023
0.20021707913778242,0.20415999443307253,0.20955411244139688,0.26307251591903169,0.30849493179168874,0.31153444970676514,0.33673957813085886,0.34721854241718875,0.35719120258123827,0.39345304170057016
0.24406741390110742,0.24841861144798649,0.2752051155970161,0.27694005507727937,0.27804418647247431,0.28093960236361681,0.30606034821035433,0.3365812266841206,0.38085141757145857,0.40251889921367745
0.185949102156024,0.18792661373968134,0.19068158403063995,0.24646435181996829,0.26388481144886811,0.26525615616534948,0.27384548372267137,0.3775260217948011,0.42274979752497499,0.46424819279814189
0.23083541933122964,0.24774483372643052,0.25224496971321564,0.28193108876763828,0.28399014168153025,0.30417843235256248,0.33508149017015976,0.35633774832178844,0.40442306967653163,0.53417490193255857
0.18515851138391559,0.19259198584647619,0.19599966728067209,0.19821487863235676,0.20275437079758429,0.21637634403865746,0.23452356645774985,0.2636551448045763,0.28132873085120336,0.34249894723460628
0.18953332271855716,0.21485299141466063,0.22237844606965851,0.26691265187942292,0.27149538563305464,0.28022008926609976,0.28380738154493335,0.28464848150121336,0.33455593883643742,0.3423701378791737
0.18480757158146632,0.19364852033435431,0.22086243351936208,0.2304435147931132,0.26183933029190198,0.27233168335096503,0.30109058918737164,0.30808132412075251,0.3695655649276044,0.40814927731119921
0.16455767455778458,0.16758020515873273,0.19413494643079066,0.21661237244267317,0.24226160158768772,0.26747208143465295,0.30511075341972527,0.3118417007171419,0.33325047409386732,0.3384829054244296
0.17226990566741218,0.19760534008602537,0.19928818813690219,0.24397133263968573,0.26206837808761874,0.26367378306295386,0.31567026753453931,0.35096677490993056,0.35383523925504123,0.4768395649519177
0.18172575518942136,0.20025143213172436,0.20109048898221804,0.27121430354579923,0.27509847292561052,0.31738453696373892,0.33281988423377307,0.34413593551296806,0.3664183455794694,0.44996299557935293
0.19668663719396262,0.2338196564163173,0.2340423545682504,0.23952452966212512,0.2434568687310974,0.25868101354215645,0.27600247979244941,0.28730773716426095,0.29385885795167122,0.42398507296344512
0.24455564991741507,0.24831137027010275,0.2517375963040136,0.27088724298759992,0.28118563149442677,0.28302616033611594,0.30179894231749538,0.31603675040558921,0.34878851537261824,0.35115990391455254
0.18540049852090901,0.1986916894566737,0.204657539798065,0.21277410468290059,0.23453638036421243,0.23925770148099579,0.28300177136072513,0.34719345325516482,0.4063109391562425,0.40923954766797577
0.1703323709925475,0.17415431505012391,0.17850513043921268,0.24134092370128712,0.24507985448015512,0.24570321518766836,0.27650805317146698,0.28340287565240008,0.33885833432370172,0.43770048371577497
0.19264085832229316,0.19514463427624706,0.21781924638208228,0.22577297342285796,0.24059284115545054,0.24552445661419808,0.27191851063995864,0.28985534057099116,0.36069230423862431,0.39239065468758527
0.22521462432843986,0.22659155131568376,0.2302319871952494,0.2622291958558356,0.26948649277922376,0.27115252726443861,0.27610736150577653,0.29996801194331235,0.32678044909812831,0.39078659724500309
0.11560739981316903,0.13389588998931945,0.15525243498492625,0.20932417696726136,0.22166933062147409,0.22717627517640748,0.23837887285754134,0.28375419176803929,0.3029285687634693,0.36636380776753796
0.21805562924800581,0.22676938747009912,0.22953549001997242,0.23387204749492652,0.25249143729999313,0.27821399035222427,0.28616129530088097,0.32240091036420448,0.34701830083725049,0.40171761208846846
0.25454263082997519,0.26147359711036788,0.27244290626195911,0.27685284502944052,0.30898353476211682,0.33483563723085297,0.336178266927742,0.36134260541513452,0.36319740879019768,0.38332733137025343
0.23750547570556968,0.2380207941856427,0.23806956891905839,0.25951898907072524,0.28859612729327244,0.29655116692793726,0.3136902424873611,0.37824577771638479,0.40426435125373938,0.43954692242088589
0.16491160484648093,0.18158047023759982,0.19489948190062734,0.23012314157111957,0.23178003142829384,0.24304735561235224,0.2762079665447823,0.31237847225750759,0.31387088931161422,0.33044946490434413
0.13072285908670045,0.15657125914784809,0.18573660416516136,0.18660661770786735,0.19719157111672025,0.21081867519896091,0.25370879901463184,0.27310095180394578,0.29292324611656007,0.30647200795569152
0.21772914076739402,0.25560962723318337,0.26868119835578952,0.26937869291308258,0.27206926803815001,0.30176656271532654,0.31362422409828294,0.33442521040151041,0.34181837066914067,0.37923976672075765
0.20091641384184333,0.21642914757541787,0.22071297577931048,0.24938088625266097,0.25482059066177776,0.27389201138482644,0.27480827047966683,0.35065532237540165,0.35225327806180129,0.3781786211038578
0.19026336756929085,0.19402123006777972,0.19841377896626611,0.20109216960310849,0.24481915855261249,0.24980738035357319,0.31269221163217331,0.33978261646951591,0.34013116183755621,0.34115582260420263
0.15798808282744226,0.17310921494651454,0.17781114926503561,0.1818709959728535,0.20638372938965155,0.21229079762961023,0.22379932785736445,0.23850403090589545,0.26228775143085947,0.2977412333013354
0.2053695123088235,0.20886256281108473,0.21264224865847448,0.21732509325398164,0.24039454718973552,0.24355642113163167,0.32078164568446921,0.33680035712931167,0.33805195516609388,0.44459643610952559
