1.4147769545889899,1.4175803644799205,1.4301515570797854,1.4472350237836831,1.4944658635616515,1.4955670710597153,1.5178347900728895,1.5235949705297456,1.7704847492885276,1.8599697301065361
1.3362688899813793,1.3702636429179438,1.3764561342046711,1.3775718033501434,1.4866216914924939,1.5531324428941287,1.6223129846518152,1.8259288733476484,2.0650025121091193,2.0707156899672299
1.4985728200174293,1.5139629466058229,1.5227307709648907,1.5525823201842543,1.5903507670753529,1.5904278584216498,1.6102431439952718,1.7523518169976064,1.8106131667356704,1.9325452447639899
1.5387118000046867,1.5538028373602879,1.5653294367233452,1.577903963770142,1.6045810043444573,1.6347092972977557,1.6458944911837827,1.7203154618545637,1.8015698632930464,1.9833816383212861
1.4807340281262886,1.6143532712609416,1.6769895398719243,1.7228667615161626,1.731003157931772,1.7712821975956066,1.7822375406926574,1.7952760210639416,1.7972972119694361,1.9011649552738168
1.4107830963329424,1.4319720163966441,1.5180618316081718,1.5197585675692551,1.6174285416881602,1.621556105173811,1.6281666011927958,1.7274564507164638,1.8844487866706989,2.080800144972482
1.5451087994242667,1.5812677578409202,1.700523024680153,1.7391384864863215,1.7629174172812139,1.7693189142166945,1.8008278567108329,1.8883119654401097,1.9776574374805724,2.2681219338841641
1.441718079285554,1.512850679973051,1.6444113738417321,1.8565387450313815,1.8678216321239949,1.871046650123309,1.9303681725053681,1.9406210762130516,2.0216162323165028,2.194157790235697
1.5861584205042116,1.6081394814815337,1.6283415770262826,1.6388536999292045,1.639735770301566,1.7559813373411273,1.7803959615135543,1.7908589702265965,1.8228570587559005,1.9176532556773478
1.5533697587624444,1.5598371948733094,1.6070024346229368,1.6430188096048406,1.6865340481283004,1.6971046418193518,1.8339806509994914,1.8635594185015338,2.047376217605938,2.0903572124568726
1.5984215226544762,1.631518129929205,1.6802538887261786,1.7370861302819893,1.7936612386111861,1.8904515419536501,1.9393156354687295,2.1100483076549716,2.1411012917115673,2.1555587302569643
1.6727003572611543,1.6756831529092251,1.6813589657410415,1.6988360318436606,1.7224826920157983,1.7724500472426197,1.7861515420158778,1.8262191925433215,1.995160261270098,2.2473641342738202
1.6291806263168187,1.636250538763766,1.6677711177304757,1.6965034441372482,1.716658603293008,1.7429552587088104,1.8071435611859239,1.8189966623989291,1.8420273484449752,1.8702724716205064
1.5772036003696344,1.5947690415185356,1.6606264206131591,1.7062125242646218,1.713560441976262,1.7768270091213383,1.962966739992178,1.9925898565215721,2.0085811731445427,2.0771964040840221
1.5475641744193189,1.5501817546704415,1.576021996530578,1.7282909124684949,1.7434813060885861,1.8073157237055928,1.8346022293037403,1.8851663354147501,1.8880188308333332,1.9469806958089086
1.5463631756437177,1.5565699207454582,1.6006105805648061,1.6540051399556948,1.6551587714400207,1.6685259186943813,1.6866672127652507,1.7925438012162505,1.9634622575193603,2.0009865275529175
1.7146668057819969,1.7183845818109948,1.7335583393731562,1.7933179731563553,1.8115556047889603,1.8396906305742096,1.9036935415488727,1.9080674206586288,1.9831455202586277,2.3944117541612036
1.5838884493298653,1.6215279319124156,1.678343530597437,1.7642536334007364,1.7800816590030932,1.8101306164056621,1.8711312028737703,1.897051251175272,1.9852219843099175,2.088195087756457
1.5371345542698518,1.5669280064301061,1.5857330580177931,1.6131995683019804,1.6552174447120884,1.6643297044496599,1.7402584556880889,1.8262656364245571,1.883832031754634,1.9133650810355922
1.4357087207098007,1.4425957180693967,1.4647656261123259,1.5579374853534023,1.5995069967974347,1.6012360708182081,1.6537591703921009,1.73724050354138,1.7891019926394949,2.0643851079006952
1.5211852156594019,1.5279223760541982,1.5406093274635273,1.5604708620425529,1.6002838861746183,1.6681826242989199,1.7169153228831142,1.7833484170738276,1.8101444965688036,1.8118215557380153
1.4709810264221379,1.4933549540691988,1.5697991996968299,1.5998833477827519,1.6088807852832989,1.7329179768424416,1.7541750235249878,1.786004305122177,1.8550223603844145,1.9306332389906757
1.4630655472808902,1.5042743538748251,1.6554730601522141,1.6700190104308645,1.6760411387655201,1.6817226220477832,1.7358589354463558,1.7682860687507602,1.852499309370653,1.9684431815218111
1.4543689889069031,1.4944363143429786,1.5051497080186449,1.5819646991444256,1.6706175767824545,1.7499492088484996,1.7577051225628546,1.7792764071077187,1.9381426066504648,1.9884509583101859
1.4234846549782052,1.4598662868404997,1.4865211230208399,1.5205861223453603,1.5338037687446424,1.5718397128815305,1.6070862107996069,1.6224440879137649,1.6876658221572423,1.9677439550705373
1.4643362578405599,1.479842566496504,1.4912184934836894,1.5283926327170523,1.541890890233391,1.5682326050954427,1.5842908752934362,1.5874789164160976,1.605988323796145,1.9173166245945499
1.4852876009195759,1.563823070046662,1.619954757513657,1.6327097325700768,1.6461115606653691,1.7574925949851288,1.769645916701952,1.784803708585569,1.7923762008877597,1.9470153326707536
1.5458565505116821,1.5891408697882916,1.6254940892220131,1.6482771405109133,1.6908680787633252,1.7149728904825163,1.7282662642614446,1.7535821306350341,1.7658092985058387,1.7704955168239076
1.395942241986226,1.3968371132803146,1.4864835651528749,1.5632681078700847,1.6257712542933116,1.7003916478257026,1.7221515690752565,1.7415569601649858,1.7791476401363644,1.8056387545913144
1.4947621196293275,1.5129011043250613,1.5131602377788345,1.5185402044376284,1.5584156957313704,1.6267532147429877,1.6421096615277122,1.6497151828340675,1.6931658807006662,1.8063797893384841
1.435514950644361,1.4429542421817261,1.4704562634909304,1.4907855663438574,1.5119912244120122,1.5199784233456155,1.590556249468543,1.6435598724894098,1.6999810133013014,1.736104146686352
1.2180263796418682,1.2325752455108114,1.2927873717093443,1.2953395663306528,1.3618130945175646,1.3974004141035041,1.4062691068340074,1.4948783611269305,1.8713232816160013,1.9458964314109932
1.3804173256552374,1.3830637542254816,1.3985196401833453,1.4686780296373154,1.4704162304361619,1.5180457872286608,1.5908284367977172,1.6521822562134307,1.6692132460434552,1.713065282121264
1.3432569357926778,1.3609994860861208,1.3857798319897769,1.4189911811025069,1.4261985294878583,1.4763086235927165,1.4907210441781986,1.5392442064275698,1.659751464291737,1.76996145571928
1.2586680449551908,1.3090536210755714,1.338264271860806,1.3582546521395749,1.3724610834305109,1.5518428272265665,1.6034159860946255,1.6164311015571911,1.6342109663174353,1.6354351891455448
1.3694358028127356,1.3910776532874918,1.4180743421307471,1.4273363931350862,1.4303138340376331,1.4906794737914928,1.5763666288380827,1.5798593328226498,1.6759949368862705,1.7352920833458145
1.3172266181732315,1.3693279241761327,1.3886936667298349,1.3993896712587044,1.4397360831135977,1.461012181365708,1.4771657538076619,1.5195349130332723,1.5963362623233341,1.774973607689337
1.3282992742731863,1.349918900511363,1.3810871014068362,1.3904868724407136,1.3937850914569401,1.4012182956228214,1.4212296932216022,1.4517389046361666,1.5081097484514752,1.6883249111943255
1.3697042766466025,1.3698651830806181,1.3821118335949656,1.4229049670038982,1.4327499207887091,1.4344471653891508,1.4783460309433578,1.5098848119734702,1.5249286920201244,1.5655789877490962
1.197392195314257,1.2136562521925911,1.2383501674654398,1.2618434402358467,1.2650920280133993,1.3160851055960539,1.359724320448624,1.3688608219252685,1.3899656981822628,1.6185203731740567
1.2879671380256177,1.3276875827081271,1.3299145784733648,1.3498860308763438,1.3932798066191516,1.4481899940211895,1.4591188938998827,1.5499474276099083,1.5984733787235386,1.6064344932261729
1.3217425442966837,1.3278657643204301,1.3655413154947817,1.3688710765516596,1.4081631869709978,1.414140107521114,1.433602220834663,1.4358740133649457,1.4591884995977464,1.4815115952504305
1.3402922879868693,1.3473541999256895,1.3567627915696869,1.4370477686259937,1.4506231126422091,1.4855817875729374,1.5270701739963353,1.5368866316953853,1.5789003829728485,1.6403947579916833
1.2880083040151824,1.2881667454759036,1.2983079385234166,1.3091315078916694,1.3642252126594476,1.3956258502077707,1.4002511591600517,1.6089688088219498,1.6171439195285187,1.6252746361487218
1.4050708710097921,1.4187141415601952,1.4516945307449025,1.4766355546616636,1.4813800204285661,1.5063426257201642,1.5263022372412034,1.5476361419393085,1.6794144938895621,1.9032099978385746
1.3444513955048514,1.415915371270219,1.4265013899259782,1.4271423046823482,1.474798114318463,1.4908839052827614,1.5320760108474851,1.5353794080220586,1.7334529621236807,1.7504953539175623
1.3719845692705954,1.3916359772609455,1.3925593338379456,1.4195235487159601,1.4337974044827924,1.4447347036033178,1.4616871200869475,1.4634424123020735,1.4960561838358029,1.5384662486041281
1.4390230048021841,1.470512401471828,1.4883062700270835,1.5087063068672792,1.5125655040688746,1.5212282903638692,1.5501630449223414,1.5522405585579033,1.7568003391376488,1.8930450268262684
1.3232348292655645,1.3353244766345798,1.4415734849054869,1.4560504547002027,1.5183305089620633,1.5341057229371966,1.5371277218836643,1.5510196704802159,1.5613235453438108,1.7310165723855913
1.1997800213588747,1.2018503046401259,1.2495310103798931,1.2785102491183853,1.2947161540302141,1.3731941531352874,1.4920156404690865,1.5001750626456616,1.507338239421065,1.5534316410252997
1.4367786553302238,1.4633305907774075,1.4758032444954181,1.4812799557066261,1.5123814901873156,1.5502721768185697,1.6032796877031705,1.6682660332972818,1.7293141564058794,1.7312967612510888
1.2675415750667285,1.3118496861673385,1.3728102191933038,1.3802650132374579,1.4007141689261156,1.4220470525645177,1.537363458588735,1.5632383816880235,1.743971863774481,1.7693613991317916
1.3651737744669092,1.3940249400796203,1.4049234052884398,1.4314764837842322,1.5057810357156667,1.5270691852542821,1.536689169343803,1.5375124310239023,1.564039028168323,1.8134013468797807
1.3839205741552081,1.3974050978374173,1.4477706660054954,1.4675019587409981,1.5062092873765551,1.5076687950967469,1.5309261797209603,1.537297961947881,1.56678722107673,1.7113913519155632
1.3241345244136955,1.3407366433794228,1.3455911736970676,1.3867476543228112,1.3968640447584999,1.4446440477244069,1.5023825840149314,1.5490830647041138,1.5554202000398307,1.5785749271286722
1.419254802484716,1.426828927232318,1.4595098721555329,1.4870781817705248,1.5083678262318774,1.5485167948565923,1.5811109777868992,1.6098764207293481,1.631759433575493,1.7819118991514913
1.3978306138301084,1.4102348285059949,1.4215319753763076,1.4330900767179573,1.4542682748288032,1.4901229619366512,1.5357014494718677,1.6912697152704266,1.7203334552225451,2.1553968856633232
1.3948852432136403,1.4115609583691984,1.4438152108946438,1.4698613408886794,1.4888962948520161,1.4907420808924723,1.549945437215495,1.632782963437124,1.736978224163408,1.8575600395355565
1.4416768138989791,1.495621429195142,1.5807681652349581,1.6079946500210536,1.6206122614091281,1.6349072898193282,1.6450482026541233,1.654555717102415,1.6598942556787355,1.8049549841087256
1.2803672116097315,1.2811574191085149,1.3358264268432531,1.3563559580624682,1.3609029716773176,1.3712039384757597,1.3973876088234709,1.5034029834892104,1.5358498431318979,1.6559137372847146
1.4054826935533007,1.473519670238848,1.4942140333111493,1.5036030276024324,1.521725716695554,1.5440658793095827,1.5473390963748304,1.5640550015221364,1.7494190014862618,1.7834739790138978
1.3197301688973528,1.3592069006962255,1.3721781908027006,1.3733252868090227,1.3907451515240257,1.4230701285506346,1.4964612127964436,1.5406807548463006,1.5607949061781761,1.6488026555528545
1.4448784392413589,1.4753639230722024,1.4818033201387859,1.4828355222872802,1.4902024950796342,1.4989989768517016,1.4999082710585983,1.5429565381015591,1.7116426366482678,1.8278499470118563
1.3566226268809336,1.3660662201769211,1.4260112498834996,1.4518578518569547,1.5573889368212739,1.5829021404320174,1.5921216138640522,1.5943152750730976,1.6476880871566317,1.666044702522858
1.3696599878363545,1.3776087897920219,1.400508836175625,1.4247253454986342,1.4437581321254469,1.5077747847544005,1.5303704287579976,1.5951228761690124,1.6504240276211752,1.7051286609573841
1.4702966712306278,1.4944961415782059,1.5015750327517909,1.5253986512090805,1.5498237234252259,1.6117482134944359,1.6546347905591738,1.6681258191124058,1.6951738800928369,1.9227464921078881
1.4353131786873523,1.4564919326949624,1.4902844169163321,1.4983860723462974,1.5424978540311414,1.5546874185518664,1.6648961077942963,1.685549890173085,1.7118084524970514,1.7739500280805089
1.4960900603958875,1.5115208146237218,1.5282448305297232,1.5370819288213773,1.5472987663293321,1.5573284354502994,1.5598505561511797,1.6493926307077835,1.6766734973931579,1.7071620991237433
1.4757908809604046,1.504333800825687,1.5185927989848009,1.5344434613598321,1.5464740564290187,1.5492945544224082,1.5999582154001613,1.7590560518512015,1.7945023480251596,1.9678079985665535
1.4290939904051081,1.4491334655331136,1.5093630253279491,1.532996761529926,1.5355347682492941,1.5803046008895478,1.5876208983976574,1.6110192664669709,1.7448538804161462,1.8164992269035711
1.4838554148398129,1.4989997079633195,1.5394371873588897,1.5538555994354386,1.5660231635165758,1.567008911336325,1.5853655100079727,1.6649731267235501,1.6749527806514779,1.7156264333867055
1.4216896067341764,1.4541594518125192,1.5427682855167131,1.5561122487379375,1.6183927284804245,1.6484907990736111,1.6875514694025067,1.7687239178369414,1.865431656649079,1.8837663032543999
1.4641413088226929,1.4992130577498086,1.5481205131298075,1.6007286365150741,1.6248085587950736,1.6256163795591729,1.6344327903584261,1.6345934421712141,1.6565353236016462,1.771675056803067
1.4364309874597549,1.5196592145316097,1.5333978036884846,1.5578247072255951,1.5622374845545712,1.5857777868784231,1.6078739478386783,1.6879914340168005,1.7504770616067122,1.8426675463556355
1.5215558383319521,1.5531259543724247,1.5720086677119163,1.5996558899337403,1.6054852859622071,1.6313159254628946,1.7697750541564585,1.8313194964324793,1.863480001451816,1.9710598573333671
1.648240212326987,1.6484000173183726,1.6579351034888927,1.6800148041693688,1.7120941693159759,1.7302368305619478,1.797009496699268,1.9995176818354685,2.0101978381811523,2.0796292743067211
1.5516219101707396,1.5638322760724028,1.6030613662154645,1.6279753055677362,1.6391087260585584,1.6758488288973568,1.6909481937449442,1.7974931519667066,1.8246188402066386,1.967700144337263
1.5276998320182003,1.5441233636455221,1.5924440370020192,1.6090015417776837,1.6156476693620005,1.6483610194449105,1.7404108344941933,1.7729704307267653,1.9754851324069471,2.0661807699178056
1.5578920960750255,1.5750736546845197,1.5877588616160847,1.5902800672877846,1.5939618454138951,1.599544639309066,1.6103120300665177,1.6127855118862366,1.6925052406523702,1.7316442811004422
1.4673047389893674,1.4749309259848071,1.5274507638577475,1.5467619463092106,1.5712096548131682,1.6525331910993493,1.6739301514401985,1.8225207523990492,1.8731492061643318,1.9241183794251906
1.5049328910915492,1.5407712284669901,1.5426819330227128,1.5618464997056436,1.5621804649004587,1.6085626338094166,1.6108679893763114,1.6580988253516487,1.7156782274850633,1.8494229155204687
1.5723493531483124,1.5761182922942609,1.5789769336582817,1.6514729493190674,1.7102174704312296,1.7327916193640576,1.7360405936253438,1.7371177247224234,1.7962660011263512,1.9798545276580457
1.499771960499062,1.5028766423643125,1.5091065061658195,1.5908403171851979,1.6251736362605338,1.6936529370153921,1.7710096051959416,1.7863021503154741,1.8153003763346163,1.8980530064218231
1.4945151650121349,1.5673340400200395,1.5900968467928518,1.604234620958823,1.6094383338909317,1.6170798246244291,1.6303885277165098,1.6469256818217652,1.668233092285242,1.797933214280147
1.5034504736799292,1.5718669704552388,1.5834812637623847,1.6263789039047118,1.6507670375611285,1.6532818657258077,1.6622742388933252,1.6802802224241371,1.6825248163041819,1.7169863543462691
1.5005438191418636,1.5037262887854075,1.522969992391455,1.5832510892760956,1.6685139206235209,1.7166744938873009,1.7377419497293678,1.74123849098255,1.8045907918215676,1.8247558360878438
1.4582736696615308,1.5222633430269159,1.5237546546002743,1.5705370704422434,1.5844179776883704,1.599443645943551,1.6267680838606249,1.727808887551681,1.760944149654931,1.7972258988322976
1.4056166048484489,1.4300557966853344,1.6199118368356138,1.6370703563648075,1.6910843185912587,1.6975581034828122,1.7104220912453934,1.749894748995187,1.8614919161933832,1.9153518172332424
1.5541157288401948,1.5637468010042599,1.5734729835375183,1.5950676421332965,1.6412515532905485,1.6617038873043608,1.6638004362370462,1.6727817182764411,1.7844768295074382,1.8106634744350667
1.535144317347195,1.5361133799406397,1.5481778721968067,1.5494261985480353,1.6247874640200726,1.6469233005697719,1.6522739102464743,1.659333219037066,1.8652150391166167,1.955475966745682
