0.055063984490410167,0.061867160279502897,0.080240239976021588,0.10756283574156544,0.10842846486368352,0.11605920724236052,0.11754893830925228,0.11921518145952437,0.1203385374805146,0.1820506830452957
0.064271354958294946,0.069017740227979463,0.0694089135275191,0.090295314948791283,0.09978836904653221,0.11323938363856811,0.1170561239773531,0.16909417942844307,0.2223552374768194,0.24210344927224803
0.03040692449303295,0.042336473117338347,0.047405166895047035,0.053460542504737418,0.059310397536455728,0.065835049109056243,0.070967545466323223,0.13465707759716095,0.15719755207008701,0.18327197950802887
0.060071289081925272,0.086698145127436899,0.095934888128971885,0.11867070928576728,0.16338358338170789,0.17094573143872749,0.17210601506979772,0.19955522394642156,0.20017074060532636,0.21295365974239155
0.066892037843223839,0.072173293827119345,0.073832092770576452,0.08433515505791922,0.098555874435559243,0.13591217664657806,0.15905420985724206,0.17797545060916375,0.2135798999520202,0.24577105253235265
0.032936769352679196,0.036432049611427431,0.038777789993774459,0.073756421451527387,0.075274582213225472,0.078343429419906574,0.094487567528161343,0.1069218155201388,0.13183967712302813,0.17572861804109863
0.079561963326671759,0.092280264261007439,0.093390317472879847,0.093467379917346438,0.11424083663357587,0.13884757775256729,0.15372416419162072,0.18795948848990607,0.19535526536015313,0.20000505396504575
0.059676056282278456,0.064516278557067874,0.10826449398267979,0.16418716681740309,0.17470606601059568,0.18131966820554846,0.18809528491394722,0.29632451518492742,0.32632326432214587,0.36693823786825241
0.074000118101815726,0.075762344788523617,0.082803165574503179,0.083145759059973567,0.092598082839175699,0.1322838075588888,0.13425715036594088,0.14227939933114797,0.17587284019813421,0.18069453003747249
0.06345306051177646,0.084757047301320831,0.086677570766767964,0.096040132700928815,0.09825225597215681,0.1395091746777446,0.14450103440785611,0.14511862909926831,0.15999296558164078,0.21528935108387515
0.058767406787978871,0.068751473638208882,0.081140536356343773,0.090116330791289556,0.096781715185851436,0.10198577194452252,0.10251124644527865,0.15810384917938602,0.17662756853142092,0.27480429732557887
0.0602062488323023,0.071595393992767598,0.075039204865192222,0.098667053442372143,0.10273637838345184,0.11138285124009295,0.12045698694126816,0.12414669178568039,0.19688195628925653,0.26092896275591215
0.054991156846498246,0.066653275029624037,0.072162260770623821,0.072991209972287141,0.07466711361695344,0.076830344410494078,0.092221583068315738,0.1229724916945103,0.18974660139494448,0.19484116730241441
0.02885411382235592,0.038484247242333236,0.04919341540173372,0.054695008795159428,0.072969713346906939,0.09460202293424036,0.10563293348087033,0.11138406337777296,0.13558164596355526,0.14724388369312136
0.045639799748871557,0.050007282900508709,0.05575069780313413,0.079075842076648417,0.083918706381607144,0.10133299643714233,0.10664855183186361,0.10860839591191951,0.1124925060393438,0.11318253178894588
0.042046860036069056,0.066391415234956952,0.066666004963536363,0.079233009740936389,0.081330007378472846,0.099657014276256728,0.10250187790032461,0.14247417774004845,0.15748468758933409,0.20808238668748169
0.083376765028841948,0.12065874089920392,0.12391616428087859,0.13589813371433301,0.13624069739862987,0.15122381537066465,0.19961546712517864,0.20906158377743767,0.24886207322415999,0.25086868451193389
0.038675916504260943,0.041894617631128561,0.044827586446832157,0.045452086941915937,0.060852002809185901,0.061613643746023961,0.078507977761510084,0.088502853929251835,0.13478325101636424,0.19712389369733829
0.10522633114910906,0.10783133866643979,0.10901650249059847,0.11836914484170746,0.12831507320254243,0.13592638290471593,0.15793378491773602,0.1705439632424901,0.2775816927893846,0.29952356558142412
0.071944649812746952,0.079121911332498129,0.080976828275130863,0.082015559117514236,0.091081528054631544,0.093227975797078866,0.11405836224159493,0.15285102376119664,0.19424933614243667,0.21580798529529099
0.08256722718259013,0.085391665728623334,0.087078303268736335,0.090597236957563609,0.094198712727906031,0.09773449190390604,0.16065501494249679,0.16511303203129479,0.25642492041870124,0.2825509743653245
0.040792222574225878,0.05098729671905966,0.051974159906262418,0.093282754154026648,0.13695074436511812,0.15617775215263885,0.16155063765216804,0.23470538225297277,0.24842612227057126,0.28942939192128092
0.096400463694681804,0.10324103879357116,0.10379158249543652,0.12639973500951474,0.13926279051457557,0.15666815495387709,0.16442640771055084,0.19248893162791036,0.24169062385144979,0.34494673752203431
0.066532438271992511,0.069320932274981484,0.073721905635262708,0.080284640244878247,0.088389194828571327,0.09990977510528154,0.10199295384857487,0.10422670472075968,0.1237225867091678,0.13817709617146257
0.058443125778787408,0.070094474035272025,0.091051020976818275,0.096560953911171588,0.10434936223633429,0.11230914830260774,0.16193844634726418,0.16474692171025795,0.18817458457599168,0.29754497759531517
0.0406035747589919,0.055578693335621931,0.057114355265510675,0.094738797934497576,0.11074531777860086,0.15899479522108484,0.2465600243390611,0.24719171354154401,0.25699147984405624,0.26569047378649069
0.09509527919513916,0.13625595631736287,0.14671014521784187,0.17813914300809364,0.20222655323761307,0.20925358426421248,0.22428141940604052,0.23051035986410895,0.24088362161879706,0.2862536576761272
0.053686082663189083,0.073793610228725104,0.10601660999874474,0.1124987399649422,0.11757656291187724,0.13158170094632871,0.14163644968166977,0.17307421586087601,0.20833900657815452,0.2247480382895648
0.091599228004179079,0.10181607348907695,0.11834724770790883,0.12429167109493511,0.1294885131671526,0.1297678686192425,0.1399039833122413,0.16850357424999096,0.18417697782565146,0.2280026610020065
0.073717318838023793,0.077254143711012357,0.10350874245977559,0.10428339546780574,0.10817465222998113,0.1334061664016768,0.1348161607258076,0.15381250539088498,0.2147811432899922,0.28302401055684134
0.1027903040745608,0.11398986711246906,0.11415323731860738,0.11942049690975542,0.12667291155893512,0.21094970355801435,0.2614443895963996,0.31866338507366399,0.3253473298731282,0.34471195548506817
0.088267697995976668,0.089578532856634308,0.10276812639663735,0.10898673223148236,0.12207115163410975,0.12731307601132302,0.13574164168132574,0.16660628357417995,0.17815601113085489,0.21672785181277421
0.054915841299484125,0.059014525463785716,0.079001811586727477,0.081740867295524655,0.089844566675904236,0.099533896552007839,0.22240529303829115,0.22767766445750537,0.25338766253630673,0.28496405669123703
0.11726493094529422,0.11942358450678903,0.13376385790432765,0.13613063861182573,0.1369069208284861,0.15979541277142006,0.20039518047206917,0.23723766895574228,0.24385099676287147,0.27559696371047249
0.09262333972983372,0.094278253225233755,0.10188576951319561,0.13395981716964878,0.14955182424864688,0.15613698907415241,0.18088918768710638,0.19455876208992207,0.20853527618062273,0.2928183810512861
0.1105109643443587,0.12705655276266192,0.12850885427583369,0.1487220335048014,0.15180654921955883,0.15552035492764205,0.16993224279977337,0.19248040815536838,0.23926148818085258,0.26423621059424152
0.12345284207643603,0.12862500883161987,0.13653474246532982,0.14253501837542304,0.14673276297685778,0.17385269242853196,0.1754249769519447,0.17896011390179067,0.1842154053520928,0.24061193233816658
0.1064257454192945,0.12872843849897908,0.12903985200808998,0.13607492299933321,0.1442582317799217,0.14994876422615411,0.1676318693412493,0.18990396664015829,0.24527248103491006,0.31504415767129546
0.084986839351538279,0.11103956334443987,0.12264334395407817,0.1293412060165462,0.1371447862794315,0.16746797723993723,0.19826690457250074,0.20127598718437678,0.21491073719220566,0.26707863660470821
0.096156378606269577,0.10428351509640832,0.10538330718436928,0.10715562326254258,0.11856386271746633,0.1189098156370676,0.14010157544058632,0.17630386822609889,0.18882305910149144,0.28623533173374582
0.10868576998235513,0.11016984861661161,0.1167813806702318,0.12059136736572551,0.12828486491651425,0.13503911938245938,0.14218916922552216,0.21166340881818568,0.22415535648181972,0.36078545033424847
0.073914974473697548,0.07942095666942306,0.099609980742290993,0.11417356129143297,0.11620469573601255,0.1466795696133012,0.14793538961961916,0.1682498549917244,0.17848347115561758,0.21915975728565584
0.056906562410990791,0.062144121065183189,0.080372467217695309,0.092741319698465663,0.095111887215170388,0.11227081285605678,0.11250936244908161,0.15657336168110669,0.16042462695950954,0.19637316658478543
0.070343467507531621,0.078470531606070537,0.084683614593882961,0.088330373892011149,0.098537494204540277,0.13300174915739227,0.14237961278895961,0.15440335844710384,0.19840504049009855,0.26332571321638509
0.088618552498424652,0.098949706057514852,0.10366676316467371,0.10553776301951823,0.10715563203171641,0.12300468959388589,0.13034693119412299,0.13408896561551487,0.14009549582619263,0.14028915462755709
0.075312110855332293,0.081870984032274219,0.10574860117655849,0.1104433739573496,0.11330807640913498,0.14078775307890945,0.14504545793321988,0.15535176749003909,0.16979300231548411,0.1825186831816783
0.06942626735929025,0.070042477517631596,0.071656629096124469,0.073248136936538977,0.088647768871275456,0.1147279309060627,0.14359077910745732,0.15396218285450169,0.16243680637877622,0.16293993082234826
0.088354458199657149,0.11543621078292965,0.12073355106938788,0.15565110533489879,0.1659516832543213,0.166414406493264,0.17153991977539107,0.26945087595164008,0.28772850299120156,0.29932285688723193
0.096107870132472684,0.10474494907633636,0.11695633689594276,0.11933092493112252,0.13162196082312194,0.13418489218668572,0.15169090980915101,0.15732018688578187,0.24443447229888582,0.32968648266229383
0.084861910114196526,0.086497335503420647,0.099019377184544233,0.10813375793220814,0.12003937970206202,0.1210359350627761,0.12483899225798467,0.1585010615164113,0.22921817025542346,0.31488807929599893
0.085970325736508535,0.090841401188396453,0.091084803377929902,0.10027633132040181,0.11751519287113954,0.12346739967483389,0.18604656624458515,0.21590907656460567,0.32500514962957894,0.45497113330050531
0.13744043240197223,0.16211119303317423,0.17333188952798562,0.18040074706769627,0.18513545902853146,0.18794807241580447,0.19409900670712643,0.20472538491383352,0.24843913984942345,0.26803723137987001
0.10898052809135006,0.1432846673897612,0.14374686001767367,0.14624252429352325,0.15293266710068876,0.15701425860408147,0.16643442790353502,0.19485512511873093,0.19944894414153458,0.21822518461126394
0.14372786247253089,0.14416139582335052,0.14845882366131757,0.16532487802995233,0.17867549765721868,0.18551700733156329,0.19836263178139601,0.2036480812434398,0.29399025261142686,0.33250847629558633
0.078162561556052612,0.09547778342463964,0.1210668384906759,0.12335375485206868,0.12924098861530764,0.14594765781678376,0.15230179988435744,0.1759407725331501,0.17833090439948363,0.22821527293464161
0.1649748899014285,0.18239947245978794,0.21211905080729077,0.24419416656777626,0.2453938770469497,0.24765228759420532,0.27764027859054341,0.29905780486810052,0.30296621345012698,0.32920467092180861
0.1447741851627562,0.14680616454041706,0.18645160342141098,0.20088744696725591,0.21467180208491676,0.2347562928035809,0.2396448252535075,0.24310977246676035,0.34279832022647971,0.3921237332760219
0.13571570737595229,0.1439713636848472,0.14828445800987478,0.15603840288260917,0.16496641151854519,0.1760001424256914,0.19480692608058892,0.26320346961230268,0.27135367928080578,0.27435253545001625
0.14750352460448468,0.18272710675395887,0.19700963395203752,0.20267864665049373,0.2135100164914463,0.22962907706876257,0.23885435564009638,0.27945689305879418,0.28873078198137536,0.38652704779042768
0.11075805896246171,0.12408153072901484,0.14812079322626559,0.14949135471653774,0.15536549115785592,0.15987315865345808,0.16599827182966997,0.20223135160940897,0.2514465569843165,0.48309504920840274
0.12461029230563581,0.14076521965615374,0.15693477523242461,0.16741860518414065,0.17419996678378213,0.17456018782564264,0.1830022963202218,0.19145658070366345,0.20572202488365754,0.22366398270568633
0.12174283047947521,0.12291067313450155,0.12542960773012757,0.13219310769700732,0.15054798529462676,0.20319848158586584,0.21041309410945752,0.23047701621329697,0.32360394436975337,0.33930395242225453
0.11571218259382654,0.11927272427437252,0.12651439243209506,0.15070495703720255,0.15934614531448199,0.17212196764642584,0.2106902920859457,0.22221661056457576,0.25477846377884417,0.30117157330665068
0.084773214872991609,0.089302108170350003,0.094584673879519521,0.10107869202290143,0.10800493931183652,0.11449030121583981,0.18836739014023918,0.18960294269688216,0.23611874417789114,0.29337533882582223
0.11294744810839852,0.14750413086629566,0.15657405128805291,0.16765480924479936,0.16997188322167078,0.17220868760971086,0.19387819459129796,0.20432492038449102,0.25378789282793779,0.26654298687414579
0.082499511550741644,0.10048160892833469,0.12403358986153545,0.13095333350825822,0.1370315761261387,0.14862052249228741,0.18424674500523341,0.22057713236541066,0.22585968318277772,0.26702188232810453
0.1172526811301795,0.11816830495496555,0.1448935140250831,0.15750464221684624,0.16412796565692034,0.1773203157236618,0.2049629767089125,0.21048697505674241,0.24852853329369173,0.26559923291676801
0.13150034439485792,0.13920656809791865,0.14289589287604443,0.15628268226662589,0.16133018425825973,0.16532257861479716,0.17484041077844781,0.17879110607703597,0.20602616962217013,0.23261218122939553
0.10519047240757073,0.10587924328091614,0.10642247012476647,0.11093550581040956,0.13197018722857523,0.15382204545577638,0.16734838518341766,0.17121861750483314,0.1946344389321597,0.26585154819453072
0.084965714669301029,0.091283306872799397,0.096482842056873519,0.10202466350068828,0.1033869111882213,0.13251925001161169,0.14109072019095192,0.20919229095669323,0.21059106343035516,0.28678032201190939
0.096236472199531242,0.099086532624181878,0.1065541977840998,0.10735700685340488,0.15337726875164437,0.18315859052536654,0.18916265241486574,0.24316373560009863,0.26292469433703936,0.29549660465978578
0.09923487988662405,0.10048200778137151,0.10517678948917553,0.10700201440314538,0.11330782798978367,0.11807520964498242,0.16216138003137592,0.23248410012735876,0.23451086191494896,0.25510313556990916
0.085327541091596348,0.086794221641669278,0.10759373692348717,0.12029170441811488,0.13698601700760182,0.13704920436170642,0.16898606132734084,0.172971526632268,0.25423369306777222,0.33426287596406601
0.1106761750053824,0.13206792727539307,0.15006010413090864,0.15433328464258889,0.16838172900947823,0.17019989717227801,0.1824564147749288,0.2316907458045443,0.24863137888163056,0.25989435463362387
0.12692350920145623,0.15579100384364697,0.19497344197769451,0.19986511045017563,0.21232950611910084,0.21787801583010724,0.23309060523982561,0.24799886513247893,0.26841402010009885,0.30566502761315606
0.056734411802107143,0.074975866291655091,0.076545760526832485,0.089714341918560425,0.10068774158315463,0.10945440486929048,0.11451564383811697,0.16151961374831014,0.16990322198152041,0.22509257358373391
0.075339313010406528,0.07843742360864292,0.086659768254050196,0.1131915548611504,0.13706640259599734,0.14049196521248541,0.1840979044980231,0.21299876049233202,0.21302350409121473,0.22402261215161579
0.10733990118033043,0.11238316030588091,0.11278878230589129,0.11899650814399365,0.12600337494887404,0.20901753246769195,0.21514531481442489,0.23038007300188346,0.27073292513823199,0.27285154692842806
0.079611506940690191,0.10450814990794832,0.12574969427738925,0.15199137373355187,0.16446870927202584,0.16769417442329493,0.17978923586108531,0.18777466017431488,0.22491532497637046,0.33478243683815867
0.053698663238131328,0.05550370761412271,0.063475084368192825,0.071001406901466169,0.15028087251311506,0.17767167745988122,0.1789946052818614,0.20742739924995979,0.21679220462469839,0.3029285687634693
0.091192524397321506,0.092251197368503401,0.12259938701571604,0.14528272985831547,0.14741825814654774,0.14855206736917115,0.16324057773326439,0.22167211039260692,0.25096933649978936,0.27980940939539778
0.092901463167498921,0.10895274520039244,0.12584296894487856,0.15787270801169218,0.17132118004502095,0.20362065785801819,0.26451049492396006,0.26623962900803866,0.27964695336007361,0.30083849407079422
0.079648497189167777,0.093092028869746102,0.12130577984961866,0.1379986551034853,0.19642043247378771,0.1972523308717431,0.20633879183080861,0.21025660305241178,0.28546827430790023,0.39767604775365806
0.088523721513790399,0.10167942858519163,0.10672131455225298,0.13904248821697207,0.15684572393205043,0.18273738120748861,0.18609452997928022,0.21733870308432435,0.25017348475982004,0.25504129139083442
0.075596850593225629,0.085397949286172281,0.087408731554737162,0.087471847601604313,0.090025068038343647,0.11233891887917746,0.13865367131378115,0.15434586312758869,0.16445842692078783,0.29861302575922721
0.1275057031319009,0.1657503729306371,0.16902131503507656,0.17510705097250767,0.17624064305442078,0.2007530784435092,0.22879952735253051,0.25771676053104953,0.29463327066858547,0.35568822599672467
0.094883040017285758,0.11050676664087256,0.11312801159183294,0.11550861866507889,0.12136172551770974,0.14941394293320442,0.16355317072214914,0.16492807034670065,0.20287885303669784,0.27865205817054983
0.053720832738397117,0.054009756854830115,0.080545466529012177,0.081466635721130221,0.10459878819731339,0.10917855188613412,0.11251780243721843,0.11834519128873522,0.12321637868029267,0.25589030763940324
0.058935844325444631,0.061259475878199687,0.076377837173374985,0.085279532296244298,0.089757002854585988,0.11859781763118082,0.11939965570753985,0.12989737712936078,0.16238586407999156,0.22624869158351935
0.091957518010159944,0.11362547628254527,0.13798402061474402,0.14329026489488816,0.1562413595443326,0.15977695090870148,0.18793840024291342,0.20742042172457387,0.22086871029696598,0.22612217929370715
