0.36616704688687562,0.39933877554443553,0.42772621420348145,0.44667607581841473,0.44987350726848874,0.45380613564077832,0.47804611022266652,0.4816617224168902,0.60030580618243468,0.67806412394128657
0.30696798409955051,0.31846711638023839,0.32547556124814436,0.34554671212124433,0.36228781913204289,0.37978585800479525,0.38966179001755163,0.42159529702273968,0.42411117754674832,0.45875871130749157
0.21017822555314325,0.23770949723014345,0.24072196108657895,0.28493338413034675,0.32659816158075961,0.33974248419712216,0.47931925498646599,0.50507457546357415,0.53934754350496661,0.70393940460103277
0.29508032302385523,0.29786084652793043,0.31690594545904238,0.33665714071662656,0.35248278277882417,0.38380123320147375,0.47561585603731693,0.50647610607832005,0.51985906424525297,0.56891931675973506
0.30455119933380903,0.32047202721246659,0.3534957842623947,0.35675975754939149,0.42216659957981983,0.44242389974282936,0.45348815306263157,0.52883171647660632,0.6029204286372627,0.60300592282540366
0.25339137297273062,0.25975866153722293,0.2622975243643304,0.28189901989565547,0.28203201559255398,0.30577603531599484,0.34369164733998536,0.46189003122385186,0.46323158046539703,0.5232362867312319
0.30743975172426596,0.33420570094717572,0.34767055132189473,0.34904622271368835,0.36327700052458178,0.3637035229440313,0.43405307977148855,0.43499088757222282,0.45069394537607366,0.67385627707757445
0.29950824916298258,0.29961777501288012,0.30485979523697093,0.36104518293442922,0.3754540989479036,0.39159829652664513,0.41411689559954645,0.43833016655200563,0.50492999667849681,0.69950633967906706
0.25223538234399934,0.28392621854457767,0.30707264367075737,0.31221636070183267,0.33088463362340326,0.40453754610426085,0.43683838664887231,0.48511120017861975,0.51107990654197311,0.60399692037554642
0.28917748928173026,0.30728429960285375,0.31725805314982036,0.32650686699942577,0.33786343119303419,0.35473737362111946,0.40038832068188013,0.45029752900817543,0.49653382416977276,0.67348465815703884
0.32086552913846011,0.32874754727759825,0.35389085997757652,0.38026767240300874,0.38923764799596938,0.41413317087864998,0.45417109872918449,0.53505991215503057,0.5545634371648589,0.62635950880871816
0.32207154852574504,0.34050377741353621,0.36443156652526332,0.40023753726965738,0.40562609715330744,0.41137865405841545,0.41311023474051156,0.44249409431238407,0.50507050929069575,0.78194836674110579
0.25073820796141932,0.25703900077886876,0.26445518218455355,0.26601312219257744,0.29084237692124093,0.29720675515650763,0.31170767650671349,0.33577901960192191,0.41703313413279464,0.55610744781845067
0.30139182455802693,0.30160761297815908,0.31504724778428983,0.33063399317766295,0.34464920057234938,0.3480680885459928,0.35908683267752606,0.38390788552434341,0.46563245896938499,0.47530974577801777
0.2730698671431977,0.27854429072374831,0.29296078064575548,0.32432208561972065,0.34514464047056848,0.39936049276946672,0.41172366027366536,0.42403353665496057,0.5259499648296373,0.70138687586264981
0.3214267762028955,0.33321938245973914,0.35351179874008309,0.36925334586757819,0.38714824336032594,0.42511413242714635,0.42657531714324515,0.44334632292293685,0.4510646569431378,0.55985515233666572
0.33979220645666475,0.35069328458503968,0.3906153926706537,0.43628085802747263,0.47156263270608356,0.487347298386966,0.51964469336899999,0.55515013819860703,0.59466396804294908,0.67844409578763498
0.2801406267634623,0.29072136281843397,0.30385324693033855,0.35888467514615119,0.36632989880001121,0.37506658389210656,0.4272539180316941,0.48801169218430385,0.51676627815207565,0.63099169970345415
0.38892208885818969,0.39134652869128583,0.43927802962316287,0.47416816210714297,0.47741607172947198,0.47991814829937995,0.50445598873018538,0.50796321853103965,0.51935852904408053,0.56214158586040508
0.37347187086248912,0.37601582781626153,0.38151703022355665,0.41125588989073858,0.42048393501642645,0.48192136142399411,0.54636798848665835,0.55079949637504777,0.5823143237327284,0.63781443352511946
0.41000904261191584,0.41133887357157839,0.41541685380635185,0.41816321053001682,0.45078804659973182,0.49254149159137794,0.51249925757513193,0.53226828185912112,0.53365506835414234,0.60484490505453259
0.3365305328758561,0.38949849879664367,0.45155642868810952,0.46014530228103023,0.47481566798001351,0.54691052561297582,0.56910947514085741,0.59002645740610626,0.59087037572014989,0.71409506815927992
0.43521337858567177,0.43989452072134139,0.47162174741258633,0.47423060350753277,0.53121426751233969,0.56108935856176112,0.56266728864383708,0.61057131730384295,0.6570561367502834,0.79273536018501911
0.34557737369278874,0.38024396499710278,0.39071468259136033,0.42232640909880681,0.42370332035251934,0.42955790658435111,0.44199399855546684,0.57575480400129075,0.57816956456771829,0.60824043553153517
0.37189321222047056,0.41413001399109683,0.42925254989287742,0.47315406107176949,0.49631811426921812,0.5104652523722768,0.51137390169277852,0.63325613897454902,0.70121755078591486,0.74896425414788093
0.40931935807702491,0.50879745464730064,0.52039797284981582,0.53396208227779818,0.54344306459844693,0.57229304837124362,0.58895876311334971,0.6029111514687715,0.62375335081787053,0.66496614523552511
0.39632387108327771,0.43739450897529597,0.46184715194731973,0.48162026315304107,0.50211608311257416,0.59285397011673435,0.59619101397781682,0.62204903348970664,0.82615530491908951,0.95965434685360362
0.39064865768988,0.39289388884965959,0.39587225159146922,0.42509102563365797,0.43026286394774615,0.44891613502775485,0.47391157309766019,0.49116555351311497,0.51163828816085655,0.5383711654811516
0.35010457204166023,0.35579583430019124,0.36084198477797136,0.36539957744240947,0.38561014299033225,0.45735871544992746,0.4900210801119167,0.5477229325977353,0.59970149029282149,0.66101273574937203
0.31912867318552385,0.32245347779665634,0.44549718450844589,0.44599245479073035,0.45082003537706328,0.45762740537605007,0.50262041743459207,0.53346219824770547,0.6267586405551171,0.64079843417274152
0.34891315034487214,0.35223280714228089,0.38930076684012915,0.4324232504195602,0.4512621057808115,0.45334123454633746,0.4552865600210958,0.47093017579693575,0.58273039870128862,0.60203863470596408
0.32626075245570352,0.35892426587425064,0.36772623575417418,0.37056587396937868,0.38323529614241858,0.40605998085068506,0.40676330340812283,0.42000207876485707,0.42238459872328171,0.52270450518141409
0.31981875740394194,0.33337668143521126,0.33466782045609955,0.36794669125647461,0.38227972171666691,0.42005300796854028,0.42570202353908249,0.44709985026001675,0.55320568949485915,0.57525819707191106
0.34988191972620442,0.36285394061419218,0.38772800625026216,0.4335555322193847,0.45177146100214438,0.45456481593817966,0.45592340509908613,0.51585710459324741,0.56404270118061017,0.73251917070964057
0.31582193626254718,0.36953011393643465,0.44910987878942299,0.46512036540666823,0.4690457609138563,0.47750735320203841,0.47850919808212122,0.4896296434819174,0.51034103972662059,0.58996819717401916
0.47197758102533838,0.47819138633148395,0.4967542617963705,0.50420864244488239,0.52918941748043569,0.53793232404928926,0.60647204029363344,0.61411897229930146,0.62679379739425789,0.63353119703062299
0.40040622267934989,0.40357980166047636,0.41419053361668823,0.46648896793944994,0.46701540220202853,0.52527728561814646,0.53162903217313895,0.54435195694022687,0.57868882891698892,0.77563184468992086
0.38418368990141261,0.41059718967311554,0.43801268944460681,0.45307373261379968,0.45626415722822999,0.46318030680503952,0.47431727896959641,0.48762638702273575,0.56651916767886501,0.6263862986815556
0.41013890635071037,0.4182145498281713,0.41863584066263337,0.42096553715090179,0.42134976582981531,0.51278963880352801,0.54745879590433599,0.55826012189404617,0.69337326438706626,0.73608216257239922
0.35554344404984128,0.35796981431004227,0.36734177089057463,0.40518806350415293,0.40554901441756019,0.41721685610463632,0.45351346975553186,0.47411772388854123,0.50675368014298749,0.64924237299921383
0.40114440201670476,0.40775238055152263,0.44506509732786359,0.45949116835481929,0.46575597066708596,0.53247962766990131,0.56379346448601941,0.63277656956073614,0.65085962797868246,0.88956561425161818
0.45923672010564598,0.46879454905861673,0.48062442794500759,0.48722650618098573,0.50921487018912615,0.51313151900966103,0.52289389500344319,0.58037310323240332,0.67234217258773121,0.6961722486747135
0.41615181848780258,0.43133997292606985,0.43505045871124048,0.4434448077066433,0.45089415349020401,0.48177519304934568,0.48856659882725451,0.5252754042431258,0.62150538650683362,0.6687940595687496
0.36978612528452137,0.38435834904089639,0.41600489770739379,0.41919016204731685,0.46247886751289613,0.47990692985317907,0.50244488537539,0.53214415275656846,0.55362222885592871,0.63080180492226523
0.38515812742991562,0.40537016533142989,0.46362011327718067,0.49397591748470404,0.51324623004165737,0.53302915818400454,0.56322951291470469,0.56832302586360228,0.66101834523795633,0.66962615905174028
0.3911491772966289,0.43525439757414741,0.4432623167337435,0.45719556329066835,0.4839752614371351,0.52932833339246255,0.5304460090416363,0.60421567247235641,0.63010169349802325,0.70662069825163121
0.40451450006659284,0.44711587727528812,0.47313089972135947,0.4849472482098407,0.4916769884084693,0.51478598406189713,0.53462286381266155,0.5576193370760949,0.61459124457970349,0.61563198906253103
0.40592285548087448,0.42910446363498478,0.43311943363069805,0.51226942912879192,0.51344177338925467,0.52086758415676382,0.5566293135737852,0.64254590359051322,0.79355240714262276,0.82538300801967246
0.45010156753528463,0.45642674801716465,0.48131464169014215,0.48282390970895195,0.51558412596613046,0.58214071592712902,0.58540821757914863,0.63289904692699128,0.67759634220036968,0.80645202188142751
0.43326570085656479,0.43543385593453499,0.43839472894243903,0.44742912595307782,0.45657929804892294,0.4727628337069536,0.48400333405591311,0.50009563324489603,0.57432118641331664,0.63632536119312277
0.44445314682304726,0.44452083090010186,0.46465886369683673,0.48143818233882296,0.48739663946447331,0.54083958950285904,0.60061473977366653,0.61304344784105691,0.70609019853900179,0.75819996979132886
0.41146997311099343,0.4168040161892792,0.44482345751892227,0.44803370061358416,0.45756857634077797,0.46379266791836216,0.4667957624220489,0.47975641027223048,0.62033952745493171,0.83147332847519184
0.41270812944900248,0.41558823884399398,0.42403495021532889,0.45483085598925932,0.53689980284348859,0.54461826007606584,0.56731751835058164,0.57708181098873457,0.59536158631339342,0.69006165661211094
0.39040905294517669,0.40473501157742442,0.41627008350663619,0.44499021548903883,0.445948051965114,0.45559925597194617,0.49295729220392115,0.50093448239351535,0.56713307867444707,0.61451934410282805
0.36062663693165931,0.36195042202318728,0.36269384379838998,0.37138810897922614,0.392151986055989,0.40802961108180691,0.42416649651477867,0.48886825128560707,0.57928014342305589,0.58372889072074852
0.44304333602388857,0.51079307917006789,0.52386018275376456,0.540963339069779,0.5543400127499809,0.61134948406329848,0.61822799158740782,0.63272176226033849,0.70931423517207959,0.72934544247928645
0.3617195293150588,0.38649311642948136,0.39911736936735975,0.44620260503808806,0.46955795125215083,0.47489171411305353,0.47887821210879489,0.53786570736552752,0.60780644955307395,0.7468430975180147
0.39587226407602616,0.4086816403528597,0.42553388928782709,0.43525762241631272,0.44426617530564316,0.45128947910108153,0.51029127693590803,0.5629076430664357,0.60951499227564065,0.63440092103933843
0.42005140943637809,0.42865243593015556,0.45519625545999443,0.4556476408632677,0.47090118391302171,0.49822192327029713,0.50538981015100815,0.59266722145626138,0.61155790161214663,0.66386050310497868
0.38116966100912242,0.39825813081907091,0.41004617004493671,0.41487481582714691,0.43410829463566847,0.46293593700733604,0.54204761233069476,0.54266792001348874,0.56527558433178049,0.84123227105875786
0.36258869733786803,0.37313891192853976,0.41359951280385809,0.45162907605186575,0.46066377127307634,0.48692827084048496,0.48732562792765499,0.51045869793843757,0.53721002350380465,0.55418635654608162
0.3841958479362213,0.39896460335812911,0.41918887756351664,0.45027401204038586,0.53024733827293602,0.54747998645501772,0.5577231235970368,0.59426554611649074,0.64204341919869901,0.67295828565426197
0.39219923018384728,0.41064875708957826,0.4248764392301565,0.4595244209989362,0.49064320434920949,0.50968928720169693,0.51354251218490177,0.51819884215750678,0.53546087220442828,0.6590826862123822
0.33361382940318007,0.33410696166256049,0.33720319791223119,0.35694498646607276,0.37784070937050585,0.3825210788958322,0.38722720480378747,0.44537314910505854,0.48434933212899089,0.51005795158009137
0.35901279236250261,0.36286208871337333,0.37165752413167263,0.39927616402356847,0.40343111880380311,0.41406473709993241,0.44237877025874228,0.48272646321969326,0.49638582366634898,0.53259183862715576
0.32736388705580888,0.33144590459825229,0.33544179076039349,0.35784252468921851,0.42050123320134203,0.46539987350287948,0.51985593934431273,0.52153746725235184,0.60319830878461245,0.61970850560098301
0.3189936222539953,0.35365657940871165,0.36125246417836632,0.37586496279784676,0.38382695855588045,0.40621456156418345,0.42831806604118183,0.54199219613526273,0.59288114894597355,0.65150886361980787
0.31095799755292797,0.31574714039304919,0.32237786766426479,0.34567689165533633,0.34626474583805766,0.36449593793888191,0.46808231944104195,0.5207541498659003,0.56523429832672623,0.59585928016966871
0.32785948961855649,0.34203641358045633,0.36563896791098882,0.41371394267873951,0.41526884592538194,0.42178271911840781,0.43390308291198121,0.45535629926333909,0.47126811194114859,0.52218000680886334
0.34205477565201825,0.37784938219350028,0.37832946725307393,0.38408863039585128,0.38455586342867631,0.40042289880265081,0.44094632864110928,0.45844054409518886,0.565297430826186,0.58481458364604899
0.35692514694140209,0.39417201035547089,0.39548359639311803,0.40044000782453004,0.40100087758288483,0.41406697527657066,0.41564520183906906,0.43348686220046195,0.47285761348451016,0.52607414892730686
0.26636097654268509,0.3005688773737818,0.35285850015732345,0.36362219060715528,0.37996420431688893,0.4064051651275582,0.44186051436586649,0.53965232617169701,0.54182948151426569,0.60205357795921488
0.35301546610594192,0.37141964348184731,0.38653659588456435,0.40078529659386053,0.41454797065145144,0.45656622096851285,0.49616738764579349,0.50672747510297667,0.5538103502348708,0.60703751901267733
0.32019548968796929,0.32580635550446857,0.36458009114386947,0.3710994413913955,0.38112713283189903,0.39080033658893321,0.42617795998082775,0.43694372093405454,0.46704477122210708,0.53769376818082337
0.37690499806317357,0.43559649438017134,0.45225640258118105,0.45379472220836004,0.46746892065257573,0.47816131396036221,0.53219627859156482,0.5386593273914797,0.61332601564922085,0.66290978893583974
0.39903975850970674,0.42976578587141345,0.43130184301552577,0.43354757967134461,0.4483900129513203,0.44869211812395182,0.46114275262460813,0.52004977833350141,0.54486681129611458,0.62340736669455676
0.34082694221286269,0.34192156860749678,0.35344437255312222,0.38750543293555184,0.43014190780651251,0.51470462728977839,0.51945236139255613,0.59460316089902721,0.64108298175684597,0.73630293629885024
0.34126686735191525,0.34759694020056697,0.36070660699331025,0.36989049574665911,0.43161344233157939,0.45037076330542636,0.46192685018903656,0.47779904182546495,0.48973962404180327,0.59335241882395851
0.38796538531209412,0.42459343701638286,0.44258791711619816,0.4771836516508543,0.50155323003867469,0.535637248049047,0.55115331067392015,0.58488882574105894,0.61439302197487766,0.65883676819213965
0.27071214331914817,0.27608446084323113,0.34243752215423351,0.35256646140783676,0.36544175297838333,0.47721829178088893,0.5175867690284317,0.59742060626008531,0.65032791975050186,0.70543012111950576
0.35348457495241048,0.40217173824283181,0.40660170424021613,0.41891703458328644,0.43295458732101011,0.44401766850534719,0.48786819655846569,0.54183096381553542,0.54734148921070025,0.59512327136560517
0.40125271440376098,0.43674506291218762,0.45410705434270726,0.46199299791646009,0.47799977123515225,0.48157717962204227,0.51168116616780512,0.51364433409915788,0.53036159883129885,0.58003753998511742
0.36892876514811235,0.42328232206379157,0.43248775695091579,0.46671467550746382,0.48597249977108348,0.50146605560831148,0.53118192719828095,0.56869671686987111,0.60354179583631717,0.60457156924766542
0.36327579918803066,0.39495499734299333,0.42371311889105145,0.43336354276152544,0.44567767657385682,0.47345546906637814,0.47461073330771297,0.47984740322827024,0.48195677913816581,0.49796500961710555
0.28657934713191535,0.30917184168793144,0.33032314285689912,0.35652205824931693,0.36071932485031066,0.36688678524168861,0.4370872320397674,0.51739682627410799,0.54335367075929009,0.5827178747371824
0.30093087633341975,0.31678143844608231,0.31989553072606025,0.36954490765606796,0.38598335433454389,0.39568487918974027,0.4183255974302944,0.45042820585757681,0.50290944316891339,0.56044295842687308
0.29812826140662807,0.33189989075085125,0.3740802468793154,0.37583864614547968,0.41496281993466422,0.43807369711024613,0.47119889534690973,0.49571195077832853,0.53387482011674692,0.64602728773849716
0.38667728327307715,0.38779939080553394,0.38942740284720578,0.38944010656854555,0.40592714089932791,0.41535338264841348,0.46361987751430522,0.46419916048274024,0.47284675237391882,0.50370692183538912
0.31258170387906237,0.31773137835091836,0.32320217404142282,0.34158685453916293,0.34881697982036997,0.34948308200106348,0.37513724916811153,0.38929228489068279,0.42667517099508911,0.47393034832507341
0.32190141461683419,0.35939370755844813,0.36394321344792013,0.3742497591406746,0.37626270072986134,0.41215834925082451,0.475998517790722,0.49211341910756978,0.50393278413536224,0.6716598666271465
