5.5193935721444595e-05,0.00032541405636443525,0.00058521129765989974,0.00060835408685829678,0.00082876334456272378,0.0014288218742503841,0.0020093279355495475,0.0020111727300093953,0.0020466283589313794,0.010671024591080913
0.0004928485417575938,0.00058594929030652415,0.00073358404654915365,0.00114962603787277,0.0013867967616450999,0.0015076656736322054,0.0022321710070146959,0.0023368349085981315,0.0031717517541925127,0.01040558987194848
0.0009360670723028955,0.0010250500508616287,0.0016639479054659269,0.0019153455788508064,0.0027201001430549061,0.0028063348914051421,0.0039775557936938682,0.0047079242883513632,0.012670490462882975,0.040182743494098151
0.0006447835885608523,0.00066901809511161342,0.00070980964268561875,0.0018701297518372009,0.002138572643360849,0.003227764785055107,0.003260208145047495,0.0033061274732140737,0.0050754019412103763,0.0051724498041702165
0.00034682973264958498,0.00038033207765887644,0.00057745912248483499,0.00096664133161597846,0.00099740417646629201,0.0015235778336046986,0.0037772373213144981,0.0047408226723150773,0.010052378089674761,0.014902001398038186
0.0010909909873528453,0.0012355254997010623,0.0015666263182271523,0.0016153371617378082,0.00209159704612801,0.002967097843006956,0.0035773108578965691,0.0036674828257870062,0.0042360249409868949,0.01382854689519967
0.00058318151592289414,0.00088828371637364651,0.00092399789933058415,0.00094411539965390777,0.0017923037121815506,0.0019970597795561699,0.0025006165490348712,0.0028858256357269753,0.0035864959173055651,0.0062370268340417728
0.0007229228496400987,0.00094904242982891268,0.00096474221223345486,0.0014666375958852739,0.0015295348659262291,0.001822405049290955,0.002652059522814108,0.0050428979649386561,0.0061762179823287898,0.016176654423806419
0.00079423213454320966,0.0020602092201728122,0.0020626957496028206,0.0026834910561200189,0.0027838143622210794,0.0029297322102462076,0.0029709857236813204,0.0035238457193734166,0.004537631223940887,0.039574171408900641
0.0013616250172401242,0.0021283943628354679,0.0022577652905266411,0.0028499176074164578,0.0031663056638658784,0.0032862744449116601,0.0036555233436249696,0.0042869053951351717,0.0058051443278211616,0.012484306835006335
0.0013572562806108499,0.0014617802020964327,0.0015189492366813467,0.0019144473893862105,0.0024062085281746615,0.0027519460099127368,0.0028336112082248269,0.0048330772579054182,0.010938157519152655,0.048139997499653836
0.00051939150035746912,0.00052465207847245121,0.0012291164715264305,0.0022840626388163469,0.0025233256620570445,0.0030597539152495325,0.003689757685380826,0.0076614709392353554,0.013054880046030936,0.035019407920814177
0.0016928230147274848,0.0017289344418496846,0.0018001128421946122,0.0022038121402583677,0.0024848021169412374,0.0029412192776513716,0.0056385354014502689,0.0059379231153970421,0.017671102896487934,0.043896130855246865
0.00063920891337245281,0.0009666817070049941,0.0015913994243690567,0.0018236734925379731,0.0019990739423917598,0.0020411573374136145,0.0035701701748416465,0.0035862720933370652,0.0065197267401728761,0.041730914929344796
0.00048575941631835706,0.00053626226985990788,0.0013207390736737195,0.0016155161472146892,0.0025882233980178688,0.0026070456517407747,0.0030438739178480869,0.0044202998588923244,0.0044422722127026287,0.040683112290065174
0.00080998848976726687,0.00081861862356968126,0.00082749236068667192,0.00086965680604287731,0.0015946531949644093,0.002214816794905667,0.0032171077574660234,0.0033497044615551225,0.0033883148926656375,0.031157216277790278
0.00096377465750824851,0.001006739367495629,0.0015527768156021506,0.0024951806394220549,0.0030429073260710288,0.0038261579748995311,0.0063790830351094022,0.0097718258123638442,0.038718892199209591,0.040287390218340179
0.00051536556023055145,0.00058002857198231721,0.00060612276143992214,0.00063914275107367817,0.00069897788259166982,0.0012937686146539638,0.0016959162730441121,0.0017944482874666517,0.0049956128420010773,0.0080530411381930997
0.0012691759986446973,0.0013703985613334629,0.0015859735424520113,0.0016795232118019575,0.0016846725003204421,0.0019164294731944733,0.0025660448741002487,0.0027671588541230848,0.029244894621283744,0.036366685522925178
0.00074799359276115415,0.0009160274500244355,0.00097404356008538168,0.0015242397232789139,0.0016077335163960354,0.0020072800338692158,0.0027070889179746128,0.0028841966940131303,0.0030431481255573075,0.027075692664781277
0.0021079505487077155,0.0026210649678164305,0.0028137761020417787,0.0029482055899932424,0.00333946159158241,0.0055886606388761903,0.025780812323261158,0.033501892999270269,0.035471169792476678,0.039389214964841851
0.0018575201975864798,0.0018781667195390882,0.0019530835759500112,0.002371907669473183,0.0028620855710893237,0.0033760364127129704,0.015035953163332776,0.016688667276452129,0.020284041721824946,0.02847822496859927
0.00060828681003090648,0.00069532477837364916,0.00082271549630094165,0.00090870401916202589,0.0016304887050548394,0.0021074938257084064,0.0022612777993044524,0.0037434140538215067,0.0044806439898701471,0.02631489051259138
0.0012196585758759045,0.0012213000836286906,0.0015472473847381709,0.0020994127057890185,0.0029258122849639759,0.0031037712088942196,0.0033558347820500682,0.0039331191002677148,0.0040108031738406132,0.0073514920315651197
0.00094477528528198696,0.0012988851075228895,0.001393793745478739,0.0021221750924137316,0.0030180527040094621,0.0036042398235069132,0.0038029385951212323,0.0043944708301663932,0.0044604850519286143,0.014588034043957527
0.0012016418194485774,0.0024086545953544082,0.0026172535219772045,0.0027625912180522781,0.0027815971453428656,0.0028227384392073701,0.00290818906112665,0.0031146297942322757,0.0037093158971885573,0.0067097361406783691
0.0011429985361970595,0.0011941315700016398,0.0024836788783479903,0.0024918996355332984,0.0026127522999651771,0.0029478591905552215,0.0041404495438036246,0.0041939058779146259,0.0046838553980384987,0.041191055371208485
0.0030643891839209608,0.0036479288352799111,0.0039486908693108077,0.0046240917469683937,0.0046894759588842691,0.0051238644601152225,0.0057641525567844491,0.0057733642841414669,0.0078328229954856502,0.027733924853148902
0.0021845817574510382,0.0031133644360169998,0.003936918273457048,0.0039525478170675931,0.0042339253164926892,0.0051868718149999443,0.0065712524524101073,0.0065951040663894201,0.0081830183193599675,0.016076796708389379
0.00073749682179246462,0.0012180626289112935,0.0029685295714918566,0.0030404897866187029,0.003487879889993383,0.0036642106811781358,0.0041594980242114672,0.0043461045048775564,0.0044261804944474336,0.0046543811074678384
0.003388856752350968,0.0038580993840670041,0.003952402358814968,0.0041984177650196894,0.0047056569401171516,0.0047151433584690667,0.0056057970121107751,0.0062648891496899888,0.0070400708331278001,0.0082059874612828813
0.0037086981593235672,0.0038028547416514716,0.0041697266371309646,0.0042159024423557324,0.0045507841302625876,0.0048480390398354355,0.0052341092267405636,0.0053735009647644305,0.0056371156063644828,0.005824641092271151
0.0020108323699159977,0.0029446700784542812,0.0036028345597553142,0.0039640176218168751,0.0040426239523257993,0.0045382171798737147,0.0046040428794801398,0.0046371147506936161,0.0050203502409404133,0.0051418474616971464
0.0033840546639913776,0.0037371736026458923,0.0038015512066732317,0.003820940947719613,0.0039068747900699603,0.0041787335817875838,0.0044680943096231784,0.0047245303254288985,0.0048688330672722168,0.0048965457217888713
0.0024174389351028416,0.0029330381960138555,0.0037830523934000576,0.0040222379403279931,0.004040664516813711,0.0043187099066760402,0.0045816373890574455,0.00489052182275144,0.0054319084597329575,0.010498884876933644
0.0036241974716419677,0.003854706483134419,0.0038665374263553058,0.0050350403647924855,0.0054565681733169981,0.005626537944441682,0.0061715933836546137,0.0064457192192294392,0.0076650558335101858,0.011704886279429731
0.0042691331351549736,0.0043907806482564524,0.0044506858457066039,0.0046524169721845685,0.0051492030302214935,0.0053471393671267152,0.0053690050185364151,0.0055686026573163201,0.0081799944219537596,0.014990355164208059
0.0026441016000833331,0.0028764007450117028,0.0032583031976449253,0.0034003395067908858,0.003512596489661519,0.0035970370297124512,0.0047968798395017827,0.0062476147256128947,0.0071175896234048179,0.0081992483964572239
0.0016032765334041054,0.0021476699043662395,0.002945407499258982,0.0030455276550968692,0.0031514564616487687,0.0033550650010926559,0.0036239619150106031,0.0039432466464111547,0.0039580964564826862,0.0063597114605253849
0.00097932031614727643,0.0024538140693449242,0.0025184545852462914,0.0049616815366337226,0.0051488301220543008,0.0068775806540056893,0.006941998280809332,0.0074062111968203337,0.010507489157471135,0.01214122047051921
0.0015206819745203076,0.0015658161824401787,0.0016853563136740926,0.002135807358252442,0.0030000431711533345,0.005130779002050714,0.0056321945212291294,0.0072836567215630657,0.0078039584434056505,0.011628678909113014
0.0020112408925810881,0.0020733033713080107,0.0022361204794916862,0.0025812704990282025,0.0028426516031415487,0.0030617052629820993,0.0046334522202057665,0.0053852318122827418,0.0054543289405879491,0.01192017328315328
0.0021471461130816698,0.002837949942391494,0.0030327930375012866,0.0038921214134005791,0.0040523221735128904,0.0044112074863528264,0.0052195700319585172,0.0058110863846984641,0.0060422716564829679,0.0073568230676549391
0.0042531286415459979,0.0047512711138059478,0.0047976800397146278,0.006701575932300835,0.0069961709982588813,0.0090992965977949106,0.0096626433699882261,0.0099610506786935414,0.021128970030499475,0.039326203332291879
0.0018570924320525091,0.002071355327905049,0.0025560406937106608,0.0028589319513357163,0.0069813549703687944,0.0081296106957346563,0.014933609076082679,0.016321203960511028,0.017641509870491956,0.027675117900627575
0.0070844486281406091,0.008317015488979361,0.0096034151183096647,0.010859555962934968,0.013492453309117761,0.013915636308854069,0.01481258980670546,0.020771927053070557,0.039348012315104638,0.040151105027341649
0.010042662318121705,0.010478555222181697,0.01151367280193101,0.012095194361211804,0.012765237276572989,0.013024726665271949,0.013981967481516838,0.014115299974234524,0.014340065696918144,0.043616388838751671
0.0087594311796353914,0.0092082659735970261,0.0095790935207213865,0.0096430038797281105,0.0096724832660851981,0.011892344402561233,0.013330893169085881,0.014192958037148488,0.014715969561988763,0.021177521658221472
0.0039250183553571193,0.0052172430739084626,0.0082488012970533906,0.0095335153161589109,0.010108283957869765,0.010393170174056885,0.011729275773191356,0.01268593115274322,0.013904494015602301,0.014869576457320025
0.0083987906604956822,0.0086516223690344951,0.0093614179830611779,0.011058715351068685,0.013158776454333363,0.013233822542478299,0.013259797748586568,0.013677427894627909,0.018353926228280512,0.040918150486537005
0.012164718014035181,0.013025587204202908,0.013203389371298294,0.013610681886571767,0.013635629021795275,0.014334738042096187,0.014429657894068387,0.020915979292046014,0.022131790811310031,0.040670368317803698
0.011051890208230284,0.011592137473196686,0.012513475590618491,0.01312257639933442,0.014889469260083298,0.017565269658026673,0.022306847266339233,0.027830002016296443,0.030334318550389226,0.037389285221027795
0.012302158717203401,0.013413456449439785,0.013751410422683644,0.014107416048451553,0.0142655529553391,0.015121846342151555,0.017727130696038925,0.028841783752417534,0.030651034822614276,0.036272346254670101
0.0022241020018729865,0.0075970749128442885,0.0076711207262175549,0.010961483758613923,0.013271088990239979,0.014270527869902508,0.01873579734591891,0.019712953963690376,0.027192661723180328,0.03087653691870031
0.01407702201549306,0.014287427722819343,0.014528095644792106,0.019646249562376268,0.023582508195198207,0.030805289320166886,0.032587460422425364,0.034475213226322486,0.039914864200574808,0.043712247074967743
0.010527662599417472,0.010748839923478207,0.012063395272154637,0.01220780975969756,0.014098647208423111,0.01794586267285659,0.026611433442083256,0.032286207429900252,0.036479225863394735,0.040518391979584914
0.031914986135394154,0.033510186903775371,0.034770737853267022,0.039764108212023315,0.04030063752136008,0.040919935606707036,0.041314615236696564,0.041802567758493052,0.046384359358909479,0.067515433285425711
0.015942733560425748,0.017269004157765611,0.019022236565109839,0.026923377896994231,0.028410668344124881,0.030341196141756621,0.038219367910642864,0.039842989465630169,0.040604177238332512,0.041219168592712345
0.010966655673644327,0.015124180168466166,0.016930657522954019,0.024330082625995023,0.024932713924967945,0.030530757651825925,0.030977946006016444,0.040370453115336782,0.04066358494106323,0.040703577255985723
0.01337307504109002,0.013885244350434233,0.017640096761724837,0.018652566280064529,0.020613900622464505,0.028547101511911883,0.03287564342092554,0.040836160423516579,0.041448235448969195,0.044607793003130884
0.015197866964900116,0.018400655286747832,0.021000804406340681,0.023041093790310659,0.023174856636553935,0.037717000919299623,0.039668032604276857,0.041169291940613133,0.041446874347094424,0.074460554849174437
0.0083625903023944806,0.0088546333890622136,0.012554279108202282,0.013632360614468958,0.013839463348515208,0.018714622594196009,0.022019476758993121,0.022834092632627215,0.030041553405899146,0.032307946702842462
0.0073187785034263732,0.0075733618979623891,0.0083744820727139728,0.010143085461358149,0.012540878367562708,0.015738656711717355,0.026435137477166779,0.029147266900147663,0.030356517548007934,0.043910526115111544
0.01147207374346855,0.013959107725383904,0.016436845518262175,0.016762769245978429,0.02100469252411593,0.022255737250088007,0.026182976613741405,0.040909647590980772,0.043556349124378536,0.045417130357536722
0.016510626215939884,0.018055114008861509,0.018788658575057494,0.023001235799579873,0.030578980063506005,0.040213845375489693,0.040242625371475209,0.040999463939413873,0.04432009422600322,0.051253500324227402
0.019318377629825474,0.019647756859893582,0.020594483399397151,0.021478494726077192,0.025402009705883508,0.026563590778060021,0.027251134125520056,0.040203668415198644,0.040494859567213229,0.041581220390013766
0.011736795242235681,0.013226207924720679,0.015263288126239345,0.016256945618676685,0.02136947530191341,0.028162505764644907,0.033398504810967782,0.039616148223561992,0.040119424983718156,0.040608048986418455
0.0088441918527785591,0.011580167629383711,0.016078642590097079,0.020574458249276145,0.023375567801637229,0.029313938960147022,0.036758423516536132,0.040358742595266478,0.040637877310414273,0.040792300676529669
0.017895876661548887,0.018148562167198543,0.025377066355274081,0.026257335532501848,0.026893894038702813,0.033935511015780462,0.037288558568870228,0.038352745618298122,0.040701789315276737,0.040831073114904429
0.012565318847468546,0.017774108664661427,0.019409048605937576,0.025430199393884214,0.026476270424378858,0.02955750820157281,0.030062911583217396,0.033249222702203492,0.040652359810652704,0.044387896161497256
0.018975086255003895,0.020101689279575979,0.023912555079514432,0.023970518198571766,0.028935807209266369,0.039915473129299106,0.040440919500255371,0.041336202257417853,0.041442562639582993,0.043863305114407398
0.027163716768667155,0.028545626421824871,0.033035576533945794,0.036167698037625921,0.038661351955876118,0.039768504316896131,0.040003373052900693,0.040344278367161188,0.041912671032895046,0.042766115828791335
0.010981180175004789,0.013042857869589648,0.015387533681201512,0.016155595118863948,0.020401543340629179,0.021191452728461506,0.02417548163291619,0.029370602926150024,0.040270898490321894,0.046230584015795814
