2.6877237128989986,2.6970734200631297,2.6983785429766645,2.729388015488114,2.7851169710540846,2.8553638329854789,2.8767752963586086,2.8840587654690886,2.951843601427429,3.0100634664527339
2.6241722599413251,2.6588826186901651,2.6727147108009364,2.694109817371205,2.7329580216079505,2.7688142156720055,2.7691995522936059,2.8467814912189171,2.8751080769029116,3.0246112786755828
2.6441775627940767,2.6478408295800619,2.6808428026644955,2.7104905619969073,2.7271308561269665,2.778530849610795,2.7911669351483659,2.8128727478381821,2.8160710027373952,3.0602503141521984
2.6894802287146451,2.7459778483381658,2.760668085841206,2.7796616089781301,2.8105430240308329,2.8574362440659211,2.8959091048740104,2.9026260687189152,2.9136300898404746,3.1120333427533384
2.738748353069747,2.7570149249817262,2.8173385690901038,2.8491091442105034,2.8751554104949433,2.8866765884868477,2.9879550743226204,2.9949096083600479,3.0169690465694674,3.1147843882884918
2.5981270689153542,2.6866178664883407,2.6930834189868507,2.7126725616749221,2.7479199688926093,2.7660837748843035,2.7896602578093908,2.8710761220916714,2.9456754623748518,3.0159313667512038
2.7393694690276069,2.7930191607412738,2.8172456148838059,2.822161440742001,2.8475645031565886,2.8681798365772266,2.9403681729731881,2.9701336194630117,3.0397212272072851,3.132470572155551
2.7971234571095209,2.8267262766964327,2.8449575590796705,2.8651592503335461,2.8978724146290609,2.9725928196467177,3.0291487253801854,3.0326099016856576,3.0389580793157309,3.1253879793371535
2.7365330567123953,2.7411727726308421,2.7423230539703702,2.7594612565654097,2.7820543287725741,2.7987422074278845,2.8386667112974324,2.8942275555266943,2.9832680650762917,3.0652460771214134
2.7967592074380137,2.8470506321815412,2.8514607912413847,2.8648040804653476,2.9120585782690935,2.95546517664327,2.9664894307142529,3.0079351194622403,3.035005220882141,3.046632648436324
2.7207236863090523,2.7583761392110508,2.7834242092544828,2.8055691345126972,2.8173649865513011,2.8710516851356269,2.9173373224777559,3.0439701192993223,3.0539527603955285,3.1704240335021763
2.7549168369807049,2.8050341727900152,2.8079549349796364,2.8085464336920385,2.8684083050533875,2.8979874554274181,2.9100267900086734,2.9704814785434408,3.1306886343674485,3.1799772082984563
2.9101296496748028,2.9171250555744397,2.9433899165528654,2.9470832963695623,2.9590971193352731,2.9991525759326465,3.0215407756113377,3.0590315841325371,3.0813399989618397,3.269752947492977
2.8530789428622612,2.8626346498638067,2.8673712074143474,2.870908143708149,2.8862782246012149,2.9036182830152444,2.9052015166158034,3.0502525527951896,3.0568305673189244,3.102683892506469
2.734397808803064,2.7704504274212294,2.778031536802581,2.784008303213739,2.7898016284389349,2.8343344485857935,2.8805386905318757,3.0845750289612472,3.0947736367128709,3.1290922092778759
2.8173399312242116,2.8220979776419859,2.845427670682632,2.8728611810239961,2.8791617816994473,2.8878512844844666,2.9718697716851201,2.9870025854134328,3.1597715952078449,3.1732988111983094
2.9393091328986061,2.9626031478555377,2.9892759702006995,3.0028140140388375,3.0429026383973774,3.0443082263933094,3.047025374280838,3.0498212065187746,3.0512134356040654,3.1700495111925511
2.8165399150912345,2.8655269467565656,2.8830707938456008,2.9442212480803436,2.9742796890725316,2.977355358638242,3.0342477857183749,3.0500798971190513,3.1956958853008195,3.2453591104224637
2.8383213985278637,2.8469174795324976,2.8604409460393261,2.8886607165885319,2.9115747434066854,2.9438782087661526,2.9598547221820128,3.0257980808016365,3.093226360405104,3.1763422983831502
2.7989121694094994,2.8050692751146618,2.8122181195043265,2.8270767802639316,2.8333418982328968,2.842689369730472,2.8891543604553735,2.8967564095408762,2.9598569383163289,3.1345766819167205
2.8292860764405336,2.8409561057184116,2.8595356172606441,2.8681103519146127,2.8801220014643638,2.9296229822326119,2.9666064500167173,3.1125023803795817,3.1435449565783253,3.1881102461230135
2.7814049277885888,2.8102743187011812,2.8248466560877077,2.8360563639091216,2.8770968217442254,2.9026096910652752,2.9289148790346635,2.9508655807047015,3.034359416201617,3.041474478614091
2.7595010089384013,2.7633091117100639,2.7862470120879212,2.8022032714140739,2.8319659974600713,2.8426555058190068,2.89573200013885,2.9350619130038424,2.9585654624945734,3.0522673951515507
2.8216800724821329,2.839010644921621,2.8541453983331468,2.8665617758625039,2.9270687929157635,2.9432802658344439,2.9497517377490516,2.9687923604928788,2.9892904763211323,3.0892292183508263
2.8403398515909277,2.8657333636632845,2.8726474306085081,2.8947485038767118,2.9012701488560388,2.9114482672750608,2.9492071969017699,2.9913125176603477,3.0372769290665182,3.0628211655309441
2.695895154704381,2.742575342678919,2.7985742579535149,2.8241472185423362,2.8406558056978071,2.881019087300758,2.9334117001238011,3.0644595211533625,3.087490164474318,3.1360193771705447
2.7766764809232667,2.8179658087262274,2.8619326161614786,2.8915521107758337,2.9598924467274212,2.9664216777373316,2.9696360687857113,2.9847934550994557,2.9978022502503676,3.0769580551340354
2.7929253241668737,2.8185440158554464,2.8343914001469468,2.9261194241599879,2.9560230658023041,2.9760613169926176,3.0339198614734633,3.0462507759148783,3.059175274082111,3.1070285338158015
2.9488055486098639,2.9547782873337343,2.9655722397085689,2.9661343071872532,2.9815477039850076,2.9833961668980313,3.0027164503590686,3.0050705677975649,3.080923906929133,3.1437440798625076
2.8314024086186498,2.8326697775191887,2.8630016194453849,2.8700245756274221,2.8748728731886137,2.9259302767597664,2.9306151145672583,2.9974949702936962,3.0801618778455815,3.1272220950791954
2.7851603242663505,2.8256533782523992,2.8364443386603337,3.0012289727810768,3.0262321341213276,3.0556260679756546,3.0767883787045216,3.085612973748006,3.1480930740869133,3.2160113288939738
2.7557756583638078,2.8432439525958131,2.849986872610041,2.8633934847622546,2.8786011756271357,2.9447577659806869,3.0610855411268707,3.0629677907958555,3.0730895266184719,3.0925523069434364
2.7962540345819944,2.8103308995292902,2.880074533444851,2.8882717472990178,2.9335837924334891,2.9477094291680617,2.9540437989522355,2.992712203413312,3.0031636035916143,3.0437667860990625
2.8691684266700679,2.8865366719165082,2.9064473089514831,2.9142478616853182,2.931390230762462,2.9422369257569096,3.0886706418181991,3.1064043078696262,3.1457859970082764,3.2055905914149663
2.8436248546954941,2.9412864641969203,3.0272656693418858,3.0344047378413443,3.0359675495992131,3.0360887919945903,3.036623038420216,3.1506308495039219,3.210953979979895,3.2210711431672419
2.9998505615768964,3.0052578719474847,3.0153091251439248,3.0329586920282621,3.0542369353217054,3.0667577720926951,3.0980079112520893,3.1035020493275773,3.1255919231238729,3.1497054628046026
2.9336430047017057,2.9713546030331361,2.9985335946222693,2.9986064789641249,3.0176739400818651,3.0299755265688662,3.0583789843504956,3.0721236001751251,3.1456860306222985,3.1797108521909325
2.9645769242618041,2.9789721860626344,2.9826061372981023,2.9960426482135936,3.0116601327391663,3.0400115530285032,3.0701745767936846,3.0739516263432596,3.0801611751241484,3.1390337138395674
2.9017413461835542,2.925614216452213,2.9263681837868196,2.9559831356840616,2.9653660245505549,2.9910378201966807,3.0044352229859901,3.0695733116957156,3.0751795103643955,3.1669865640514612
2.796389853315957,2.8215624654896732,2.8392878256617182,2.8394908262866281,2.8463988928914215,2.85591863535711,2.8649105341083763,3.011109280318971,3.1558724094264829,3.2344667962547948
2.9726445854673145,2.9762506507131805,2.9876141067661734,3.0207905520595819,3.0228275063096337,3.0342898876386828,3.0390104687004502,3.0511749081399246,3.0822614966893087,3.2519285115712453
2.985669052382836,3.0255902408887341,3.0399706137126099,3.0567388723435185,3.0764127099467986,3.0904904787462431,3.0908637856430152,3.1133601841699994,3.1161651358001627,3.1545904646285585
2.978268228884148,3.0053283066093672,3.0283022734984142,3.0401014112592937,3.0711750647586631,3.0723580074427268,3.0837916322700569,3.1006803212348997,3.1370840519594112,3.197466491615033
2.9728347490969802,2.9979079459705256,3.0084900076474312,3.0337258222251737,3.0488100704551488,3.0611848258651815,3.1491442970254275,3.1744002097570405,3.1877268719369241,3.2334671754458864
2.9733105161511117,2.9886108571092609,2.9892965034113788,3.0246544740306072,3.0352166744525864,3.0549607770150509,3.087029956872553,3.1278918143205976,3.136832321165266,3.1833230539873902
2.9079979280407251,2.9435572117118398,2.9466428786223817,2.9985817106027493,3.0411568061794236,3.0539617025769155,3.0571807680248826,3.1155609028828772,3.1383535148150714,3.2577674104894423
2.9364002396657662,2.9384464249182209,2.9720103797588218,3.0063090498859557,3.0149728991825504,3.0667162547680373,3.1934813464413523,3.1937622266440022,3.1988194245542245,3.244455118567326
2.9461416950998442,2.9603459104389138,2.9662302711268027,3.0240900026445909,3.0551582961760091,3.0699208966179632,3.0765294178894593,3.0789996883602457,3.1074544153706585,3.2027379195720274
2.9586703653255721,2.960956252591906,2.9665395995394204,2.9674611906105666,2.9881157187187908,2.9932715347288923,3.0393202220867552,3.0617657498576341,3.06353977620984,3.0967344498269522
2.9354203057278063,2.959620240076084,2.9657333029734017,3.0262103776976477,3.0590875044509973,3.0701885877799873,3.0796677627626066,3.1060548286606675,3.1493760410932348,3.157935750207375
2.8896077350433726,2.9080362969396241,2.9772831247770752,2.9900514517435228,3.0104989267792055,3.0401149607208535,3.0478993327634623,3.072538065933371,3.139073283430394,3.2894727286578682
2.8469226520059592,2.8580814799566934,2.8646780862395174,2.8806062942578579,2.9279014992514836,2.9330200879149633,2.9449915110526121,2.984257429799142,3.1689792805688555,3.1837456130946342
2.86745254700871,2.8779694110759793,2.8877928354620903,2.8906957795809296,2.8975294414550867,2.9028368512640679,2.9082661461337187,2.9933127566648059,3.0236719729904489,3.0775292201055606
2.8554696652451632,2.9028810910311971,2.9783677432583011,2.9841252313599096,3.0076221247107107,3.0098712745486496,3.0347206564580209,3.0350683975557291,3.0831926284165903,3.2386503410045213
2.8340092481878383,2.8861633811690193,2.9174894446118884,2.9302488426287554,2.9537418085032825,2.9574294579536589,2.9758885293976984,3.1057221855534549,3.1367590641331549,3.1607062442561
2.9601885025644572,3.0227960084601069,3.0241610673033708,3.0599632659888609,3.086063914381028,3.1007047173653306,3.1215579632938151,3.1507319283375876,3.2024962713169036,3.2640019600793106
2.9110725354708258,2.9724250081125478,2.9948296654318027,3.0016888609315533,3.0440161169920676,3.0487738729614828,3.068129933175181,3.0750669114312474,3.1144801561360809,3.2470748369144111
2.9002087201752578,2.9027011985435172,2.9105607198285073,2.910666153915495,2.9185752125191313,2.935391424964144,2.9469192699867568,3.0000777779390484,3.0043308744538568,3.0408167565773474
2.961859448060761,2.9630792517822782,2.9890318813636858,3.0029471138418855,3.0136247584309754,3.0187451661015006,3.0395210955535998,3.0886461503146743,3.0917018256510498,3.1564367491562493
2.7889553878836066,2.8011926499113544,2.8204951640621729,2.8245976518836704,2.8647521193838261,2.8672848552211305,2.8884263912674402,2.9268453609024725,2.9636656404770445,3.0453710557136011
2.8121032456458557,2.8384033782729929,2.8417417187978962,2.8545575620332184,2.8703317415556748,2.8825579376529333,2.8966203944393247,2.913619562877412,2.9520640958326894,2.9840772973294709
2.8013456136219927,2.8234427997047105,2.8524534704019096,2.8625710929427255,2.8943212284065178,2.9124077650169369,2.9634261437256142,2.9885368102437027,3.005850038232158,3.1255977800788841
2.8728771802715602,2.9482144205003578,2.9765092002024867,2.9836049268974887,2.9897921562422143,2.9974904315101396,3.0339283000537867,3.0688587696048581,3.0785496084264108,3.116396871065255
2.785046052867493,2.8002664567794087,2.8365896764071659,2.8370402221208106,2.8939643122842922,2.9166512039890691,2.9629760353954731,2.9860880312739133,3.0519625686395382,3.2884664150507179
2.8451484519362054,2.8623275859027104,2.8716589064941216,2.8962592826700138,2.9010285530161388,2.9226480395332497,2.9268937690238377,2.9877852075758931,2.9993976279243748,3.2233520469609931
2.9135160422529536,2.918399627810262,2.9467114872644542,2.9537745328338776,2.9734830292083858,2.9844111701662559,3.0218003854333499,3.0235763627468271,3.0420703012608641,3.1244317249229683
2.7790922272344623,2.8201135050399593,2.8258866833360665,2.86232875831735,2.9149816200083873,2.9443651762124885,2.9468592355795962,2.9642282361402144,2.9744748497390479,3.0310592043574132
2.8823647501766323,2.8833713127039728,2.889991918596543,2.9033580920439213,2.9065663562172732,2.9178391643652501,2.9268218946971651,2.9863220066161613,3.0426932374604396,3.142685973776933
2.8018157074030414,2.8075206150764211,2.835044882924338,2.8605538631042489,2.8807111886466341,2.9146494852204836,2.9279840519547182,2.9500372292675729,2.9680546728032002,3.0518831580664392
2.8294211664841584,2.8473022103666832,2.8620136147540833,2.9080238955647149,2.9187556301095334,2.9800810930768318,2.9969432365428776,3.0352613290150376,3.1168317345016057,3.1315723157054696
2.8514829201708465,2.8673643577816219,2.878491116013481,2.884474293140828,2.8886263602092499,2.8886570504613664,2.8987830755453006,2.9325089643314541,2.9870590327458872,3.0908814582143984
2.8362745523776134,2.8397188715208324,2.8554019379762821,2.8702615173198991,2.9222361499341414,2.9672315277515118,2.9688925802695794,3.0131361373463714,3.0393085144013288,3.0396584492399672
2.8388005107374421,2.8414925099076123,2.8542800213625394,2.8560462358870833,2.8601688100654377,2.9266592102713265,2.9269250070432893,2.9460011977357428,2.9594119517678363,2.9802571336293751
2.762986091528548,2.7863332721356739,2.795618570788279,2.8122246890322016,2.817637682470858,2.8186595557759033,2.8194635679487989,2.8854864321678346,2.9434346753359075,3.1323741627498087
2.8219475274532946,2.8285170778541646,2.8315191795533972,2.8439387518982655,2.882280683416707,2.8841942329449926,2.8963270325917434,2.9017333056598558,2.9161363585229916,2.9275762456625882
2.8092657815340956,2.8256608177136036,2.8301957101984705,2.8365309946607051,2.8943268078265589,2.9092319343209287,2.9443223533604979,3.0432450093737939,3.08238988305951,3.149560889839583
2.8481968473386967,2.8528259328748127,2.8542400959206438,2.8546078193727809,2.860330599876705,2.8648477992351533,2.9064108513125482,2.9345718066740845,2.9551600641024498,2.9757402031726738
2.7450895840936953,2.7510147141097114,2.7630983605006625,2.818041124320819,2.8202655900116689,2.8374458601217096,2.8760772632193303,2.9390633485628213,2.9797528196934859,2.9948657289611584
2.7152548765400866,2.7530560111191971,2.8104783845939822,2.8156664427896985,2.8229423411863479,2.8432182643723363,2.871537507123517,2.8763291476009196,2.8958278270227478,2.9242511978259893
2.7296075166694225,2.7459357920844649,2.783691367820794,2.790419419117979,2.8147204978190503,2.9124986573928662,2.9135363194482076,2.9489094265414639,2.9916208822974393,3.0100557419842837
2.8156954865811179,2.8210509019885333,2.8318260879139423,2.8402694002349924,2.9125905228925699,2.9127180568960718,2.9289387637006197,2.9536463607721215,2.967043381522906,2.985607601902212
2.7667062601788128,2.7810759561985767,2.8001959760679016,2.8034358674496671,2.8223080507451339,2.8402973331723507,2.8982698703601089,2.9370345746013338,2.9774510914334664,3.0270592024168632
2.7871101247275281,2.7905392737392134,2.7936160405967212,2.8572292800961607,2.8751681790654309,2.8849159662967323,2.8990078616224273,2.903665127275104,2.9527177252317931,3.0433544319462116
2.7067677351338171,2.7217580967024673,2.7369839398334368,2.7659276103427906,2.7705662214563107,2.8049621468683923,2.8978181020165774,2.9095895850761475,2.9398712019211368,3.027339540479705
2.7699692691737789,2.7763369561058004,2.7844402503150283,2.8148093893127801,2.8204818316411338,2.8258919571725736,2.8812413283969662,2.9216125520246825,2.9568032131611153,2.9614675558956063
2.6998343452447715,2.7250495192623614,2.7298686754309398,2.7386624000870903,2.766128597843057,2.8021683279389102,2.8088805059142636,2.82392857535375,2.8842809605924926,3.0428627038720082
2.7290001601424714,2.7380423924850428,2.7398149238570904,2.7502795461655016,2.7725828167849458,2.7862293930863578,2.8008306106818281,2.9221799231331946,3.0018468056073329,3.0299859288398459
2.6963340270964031,2.7010651810707502,2.7469670073136436,2.7864654934478308,2.8116931489132551,2.8141668068517491,2.826964742381441,2.8810856800527,2.898864516329076,2.9546441103256944
2.6933369500773137,2.6938589487283213,2.7041172040999015,2.704362018514054,2.7099767475510474,2.7238326795241923,2.7412230410179874,2.7904254830292623,2.8383960782325004,2.8879160133846913
2.7108209080221504,2.7609591732578891,2.7665226493642239,2.8312293521726728,2.8365436758921834,2.900216731305973,2.9311905182575968,2.9446602514795339,2.9615277242750326,2.9733272928698971
