0.65020317903914071,0.6555020019462594,0.70806486445972894,0.73191539746571932,0.73356915507021014,0.73530160822761648,0.80495596902874311,0.82156138023886083,0.83580494827124152,1.0319694451218164
0.64398982984178099,0.72019049746201613,0.77441182529707175,0.77759790477969259,0.80205586294240838,0.84549418542174193,0.92773186624978932,0.98849239669426181,1.0105158743012623,1.0981964171372764
0.60216834563681365,0.65401295764266498,0.72267429727478438,0.72770898082007607,0.79480903974326855,0.81362971533738415,0.92091476586445609,0.99031349612235342,1.0459544081482499,1.2300639436224912
0.70023202961719688,0.70081432474634253,0.72736927613188573,0.73879282568460214,0.82833533359711797,0.84852792002915001,0.92634474062589955,0.99460585081334507,1.0233785685453292,1.0365098644704243
0.64530920690692861,0.72536619980106831,0.74079338254462579,0.81233128076623506,0.81850249867649527,0.84028767214389832,0.85115052311986217,0.87393862650483589,1.0770850509841861,1.2169614558620649
0.56226481613555723,0.56361333523394475,0.63899946829628229,0.63960528228547986,0.65375503125499801,0.69744217298943756,0.92210731426224113,0.94575393869694269,0.9945551845598839,1.1376189998358774
0.73735420740447566,0.76522879903053065,0.78960678038178589,0.9090357392927122,0.91023714133882727,0.91180262660644606,1.0105874518398457,1.0622006136858348,1.1316029834523724,1.1396087099149317
0.63998981758919138,0.64503741495008704,0.67435630886206521,0.70767851566448847,0.71010629846180784,0.80817003273580656,0.83990982640484457,0.85312453645353203,1.2495985212935032,1.3086847518188924
0.62936833995337249,0.66861152441854621,0.67216473312640579,0.68729886100846027,0.71437585924774316,0.72078229208860511,0.7342545450595348,0.82099253006330075,0.86800165223053716,0.93245175415874471
0.74532595300759352,0.75149690503639466,0.8063008060247614,0.80891993505041482,0.82726593486580891,0.82921679799250914,0.84519102622282016,0.90809905706180283,0.99930731364201142,1.0462261927886254
0.77295335917626318,0.77532194933926757,0.79089668017273063,0.84104430625338233,0.84288151163209646,0.86392157891949539,0.91273419963339464,0.93944081899712861,1.024878437581255,1.1704345549158286
0.71466076983970961,0.7223803103359816,0.74329011396593003,0.75728607834163375,0.78424555782360406,0.81959681074176727,0.83671815295423579,0.86460316087935318,0.95274762514024625,1.2397212731543523
0.67523985669719711,0.71827495730870483,0.72427777088816958,0.78456676956955373,0.83572059540268739,0.85202453508465137,0.86485373340166882,0.87165316818061056,0.8800272331346024,0.88875639527464934
0.68437880379985083,0.71279465058207503,0.76692995530997266,0.80349082207361899,0.81578784086632616,0.82814815442844614,0.84198127528027777,0.85024441085558511,0.97601570895836964,0.99444834390020365
0.81902209455364883,0.87539355713059441,0.90780440904530213,0.95418802201469166,0.96627577240710938,1.0374436848865347,1.0412867090630171,1.0446190560536226,1.4065069805173485,1.4369361999609396
0.81939662530208635,0.82793563698906292,0.84965014416352647,0.86329930519856024,0.90474337108852154,0.95278395755462775,0.97547679505445473,1.0276266662170817,1.0689005525237509,1.1465239091081334
0.86726605197112905,0.87504601200140186,0.87718034554603896,0.88121701847867273,0.88457642085120725,0.88604237943574526,0.94118547087226601,0.95453136224546009,1.0013349682685577,1.044779402135422
0.72913254722876575,0.75880211622983573,0.7870536600519169,0.81714107997415253,0.89677019082708531,0.90150227688303808,0.95923829803173266,1.0165518657903903,1.1163658549378579,1.1507051637276149
0.74197134685255817,0.81908372709341881,0.86693766870390476,0.87591885158678595,0.88652668194305351,0.89183522342486077,0.92627657541452946,0.95043316351547968,1.1186479149308841,1.1335430062419634
0.76425254079446781,0.7797793123810397,0.78335053374752883,0.81124270526953079,0.85473570276472266,0.86774124928625085,0.99790824149805823,1.0032936549220488,1.0350950914002128,1.0469804170675103
0.7175593414230419,0.73309193948940266,0.75228959414288976,0.79623213379755775,0.83162387295772255,0.85551399790764027,0.90216384681706296,0.93852987397376397,1.0256130360676656,1.130655582201876
0.74960459625104825,0.76707254504604849,0.77652660548382535,0.8112827462867096,0.86767887759821383,0.93193443151712563,0.9442223428748644,0.96753219096011689,1.0443779338044452,1.0780654328222816
0.78396328320715458,0.78466657091522984,0.85353835674774858,0.86446605829037715,0.89338314749507308,0.93170696841889189,1.0322581240689974,1.0448840257618848,1.0728787082406681,1.1139121985452274
0.80385351387066795,0.81705753355758537,0.83312214705481313,0.84533953003552265,0.85004489024002217,0.90424103935104228,0.9079269196275046,0.92968880042733248,0.93742012489383919,1.00457557905803
0.76938786169261286,0.77853720410239102,0.81547040607164822,0.85616236852714733,0.85670856526558303,0.86343895255176006,0.90297913878748171,0.92661397905273812,1.0414286328721474,1.0503812598800959
0.78141572147847249,0.7962983604226217,0.81379409902022903,0.82415146285375762,0.82724901045254784,0.88115477664091602,0.88607668299997355,0.90409508288194917,0.91382765402767019,1.1115452648011246
0.71490714026248448,0.71724669921190287,0.72528915943244066,0.76288171662121851,0.85779486727563503,0.89463615670479957,0.91154293813860843,0.91442968637501965,1.0844603513512046,1.1440107373534976
0.71195260054775744,0.71549174580106278,0.71660890050595061,0.73101610830436359,0.73246710233620016,0.75214229925031795,0.7768595770564275,0.78953047137077892,0.79979474019794505,0.83255890774530394
0.66565459619830669,0.70367560007357444,0.7466266432296802,0.83370093008820279,0.8688650315008104,0.87374821030275251,0.8810708056125347,0.95348846396591735,1.0225733625146938,1.0264503949074744
0.70154884534258954,0.70525446594269914,0.80971395317479633,0.83853990275216495,0.83990119561209653,0.8442149818132334,0.87235389803667518,0.95647231816934664,0.99953104973982221,1.0426335115116361
0.6824799129945549,0.71565576618082849,0.72135845473261107,0.74581367501507057,0.77678557348360178,0.78083415827470048,0.7919419621238406,0.80268873070405489,0.80478877912687485,0.8479715165766839
0.59390411857716563,0.60935894492974407,0.64150013280914608,0.68770141542615093,0.72659742438814812,0.78237190281750735,0.80218024833052359,0.85604762228387843,0.86849561501490546,1.0784634040904186
0.67551047043334123,0.67918590083879149,0.68811925341058311,0.69266104847083154,0.72015980459343876,0.7302881273148043,0.85097264918420645,0.91615555810249694,0.92532509049361611,0.9617901419885162
0.69497692246742382,0.73176017937486293,0.78554138556164599,0.79134363255277407,0.81246030624191823,0.83064005277406938,0.85762272600590173,0.86104171604844426,0.89502249648602383,0.9253479424101565
0.62651412585756727,0.63305599905511345,0.63956803474188773,0.64442704067404533,0.6478035149554211,0.69906305900115528,0.81369332234257064,0.85998252574435963,0.87910605526925734,0.91947807740191134
0.67301994591665482,0.71019558854398968,0.71902050511075188,0.79869952665059341,0.80452156767510008,0.8293581004177133,0.87581373666157658,0.87828581462076905,0.97063465584224096,1.142396864720149
0.67453787865368975,0.69837488057080144,0.7076139871855065,0.71266107521953304,0.71849915628432592,0.75375109850128119,0.7888256221973089,0.79612839550290859,0.80059418648709535,1.0842273083037526
0.69366551868351101,0.70412432202877806,0.73675924238535995,0.75122188323695172,0.77012558091336381,0.79575836990051929,0.8009224755345028,0.82023835457145333,0.82186566846409947,0.82784566595335196
0.73224601699071545,0.74196733495559819,0.75785258694118163,0.78012157721624042,0.79020576161739076,0.79093615223832314,0.8216926765609478,0.92521440603822125,0.98709393071613416,1.0400194300093806
0.56630975135032369,0.56735686133871255,0.62074331369055624,0.63768019763581973,0.65116943650140691,0.68670045727617524,0.68966934121723522,0.69838468326742476,0.74672925767538745,0.96787586309291251
0.65324672268885919,0.69461954785147917,0.72629923113699757,0.73046249967059351,0.74552374496238194,0.76397726545631084,0.81399978914292337,0.81984961175969673,0.95408910004856695,1.0187238153957532
0.70710755209336673,0.70795198075402688,0.71533115421259419,0.71814969207544577,0.72903871022354316,0.73198062696447952,0.77339646361844716,0.85063977083287456,0.86199102019125995,0.90394986718170722
0.6313282376958389,0.65672999121024311,0.65898609790776286,0.70075159187102054,0.70595994791557404,0.75056269450504765,0.77135511615862784,0.85230379706596615,0.88524663208696319,0.92335999667114388
0.6505248358733553,0.6631612881973652,0.67138584917434541,0.76121418909889549,0.77617070390300968,0.79338106386144602,0.79646697004377032,0.85221476812451202,0.92775378133576725,0.97197763618042776
0.72601070099819864,0.75774943499864822,0.81009399418750805,0.83592116218171642,0.84682066549206203,0.85943389197064812,0.86447834615748143,0.88047054022438065,0.91536411081470348,0.99111207574129301
0.7412870131358531,0.76254545446746569,0.76490808170061486,0.77826525274322034,0.79859162161814146,0.83876248611859827,0.87357880627784956,1.0283191781013534,1.049650012555198,1.2215000312242217
0.75880058769253722,0.76378045626959246,0.76926358792123084,0.77411036879682893,0.78081057359357553,0.79970093516374741,0.80635821759789206,0.81589224183348596,0.88278180823020236,0.88676734433421567
0.68964256926236223,0.7286128544757644,0.78439620469163174,0.87141594156238034,0.89339382057184213,0.95227493797480056,0.95269593377650486,0.97838409475768007,1.0581470217933728,1.1797983303645574
0.72826789244248946,0.81254416436810306,0.81720229928752097,0.87474453858561008,0.88754396211025322,0.89992888864503451,0.90548621214432234,1.0757107915332336,1.0837598040116876,1.1743734571996676
0.74010735211084944,0.79079689009164511,0.79356618193393302,0.83149474147289704,0.8430117355498723,0.84515236203286515,0.88850553863681769,0.90754654064970319,0.99893650533216238,1.0640001211764734
0.78847715567398691,0.82987604620094846,0.84159289468556375,0.84792897311556015,0.84820969738506502,0.85946460362075205,0.94838824342535277,0.98436551548195217,1.1120696523914151,1.1418830026425613
0.65275030777052345,0.66092888809567185,0.67773460182895162,0.69269424981640615,0.75506989264289981,0.8076040127163111,0.82805264764181796,0.83777907015487507,0.88734405934491489,1.0712067898272419
0.78408145921624861,0.78715530049102078,0.79995413264147697,0.80888986944709318,0.83367484032459149,0.84033597263551973,0.84708988264526264,0.94851856402532952,0.98696282550329872,1.0411202294360611
0.6506713292226749,0.76288123593806256,0.775204424010556,0.8030204658691984,0.81909242542322236,0.90622842333482101,0.91004605377984049,0.94310555172627497,0.96963535788748656,0.98596119695510565
0.68168112943453751,0.69706472438093137,0.7165004405367128,0.71845256615257957,0.71846163044482703,0.7724697706920054,0.78110224846445453,0.83673895848465829,0.84623488711679951,0.87436489018264441
0.78162355904391667,0.82560451521824385,0.83408311851676098,0.84562836594314783,0.85098618534814463,0.88976173871118469,0.89644674473209474,0.89825498144282978,0.90096159755885141,0.99646871669109371
0.66321233704914118,0.66677449325203186,0.69857583086629216,0.74881184984148419,0.74947597536120014,0.82521829669680491,0.88480120042423449,0.93601891508855362,0.96362739372452078,0.97428353936365619
0.71132076562098856,0.73466821936834537,0.7505012188815896,0.7617056962773221,0.8508325553705105,0.86204663515514435,0.87408860435038482,0.96398608991000723,0.99232562177900707,1.1171558264414814
0.76162618905549051,0.80291557301286387,0.82546675267695635,0.8374762567646612,0.8922142778290203,0.91594423590077678,1.004541562580453,1.0193955386696301,1.0825003971119487,1.1979527446619893
0.69051033628823966,0.70393062034817344,0.71149421940709656,0.71752517510111513,0.73067760250989844,0.73204983227628517,0.83547422571292351,0.91577217292036872,0.91953130217420576,0.98460025835085929
0.72688834711444805,0.73048091105164881,0.79580138313077597,0.820733214081244,0.85730550604507538,0.86015421551071558,0.86526653624797989,0.88365040464450306,0.89798021636501968,1.1859144132121773
0.68892155556155554,0.70088252075861668,0.70882763868596976,0.8256566333230313,0.88925614931652142,0.91917137010653249,0.93118031393216372,0.9550921036087634,1.0207059111038896,1.180073249206766
0.74523622494981456,0.7956051987636541,0.81107173269311872,0.82094988500730626,0.85026444706147508,0.88002575730992527,0.90927479638702913,0.90938198841758666,1.0111573250202146,1.0181930033293778
0.68538197807894052,0.704291806275402,0.71345041034582701,0.71664369675265016,0.73862810967087134,0.75499468934793734,0.7640319342185018,0.78919664184106786,0.89285735956057399,0.97054660993459452
0.74205897624990547,0.74222550932639786,0.74819104607076747,0.75153133571214958,0.76240421077869769,0.80597884812383436,0.84000884394521602,0.88970326445189141,0.9008909786704411,0.9170727677171282
0.77402481597411121,0.78370167234220567,0.82313920384593553,0.82452188190117015,0.8537104832126885,0.88462907081471354,0.88548920948295207,0.99671237198805329,1.0457347485823836,1.1503559405714774
0.72096725687436125,0.74695377565704169,0.76484959857554902,0.78115401233103343,0.78166274134989022,0.80090864271413142,0.84224952653723939,0.94776312480350855,1.0231599786156642,1.1574133971366876
0.78683750192888802,0.82165740214382144,0.8619907396018176,0.88520266557204286,0.88626358236250358,0.91214479530031589,0.92112892396060175,0.94812911537421707,1.0091105013753858,1.0176687726578484
0.72917934761979142,0.73316789671246507,0.79957098574131802,0.81860308123023362,0.84945862070609524,0.85113208200222523,0.86746830050856483,0.91692135607207748,0.95802536950458483,1.0996087238288528
0.79695864318594456,0.8008465183452036,0.81753157162485079,0.87515508387135021,0.87855890521842284,0.93168861489791643,0.93529492092695232,0.97195878868821284,1.0223549108703112,1.0599930214065867
0.76803274377742126,0.78542617709517115,0.79584497999986636,0.80672634220255146,0.81002527709866534,0.82958383555678905,0.83360516521262795,0.85726899072510587,0.91265532766545698,0.94292407989080251
0.73940830595005735,0.75578071073678244,0.77802927558350587,0.79201558264015537,0.80515918555503596,0.84498489971788304,0.86292918666291518,0.87862858295875945,0.93168863850772077,1.0140623461912917
0.70745494102483031,0.71165352794059267,0.726006205398535,0.77953195571454259,0.78492764376379931,0.80703595988298993,0.87317973442356722,0.93259866307060868,1.0047712026832438,1.0950913556617752
0.7511465858298112,0.75128117580898346,0.80763120298264868,0.82009155690390712,0.85169462817885933,0.8522237772315151,0.86363000794054434,0.92056740990395625,0.94357350050278477,0.95403979808608508
0.76290671072788507,0.76615922128131375,0.77133405844806369,0.79444316818804817,0.83596012843834044,0.83637869422150812,0.84408703568162435,0.94106600934913232,0.94168653293139615,1.0383299260746339
0.80616623050536251,0.80967645832517343,0.82369976668900824,0.84180585929625673,0.89680238272820478,0.91802121351412813,0.96076069111511098,0.98225696031315879,0.98463527594200162,1.1412426228544503
0.73641934957315902,0.73920307309780808,0.75790728302644839,0.81942426969363513,0.85665727173304607,0.86102761877496325,0.90619901154266014,0.96591279068072033,0.96773482008910028,1.1559099257326584
0.73596956489073628,0.7395126066633666,0.74580137230587651,0.79487197864365644,0.80361753202707664,0.81492089292780356,0.83117934749884936,0.84112760063863456,1.0124084875218955,1.0952170446747935
0.72838045840723709,0.757955907153538,0.810149703786057,0.82150046001218691,0.83136780918917852,0.8652104180212925,0.90543578593169283,0.92115008306461243,0.92576373833787606,0.9571754213782584
0.55805725073898405,0.57036860210039331,0.61309708094227089,0.70590860449559401,0.72281027765063488,0.76199500295388134,0.76600979620639276,0.89192597852857025,0.99340398691034126,1.1668946855103508
0.6125370832389665,0.62019402897346287,0.62720871037265447,0.6415943289189916,0.71170308890637424,0.72416943249493126,0.79163277006855282,0.80284071543921431,0.84560109451962218,1.0170242202287638
0.71776099431877771,0.73064234576057263,0.7516949099613992,0.75974604374412058,0.77212833594430341,0.8464484453929626,0.85830370445698234,0.86141423579529564,0.88944486840621062,1.0758355910378254
0.63784388768259426,0.63855871527345398,0.67555451659990773,0.72260848979856585,0.74622476928320802,0.7797079143238359,0.80930292922598612,0.9826445664501926,1.094758918115541,1.1460597183727024
0.6199671883452087,0.62128429844168531,0.64511107910226428,0.64671604303705266,0.69105954959002291,0.70083785133416354,0.70707245900205873,0.76537984336808673,0.90474520439435357,1.0099683403566266
0.56069931099758952,0.5860968415018708,0.70109969297700037,0.71173077193002898,0.75568728111565031,0.78850318497658867,0.81123199626741016,0.81475094998212594,0.84066158950788905,0.9562149932799735
0.56640960397899098,0.58320101242847233,0.59961878427091397,0.6057817899013882,0.6082055299886262,0.66736912995611775,0.69632637264249642,0.71615670764720996,0.72212882954134283,0.73331546287588889
0.74445238955238713,0.75179953725665172,0.76641229338181338,0.78578058067931167,0.79572556259229543,0.81671496824831591,0.83890307051007174,0.84642601257018324,0.8549126803877316,0.91920171601837986
0.60269857798622617,0.68558938043565831,0.69791998384616871,0.70576533622857029,0.736763438821181,0.73798850922626702,0.75882664398974109,0.83653875179410964,0.85749444373005979,1.0529660664998035
0.64897330561758615,0.65920861685961585,0.68120296924967816,0.68936210349928029,0.7238478343524033,0.7623211031608248,0.80905675084234874,0.82861436056192961,0.89059381022320672,0.93407062199931845
0.64979041335067489,0.66092283003179064,0.68040014792292736,0.69229233813098023,0.70394901161926393,0.73800834792278991,0.77783872197803605,0.81095153896523131,0.83264172578883322,1.1334828158966879
