0.83839457906251935,0.84437028807570735,0.84465495632632859,0.85291428763299715,0.86033389234251478,0.87238071756564928,0.92873619002073937,0.93039308932539155,0.95336792558645289,1.0815667166424445
0.86275686106161231,0.88134483867577718,0.88179215245027009,0.90413922340298569,0.93771359982942615,0.98842084789235951,1.0090201021522001,1.0280540928393753,1.0810069795488357,1.1350730216211038
0.85167039006157141,0.87658235205121926,0.91215597267841586,0.99804662646138498,1.0085441652178182,1.0811774876693998,1.120786359759542,1.1585851219904173,1.1989094518969714,1.3141093513457909
0.94839356117163875,0.94845050017919474,0.96515387548228748,1.0246702794695333,1.0303529937497427,1.0372923838278827,1.0873480430872497,1.1545364672477563,1.175041317225118,1.2094961630622842
0.89182557782045979,0.90242438800301095,0.94831561579991508,0.98103538021072678,1.0656818393466252,1.0807921894339256,1.0838100418298398,1.1244525696042609,1.3091466516087018,1.4306206398712464
0.76688435026228996,0.77720494429749021,0.8471117986757708,0.92210731426224113,0.97330234239109625,1.0826366198454487,1.1070663007033139,1.1467519440830474,1.2833421919932229,1.3463969669876072
1.0046731848097927,1.0114943469935858,1.1682802167072293,1.2001195689747535,1.2305272139620831,1.2437531079619357,1.2977413767837271,1.4365461494529388,1.4504854508878644,1.5660860325214734
0.93710190962736073,0.94277522638334466,1.0006642558673411,1.0073324611447743,1.0548182604755532,1.1046878574137518,1.1224572619944957,1.3507821394640578,1.5419352942449769,1.7255756845934578
0.90236066516437186,0.92835560552905827,0.96912283555471967,0.97579662463612493,0.98450216587289274,1.0109368875852538,1.0538852878447598,1.0867508743775778,1.1360949895033792,1.4014502057931435
1.0880280008223617,1.1013792746547053,1.1444973433181822,1.1476116457451129,1.1543120371992863,1.1725765518596307,1.243963967331176,1.396378802025207,1.4079496611992779,1.4576257621742674
1.0794529025129007,1.0838954848212587,1.1117746429206314,1.1237054307127936,1.125627742965722,1.1257078130389719,1.1276072397730079,1.1315489415879916,1.184800717269332,1.2177466557466161
0.96066133777187357,1.006718842970336,1.015362405934408,1.1076243224006506,1.1434153315880438,1.2202766495562272,1.2204092496720316,1.2697037928197279,1.2775373688116471,1.3652478775733052
0.92924834719929716,1.0265152789439944,1.0458877009248213,1.1048597448245787,1.1512648539500896,1.1769730304109838,1.2075708348389327,1.2179792039891031,1.2237624707767649,1.3325262852188651
0.99301200437192394,0.99444834390020365,1.0109987470475463,1.0832867624243372,1.1077150665269051,1.1507595379181952,1.1910452456120737,1.2272797132851641,1.3637809032366777,1.3653992737147762
1.0456950289121019,1.0827963521985193,1.1073810547945446,1.1122921775921357,1.1626360053123648,1.2265466878522182,1.2451379252159445,1.3447752811474887,1.4900242048447638,1.6310962250990295
0.9860568611396876,1.0304309879013855,1.1201252159773869,1.171660010142638,1.1818505953861544,1.2017407328767815,1.2518030493680024,1.2670142098686372,1.2946825770827539,1.4232389267964209
1.0427496420911169,1.0717970426697203,1.0888697441833108,1.1296797848782276,1.1334836441253633,1.243753096226174,1.2834956340998978,1.3746399195145385,1.4115014456809631,1.6076515406462213
0.96702589898273361,1.0391364010734447,1.0502857006684487,1.1504333124196311,1.1679137589202284,1.247553303585708,1.2755454799858366,1.3044173624722899,1.3507395438105405,1.4643957408433881
0.95911179847865258,1.0304678459213688,1.058050426924074,1.072494412240641,1.0925393447944649,1.1188565414489351,1.1962142227695312,1.1962634895421402,1.3557248365771777,1.4038863649627724
0.92639785376748529,1.0064940525382955,1.0460586873767572,1.058615031414007,1.0696083359852757,1.1159724266247668,1.1900312897159457,1.204152943342327,1.311704541944549,1.332918306723653
0.97901062099501646,1.0034622677813463,1.0086948874426689,1.0171520704134207,1.0451148267818735,1.0468413269142021,1.1044989330092965,1.145733564054666,1.1824712131916701,1.3509832330508083
0.88371935925424694,0.97633778153913742,0.98959098053065908,1.0092828020973146,1.0365940330821961,1.0994337421049001,1.1152228366054113,1.1861158986712139,1.2496751575730394,1.295145797925525
0.92274503243500616,0.96112963143633134,1.0729689127959903,1.13169323764998,1.1641834590255065,1.1743175504041847,1.1804354457908754,1.2243344487871033,1.2649192238927256,1.3142115637372052
1.0105649446022329,1.0252530268405606,1.0497333410057732,1.1003053790677626,1.1264969461692469,1.1277416031887801,1.1552765610007878,1.1761045313127432,1.1920175881340556,1.2744767224634965
0.9999980678301954,1.0040212254382044,1.0735700379273858,1.089237793509894,1.0947845566556622,1.1001713177177423,1.1095942099892251,1.1177645342690212,1.1189439863854012,1.1537479130161459
0.90107370510520335,0.9556127943460293,0.95890062300326173,0.96113757258695465,0.99288291645528215,0.99290296922380028,1.0732404721863298,1.1555750548611101,1.2099803727980567,1.2559360230564947
0.95738233157827279,0.9761490977909415,1.0076090929337971,1.0658848404959294,1.1205759564254576,1.1442852127297956,1.1822376021151757,1.2083676443350995,1.2459811847527664,1.3117183470543572
0.93369721353116386,0.94474251834546363,0.95249769685588603,0.97854021041755956,0.98882929741694703,1.0426252113394954,1.0598750621932935,1.1105993144912154,1.1262399987823422,1.1454847334393037
0.79699455601255975,0.90800208185596709,0.94793753356090482,0.96504041696799092,0.98416711760564457,1.0216736473556849,1.0921989714803022,1.0967731191584478,1.1253556707784491,1.2786619508275066
0.87794024064218101,0.95743231326662448,0.96526292542944869,0.97110020424030674,1.0035448172801087,1.021928611772136,1.0470137997033984,1.0547712601522989,1.124801822518386,1.1503632058163378
0.85838830430270052,0.88300143751155469,0.8846636789615725,0.91673597395405793,0.98257164637155681,1.0138981902705213,1.03579947839772,1.0675345210904288,1.0823393221719937,1.095159660092957
0.7018635796444781,0.7358681099407729,0.74190575028917571,0.85535985332586906,0.85995927663053573,0.91182272781491092,0.92026841170920726,0.93292863972524209,0.95321414274192007,1.2749401833116472
0.80468947642184574,0.88144788245981642,0.89805167714473244,0.90502765054473056,0.93479202067080625,0.94889943546355138,0.96727331133736127,1.0221722710190093,1.0411071513603951,1.0874618735630954
0.84808210824861696,0.88355044876839051,0.89302516655431141,0.89582449826967148,0.89873013255834611,0.90746436995216495,0.92903569208966985,0.92934649540091518,0.94416843073728973,1.1841881638111156
0.72532510407055106,0.73587155370245494,0.736451381027035,0.79327713721353232,0.80847512841577007,0.82212764087745338,0.92035987544112707,0.94317937848539302,0.98813940625796537,1.0166761242071063
0.89250680516261127,0.89279058669428135,0.90049873501937228,0.90161739023897214,0.91761676780263857,0.94214857337376268,0.99776940950409898,1.0190600807782779,1.0431629668864106,1.159753654774474
0.77830498638451662,0.79560678838248977,0.82166270538107522,0.85271441454307428,0.86163161969059754,0.86314441899169969,0.86616159023919215,0.97080281988476846,0.99877723660357765,1.2504633499920579
0.78672075434250521,0.8357359290359021,0.83747148801697868,0.83995012046571738,0.84877012725923606,0.8690586704189589,0.88689219071346637,0.90562619357479379,0.93939946727972856,0.95293821039500992
0.79451716922759275,0.83433163705789903,0.87399366496557729,0.87750283440834931,0.89478470862010884,0.9154496800521561,0.92521440603822125,0.97912445451537833,1.0576703269024375,1.0889846361248137
0.71350448989043747,0.71918874737296568,0.72558723147217696,0.73077167829748868,0.74854801096633317,0.76169876310212858,0.83201642121922692,0.91330532120097008,0.96519723752927566,1.1077345468778756
0.77150793742171508,0.84965813600646101,0.86557312377778794,0.9495976649479001,0.96239206138131239,0.97190880648469236,0.99283541180055757,1.0074201430868284,1.0244196554238534,1.1183953036790961
0.82204033340800997,0.87236996767710284,0.88444514022337328,0.88592321442902389,0.90479626503426802,0.9053027615675191,0.94304624025616768,0.96031931095599088,0.97954695967454075,1.0716234713445818
0.81374926730770136,0.82112518184482619,0.8409536098954451,0.84856242275532034,0.85979172268925108,0.89967114184898689,0.95543375076639858,0.96678948268691611,1.0587648999700385,1.088011137206808
0.80826894169444774,0.8138316796629983,0.83262406266483424,0.87409208150845741,0.91029252203659627,0.91691963920348618,0.93879220079560266,1.0450509231201202,1.1010920262592934,1.1219417203028317
0.88513180063408203,0.93929149140981805,0.94029703103310247,0.97475740514441167,0.99564224300419957,1.011651246238924,1.018981570786889,1.0199280896766392,1.068703580282417,1.121669336096458
0.88132168033721969,0.89637965994203617,0.92225072811945985,0.94247698036463534,0.98985850451362145,1.0032046061199953,1.1399436010085857,1.151399479702814,1.1939771423998535,1.4702829289002852
0.83686638648230804,0.86685395977741209,0.86980854863309709,0.88676734433421567,0.93251840919381257,0.95980338252130259,0.96498295865101325,0.97878488906203476,0.98665622724896274,1.0012477855847912
0.94487872264738737,0.95948495322211969,0.97183723440844627,0.98443373998412387,0.98846451334644003,0.99429679571481744,0.99716099718171236,1.0131562514354622,1.1751215999971403,1.2373636641850414
0.8849178608385122,0.91601465408494231,0.93150692059429829,0.93576211462115433,0.93688230625160873,0.94264197093394042,1.1247022523510961,1.1298959968937923,1.198200375434932,1.2137809752353332
0.86121295466399772,0.8720344482092619,0.87215691707317688,0.87502077048826621,0.90964278235223928,0.93542789280631622,0.9404648799656945,1.0002597885093945,1.0640001211764734,1.1021368044068471
0.8821439229990351,0.88459549480409638,0.88784209947020098,0.98629371535874588,1.0156871527767732,1.0468240234121735,1.0546526424395353,1.1730882621833656,1.223614126040284,1.2383010546771653
0.7767939658496128,0.79386030349752312,0.83964148044496323,0.85158140521973946,0.9349148742716058,0.94843248534822111,0.95968233092117217,1.0137562101888586,1.0646410634556864,1.1078613903541528
0.8855716656567596,0.8981165130262303,0.95091815884446529,0.97653661671986791,1.0030237365992885,1.0632483223998555,1.0844218480363725,1.0922070416967897,1.0992192889549397,1.1389317767990312
0.8327496155413634,0.88693079763540217,0.91926585005486094,0.9429599612203261,0.96051772244231826,0.97832688472274576,0.97911945176680515,1.013359775943131,1.0814530007078917,1.1258211963850271
0.7295366717146643,0.741840099213388,0.76277912281784044,0.78145754040831283,0.82672185169799395,0.83119042176093982,0.86374724972806938,0.87281705154598344,0.97069443975881109,1.0031942495753152
0.89283313419379073,0.93394876517402681,0.95132067912925011,0.96380862121153221,1.0114789757837901,1.0279965035304444,1.0675425472924656,1.1054309274166099,1.1535222292600276,1.2219743036183153
0.79395867392214869,0.81276023068211956,0.83416480463321818,0.84313379690789114,0.85460730169355248,0.8951326025272861,0.97375656565970159,1.0293321626281107,1.0302281585356239,1.0523799486178627
0.85853935645935353,0.86481078948558254,0.88483420655241307,0.88914275108272367,0.89232635390070669,0.90331954169097672,0.97581527000743851,1.0553381279287395,1.1194512714872431,1.2203444080649355
0.84231046099684104,0.8937326540265107,0.89571110210973792,1.0091335562158177,1.0559942816863743,1.1022209216740859,1.1147230644923027,1.1204979583178609,1.2157797597106059,1.2680161591056049
0.75332359100001556,0.77315029975631067,0.81517200236371945,0.82825011317046426,0.82886875628994172,0.90280745502505866,0.98706683708987031,1.0354700901265472,1.0486190377356914,1.0574561330166361
0.83608081210687102,0.86480640760053573,0.89643447331658654,0.93862933087906075,0.94027731923469648,0.94083056764907003,0.97541536810046336,0.98614405887034851,1.0491567316552941,1.3119260382287754
0.7946691610067953,0.80826199569828105,0.83708299807131148,0.94448112962492026,0.9550921036087634,1.0439391485490335,1.0491359575260244,1.1091740703137645,1.1623138285341561,1.2215330041510657
0.90820796979237128,0.9190839966444031,0.91930598463168733,0.93692515212518801,0.93722275890882312,0.96394817730595461,1.027571112317307,1.0356686917257436,1.0524438216450944,1.1516795901565358
0.78891912517782403,0.7921110232192845,0.80284602106249325,0.85659888404471829,0.87723566127152308,0.87910502185359052,0.91819781505693587,0.96333719347378288,0.98556329423888966,1.015981988259048
0.7868813016560523,0.79356606054593559,0.8404904276351135,0.8754216030868105,0.89930070028575138,0.90127894210521386,0.92038554315757848,0.92679359096120661,0.93153043189066276,1.0245507899430177
0.91734574414295178,0.92899635967781169,0.94452601793570068,0.95146552423504316,0.98352777086911747,0.99131098042415022,1.0408080943633764,1.0722260423267893,1.112458635628685,1.2101571444344845
0.80576039881328265,0.80663256789810633,0.82597428374908821,0.83522443937194346,0.8684651961034251,0.9056764808348774,0.9211003355064844,1.0414777193932223,1.094503620344097,1.260989395519498
0.92984369449565962,0.94534562692144464,0.95576717650818033,0.98821813199453556,0.99450474589359539,1.0073294687764678,1.0186194569830214,1.0249757587004824,1.042947417171967,1.0780746311071541
0.81860308123023362,0.83642934185654427,0.85008809145548136,0.88955535692392118,0.92166750066047909,0.9421395055067241,0.95134288616752949,0.97013825227219552,0.97712956545488794,1.1333112673709214
0.90832861549882349,0.9101549870104364,0.93135508574221371,0.93824629016914241,0.94256699268133115,1.0026659128354756,1.0140592794706591,1.0207619220916397,1.0223549108703112,1.0599930214065867
0.85830358398847384,0.86153628822859529,0.86539355708913002,0.88568790687147869,0.90575651930616718,0.92170414106208298,0.93719019683424376,0.9685319012403788,1.1038479136170074,1.1310424063949851
0.77802927558350587,0.80515918555503596,0.85361090682877805,0.86589231478300022,0.89033371439951825,0.95513702580948934,0.97665538616860248,1.0354802423046712,1.0582622234171599,1.2348520120467312
0.79609253066854491,0.79713244394904592,0.82534812129278867,0.88076829652842781,0.89952315901459645,0.91304430644011658,0.95793989025725068,1.1255751395657669,1.1347432099590651,1.20060794964111
0.8969346561460485,0.91070123325470531,0.91834094365896313,0.94727974213566846,0.95320462282501284,0.97983572371011007,0.98370874038691802,0.98476333045381237,0.99030003988066628,1.2458213423482118
0.92256412990523229,0.94209520744389641,0.94445026774571827,0.94909715617166368,0.96157872215732088,0.96583087658586741,0.97209777023956212,1.0004626952284212,1.1596594576064598,1.2336613606867166
0.94010266146896759,0.95703669798283775,0.99040764430702932,0.99110122773067921,1.0235236355137696,1.0563760163227331,1.0838339203872582,1.1412426228544503,1.2634691933743558,1.2717692682494919
0.90321921726348542,0.97015638562186979,0.97635628208869552,0.99441973502637415,1.0132294415791994,1.0189214991981945,1.0493988964636127,1.0625796517364017,1.0924606997586008,1.1849911545548917
0.84429949068109256,0.86121380539140269,0.86354571298807192,0.86428291255706791,0.86460625058542817,0.94349483969249492,1.0984789873624008,1.2122400336887789,1.2341068109139108,1.3389295200747853
0.8775832449780574,0.88211059028895988,0.98947160672724843,1.0112580553775299,1.0266704143024854,1.0273683373081064,1.0557497795505464,1.0643558938774502,1.0672014278635986,1.2314725996394822
0.71665032805322726,0.73286191221362129,0.79623386329009982,0.79636688901756347,0.79862476455407405,0.83517656824616049,0.85988098402147095,1.0037177827316874,1.077255477584909,1.2377420042246108
0.73936987341306182,0.79695467437280731,0.81181518952546705,0.83058939628342898,0.83247399003870637,0.85944257569734717,0.93261555688296127,0.9557196089082618,1.1505888052481854,1.2110264293377506
0.84825866800187733,0.86409519387794953,0.90573136360476125,0.926885511728889,0.93270310048400029,0.94220594448257966,0.94820403450530177,1.0216690024370667,1.0254010508036817,1.0925594743211446
0.81160146946543987,0.81194323821468251,0.84376669483895217,0.84987491948018823,0.8574588014357758,0.99627941967805267,1.1065351938034991,1.1128429632051575,1.18446482154049,1.3141822546966164
0.72829831637725384,0.76618177370889518,0.76815988065789576,0.77655847247854659,0.78595614030869188,0.79080348634000153,0.86598030491519262,0.91208438545547343,0.91411861364516467,1.0110717448560345
0.78930958956479902,0.79814139065082079,0.79930867395858707,0.82447914534813815,0.82969701164259835,0.86488210319012992,0.92772582798625036,0.96602008957981322,0.97117029198413141,0.98830329408183548
0.72844928597173242,0.77138045568486069,0.77916106764508619,0.79241182233744789,0.80174842955286074,0.80826245641613648,0.82210085639911989,0.82990656470393276,0.88221539652654046,0.91287217184975766
0.80633425790186841,0.81660170499566176,0.84731987514195817,0.88942816764750843,0.8958973976608724,0.90387470106145651,0.90945339537568248,0.91621770251644508,0.95143568866949257,1.0113896988722
0.74494322758109721,0.77314749261419635,0.84740831394900251,0.9032236889138292,0.90577491306105617,0.95082532424290989,0.9999025638549317,1.0106449700714975,1.0160808562409103,1.056067297717298
0.8066523877133025,0.8344518034760644,0.83988041034414884,0.8420101125323578,0.84788339122638057,0.8778981751954551,0.88071142194010843,0.91312927583066861,0.94135145450346736,0.98545705095852743
0.79237989920004059,0.79992522067776717,0.80468790898051967,0.81067506488820529,0.85354490321053467,0.85517911298635196,0.86067893781265958,0.86775238768217422,0.94690132373135549,1.2914486019304792
