0.41029479777005173,0.45424322726034205,0.4659498267002844,0.46857209272984868,0.48168586224800247,0.53725511533474402,0.54800128737577669,0.64523742418580809,0.72957528745103017,0.76877011772574955
0.35161370252977253,0.3639154702919698,0.36537185082630286,0.37978585800479525,0.40887726852879913,0.43941010212863363,0.46120471651973682,0.47050998935261834,0.49695793336098415,0.52124676525917168
0.26978664304337308,0.29221656179408528,0.29483178798580223,0.32768760448897272,0.42001284120483895,0.42406191967688578,0.55304901737733303,0.67144920738246716,0.75961675468318202,0.77136817299094762
0.35998895412730558,0.38380123320147375,0.40670219045090805,0.43441505814738512,0.4872554318854494,0.50165355152891689,0.50647610607832005,0.50925145900968216,0.56891931675973506,0.57938918637040659
0.35756908564658962,0.36331559931914015,0.3922343799242678,0.45743969940016038,0.46289673944318732,0.46627936806945902,0.51006331619947964,0.52883171647660632,0.6088707961959221,0.74397243125084733
0.29048158907675115,0.3063951315567377,0.31825950623069454,0.34263115569760716,0.37927343022234217,0.38680934778939724,0.46189003122385186,0.5489843855692671,0.5826280719433572,0.59928059859413851
0.36174997608469983,0.3637035229440313,0.37090542965941786,0.37299762132882686,0.37759281342745243,0.40054550729768579,0.4367705310144947,0.47287359763074921,0.49431662634557361,0.67385627707757445
0.3480443111762006,0.37979841779676393,0.39407699083241443,0.41411689559954645,0.42290379678620305,0.42868294060966594,0.4422732197797985,0.49787704284923917,0.50814318398134972,0.69950633967906706
0.31234581446470688,0.31489802593590666,0.35509830546419785,0.37527726250919358,0.4147653674833407,0.44826427954844883,0.45161887210524521,0.50744591629137314,0.53680744253614776,0.63425743784824906
0.31725805314982036,0.3220808352849982,0.33786343119303419,0.36812773193374682,0.38132886182125869,0.38248917087232348,0.43133532617181869,0.45029752900817543,0.52241191379014529,0.67348465815703884
0.35294296382325197,0.38026767240300874,0.4054045481432289,0.41413317087864998,0.46088054643448961,0.54710581687972848,0.5545634371648589,0.5963144139078449,0.60513542214641802,0.62635950880871816
0.40951637119527451,0.41342197589440177,0.42115581845636596,0.44618576811952781,0.45892861039088695,0.46503008855092931,0.50571218608165625,0.61693316769025142,0.63170776633244374,0.78194836674110579
0.27605673230951489,0.29974532517925523,0.33127780735123125,0.33279551128549301,0.33577901960192191,0.36949139824777832,0.39073061768940498,0.52130990225167162,0.56832847780986651,0.57149877539923066
0.35323429636991621,0.35520149576134852,0.37521844527758796,0.39299754137941934,0.41349980737863978,0.41383033689222115,0.42639065210878524,0.45796724208562445,0.47039208996064108,0.52551013774055111
0.34514464047056848,0.36069081009645343,0.39122992581552651,0.41205363895082137,0.41434255021091282,0.43393017959259117,0.44443534973035259,0.52814801177614568,0.56509622855957486,0.70940644587854385
0.36614806442498837,0.36677788572295533,0.36925334586757819,0.38714824336032594,0.42657531714324515,0.42721346217555878,0.44334632292293685,0.45205541411667571,0.47260817764550644,0.79182518430789139
0.36220906045681245,0.41563484655598248,0.48583789576511416,0.487347298386966,0.5245155631937255,0.54371943206857765,0.55291789181296158,0.55515013819860703,0.67844409578763498,0.68961950775581737
0.30385324693033855,0.30694670149672243,0.33185510279754205,0.3781932173764222,0.38816659055470337,0.43699971604181131,0.48448908715548722,0.5037381883783798,0.60469690124648867,0.65770067782032537
0.49710075803029863,0.51361537963826009,0.51561159162044934,0.53100448150000679,0.53914028165366767,0.55300508283136329,0.55338408699410779,0.58279658255281275,0.58918960711396773,0.62452047659780074
0.41635944198567287,0.42760748808941784,0.45501785383976712,0.48846522814918103,0.5003876019461635,0.54387917002238817,0.54636798848665835,0.55150796045138373,0.61825933916440468,0.63781443352511946
0.43779582846349774,0.4572148946565977,0.49582636920877654,0.50506104535657981,0.51334147632089477,0.53365506835414234,0.535295049838866,0.53861536417677947,0.55746252705988697,0.60484490505453259
0.34178130809480933,0.43905950942828831,0.45155642868810952,0.46286522893374826,0.47481566798001351,0.56910947514085741,0.57096178946195586,0.59477567540660647,0.63665559080182232,0.72462369408884308
0.44453888007962394,0.45568959613639048,0.5011966977271558,0.5695529593009101,0.60108023798800136,0.60391239322240731,0.61057131730384295,0.6570561367502834,0.68175555524833342,0.83341408129164218
0.39852862022889468,0.42370332035251934,0.42594363570285765,0.43863090186292331,0.44556288208607686,0.46721469942299576,0.57481656793955471,0.60031867778518189,0.62899998946946445,0.67050323925517974
0.41757131146339965,0.43454179220840849,0.47315406107176949,0.50494680100640243,0.5104652523722768,0.52676874703144216,0.55121990390432218,0.64745595393191069,0.76161697586195309,0.76542868837950051
0.4769108702806264,0.53396208227779818,0.54521423070480601,0.57229304837124362,0.57505943579676178,0.60853551341456846,0.6386640941988162,0.65649779881421511,0.66176276292912073,0.66496614523552511
0.43739450897529597,0.46201575875161627,0.47855732221229053,0.54817232373549407,0.58073737664156955,0.59285397011673435,0.59619101397781682,0.62204903348970664,0.82801653854262813,0.97833267381047273
0.44184479139928889,0.44891613502775485,0.46036414288943028,0.46395590708628509,0.47495632563701751,0.49059705532294817,0.49116555351311497,0.49187118588639356,0.51163828816085655,0.55619502195582671
0.36005333298244224,0.37211840103648886,0.37569075596280888,0.3938499052842559,0.44577742540949794,0.45735871544992746,0.57986737599461646,0.59435691518684219,0.60154817148491757,0.66675679981176339
0.36999951286945176,0.37842390203279885,0.48308767696400867,0.48765564750073631,0.50160663327918309,0.53666453230739553,0.54464935101916545,0.54602764699130768,0.64079843417274152,0.66818296153077927
0.39511307727906564,0.4086962910159655,0.44520802988928132,0.4554977179157822,0.46533781113934491,0.48154472108546864,0.58617211803002478,0.59394349951713021,0.60070707504942922,0.61118831034170329
0.37040177275416264,0.37751005105827939,0.38412907557516363,0.38613372728833006,0.42522947162479596,0.43252195967831719,0.44673018688964117,0.47058234654193543,0.48996630707748956,0.52905296428867121
0.33466782045609955,0.33778403555289049,0.34058293853546262,0.37774329264658002,0.42005300796854028,0.42788679803824392,0.44116757584880162,0.52368806195722994,0.58665284199267909,0.59250066678444036
0.39023393738441836,0.44267605339652194,0.450919118009387,0.45456481593817966,0.45968521795401962,0.51435913147504175,0.5172645024324507,0.52482751436184172,0.56404270118061017,0.73251917070964057
0.32841968266330879,0.42951311031336603,0.4506874653392372,0.47585553642208334,0.47750735320203841,0.48517562976105921,0.50342371496238103,0.53463038766903903,0.58918365833359454,0.59365902178650964
0.47819138633148395,0.49531009687276972,0.51942515890552698,0.55354147199695269,0.55566514807134215,0.57279422389032364,0.61411897229930146,0.62679379739425789,0.63353119703062299,0.66368422376594527
0.43064853064459507,0.44482415903126782,0.44942093372830616,0.52527728561814646,0.52616616089662438,0.54905447527689377,0.55429287150246731,0.55443741953900227,0.59047289600663611,0.78656039842832071
0.41215208359415501,0.45307373261379968,0.46318030680503952,0.46608665855860787,0.46888512571902119,0.51289426703584384,0.51834835891152631,0.52927243434776683,0.56651916767886501,0.65825029804386848
0.42096553715090179,0.43210244287492428,0.43844457701026451,0.45249376344789383,0.47970440627653232,0.55966187742949192,0.65614402786417303,0.68016398695581559,0.69609123657092864,0.81393640714924942
0.38154448266817642,0.40133347219392324,0.41625645180697068,0.42827939475477317,0.44016724349662706,0.47820494490652932,0.49874227933467363,0.50675368014298749,0.63348965099899424,0.64924237299921383
0.45844466968982767,0.46245223040264705,0.4659076544016223,0.49388171851945639,0.52403422409914002,0.55119326439662597,0.56379346448601941,0.63277656956073614,0.6953875949681092,0.90218740780940765
0.51164799916160097,0.51351178398554698,0.52309039889214803,0.53974199166485315,0.58128958433115718,0.58914702357769588,0.60095571429685046,0.61029737037284582,0.67234217258773121,0.69936734866367267
0.44485088030191289,0.45111949786015204,0.4523310307053432,0.48570558430636712,0.52750047155307023,0.53105384577831005,0.62150538650683362,0.69723150642510001,0.71940978682952661,0.74858973282834773
0.43124520141019573,0.43864320019380942,0.47238527506356798,0.4917798419365158,0.49750563148140703,0.5340312271896912,0.54086035836970359,0.56349308071573523,0.57759503867688444,0.68342052230829742
0.43981869320800104,0.48295492554451069,0.52755212516444105,0.54546527441375314,0.5518392918921653,0.59420060134616115,0.60482118336422408,0.61405863860149168,0.664329124553237,0.68413909440675402
0.4549125647062966,0.50665665532188164,0.5218407792065336,0.53170954719102248,0.54983521403669267,0.56300115127039563,0.60421567247235641,0.61635243738961165,0.63010169349802325,0.71031640280240982
0.4653981053580063,0.46881326706725268,0.48482951503261607,0.48803336619337534,0.51478598406189713,0.53462286381266155,0.57593608790131556,0.61459124457970349,0.62960815993185948,0.67443029688248668
0.46581538439280834,0.49374659164848644,0.51344177338925467,0.54516294463941239,0.56381246162991605,0.57430217698043817,0.60284632454075471,0.64254590359051322,0.79647390827304587,0.82538300801967246
0.48131464169014215,0.48660060803950111,0.48720801288624305,0.50663563614078155,0.55585531640422392,0.58540821757914863,0.63289904692699128,0.67759634220036968,0.77649720641391751,0.82515206140951936
0.44350480289189065,0.4545555850032601,0.45657929804892294,0.4596790817624723,0.4727628337069536,0.49377408422283953,0.50009563324489603,0.51920093836779913,0.63438517138921702,0.64071362684089639
0.44493341416845222,0.46465886369683673,0.48143818233882296,0.49616985718002038,0.5044018738549072,0.64050250550158072,0.68009678058420464,0.70845526974248596,0.71986119206146704,0.7663821607959922
0.42133570724179004,0.44880363437017312,0.45114970988664593,0.45756857634077797,0.46743023813556039,0.4719015501600663,0.47975641027223048,0.63759203619477445,0.65764509262397652,0.83147332847519184
0.46040270697213881,0.46944635564016801,0.48603527488884257,0.49092916168935963,0.53689980284348859,0.54693106114314549,0.57708181098873457,0.58538401857389566,0.61220283430437838,0.71818288496828764
0.41949429739053157,0.4376143560916308,0.45293621547791885,0.45463880931964518,0.45559925597194617,0.49295729220392115,0.52677326465112095,0.56713307867444707,0.61451934410282805,0.65906860802822687
0.37487063385136832,0.38261669377201413,0.39790419108841002,0.40802961108180691,0.42416649651477867,0.49976417623043146,0.50415064128839493,0.52466466226734898,0.57928014342305589,0.58372889072074852
0.46265331692527534,0.51079307917006789,0.58595165202526633,0.60295821458846666,0.61134948406329848,0.61786913484643602,0.61822799158740782,0.63593421435761099,0.70931423517207959,0.74962729336023282
0.39673461386847908,0.43175403579506488,0.43765304599217725,0.44620260503808806,0.47675751489650864,0.48870473662360991,0.50913698452916734,0.53786570736552752,0.67167318144403421,0.7468430975180147
0.44426617530564316,0.45722851125968411,0.46183643970415078,0.46295353804963346,0.46841343400305657,0.57318905232292972,0.59232839273282245,0.62419443580991985,0.65440528496449746,0.71168969269122018
0.43663965960121853,0.46083926422387433,0.47090118391302171,0.49822192327029713,0.49825186092312723,0.50538981015100815,0.60003259723956415,0.61795157643244636,0.68503810333547843,0.81627492222346865
0.40597409534649476,0.41004617004493671,0.42253400962335785,0.43827122439881938,0.43986743028246167,0.46293593700733604,0.54266792001348874,0.54281700788200737,0.59358270995187556,0.85348086177205351
0.37313891192853976,0.39346565050171423,0.46066377127307634,0.46322826384095261,0.48344449983116045,0.50767073836840648,0.52416046089758117,0.55179464774293008,0.55886890116442745,0.7516387081817828
0.38497064128991632,0.40069335566787956,0.4627849606576846,0.48974222422073321,0.57967064629386789,0.62078838180827578,0.63519068966324577,0.644721663362255,0.67295828565426197,0.68136673537623116
0.4356264814873132,0.43750162577921303,0.45351498039269345,0.46011847529773142,0.49064320434920949,0.51819884215750678,0.5224945424815437,0.54030197967791604,0.59070367128936718,0.6590826862123822
0.3573271961308051,0.3825210788958322,0.38884707005646568,0.4038544029181339,0.41152462931517686,0.43050899634655471,0.45263282225853052,0.45527067233190754,0.48434933212899089,0.51005795158009137
0.39270923788775169,0.40343111880380311,0.41694043477858855,0.42492263117307871,0.44134217147251098,0.44237877025874228,0.45747708355928696,0.48272646321969326,0.52495754480842116,0.60492338312817484
0.35243555253831937,0.40248660599904484,0.43270063845304829,0.46658561330454296,0.51647356050264115,0.52153746725235184,0.54003606707019225,0.57889234163427972,0.61639123523511374,0.64424443967972511
0.37946016389907289,0.39338955152482091,0.40498945576046319,0.40621456156418345,0.40834607010521617,0.45556588925650665,0.46788502334855497,0.57470712310008887,0.59288114894597355,0.65404378434374122
0.32237786766426479,0.3227048607084968,0.34567689165533633,0.34626474583805766,0.43389068582790946,0.46375641631230735,0.49480882713629804,0.5443455928307217,0.56523429832672623,0.59585928016966871
0.35023388805598232,0.36864024484392521,0.42755037013123909,0.43232435477345499,0.43371750635943718,0.47126811194114859,0.477303351591162,0.50888863620464475,0.53114964023149991,0.56310396312673872
0.38495659069551991,0.414756096073571,0.47459067329778915,0.4813855716914528,0.48565694017736183,0.50207035161012348,0.50582580476980832,0.5320709728724875,0.565297430826186,0.61331929929583229
0.40828181620597714,0.40925218926053741,0.42461488730851915,0.42796383374777491,0.42955477828818678,0.47921532594740945,0.48261986382222677,0.49586459036859676,0.52607414892730686,0.5426176866956629
0.3705594331834039,0.37996420431688893,0.38104335591143412,0.38791920243394973,0.39021028372381039,0.4064051651275582,0.54202605152495531,0.57701552843026471,0.61855241566208985,0.67789611034376929
0.38819045599289614,0.39420008807882168,0.40082014598904792,0.41721647598881662,0.45941311758620706,0.49616738764579349,0.57347598358340335,0.60372996024045067,0.62390523022531186,0.62982754113531536
0.37924326712838319,0.43101011797199629,0.43516387100087117,0.43694372093405454,0.50022510607594883,0.51485925423895917,0.56133376137719182,0.57266529899533669,0.60316957271399918,0.60479474398788513
0.45379472220836004,0.46451287571861144,0.47977132106986398,0.49509110751191399,0.49643899960339022,0.53219627859156482,0.54556116869448168,0.61332601564922085,0.67308588444397577,0.75684079532632564
0.39903975850970674,0.44869211812395182,0.48523250274514762,0.48693769603610981,0.49879422278680918,0.50474178651417212,0.53258112394157431,0.54486681129611458,0.55359566548683947,0.62340736669455676
0.35438350882227487,0.38344894571905197,0.43507668366038788,0.4466985917511157,0.4695406512079483,0.54521807334453731,0.60526362035549797,0.64736500519148787,0.65262598034597596,0.77642896549449336
0.39417003370606096,0.39884359846808737,0.4175765993214382,0.43161344233157939,0.45037076330542636,0.46000806724919396,0.47779904182546495,0.48973962404180327,0.50502602553373732,0.59335241882395851
0.47062029868891297,0.47251757189842492,0.47888083514660318,0.50088063887219381,0.55115331067392015,0.59924962421045036,0.61115543742168699,0.65883676819213965,0.75598335773472725,0.78192685168591192
0.31700353991847674,0.35950898744333637,0.35962256484262811,0.36544175297838333,0.44452217651417403,0.47721829178088893,0.5175867690284317,0.59742060626008531,0.65690048896275721,0.70543012111950576
0.40217173824283181,0.40738722518056125,0.41891703458328644,0.43310786762193709,0.44624936235038959,0.48786819655846569,0.50725510514396799,0.54734148921070025,0.59512327136560517,0.71390578127682813
0.47244485972036721,0.47839644288678995,0.48157717962204227,0.49078075249269748,0.53036159883129885,0.5420219804664459,0.56106274092936026,0.58285029521081411,0.61627592064875847,0.63174531549977209
0.42328232206379157,0.42960311190850797,0.46671467550746382,0.47787138994954059,0.54065500756546658,0.55727767217110724,0.60457156924766542,0.60470556850150547,0.61250661614256341,0.63173464878660068
0.39254256213521321,0.39495499734299333,0.44567767657385682,0.5028561792026407,0.50522686996081401,0.51078313357723282,0.52001819471732791,0.52067548503662131,0.52907430537524336,0.53328777842546593
0.35658164150350125,0.37393510611416536,0.38703578115121218,0.39081772303645934,0.45061274562061282,0.45300358674454966,0.51739682627410799,0.53856887853104674,0.54336938015206959,0.5827178747371824
0.31678143844608231,0.33431942915843083,0.36954490765606796,0.39568487918974027,0.39883121284083334,0.46722069493336171,0.4825200787072168,0.48739831875098183,0.50772201166308761,0.56161955662918039
0.38193120744470699,0.38602432180292379,0.42332481288110646,0.43665925822634621,0.43807369711024613,0.51011404864818877,0.53226340877976064,0.53851000638213087,0.59107890344398717,0.64602728773849716
0.38667728327307715,0.38944010656854555,0.40592714089932791,0.41441005769567685,0.41603502164671502,0.43566618293660486,0.50045098263166921,0.53437821219308512,0.54165037054060772,0.62918533345449612
0.34240419831040514,0.34449273756847054,0.35693462599578663,0.38245107611445972,0.40254438457994413,0.42066449026942321,0.43014567087776756,0.46114996421346532,0.47524250093969078,0.63654414409189242
0.36534697940941641,0.39752163583182609,0.42146136933813505,0.42466852203064587,0.43492312624040164,0.47318477733752973,0.53629233788300468,0.54269746312659217,0.58870730620563494,0.67391135268201019
