3.0691684882669992,3.0732825150906913,3.0871193286458203,3.0993047672535838,3.1048128874978476,3.1111559566180924,3.1427274306299107,3.1759060983167657,3.2646299717650371,3.3332619071005261
2.979964244991566,3.0472385965912481,3.084396900075542,3.1099127650649212,3.1323525056078583,3.1331647551833366,3.1530908769614725,3.2170512236629718,3.2974252937501025,3.3155242018391613
3.0226520264845171,3.0462571386631589,3.0686587370327283,3.0859393354980345,3.1032447515962929,3.1121633665101656,3.1223745484700567,3.1365465560150674,3.1405059871804895,3.4006576419861863
3.104286747520284,3.1335937451099332,3.1337072983193277,3.1455453276127328,3.1486802508328999,3.2635099270995336,3.2677771722022286,3.2764401545983208,3.339920201414607,3.348708433705474
3.1184702162629274,3.1192302640269642,3.1297572210009794,3.1318162330753143,3.1505847074900131,3.1905660546521042,3.2057616017424744,3.2331778869683356,3.3197187675894679,3.3868676164389377
3.0570682719339413,3.0572502645315698,3.1095551442322282,3.118941232459389,3.1357590437733589,3.1431047560962684,3.1863498626673805,3.2053326306224723,3.217186827375297,3.2418423399537795
3.1276560403674183,3.1414854125890761,3.1484899427806265,3.1591456994606757,3.1747616956331441,3.2126455774219589,3.2210853538127311,3.3039658196310162,3.4152414461432796,3.4196999852911825
3.124325470013412,3.1396382924357944,3.1653205645631526,3.1853896847630478,3.2124517586760053,3.217073035402259,3.222356312336065,3.2407340202845654,3.2945692892006209,3.3806019913102396
3.0624315817179211,3.069594489217006,3.0915864274425022,3.1150323202803478,3.127912523058396,3.1465373313393386,3.172180009647362,3.2430298470963232,3.3381970513771582,3.3569668801822234
3.1820242997951027,3.2010243411065109,3.2167897591730643,3.2171752468454273,3.2744384156172508,3.2777599590379642,3.2914776444855369,3.3000497672400479,3.3143651290441523,3.3332458117531605
3.0883944145407218,3.1305089672056607,3.1446228053461085,3.1675046951312797,3.2000200845732869,3.2210680588843008,3.2665081812047143,3.2723928963776601,3.3417832795191078,3.3604791000904859
3.1659612140211504,3.1718957837959465,3.2099667868902921,3.2341060416645466,3.2554410818227022,3.2661499201628761,3.363698264813241,3.368498814564266,3.3881023827732628,3.4803153617656388
3.1867181274011047,3.2061698599564163,3.2550773966434763,3.282190394726471,3.3078783478832716,3.3146530696395029,3.3356176179839085,3.3483052031396889,3.365067488390491,3.4323993209868737
3.2069397020583974,3.2165186354863415,3.235787921024504,3.2418028399694832,3.2690026635050047,3.2985965328062719,3.3210586576947145,3.3300711754249441,3.3400066726828359,3.3501998752228372
3.1555675388867348,3.1560616000265336,3.2117835101791723,3.2122637479531435,3.2163380371288839,3.2537649027987041,3.2642462595923383,3.2840361213203013,3.3103389630117221,3.3475199608372095
3.1893614387644829,3.1902832095869629,3.2019600704862632,3.2039970268726363,3.2089355137069879,3.2563045480600197,3.2908201860139319,3.348304624950059,3.3533451425640024,3.4090376113748864
3.2416994433334136,3.247776152470395,3.2787740719016769,3.2801784870777708,3.310679797230569,3.319890899932664,3.3754396667703719,3.3987044031551235,3.3998786548059581,3.4316316139087943
3.1564342856895466,3.201498510728213,3.2069680759088879,3.2076192596435802,3.2364325734680133,3.256658983642263,3.2817662715808731,3.2956937914034183,3.333402404879688,3.4135566290447064
3.1796069256190389,3.1889549024425161,3.2374775056109018,3.2611815544434064,3.2724829883118232,3.2796583675417059,3.3053809398560303,3.3366879194615913,3.3660808802284583,3.4053839825534777
3.1877218895517321,3.2005221536970554,3.2237146025595349,3.2601703205543378,3.276212168616957,3.2811386195168821,3.2882884850669321,3.3037730157760912,3.3159377214602883,3.3783258994434298
3.1806897029408163,3.1874624550457722,3.2065480020603481,3.2070884354166806,3.2196716523409163,3.2713705866090059,3.3094357608702598,3.3382993336338158,3.3673982988766111,3.392072154798734
3.1517768109606541,3.177166353659993,3.1952052168971754,3.199615269230474,3.2227775274584336,3.2257706074456798,3.2748024004926362,3.2849954803754859,3.303994931185092,3.3085930877539691
3.1472315456651017,3.1547835857873006,3.1689199528724865,3.1801192575954715,3.1898870958151515,3.2196584741354686,3.259479657674583,3.26203512687015,3.3242423813061306,3.4231411822801689
3.1317715673610484,3.134331300221648,3.1401600485141365,3.167465845551976,3.1775950104521491,3.196791219569457,3.2270780702666535,3.2380859578607315,3.2613519659734571,3.3634813868240845
3.1562785084500224,3.1579326821671567,3.169233755251506,3.1716894121791102,3.1811611219303946,3.2128629942697065,3.2141357307827199,3.2246102577848919,3.263680433442099,3.2793454641989839
3.1352302960302039,3.1924965888226859,3.2005418835044828,3.2127552075533723,3.2143762937385771,3.2349562548606654,3.254037008392165,3.2789817755646853,3.3541442980884835,3.3688406553897088
3.1429873023458477,3.1567545522090423,3.1597116090870041,3.2197347801867955,3.2246148644107482,3.2691668513884258,3.2728852997152393,3.2918848193838883,3.3293179562418098,3.3637756057258685
3.1682962799346459,3.1739394560032013,3.1818207163043386,3.2132156754347436,3.218283268918972,3.2279651829095362,3.2665880521992618,3.2911877345314724,3.3016586440141635,3.3099107341603928
3.2315726257442172,3.2381205368933395,3.2399637136384967,3.2421525045599044,3.272826530800784,3.2823314367177718,3.32070175524886,3.3648787550875352,3.3794677403699005,3.3796554490554191
3.1641372168873056,3.2028160658118954,3.2084864852136037,3.2217527069620742,3.2279064405195537,3.2370450337361589,3.2593152027220089,3.2815696905948406,3.2833735699498199,3.3588545048987992
3.2278378822875315,3.2516462856731891,3.2801760772321655,3.2833460275224438,3.2902907745819525,3.3165136536317417,3.321626700091687,3.3413127407440957,3.3835732958124796,3.4031194767821229
3.1100984346236582,3.1328902855472518,3.139928237219535,3.1697273666328489,3.1966952300915228,3.2239748575305365,3.2274554463718266,3.2425396873640793,3.3650637685950748,3.3768183286470195
3.1654830929400988,3.1991476019951666,3.2052835311705707,3.2139523156120062,3.2188636548594385,3.222106190851231,3.2246874718738048,3.2281063886714656,3.2574783179829114,3.4054082695691847
3.1490495056219814,3.1780027475512713,3.2137422760839267,3.2229244170892675,3.2412753222238613,3.2441220957322634,3.2453999602278341,3.2543994505585965,3.2990317713863795,3.3489718250724567
3.1444341394059787,3.1969613998293251,3.1980604332446374,3.2180350161980877,3.2568791488843232,3.2916471045975366,3.2979398390155525,3.2980500019425851,3.3785489058398896,3.429527229673027
3.2084585697335726,3.2096349495868912,3.2265661043225542,3.2453285476461606,3.2647167170423561,3.2759782235853789,3.3129373976438377,3.3163386340100027,3.3181879063289372,3.370095165710838
3.1357694947775663,3.1646692430312697,3.1714051402630687,3.1733400086681351,3.2302668313990752,3.2370418311604081,3.2869693315157145,3.2887109345670558,3.3058166872970758,3.3190077696962255
3.1151868944929637,3.1212276920216553,3.1845768230373488,3.1972294378674757,3.2083151724823762,3.2146759746063358,3.2280559903362747,3.2843391307125209,3.2875773127696681,3.3058388562770338
3.1513757537753753,3.1626154624867002,3.1707000753281438,3.183169755621976,3.2164667799621762,3.2244813240232584,3.2540897769337196,3.2541592279947178,3.2612374131486499,3.2907544237514053
3.0801248615590371,3.0991846660969378,3.1076851175959721,3.1199493717596516,3.1400101846479451,3.1608968319299926,3.1611280995601123,3.2164340325557839,3.3020446638491161,3.3773046879570936
3.1834499142740471,3.194066117003235,3.2316191965908589,3.2422601955328725,3.2497311671196636,3.2654086912678881,3.2669533975565725,3.2714568555507935,3.296504130856758,3.3725532837113281
3.2058571940374376,3.2314743209760532,3.2463126510309026,3.2505423921668055,3.2565001855104958,3.3359826892560673,3.3465893751581852,3.3527558006117437,3.3653826591655527,3.3719488705836018
3.178821182699485,3.181223211618577,3.1833366320898167,3.2152801929279864,3.2161505248100415,3.2786736091136515,3.3072159908082321,3.3103136055912401,3.3187468356833527,3.3894294030997143
3.2174457921491766,3.2397000151473199,3.2685408326855114,3.2780133591379492,3.2813872663641628,3.2934565406589176,3.305703826427806,3.3242841533653316,3.3561652334058794,3.363640605239254
3.2031569335464587,3.2180630864367106,3.2224888761497015,3.241031370188904,3.2451101395970179,3.2697768814816017,3.3165561747153482,3.3197524032014982,3.3273336041727157,3.3360499560696701
3.148807687440621,3.1708476321419532,3.1733733815491911,3.1805606386799758,3.2347677528816154,3.2628260327490062,3.2994604041667746,3.3022645275210474,3.3490679815267033,3.4102811572826224
3.1703712227134813,3.1862978045907511,3.2406879845430683,3.2632245151945769,3.2688907323314442,3.2984472938286928,3.2996598358104441,3.3181575338404823,3.3588733157223354,3.4221793076196767
3.2083856418293899,3.2174397213117274,3.2193759133351501,3.2207572475617718,3.2528842206271116,3.2635585099017868,3.2849635811641296,3.2999328854806422,3.3299929390430134,3.3885853559321384
3.1954447499929097,3.2032385633942724,3.2074365241057059,3.2188099063049109,3.2276990060867137,3.2297883310502304,3.2633671633252912,3.3103098094387593,3.3585594820737676,3.3848465161201369
3.1864508893685648,3.1990911803408872,3.2154464217725027,3.221468197189719,3.2282555796184687,3.239381058008056,3.3360516389056416,3.3363733080583251,3.3734776580356152,3.377727995596552
3.1852501730531264,3.1983745128296492,3.2075665142516185,3.2155195215584658,3.2165993642552482,3.2293734624897916,3.235403508752245,3.3153635792456089,3.3159436953304668,3.4940017971065251
3.1746587665001607,3.1799050148913524,3.1816384578179853,3.1850788373107202,3.2180507513053467,3.2217212415257106,3.2294091956845294,3.2451368942883834,3.262491728137999,3.3301048604356196
3.095987203666501,3.1556410346069845,3.1806200254428014,3.1897339616698703,3.1915481740292178,3.2037152448055251,3.2232385368706051,3.2277535885236346,3.3368303546497935,3.3400771083946359
3.1650307555737967,3.1713165714345828,3.1911136224921188,3.2486691830547327,3.2848090228338571,3.3248927565672632,3.3295069101157102,3.3313320731707092,3.3565971425851049,3.3837094876627063
3.1992465530121539,3.2046624512419801,3.207878312320799,3.2313112719091102,3.2424445640883333,3.2569317819715207,3.2660890866331225,3.2808608059918543,3.3677220970922797,3.4115733616982791
3.1876807911712808,3.2421061400400513,3.2453306247628779,3.2697277719663225,3.2770660694558118,3.3444076789214114,3.3514569635849556,3.3694020726491227,3.3839352151421411,3.4480112509019305
3.2334979786635305,3.2460128583066279,3.261822299065344,3.2735890233793659,3.2793211152792203,3.2826231020363048,3.3079614423744088,3.3673666411377376,3.4329735213270491,3.4778070015000999
3.1880944663412718,3.1905145358910909,3.1951032312362466,3.2574165546401819,3.2822005838624282,3.293259757222295,3.3096152687664531,3.3175335473603482,3.3176739645882516,3.3397311679136976
3.2431047483503961,3.2486319122411924,3.2621042180700992,3.3069267301791303,3.3078554450498183,3.3175999376909684,3.3439634862314453,3.3452889181104486,3.3666553077057211,3.3822964169087122
3.1298507992422469,3.1458152791124467,3.1472952349163883,3.153190180139807,3.1749495487452912,3.1752177957906618,3.1855304634258417,3.2022017089726327,3.2232308171828548,3.4050542028174475
3.1843121420218168,3.1886048664920872,3.2112335679212625,3.2232512092065928,3.2375609196710968,3.2394745858878093,3.2435060909634128,3.2769098149793545,3.3059858194321992,3.3741982979863212
3.2240871590779707,3.2407046019984596,3.2416011413057548,3.2418778840978413,3.2568988554064271,3.2611442948305971,3.2725697781761567,3.2923504628512354,3.3402237496770679,3.390943024060959
3.1935748576282803,3.2548296035278965,3.2819665658349586,3.2822817917799378,3.301016578889747,3.302812766756567,3.3128472815672949,3.3755748406212502,3.4345682519396874,3.5123138015553028
3.129325547047936,3.165005808990061,3.1650245470973006,3.2016541177121769,3.2635585616048988,3.2894968482610851,3.2912781588871054,3.3034331257657943,3.3111247656397818,3.4659178019558188
3.1768220639208962,3.1800575233417714,3.1860105446841551,3.202876750069314,3.2115741381949303,3.2330642198792137,3.2640012869235475,3.2714825992758763,3.3031098036211533,3.3582700447152427
3.195999491554486,3.197181518647128,3.2005172482656352,3.2210781876512824,3.2619852243094352,3.2738860835328136,3.2939918225595104,3.3127347954165707,3.3255308216272557,3.3495604874072589
3.1593433132403361,3.1780967742412605,3.1976541390581898,3.2081608685298604,3.2124914213929783,3.2214770601461589,3.2217257111592832,3.2406907646559135,3.2681630046154675,3.4130395932253172
3.1902903735793475,3.2018507997166963,3.2061208754011048,3.2302124862459332,3.2494082287552244,3.2512100979363803,3.3364665937912728,3.3770798339473256,3.3817093382139709,3.4265595650423197
3.1592744231082115,3.1629411454788801,3.1737807641291989,3.2244858876965266,3.2291411726213917,3.2309328301596767,3.2843656403068939,3.3083872075789125,3.3084546576199849,3.3284736989214174
3.1940839738019218,3.2249432800398066,3.2531525338563592,3.3036159059304189,3.317973547566786,3.3247828620834157,3.359590320032702,3.3768561386329297,3.3775807063420964,3.449875755479487
3.1467188606198988,3.1754796146501638,3.1761885818696411,3.2232405790070962,3.2515518957310503,3.2539855632270376,3.2672807697650099,3.301372450191574,3.3406918679694848,3.5143347424298739
3.1514490827588464,3.1804527440122801,3.1970126065627227,3.2175299354726814,3.2332979362053802,3.2630698771372826,3.2732318163552945,3.317130524840926,3.3236077590712378,3.339666356408312
3.1693535572287144,3.2050495470074147,3.2191847507331599,3.2233599583344912,3.2773665942275478,3.2773692413119249,3.2784690052509333,3.283508042684296,3.339650850669714,3.3416516904145852
3.1869536860139305,3.2063779367362004,3.2071693677938691,3.2157472967488752,3.2208510316567782,3.2299929780619645,3.2309966069038567,3.2394205112908283,3.2576966670064298,3.3932884171800062
3.1733389994702499,3.1963495335208369,3.2263935233893641,3.2587515236772826,3.2644652983494349,3.2713500096780326,3.2838411474383968,3.3232865930735604,3.3413884570685406,3.4142288596796524
3.1631002541142035,3.1674819299012906,3.1698208571851101,3.1934806278247656,3.2049439193159368,3.2971082976113122,3.3011511261982855,3.3401085916797402,3.4271012006950161,3.481148935680519
3.1982924251335736,3.1987961316722808,3.2065101379015148,3.2240006873315128,3.2287507505627522,3.2358949735495108,3.2622526848301461,3.2789738349690012,3.285536319754363,3.3159689248324882
3.0834512806355736,3.086335252690648,3.115512862025172,3.1399075654417485,3.2388576613006963,3.2576897057971577,3.2789729390138418,3.3096803095007945,3.3180825971471579,3.3357441619783721
3.0722672060516949,3.1130637068506299,3.1144854432146061,3.1232184732649748,3.2281382012887914,3.2329734085721373,3.2352409322115814,3.2682847170583695,3.2958292950649062,3.3347426099328303
3.1012502420234958,3.1164856354193007,3.1511856607499018,3.1553736812505715,3.1620545804814655,3.1995337972419104,3.2498348223356408,3.3916634942798138,3.4564027509984472,3.4973145721115473
3.1447189491412888,3.1473812535037018,3.1676508350381849,3.184868207394377,3.1849560771589709,3.2442002695545975,3.2521711971940972,3.2567511472922894,3.2871935433353099,3.38667418107398
3.1660400266777966,3.1671239488130274,3.2025484242990006,3.2179010980827858,3.2333888695730133,3.2468404263663087,3.2476537942389703,3.259593045878693,3.3721430771511911,3.3754048573077866
3.1351394544457243,3.1569297535013381,3.1625187043801102,3.172505072465718,3.1971041732645009,3.2028829084374548,3.2357671009783844,3.2442856452295179,3.2692584436392274,3.342297286751283
3.0727852143845982,3.1030501655922027,3.1119046422043906,3.1605224061166135,3.1901382934064459,3.1979377475397515,3.2844180227795379,3.3321737746695246,3.3525193150946411,3.41482289078035
3.2143547461668458,3.2152371599408567,3.2406130650523095,3.2522421169645832,3.2616121950465597,3.2954505334473168,3.2963382968299171,3.3313475320338903,3.3509161678313775,3.3590648552475182
3.1076846087813705,3.1799070483329062,3.1896676810775233,3.1986721624094971,3.2052637856178054,3.206684225858508,3.2701911511065931,3.3084297305693227,3.3394710515416492,3.4966245974113903
3.1154410065468428,3.1667118774665757,3.1752534704472302,3.1803128539980108,3.1953647955761131,3.2319910468902528,3.2987660066120776,3.3044646808557832,3.3071745106215946,3.3263971747887982
3.105848975134597,3.1445645855798521,3.1481827243531635,3.1568321160073558,3.2353382722406643,3.2487895728824521,3.2507027996296252,3.2846001693216351,3.2924538897284026,3.3101083025375884
3.1046652341840719,3.1091426868960319,3.1093352164483874,3.1458588436555104,3.160399963673199,3.1604370435220512,3.1892936763948931,3.2188190394704321,3.2439828924259788,3.3812679687937894
3.0947723731276064,3.0988784838845045,3.1338919946543005,3.1961661452725454,3.2065571073959371,3.2509818143169351,3.311875961988652,3.312288983027845,3.383419832531529,3.4370894272070363
