0.20976581049723109,0.21611537874457687,0.23520461785931657,0.24194220566746694,0.24831343230671266,0.2524190440148173,0.27690059617241713,0.28335704306033849,0.42508266714210396,0.5822701280288034
0.19046370972246551,0.20379436217683411,0.22372629703456903,0.23738489391163142,0.24944566045242755,0.25176530210862325,0.27277602132570422,0.29092267160898366,0.31438888405154319,0.38689833202531076
0.13479486426335718,0.14558042169226715,0.14610110942415622,0.17059171556111341,0.18867476402928807,0.23740590564215225,0.24072196108657895,0.32110689038105544,0.32511496575307852,0.43070262794484737
0.22153536664304241,0.26008109864522666,0.27049709194281224,0.27977768200874831,0.28789204744666463,0.30818823914496818,0.36772157021265173,0.37943505195160654,0.42943593179126127,0.51218787715533853
0.21682013791278099,0.23107482011428715,0.23482695794050334,0.24308643346985015,0.24382194475250385,0.24548248204338963,0.34806228741095069,0.41200306043341151,0.43947964888399271,0.45631273849707954
0.16536039428271465,0.16705258984090809,0.22007950980027102,0.23304732997175348,0.25239610995347217,0.27817173952221141,0.28316919101911786,0.30577603531599484,0.41407579466149835,0.41742043605511059
0.22481966665546071,0.24155394528301599,0.2466869586799465,0.28872523438508546,0.29515743893696511,0.30058544731789949,0.30494081235909798,0.34937149177416371,0.3812925078164966,0.42624111366527195
0.21241542721649997,0.2314352656437122,0.24288791947848143,0.27060153838934031,0.27887274368183013,0.32320286648285412,0.34490873528946375,0.36335235739091853,0.41399754794080401,0.61302955765271738
0.19541524139572708,0.19816885476843726,0.20467665584248751,0.23019819209918868,0.26821130086898259,0.27080380344090216,0.33587375826684518,0.3487565578666274,0.4004285248524373,0.52177378898944493
0.17557648550764293,0.19655370338803202,0.25929095305071703,0.26261358665878154,0.27816729064478452,0.30682646957398196,0.31974314172541218,0.32650686699942577,0.35972197823690788,0.41361769172037777
0.24501254825967944,0.24525075404703145,0.27784578697974061,0.29508518164107134,0.30511826977494927,0.34434285892544425,0.37174768199191277,0.37677337151018753,0.40351565327115546,0.58291377847213077
0.23478294831914681,0.2603237301282455,0.30491267940778544,0.31849835881033517,0.36722651117582794,0.38524384894226804,0.40023753726965738,0.40290115863334863,0.41137865405841545,0.56169345624715028
0.20936975382271328,0.21418655080823878,0.21585488495422434,0.22523517715127284,0.24253340971057913,0.246141186669532,0.26472285134576889,0.28562413000148279,0.3759229726444886,0.51031846240497014
0.23107819404915375,0.23648653771831718,0.23874471859686297,0.26881660841667632,0.28295880901996862,0.2843208614304582,0.29266431458837427,0.31264474972633005,0.31504724778428983,0.33791864724176346
0.23472136697208379,0.24074106916618643,0.24461767084297348,0.25357568013974863,0.27084402851347056,0.3203523985898169,0.32580687638685069,0.36578739046444397,0.39449550973033709,0.42403353665496057
0.23538607748034757,0.26814026053589846,0.27537630885794062,0.29689240637232261,0.31569891158929275,0.32553651960395058,0.34667225999549434,0.38160439525563694,0.41713110946005871,0.55985515233666572
0.30077825245987588,0.32906860581298014,0.33785780868855042,0.36501286932269394,0.37525521931740791,0.41530310257831493,0.45018597810211514,0.46053963546632692,0.51162504442210066,0.58256609055230157
0.16724417191315721,0.19135975692460061,0.24093163947984886,0.24842642152647132,0.24957342824638973,0.2801406267634623,0.36176190285288135,0.36632989880001121,0.39459103188465949,0.48584298733670028
0.27360856513405718,0.297357563841532,0.32286984741382652,0.32308543205359097,0.33999524770648737,0.37997586724771981,0.41063850806019486,0.41568983787522518,0.43214363872520956,0.44586551908560867
0.28079979837857705,0.28604209086794308,0.29619113110435169,0.30157929530902727,0.3019740466212868,0.34781704548408854,0.35736421439889643,0.40751741093564364,0.45155812124491135,0.5380128559290176
0.26646774750088165,0.2724200774734391,0.28143911965259294,0.29451342025415084,0.32391459378325438,0.32907638511483839,0.33423022641393851,0.37685730430922071,0.4046576799068311,0.48273275383682401
0.22727290543385648,0.23690103361109216,0.2508797161062768,0.30156673360560626,0.34698398624778282,0.38061600019522368,0.40746420810896877,0.45351399867250475,0.46154179501209613,0.51637315542349782
0.28089068741175183,0.32557563248794663,0.34105871218768158,0.34284512493792851,0.34361123357968903,0.41973158694728729,0.42272087416980142,0.47157297474933291,0.5506275096964961,0.61883280094193349
0.22420278564691243,0.24402296687692182,0.29031074814557822,0.31980315402002191,0.38467705203001623,0.39748983858607323,0.39790933694207231,0.40355422672161545,0.41492680235107615,0.54873090999729124
0.23848379904401273,0.23943251672097965,0.26567553299012125,0.2672943434906534,0.27975366998579831,0.30359301346077183,0.34998495331274526,0.43046679580328062,0.43816582873427334,0.59461678718781252
0.29911603937528763,0.31307556766218481,0.33862220432467183,0.38451171707847864,0.38633834094086916,0.4272650865124179,0.44398734489523273,0.50001811575703403,0.50843907888850159,0.55340928654305754
0.26760386950486925,0.31240180624825964,0.34471510531464711,0.38408060380776288,0.39549814412685214,0.40278312657750526,0.44785347320226654,0.47014716502654563,0.54801625432423728,0.86929284309984789
0.31780504767680062,0.33948347881779473,0.34420918137303635,0.3471054098780928,0.35642292863212299,0.36315893382016196,0.39126096718778269,0.41554743426704821,0.45218022277918513,0.53046800284948992
0.24607478602211197,0.29542163634854379,0.30074707784215837,0.33681340744253907,0.35010457204166023,0.36536566060461562,0.37994456075393002,0.43611489695659467,0.47877032139843445,0.48446292559324622
0.25960246689240485,0.2936961261686144,0.30421555035903136,0.3709577219172977,0.3811647268955638,0.39079011220060611,0.42479235357442535,0.44220791479084376,0.44599245479073035,0.49549310587630613
0.27549804774991893,0.27787340562137297,0.30568000028861686,0.32666169839607706,0.3694044713264617,0.37684963165630769,0.38430908230752614,0.39326043647101772,0.4468706157623763,0.60203863470596408
0.23127653500997347,0.3022076911590128,0.3116930919617662,0.33044800341539382,0.35098519224626923,0.36636211227853899,0.36823888329383436,0.37054185123099082,0.38361022784793564,0.49377580557746148
0.26298323344356156,0.26473438416734085,0.31298381744139325,0.31972734379086321,0.33158296975481205,0.38227972171666691,0.41683930635202637,0.43421758626672835,0.46542589748993679,0.5376672060978458
0.30421621677830712,0.31199477542477716,0.33194251529199992,0.33677976065318571,0.37350592212049971,0.38523663384507945,0.40211909274725821,0.40218414857808593,0.42895656684694128,0.49275067073708767
0.26532977938904434,0.2696875782038215,0.31084849722598973,0.34556177071094973,0.36760723728558187,0.36930241124275698,0.39333317855047678,0.39828901531691896,0.47850919808212122,0.56400240466678442
0.30013642376612193,0.32182027280807723,0.33397544629870479,0.41672114441384966,0.42250620553233853,0.42322819944951062,0.47197758102533838,0.47987103848300494,0.50001140370062025,0.50862746900304945
0.3188179816382668,0.32799635903922697,0.33227262544513847,0.35342521060829535,0.36770330451907007,0.38327502743110475,0.39094764577543373,0.43003267623317631,0.45646253187110686,0.74158330245783732
0.29938259953462731,0.30422720693641692,0.3144854741479044,0.32611849727366904,0.33255711865434634,0.36436287132389733,0.39290863876258308,0.40526362929738058,0.43801268944460681,0.61686996320226539
0.28580016787221929,0.30764921527546418,0.34114463687805063,0.35014187083433956,0.35540076723813208,0.39090480755649448,0.39105940449867926,0.44427405576059975,0.47693682269283189,0.69337326438706626
0.22911123054796301,0.23817552242789342,0.24934245200881877,0.27472109524016153,0.27513644452537278,0.28869016200081399,0.31706397681030518,0.36840200341882667,0.39649093646022671,0.44292864834299994
0.29194205744899504,0.29802865589396399,0.30136209493787058,0.3130975478834368,0.31513351665098854,0.3492032581294775,0.43515796077700619,0.47551558949559958,0.48939133608325269,0.5870253800530123
0.23525508207493262,0.26328203120441795,0.27555101290322481,0.27702527869320859,0.29926309556478348,0.34459008081528308,0.35239524720470783,0.3782690694130868,0.40172827872979777,0.50042830487386025
0.23802033842981585,0.25719567748003591,0.2648576656052084,0.27120214496566453,0.30899717038403152,0.3099363543480087,0.37330643915949091,0.3837089019090012,0.39143100076039739,0.39760871859611369
0.22115066153737661,0.22207161464333636,0.22220503657666502,0.23097913417478289,0.2518736693610979,0.25914808889975793,0.26133020556305597,0.28987570201739077,0.30635136276900443,0.48877740052367846
0.2014124445603942,0.20421472347214387,0.20559541006387105,0.21473754462354266,0.22485441372964798,0.26801166783131736,0.32844137326874012,0.38444706595618561,0.41054775795261467,0.42778244101877538
0.20542686314406744,0.22504255207132573,0.25516960703030422,0.25843557600897338,0.26678758382535239,0.27656156510725971,0.29444656252978341,0.31308980484049309,0.41964034147398666,0.44061576423872895
0.22582151471666334,0.22732760586998291,0.24456999951265601,0.25478046901038409,0.30715628575208687,0.31594933334670694,0.32554840618325898,0.35060827690496144,0.36114313585351709,0.39827897071043417
0.19536834732431307,0.22568416347224085,0.2427601648332427,0.26776897441891157,0.2997332262336867,0.35044051227497208,0.36642670945038613,0.43572398721175265,0.44493670464266355,0.60304178129191843
0.25277122520581452,0.25280383934138451,0.25748875178786212,0.27924504962883745,0.29033097777054584,0.38998590051712201,0.42148315835300698,0.48182067041168208,0.48707195335141362,0.57786694048889808
0.16851134600114603,0.18583447755521432,0.212845837309521,0.23251462946902191,0.24733848092038002,0.2473664515465277,0.37306166359354753,0.40332289371100982,0.41060122736368987,0.4532587568707882
0.24494379615733486,0.26395989687445409,0.28723537422001089,0.29896037089139016,0.30965391355555294,0.31462088467823923,0.36255720533264268,0.38686596878681634,0.39803738150369572,0.6076442761263392
0.26263155647607395,0.26888510558683443,0.28795325414058137,0.29355988092518315,0.30598165119813636,0.31751512123406567,0.32649506851803123,0.33293710284620648,0.38818651510151847,0.52237689566496304
0.22995813364797524,0.24118871603390124,0.25074403785801325,0.28413722030301392,0.29296577618655917,0.29416199070414706,0.35188015256974214,0.47237510777624481,0.48344520486086617,0.56236697647102885
0.24549655363629963,0.24850272168122034,0.26360542760850958,0.32616206112515478,0.34010675500839316,0.35108415951316596,0.36004233303220179,0.36243956392240229,0.36545248364616523,0.38868129592007827
0.20843063238278647,0.21386986791344453,0.21950010007179044,0.22439498377994349,0.23615875902108963,0.27044644899521675,0.29010072283172672,0.29753674350943982,0.30735020208561625,0.30919294715129286
0.28749065908998483,0.305506189077422,0.30978604969918422,0.32342006351466646,0.33502371534359066,0.34601721302810828,0.37564373556194131,0.41393488840737813,0.46561154438946861,0.57088085742884553
0.25183950894787355,0.26702413250997559,0.2688751627271917,0.27215065352886203,0.29791247685533717,0.30755416303461791,0.41333237765390596,0.42360971275199244,0.48022933828023495,0.56387179650895192
0.2558300711000383,0.25726041556200707,0.29894177049315562,0.33098019663435441,0.34732158321640716,0.36624311465407899,0.37907004153677581,0.41543743769477759,0.43800236133561699,0.50141900537689166
0.31506596685791033,0.31810484333462474,0.32171692893517712,0.38561766496411787,0.39842770069784939,0.41376521235856245,0.43062015971890855,0.47751479738932634,0.49541611351941883,0.51432912656906815
0.25500806082859606,0.26280990245553149,0.29652267363291562,0.31854553407161168,0.38958144112092263,0.39052274410288446,0.42251368678494083,0.42322351845913264,0.44968665556367959,0.71632899486652546
0.25463680497964436,0.26060183514164637,0.27019004672976932,0.27064869488714782,0.2893753572372062,0.33824732840649041,0.36954537071614535,0.4448461159797108,0.47656638941683838,0.49585958796198515
0.300080493963506,0.30334538234251962,0.31541296565908317,0.32135810507925777,0.37336794924945593,0.4456038393557562,0.46100155226895856,0.48594110614472008,0.51750007363528816,0.57038336591943217
0.2737526609392118,0.28955775886224266,0.29461812965173673,0.30788092431629499,0.35656636054111335,0.35797886856005201,0.46303189043913884,0.48460705711965835,0.50077842817402596,0.50350761797053023
0.20021707913778242,0.22692155490618537,0.23481338863504675,0.26458178449072411,0.30849493179168874,0.33807881248084071,0.34342996302809814,0.36909963002018209,0.37522217769355759,0.39784199324365188
0.24522775150997678,0.28147185023767118,0.28461901762543196,0.28605245774648047,0.30606034821035433,0.3365812266841206,0.38354129349846167,0.38565080812397934,0.48272646321969326,0.4948433331962776
0.18954629223402675,0.19068158403063995,0.238955918482469,0.24646435181996829,0.27569819634687942,0.29796591521499671,0.37530085630232168,0.43520292264508864,0.45010754279325971,0.48872996735354546
0.23083541933122964,0.28247842433145021,0.29262135693500291,0.3018985726559964,0.31720679896208459,0.33508149017015976,0.33620758499909487,0.54163467949600763,0.56442465235041572,0.58261901173177622
0.20275437079758429,0.21637634403865746,0.22424253164935815,0.22612096609212395,0.25663336204730447,0.2891717023360072,0.33215393703643192,0.33860145639683203,0.35986041899462329,0.56192357975793783
0.25695308539565298,0.27149538563305464,0.28184427042432114,0.30414168351162774,0.30880623711757593,0.32785948961855649,0.34018290401630802,0.3423701378791737,0.38850039335213804,0.43842672575716346
0.22509442212023423,0.22781301343581228,0.24332466418673793,0.25553878194268798,0.28624782861896536,0.30184255980773855,0.31213528978297989,0.31540418142108839,0.40990122525913097,0.46561067298269965
0.21530149989305691,0.21915409617543435,0.22768873687762925,0.31858232366970718,0.32396491142081274,0.3384829054244296,0.36328830265936096,0.36619503236012507,0.38632847400273507,0.48761079984818245
0.20116963921495845,0.20313325994332976,0.22198893679983378,0.24397133263968573,0.27037788979664112,0.34182866429660974,0.36151621250235166,0.38797198820353351,0.41532994803047707,0.47911985250889488
0.22809330829546992,0.22985325503407639,0.24195231875227119,0.31738453696373892,0.34438037322560833,0.34465904017900328,0.35340797734609453,0.41363356779238192,0.46939641552345446,0.46977198352397176
0.2434568687310974,0.24690301433503459,0.24828647584375485,0.26165745895692627,0.26501123015075301,0.26891167584198783,0.28730773716426095,0.30258205373504721,0.31651977410718013,0.4332925868715316
0.25073341741827804,0.26041713670281474,0.27879823926487157,0.28456232969857398,0.29193846193610806,0.30732627587790295,0.31603675040558921,0.32392084207920391,0.34878851537261824,0.36591981619606528
0.204657539798065,0.2063915851443574,0.23925770148099579,0.29151355850488381,0.33772262917201568,0.34404447105785962,0.3710021254857252,0.37709767631605651,0.40923954766797577,0.41193787439918328
0.19786684583954139,0.20197185851606037,0.24087309292945402,0.24134092370128712,0.24507985448015512,0.25989901361057743,0.28340287565240008,0.33885833432370172,0.36046681725734464,0.54636406599405696
0.21988417615723854,0.2238078860411119,0.23348039351923466,0.24718024174165798,0.25182955960273512,0.26726360278147743,0.28244842617370658,0.28985534057099116,0.38808400391885867,0.3937232843571894
0.27115252726443861,0.27207136630652018,0.27597443117174603,0.29996801194331235,0.30719016899948404,0.33829987202337719,0.34339927844511697,0.43305014102622374,0.46480294918054943,0.61161150838532752
0.17449930793869983,0.2198442591502463,0.23416223351373011,0.24568132177522894,0.26044342259948783,0.3029285687634693,0.37032375816428909,0.38069079873364942,0.38550189210678765,0.43949840838833465
0.22676938747009912,0.23387204749492652,0.27936338208463107,0.29790981621464407,0.29943834313445805,0.32505594837226681,0.33652608739869549,0.35242573225058615,0.40318598169791198,0.42510085574237699
0.26147359711036788,0.27281022494400942,0.30526472763070922,0.33741045510193279,0.34104766914869344,0.3565934364729797,0.36134260541513452,0.38279427031323676,0.39742321435502603,0.45119255566489658
0.28859612729327244,0.3136902424873611,0.31972005242581059,0.32421877512754937,0.32894758089711207,0.37186977641983132,0.38324764392020105,0.40426435125373938,0.45734666499503263,0.50146605560831148
0.22638523970364544,0.25631232683909611,0.27889821920817637,0.28434579949067729,0.30367505013810137,0.3188248027621472,0.32307481276605499,0.33621593121999638,0.33676894438965732,0.37158292274220717
0.16730375319466662,0.17520967012783517,0.18573660416516136,0.18660661770786735,0.20526590315778526,0.21081867519896091,0.25370879901463184,0.30035432331768286,0.34591275895199836,0.41428528463067416
0.25797302917505549,0.26328360910798931,0.26868119835578952,0.29283714544346529,0.30176656271532654,0.31362422409828294,0.34181837066914067,0.35655092923804776,0.36135257426270684,0.37923976672075765
0.22071297577931048,0.25248521924608891,0.27389201138482644,0.27480827047966683,0.29495369235422242,0.29737238884564077,0.33199405830428264,0.35225327806180129,0.35584475777701474,0.3781786211038578
0.20633353099528806,0.22643216803144206,0.24831728773631001,0.27164338986288117,0.27206295026938765,0.3112976012723454,0.31269221163217331,0.34115582260420263,0.3466105759201441,0.35993406496340441
0.19775190900452522,0.20014073122085074,0.21125091382746586,0.21343166583223061,0.21932320818442808,0.22162878345603509,0.22379932785736445,0.26432468019344446,0.2977412333013354,0.33478687580251343
0.21899306957491582,0.24066995454674167,0.24141730046061394,0.24156816411952686,0.25766462887673391,0.32406236253951493,0.33805195516609388,0.33825626686740407,0.37050160634663909,0.49211341910756978
