2.0593243679395994,2.0869182859419695,2.1032292476057597,2.169375494690907,2.1782466804331859,2.1826264707201073,2.2114406706823289,2.2521697588750502,2.2948796892801395,2.6291091716130994
2.1386725787710006,2.1501116192099143,2.1830371969242024,2.2032894237591889,2.231898753092433,2.2334309784261519,2.2850404058355198,2.3778068188009138,2.4113898376069827,2.4717135819410698
2.1051806235601278,2.1072347264947142,2.1646431605965337,2.2007324766779526,2.2818458232977674,2.2968844410208122,2.3087748078329957,2.3783705863584927,2.6322783573133979,2.9296180654422601
2.1426571532203056,2.1456246766599363,2.153830994746726,2.2513449050287577,2.2821176261297689,2.4208438497607281,2.4275800827265543,2.5231371617074276,2.5968439215924501,2.6194398305194109
2.2453464285644857,2.3498799070960228,2.3824910724153674,2.3839033517378776,2.5338938552401604,2.5690571526327313,2.623992337951611,2.6321443936860023,2.6568578310259543,2.699729154021659
2.1190908481522355,2.1848794154486435,2.2446271789464998,2.2807374435379701,2.3078645389649615,2.3660184419925119,2.4117319699010364,2.4270379570257989,2.4408726596613199,2.5263894833077729
2.2295954018482966,2.275163579174956,2.2827962932063137,2.2883686750772223,2.3039190074301041,2.3133214449269985,2.4311071691291,2.4910942409714023,2.6612504339404399,2.7418968025572461
2.1773164609320519,2.292260282982145,2.3022894922787462,2.3423379113444733,2.3625970591989924,2.3647583796526419,2.3675459483691323,2.4671797956360462,2.5091712836605087,2.6531845433462289
2.0801977673056289,2.0811347232991508,2.1014497816394213,2.109045919471634,2.2299121269170215,2.2451254576131197,2.3659018245297001,2.395279699102272,2.4349158402569748,2.5260140149519899
2.134620563145877,2.1683829506377297,2.1791575174652054,2.2822865906812071,2.3862009963274105,2.5414215580945569,2.5780619979634603,2.6411450390629185,2.6535766735468678,2.7223369732817866
2.2465579354949616,2.2825154127036336,2.285462942584342,2.321167387394476,2.3644728249831477,2.5524361872495924,2.5806118669579821,2.5973195886519616,2.7177188535501227,2.954517108908755
2.178605971084381,2.2065556808435618,2.231897447843088,2.3397967575697507,2.3706053575961592,2.3794957525946723,2.3961199288986799,2.4542395704658517,2.5181307618133317,2.8032655783625833
2.2880532668907261,2.3160835995689246,2.3239061012706652,2.3474232488898714,2.42316984894167,2.4666875467967211,2.6758702304501494,2.7444691982850964,2.7875154655760079,2.8343290239060304
2.1072550291217276,2.1357821819371905,2.2156331461968035,2.3660344346299369,2.3794017236219815,2.4295688660908468,2.4421276146001274,2.4440528454716217,2.4562170297057575,2.505202364125263
2.1694276704302311,2.1890255452706193,2.2658015199952248,2.2981949094302863,2.3117129573680399,2.3286035229015614,2.3932444640620307,2.4594075579993637,2.6907077100105417,2.7938866418826747
2.1634109704638931,2.2069552801082506,2.24519237634766,2.3464873497937928,2.4135232784290825,2.490738898528579,2.521631111785859,2.5696541451212602,2.6680804647469394,2.6790731770981777
2.2222715261229622,2.4328085524937535,2.4598289100061557,2.4724278689576948,2.5067804642121834,2.5547159417874932,2.5585796913785686,2.5731022048901937,2.6351373892397891,2.6783998417623494
2.2135485255539007,2.2516353484595948,2.2564030779348503,2.2627442274334739,2.3150456716187362,2.3717619109411725,2.4299427306131518,2.4471710021411885,2.4861423768072259,2.5499280756830749
2.1360756526102525,2.2116917663853268,2.2807369749958002,2.2895302117949043,2.2937767999017029,2.3277936272968454,2.3319753786453044,2.3325469543191617,2.4741660638138638,2.7202457581541299
2.1615068926471981,2.2258906793350199,2.2563065987497857,2.2852464762850597,2.2880706695947222,2.293788293033578,2.3250821601983396,2.5666671377271744,2.5890059158443801,2.7127990860858713
2.2098616302785867,2.273029272356391,2.340961647649074,2.3746275453121983,2.3804618256935708,2.4018341995371149,2.4322665099985916,2.5284793534953689,2.6829994942321691,2.8692307600454741
2.111869944192156,2.1951222714552072,2.2537406495100187,2.2700667965510974,2.3395812520601686,2.3514381500507802,2.366764231170297,2.3669897404852982,2.4358741105632551,2.5117247529318494
2.0676733025308485,2.1108258317895352,2.1342185052351335,2.263044941307351,2.2675368325600003,2.3077436467457018,2.3141725291372373,2.3182957256643149,2.3690364394826,2.4681339188656066
2.1318237838778806,2.1729660295982764,2.2005053890029234,2.2245405559737819,2.2729281801670629,2.3110435028873844,2.3126225574423982,2.3214220714542257,2.4000047635896733,2.4004751255384571
2.1649872954542886,2.2136662988345241,2.2222762429503033,2.2276342962742341,2.24777047452866,2.2524395560951467,2.3098669435305901,2.3224920365915094,2.3847985899011932,2.3982019424727365
1.9985083827665511,2.0191653105948735,2.0198423528597167,2.1370441792517272,2.1432415558479256,2.1872754962175556,2.2000394516772159,2.2971401935271851,2.3288347481272855,2.5426524030169535
2.1186108361211708,2.1199197409043733,2.178813380454645,2.2135327875422921,2.2330062350543263,2.37165647629089,2.473630607903913,2.4913235250225352,2.5264879561102926,2.5808396211685762
2.1015215302500012,2.1108061205228301,2.2088597017531288,2.2140273716321652,2.2553393896630594,2.3996516406940183,2.4302748511079795,2.4395547241667845,2.4549167185259599,2.4674242383142371
2.2958579363680061,2.3253376844707665,2.3301883686646017,2.391875850050059,2.3929676810590195,2.4581477128493785,2.4688337069292512,2.471343548820184,2.4829473704269565,2.4833022444816915
2.1566578300747894,2.1651928221260976,2.1821810546344063,2.2189587190106743,2.2199643555807316,2.2627944352186997,2.3247477811788246,2.4153162991444086,2.5439981119615021,2.7174395271382235
2.2330878334736131,2.2458825331808088,2.2469247734663753,2.2482487505231807,2.3862474284741135,2.3885997480660253,2.4464461148139147,2.450367526382311,2.4929634509593308,2.5431256491854084
2.1257357460077877,2.1381688008407913,2.1500069033457341,2.1626030872884652,2.1963128735711859,2.2075287775856731,2.2234464840477082,2.3225461378864125,2.366647576587841,2.6067081317528817
2.0641959628007207,2.0928520062346889,2.1362844668924454,2.208885373315058,2.2665886041685397,2.3550892590158199,2.3846422974865007,2.4206724374623478,2.4718048103769212,2.5620032137076345
2.192864589517173,2.2008959771214691,2.2058443116587494,2.2205938287106086,2.2417754250456321,2.2463665124933097,2.3986971975940179,2.4431645617694278,2.5201517268564224,2.5341796381760573
2.0420382939980373,2.0755008201831009,2.1064247661630979,2.1617525214929394,2.2131168246441302,2.312734041299338,2.4333259662191766,2.4513642494241732,2.5758131839517948,2.6161954761440707
2.2735866375394074,2.278712828329402,2.2825785251061896,2.2861808529860781,2.2958803571899358,2.3000971240339894,2.3599857656661034,2.4603657794281544,2.4823486401316002,2.4963258759349527
2.2183812901382574,2.2185632303268994,2.2553310364526622,2.3538054593413902,2.364803122717301,2.3769582273007046,2.3901931806233767,2.3929097640328152,2.4026549179029035,2.4449583929878762
2.2227993390402552,2.270133487571405,2.3002410794583832,2.3305985959256907,2.3409483815585634,2.3594305652641543,2.3906689204434435,2.4218398415916083,2.4539460720260498,2.5251172680039673
2.147257858248258,2.1501930602161892,2.2275204458796489,2.2481583188798759,2.2557592647970774,2.270162405894502,2.2827970373214743,2.3107118632859454,2.3735368019118255,2.3839615267076804
2.1289836658320827,2.1354520564192017,2.1491696784370093,2.1873732458639519,2.2015733845224084,2.2542587812849399,2.3585161188510755,2.4045238880127773,2.4067749640899474,2.475534708767376
2.2612665054795493,2.2702508775675767,2.3590916299699902,2.4300029249160975,2.4486501367298068,2.4489098495282389,2.4802500980666942,2.4972987824646822,2.5350363555807238,2.5469883390983554
2.2726973152974868,2.2868536829319717,2.2947768588391031,2.360232915259866,2.3740768333179538,2.4195495054642535,2.4508231438957724,2.4728443791012706,2.5133380442476767,2.6098721275515748
2.1980752984474332,2.2173817560917914,2.2261053967775482,2.3538887110272162,2.3560112936141748,2.3734691138363937,2.5756306108965794,2.5837283617466187,2.6816597350000624,2.7008128979764425
2.1506015810456813,2.2259542998488566,2.2472573278484287,2.2605975016824109,2.2983314976846012,2.2992000808700057,2.4598154654068569,2.4601912749573627,2.5374278993928652,2.6210326848121617
2.2518751685616527,2.3477741786567297,2.3495134139978866,2.3926525410860155,2.4155312591532363,2.4366280049380125,2.5656577807341674,2.5931618566990156,2.698698443136121,2.7214149636324145
2.1679349215257262,2.1699103396867754,2.254320630005596,2.3074275965845628,2.3610684633541137,2.3943113606145316,2.3976200747236645,2.4299863187615833,2.4755304874275978,2.7794331888526846
2.1783504135539489,2.2477505491728422,2.248584765139614,2.2641488809811778,2.2809133155626822,2.3310501944239546,2.3865483012710227,2.3874980829324639,2.4702660049489036,2.5232594211415411
2.1769712116628801,2.1779326215449757,2.2078233694247067,2.2307333458659322,2.2434799385419959,2.2530387771704845,2.3074904184422813,2.3196213096261538,2.3858891212604503,2.7006694898514318
2.1467866555496382,2.1577414698515236,2.1896905790194952,2.2203135888371164,2.2336340442392686,2.2345132121802065,2.2635488173472416,2.2975299669997069,2.3224101879653851,2.4247445716186911
2.1967268607104469,2.1972178875875326,2.2005843445414519,2.2381383869405007,2.3160421404610263,2.3293356795283189,2.3532305947816261,2.3774831061442514,2.4067689633484477,2.413619006607826
2.2037904381775202,2.2063309141083431,2.2293958233116151,2.2425257080921641,2.2511980298344234,2.3226884993016168,2.3635260741145876,2.3748643160829292,2.4014820400279828,2.5638882885976937
2.1242849884619366,2.1606779766545809,2.2044167573598275,2.2215017041052407,2.2408344483239873,2.2572823456529072,2.3118054012830234,2.4486566539647425,2.5180667740528495,2.6051907740025904
2.1123621529782941,2.1247203428654866,2.2294531559604205,2.2721899602578648,2.2893091434650032,2.314232010600592,2.3194086655635209,2.3249506496930885,2.3398665324482781,2.4348979918175804
2.1708821979211961,2.1989787922722037,2.2253935604843749,2.261687673413471,2.2765337805556047,2.294766414289926,2.3298737796593079,2.3677485973451269,2.3704255053947936,2.4030457671322303
2.1506576977270022,2.1660089207895066,2.2331440226269703,2.2367594732523322,2.2574959670410379,2.2984435544006261,2.3798049776465211,2.3928257835236604,2.4143300553563325,2.4730292502264355
2.2224454306957062,2.2619364057327984,2.2688003699579262,2.3003498221382817,2.3110392048374186,2.3437782262302997,2.3774698612743728,2.4152438618903513,2.4524050383070914,2.6279483492732822
2.2508953436587289,2.2510321318362703,2.2898909301545842,2.33137597506065,2.336705865671699,2.341707938494145,2.3576112732571923,2.410005124386509,2.4517426765353374,2.4708366237718007
2.1500392843608482,2.2481291688744154,2.2610903807505518,2.2642517069882158,2.2945120315883409,2.2979343918937287,2.3531416044665505,2.376250049469391,2.4067115884763215,2.5933875115226304
2.2065226795027151,2.2437516194960239,2.2701793772968948,2.3297039567519864,2.3623305874222487,2.3814655912968563,2.3865531420629909,2.3970134315839324,2.4505423418078909,2.4885522844986712
2.0468604922869278,2.0582094537354996,2.064648973568294,2.081353958179947,2.1071068528004666,2.2078671085883741,2.2291033549677257,2.2410128084197725,2.2642593295894899,2.2858865772628754
2.1641750544621305,2.1754311495904863,2.1856634922345375,2.2507475957578085,2.2519323456896876,2.2603872362227158,2.2648939640875865,2.2883989054266447,2.4017659781656473,2.5371521021271142
2.1361427225340233,2.180461712339862,2.1895160957289139,2.2458041372501643,2.246620292673386,2.3094311487936134,2.3305484195424313,2.3973980703172879,2.3997030832571671,2.4078494796866856
2.2037824925464697,2.233132650688169,2.2571149730163924,2.3093093561248033,2.3149088448363395,2.3189621854099034,2.3363843039625696,2.4312827986409813,2.4698452042964236,2.565654571369322
2.1511123406910864,2.1684572438472527,2.2096138788917408,2.2192298035680542,2.2416578960331259,2.2963698350615918,2.3106177262775929,2.4128253067237315,2.4970415366564525,2.5618919428022129
2.1681522583588544,2.1711125847823594,2.2017055645149028,2.2536634103807893,2.293609069738805,2.3096110092517721,2.326182436242461,2.4465104454528634,2.5487172117087269,2.6238072879365619
2.2116278955918913,2.2776168467231752,2.2780252085637445,2.3201950562549589,2.3538380557804897,2.3611808793467164,2.3721882706889463,2.4247911037363648,2.5017264206484278,2.5295637681607426
2.147014034214048,2.1675282107174487,2.1975844190564926,2.2158692382652658,2.2986327639201587,2.343034286139424,2.3636869388398365,2.4599502839840355,2.5073481654437089,2.5665126939547585
2.2368781395022381,2.2438713918115969,2.2628774103981351,2.2906207598229242,2.3436199807264044,2.3553595633366657,2.4272496559793599,2.4382818274149347,2.4858463212155653,2.5099043084198494
2.1469905788409518,2.174127908042351,2.190668547143733,2.2588576371361997,2.3225524705859582,2.3819540480414245,2.4028869142882892,2.4184392717244885,2.4558440157337813,2.4683412611822346
2.2277039809312242,2.2412756236040385,2.2760501130913005,2.3210860048563005,2.3336795863038597,2.3696141299977613,2.3702278585455598,2.523165928057157,2.6268288559507562,2.6574711957264463
2.2257162845415461,2.2504902489959431,2.2559147179448993,2.2608257114201056,2.2678793400717936,2.2727095235163173,2.2987451721629464,2.3917560637794857,2.4031055686997957,2.5122389564933734
2.1481941696761675,2.157283741157483,2.2058269811626099,2.2203013910660707,2.2309684787835566,2.3438473011554235,2.3592594714502972,2.416937756484419,2.5031966821864042,2.5765685553587616
2.1706394325817291,2.1764466009800065,2.1926682324983497,2.2084960296810019,2.2156446642871845,2.2777545114448081,2.3220115103136685,2.3271533129439974,2.3660489287981203,2.4375471441694878
2.1583801885743163,2.1640442307598051,2.1933259348047507,2.1983519952034269,2.2474951913168,2.3574231900866325,2.4136424057049961,2.4150435176202167,2.43147909882155,2.5556724687461125
2.1885888612166826,2.1938641927798361,2.1952926924035134,2.2120891126924782,2.2530468272985855,2.2964996573163328,2.3140268969909115,2.3151266065978069,2.3643491446722744,2.3845768480414504
2.1325069550305882,2.2886780934893123,2.3029686220594368,2.3622321941779272,2.3777286799540898,2.4129258437586216,2.4154256900285018,2.4891574264236507,2.5114468378575681,2.6145919163947946
2.1355373438899337,2.1518261279733419,2.1554234476008722,2.2539811146181026,2.3687269653874106,2.3794722132423596,2.406716415760858,2.4794925259934439,2.564454104387226,2.650447702194382
2.1773235479059396,2.1833186576379244,2.2343182164714435,2.2482527179768592,2.271132181382578,2.2815440452108611,2.3321130050552155,2.4011938840293885,2.4324881991489136,2.4999334067873544
2.0448205908176726,2.0496828859544745,2.1190092281016946,2.1750223093409637,2.2015711487773033,2.2612721006037195,2.2653110098474425,2.2890332496456955,2.3264397387217772,2.4322528828351597
2.0747300396000661,2.0982152073528435,2.1531482141625462,2.1682317063982652,2.2432561520104461,2.320370696301346,2.3614842594851644,2.3666091617057932,2.3883653650277576,2.5525247429678517
2.1685653920907813,2.1965735244532492,2.209484354180566,2.2275270691352618,2.236456994937619,2.2368206859519368,2.259142181064858,2.2820291525312055,2.3021940493553874,2.5014938954011141
2.2233314307559184,2.231278736048238,2.2342088800582256,2.2390271683804812,2.2532474415638433,2.3398523404020355,2.3871209671972076,2.3950938719400643,2.4888958351754091,2.6055796657338903
2.2349343772890982,2.2409331586811678,2.2578383882416921,2.2595157025943586,2.2617266864330405,2.279070031520388,2.2838304600562922,2.4070831521173504,2.5004001308293722,2.5048896779355156
2.1682395558852576,2.1973605555317475,2.2140248339393827,2.2358331201293709,2.2550681447790568,2.2767150942471455,2.2819096618579753,2.2916630637292092,2.2935513657931699,2.3300381294337624
2.1244630681642596,2.127037802220002,2.1373198723345741,2.1846231015030435,2.2064619592675632,2.2577498196798849,2.2762295119691527,2.3306512133143578,2.3309234581120197,2.4430148888842425
2.0329938847251285,2.0613916244049908,2.1348780820712134,2.1552566083969555,2.2265468107344977,2.2492214908288268,2.2552686149016683,2.300557033702753,2.3440104483719892,2.3725119695454451
2.0917136579604003,2.103849158065521,2.1159395309123168,2.1200175635129539,2.1212646100577013,2.2379866040640319,2.3091694050030132,2.353165011785141,2.3750396854899547,2.3904410348089558
2.1096553111672298,2.1255128025588714,2.1500343391219801,2.1532653031441185,2.1717395897705094,2.1907374741242642,2.2256086802192243,2.2555012276100372,2.2589380361623279,2.4656616238781446
2.1260670835623099,2.1329069938583967,2.186488022267123,2.2233255796098201,2.2234593726211509,2.2425627909256516,2.2456246686850481,2.2501061807589524,2.3234346761123947,2.3586304165990173
2.19083568389309,2.2003530345068518,2.2283634805809758,2.2391001500205228,2.2610269950331809,2.2673808628918586,2.2773123354812079,2.3419263513829849,2.3528524661590131,2.3571924641322184
