0.49803303781658803,0.51777783555229551,0.51890049880381728,0.53725511533474402,0.56832377681869284,0.62420753967735143,0.63395333094620909,0.68787868235096949,0.76374929109883238,0.76877011772574955
0.40971170896817144,0.4252295324302966,0.4345206560381869,0.47050998935261834,0.47937834262283818,0.49351526866892081,0.50207300219799889,0.5161125763926484,0.52124676525917168,0.7446823181465172
0.42163356886842562,0.45271596828093674,0.47126932746464689,0.50087753107756239,0.52799092536108638,0.61322530126076114,0.68493745373808901,0.75395092235244299,0.82418205163496783,0.83413255309182244
0.48637762192985434,0.5134070845577261,0.52202403323012492,0.52349818568171846,0.57293061624578412,0.57294288851911279,0.61332128542772546,0.62593091246301569,0.6454746520443182,0.77052029248928688
0.49912569545888275,0.51411692302184031,0.52080484270432903,0.55093681445119014,0.67674520299977914,0.71656232289133959,0.77153596392219415,0.81196854761462056,0.86852047710718772,0.91851408418114611
0.39452111478617846,0.39493726078778701,0.41664263115391797,0.4685493794146085,0.50153176231758634,0.60752050030842097,0.69580497614788417,0.78673097923455115,0.907689709100306,0.92603556153679722
0.53593264669794038,0.70733076612421586,0.70888800724215395,0.71947631001043622,0.72300417141895723,0.72346572665982123,0.72526683287023541,0.78597013144803363,0.98972101090788023,1.0325927298130209
0.49466639864091233,0.51122095001826873,0.54426067522179444,0.55641568249518158,0.58400740160991615,0.67004398192783121,0.67432621011538929,0.6815939893705667,1.016536879034887,1.06224985620163
0.47297116494173652,0.48043740334662299,0.4862489013368898,0.49650625171288576,0.54548922692816193,0.57165472134744055,0.63330492843548303,0.64100143786738917,0.66348040070106995,0.68508010683523191
0.53448124449995715,0.54381364613729177,0.54784927257328464,0.61337497434869581,0.65378987533832733,0.67348465815703884,0.69717858112792763,0.72422646346668706,0.75950231175685445,1.0176048420220956
0.58519146052736515,0.60110819564844453,0.62624356036124063,0.6520760089163824,0.67039009901633317,0.67567599667762845,0.74515142745736584,0.7559190940996019,0.76967153107723929,0.77859541300297108
0.53053812717644844,0.53506528703554102,0.5613046673220965,0.5738319325344734,0.60218477219716648,0.66097193035569779,0.71606936262296506,0.71631127266279071,0.77482231086968323,0.9299420043133213
0.44696462114061175,0.45933004253802778,0.46384101135596723,0.49470902988390453,0.54190115093640623,0.57483111817379573,0.69572634241576381,0.71741668660341551,0.7893539983911082,0.7959761154512206
0.48622496597867926,0.51048092770830156,0.52501195926431432,0.54180918104080833,0.55779560979905041,0.56352681466508825,0.57607584117624633,0.59146292696799341,0.60997865091216807,0.794966505079306
0.57380136887906152,0.60868977043258132,0.60991497640085068,0.69088796171849687,0.71930321763843352,0.74640941400105509,0.80266324539706613,0.838329598429012,1.0417642986647215,1.1744513441632574
0.61469850151342742,0.62288573357977439,0.70615440312226507,0.7303234636281255,0.73135252970356746,0.79182518430789139,0.80079492167570798,0.86200717356773326,0.90940756937449274,0.96488540761261232
0.68790302300600858,0.69577108527849241,0.70829984358191789,0.708754628555885,0.72796343144157971,0.78584489232050725,0.79968164553436916,0.79991689861401261,0.86113759312716143,0.89378821604313785
0.52452694313969594,0.56252142228082835,0.56685200580683004,0.58538926609555597,0.64791830027868924,0.67223912281569476,0.839054578740551,0.85248384220268569,0.93193085555680355,1.09675054868578
0.66523046408299757,0.66678678165982497,0.69192348600242637,0.69444341042541646,0.74220474780177836,0.74416823027313628,0.80986389631852962,0.84240648206766444,0.84409420026732418,0.92627657541452946
0.66003711895788442,0.68724932469890021,0.70312887893703602,0.74129636589648173,0.74915648229180443,0.75374274975054778,0.75765699123138885,0.86091838082828431,0.92387255581458971,1.0187085524432717
0.64433106216982861,0.66780769840906684,0.69342134452065496,0.71051499094609838,0.7301918173866655,0.77195236406450851,0.78119854572129332,0.80711091274248714,0.81581735487926332,0.84951528370039764
0.66000438605672729,0.67933177194109318,0.69902204811682411,0.70097994682522602,0.75240078883691952,0.75883822976411119,0.87077363092150328,0.92031563813309569,1.0296225721568248,1.0556601854525387
0.73334242322065801,0.75490735218561111,0.76035181952241571,0.79603067618120482,0.83341408129164218,0.88206022801974493,0.88316471582215872,0.91375485791917388,1.0065773930020501,1.029914811078311
0.74899548831216256,0.79725315811790853,0.7980610394356944,0.80077872404984385,0.80522149177485725,0.82479791158909155,0.85347974795458459,0.89244286378787319,0.91788304380602215,0.91907997033624023
0.69495072322334295,0.70268507897706378,0.72272201904627398,0.72754369358323157,0.7623465503801139,0.85070552157323531,0.85670856526558303,0.88885491240093595,0.92125461717616952,0.97682120128798111
0.64714946955000485,0.67437002827165049,0.68368371020053331,0.68966094159552238,0.72702239097685784,0.78875073735893153,0.82660530956714284,0.83005276006920559,0.85312985265552665,0.9685660424243312
0.59909954592751991,0.64750768669303627,0.69739810916423295,0.71724669921190287,0.77132418452261842,0.81828118614489531,0.82639107075924878,0.85779486727563503,0.95734991586454932,1.1232270729995739
0.5990248146126218,0.60096816126760277,0.60904830803359156,0.62213406869499677,0.64309132291874471,0.645379622564485,0.65617731314270245,0.68585754881367444,0.69548251670578587,0.74431860129958904
0.56960567491905856,0.58561242175897332,0.65779180405272042,0.74370050916068653,0.75855825261136234,0.77043744545489679,0.78388542592260757,0.83716415459393012,0.85654560194678142,0.98858569138678742
0.6108226398130836,0.61611968323456834,0.64314622723627402,0.65292235698670398,0.69525042775814239,0.75348543016639757,0.79117310104305716,0.8149061422855377,0.86044746868308275,0.92614601085515158
0.57586863975913483,0.57939212447963406,0.64506623043892075,0.64815964025786288,0.66322382336747587,0.6856749695175548,0.70490539577805533,0.73661714605854733,0.74456391029988023,0.79137452648718876
0.48361281355675478,0.49295396169271921,0.50683049689924475,0.5149935760297506,0.55033921463576485,0.5685270776266278,0.64872708110475097,0.68614913149425938,0.70471208472424163,0.89930873517421039
0.606642406743652,0.61072907264656662,0.62435165521858904,0.64227595696044704,0.64582803379368992,0.69310369074304479,0.70242661532154926,0.71250545156041811,0.75204577844081877,0.83722057761318336
0.58332643452117416,0.60274018521720363,0.60295003743176512,0.67288101351066976,0.69009411519822406,0.71477695483490722,0.74231662650100949,0.77475651935329815,0.77809583602401489,0.84510662752406596
0.52979165607491607,0.54386224305281461,0.56398159562073946,0.58982979589504714,0.59503967215870945,0.59967849873597423,0.6507511134125008,0.66084973101965661,0.6718530802315823,0.68832267953745596
0.57821302348634473,0.5804516311457677,0.60188333079128276,0.60257182303232115,0.68390685535180662,0.71002682810794182,0.79761086651272217,0.8355265117689239,0.87804274997728449,0.98949908313985802
0.58243594669321608,0.60598799952699878,0.61284598784011513,0.62553734305454833,0.64008145644687486,0.64718157690937339,0.64787861624539156,0.64941652642663561,0.67350576593277856,0.87760064151548756
0.55911041419998053,0.57187836514201829,0.58630582238007145,0.58670164448201856,0.64043533374040651,0.65090169183571644,0.68320019752188221,0.69934607134861393,0.76371584875441778,0.78877375929713667
0.61156067556814753,0.64828228193245474,0.66672755791340199,0.67749908286911253,0.69468302235263968,0.71765527700089526,0.7278709985458276,0.76437230334727557,0.88480862873920252,0.92493132904642383
0.49266908334593751,0.50844668318159902,0.51322843184233546,0.53327946612935628,0.5472412606674939,0.58016111393353942,0.63797178385628817,0.65306675650739265,0.6720151862417616,0.90878924596266586
0.54218957335187934,0.54670695976391004,0.56678896899730313,0.58240621448488739,0.58953277326960318,0.59640137536542603,0.72380941503083118,0.76677885021690839,0.92944202722422498,0.9436142316735503
0.62158135749767141,0.63445113743722059,0.64313473640185048,0.64361861952830246,0.65139525422714017,0.65839987304871705,0.6670185571557723,0.66799717203895703,0.77870362568554308,0.84023819275882872
0.54961238353436048,0.56429045486959328,0.56516161411346388,0.62836113408917305,0.63424234445151795,0.66101563085484871,0.73552474728319028,0.73569958059138596,0.76522114926463614,0.89404597287942167
0.57864321893361748,0.58737124516093742,0.60909473421335303,0.61103402018725861,0.61902813121939726,0.62610589848040021,0.63114553549771202,0.65516073574823208,0.70278788660844782,0.80873427029502531
0.616427280820802,0.6257331661588319,0.64978657103820581,0.65531094003247858,0.65572785703707215,0.66216074305006378,0.68334717569026893,0.73457686957084345,0.73970854086403026,0.78552083895067293
0.65062798131650634,0.65070375748544151,0.65753633839486758,0.66014151965931411,0.67026316315764811,0.67968035925385895,0.75808380607953652,0.82523416523394966,0.95674551546062458,0.95915657937415455
0.62650885557818059,0.63586121775702198,0.64743886317416965,0.67976223703464811,0.68554863368892471,0.69403755932570821,0.70005158909894227,0.72032851903858663,0.7604306087289574,0.78630860051363927
0.56489237851225393,0.57141447060926387,0.60795450611811575,0.6566192962948918,0.69788414960026346,0.77431850468638164,0.87186705014269172,0.903134298095015,0.9202606911166118,1.0923112438755203
0.66407757767731868,0.66986529765357883,0.69548867966560834,0.7492130398678496,0.7640159799371089,0.76474497172130196,0.79584538459311105,0.81000051893755032,0.83983686090189424,0.93724892420751171
0.56190421520286282,0.59797430707455623,0.61728231092138452,0.62863832581859835,0.66786227372360729,0.67583569930248899,0.70882433453528826,0.76529270539544481,0.79952562592214393,0.85395159008425914
0.69842766977391868,0.7007139003205598,0.72573988461189742,0.76045239232563455,0.77852896772322966,0.78379962075748955,0.78985388779275034,0.8272808165476726,0.92795775610529052,0.99311199384237314
0.56583867574846547,0.58948030743188573,0.59497887194081089,0.59890369899952489,0.63491694781736863,0.64640317849201967,0.66949827637008275,0.68809507209731224,0.73722386461830869,0.94518746582654201
0.58239899613134982,0.6040469526151897,0.68849239250342587,0.73196896300659153,0.73449562023808923,0.77267174024184859,0.78856607659142552,0.81096846869496142,0.8685535920586962,0.99514395081192042
0.51928546362261141,0.52139264356546455,0.52677326465112095,0.56605847680525123,0.59069885204376682,0.69649096057498072,0.75774023263349255,0.77390957152771422,0.88752809229485274,0.92554800320918229
0.53791515503364895,0.55333476096054879,0.55784762265515164,0.57406015409625955,0.57718633852379009,0.61804841544493039,0.61973119536568566,0.73572646788393836,0.76450084850310196,0.81356883141278891
0.6319086397274738,0.64106767715454449,0.6447587566973576,0.69907535201555993,0.74656859021560829,0.80689959114071375,0.81553243187959756,0.87897087285219921,0.8798139872776618,0.94951618797629411
0.51994899360912372,0.52366447350953038,0.547015948235404,0.56692759280312677,0.63272838743257731,0.63954049116175549,0.72056963694442588,0.82904330940729976,0.83888554651814173,0.93223059225782823
0.62247106628865323,0.70504418490580267,0.71238703083459409,0.71825123488432441,0.73619782551357149,0.76942227397475094,0.77751536221703033,0.90353645432683027,0.94618031482124954,1.0106513062752063
0.68996555442728091,0.70811627104176589,0.71551856961918281,0.75468920654399829,0.75557845383034516,0.81647161210346786,0.91754615992515198,0.93186870044086412,0.93720478240733573,1.1260116808932987
0.53330035385858965,0.61578145779586047,0.63907949559669941,0.65211304085844235,0.65328654272722941,0.65670849856515323,0.763068558558337,0.77365956784631251,0.83761106684792797,0.87296856540854595
0.67851316327696276,0.71709572193231752,0.75199714794578609,0.75876808661071804,0.77109373903968814,0.77280019749799278,0.78443473759078186,0.79770768216347898,0.80748756167454205,1.0922531799081163
0.61350899086463606,0.63878264740511392,0.67136474840015259,0.72462362595152729,0.73944776156678316,0.79546156085540387,0.81279872883998205,0.8175921743636918,0.87300554469966007,1.0129757891299391
0.62557751921133775,0.64425076402545089,0.70125567125441357,0.71966873871932258,0.73998260348042066,0.74975531398535722,0.80424003216456752,0.81626859459626777,0.84513352149535415,0.95821598997575785
0.55392095441220768,0.55819202055635619,0.56471731757512522,0.6079386586206188,0.61746933693684358,0.61884689093976197,0.62042951475910169,0.62150382826289174,0.66328624729032581,0.87716216982120443
0.60232796617225803,0.62591918573161998,0.63162604121399735,0.63704512171430761,0.6386812622595035,0.66863659645603901,0.71219014756009358,0.72295938002048521,0.7920089458951951,0.86718565063909869
0.66173842211146594,0.70163262601821286,0.70220842585080456,0.70289153269422266,0.71605944332178639,0.74048099625254071,0.77055318066348066,0.80606581888565687,0.83011047393531889,0.90416913782470898
0.5149722468839264,0.62533966506995142,0.64001392120390843,0.64807663008563221,0.65769555611804797,0.66232363341251821,0.69516142724997421,0.73277809262631388,0.87251030288792331,1.0975396152478187
0.64503424378739904,0.65531976911179379,0.68543315127107896,0.70682358257203237,0.73564420117849538,0.76812603634002086,0.77668745660267779,0.84362873615092537,0.84698966820926014,0.97434737290234663
0.64764877434394563,0.66537477739739392,0.671525053722827,0.67900357435790459,0.68623325231236398,0.70754637522682939,0.77541969910446751,0.78043498791049126,0.85580885335204604,0.98798829223918672
0.66463690429556488,0.68374497982951876,0.68832757064910011,0.71086117061590315,0.71799151485742962,0.77398622395101624,0.85176553121037291,0.88602565521522969,0.90327881851887915,0.92274918065020106
0.67085657994997527,0.69267985249911712,0.6956837652111858,0.71717367271088373,0.74152205967497187,0.75871353044879886,0.76174321414772761,0.79551178340875062,0.83252753364632559,0.89405088066218985
0.60511519682041914,0.62204777484015672,0.62435921751175538,0.64134300851837445,0.68126659337073869,0.72264523891266386,0.74228280776505873,0.75825930400141317,0.78691712344131393,0.8914657116646274
0.62390523022531186,0.66952729117722942,0.69330711387924193,0.70684485146901954,0.71792299779015689,0.72093189558840276,0.73228263592722564,0.81579098975247932,0.96065945384663509,0.98484338487394663
0.64371702757350802,0.64861016845046793,0.65695707150859528,0.66824378020098063,0.68105898640242879,0.70332311153824545,0.79841977141334119,0.80298809819908312,0.80968090459208897,0.91716912669010897
0.6686511833722304,0.67049060804835436,0.67122196938269907,0.71948322971456902,0.72641076776395019,0.73093094579259743,0.74719675990856071,0.82000967246656042,0.83368335650848824,0.98755916687690615
0.69469686761159499,0.72849700201294931,0.73039223033437173,0.78875333021105565,0.81303988073298017,0.83459556797525813,0.86847881558832141,0.87301501904678291,0.91938171217093068,1.1024558710775731
0.66765051508660056,0.68901953308928121,0.70282958296557529,0.71915760352934699,0.76493209743894752,0.76607912006059387,0.80732764351521968,0.8085800060830528,0.94351952774644188,1.11903314443177
0.65777168991662416,0.67302849635209361,0.67870317345328246,0.69226096566241591,0.69678082992456503,0.7173103370396734,0.72111837640766074,0.7666794463253308,0.87829082912734524,0.92109006795925641
0.64738080275172472,0.66022832152168309,0.7551451457290379,0.7632593109073107,0.810149703786057,0.82909589686740004,0.82998587746362418,0.88170610427100726,0.89561916526373464,0.90488446400363198
0.53787599230374106,0.55393152801065471,0.60697974966286861,0.62799945215514885,0.64341142295545506,0.68416142992731377,0.76225510884523429,0.78594446282119357,0.85214713204281045,0.93818678541067779
0.55189560353494338,0.55671245211807996,0.56752185740751404,0.5773950431711512,0.60937933095644059,0.66498064411916946,0.70691770816897215,0.75119297060721646,0.76253252225009893,0.79584253783122971
0.64262825429364945,0.66168628427946619,0.68015175012352769,0.70821951041515296,0.71776099431877771,0.74269412498511667,0.78011983878110858,0.78639524558287599,0.81322772930696141,0.87475102691925954
0.56392489457655293,0.58523332738409728,0.61722514362051184,0.63098639357905473,0.63419260114200426,0.73716030665386167,0.7401338558922963,0.91102686100472718,0.95356342466323119,1.0823116885205195
0.55023255873727628,0.57091317158478549,0.57150905704000987,0.57870970469217387,0.57929641838912049,0.58587581776228692,0.5934227066293829,0.5953095360017473,0.65153839051073525,0.93227537294583884
0.50789545992508689,0.51298048185384415,0.57465963480802662,0.57795758824959309,0.66793542292881058,0.72641844002508815,0.74787760334396713,0.79414202488075336,0.80461422182526476,0.90250199007732812
0.48937320682790908,0.49361866692447842,0.50214124303378638,0.54751485874710992,0.54836215986224479,0.58092425821405858,0.6196714664253431,0.64044935449791707,0.70648255843261376,0.71602036912217271
0.62459135258144771,0.63120617122681999,0.63386639261047195,0.65078139023575199,0.67896208648345979,0.69617013625729962,0.72591464916159332,0.73462699146549593,0.77750926810982435,0.88570305639079816
0.56823284048514866,0.5758550324409315,0.61527455681195953,0.61968883934876251,0.63863057306176207,0.68040333351682891,0.68473722171495099,0.72492405610162791,0.75527218843541055,0.8910201821635777
0.54925104680328651,0.56610485322220017,0.58179692666735416,0.61714166254427383,0.61747140094224084,0.67612884915472371,0.68742823733998337,0.7352874703931751,0.78167549286336602,0.83546842527859955
0.57301598913895813,0.58865095940534484,0.59848282152075916,0.60213380406810346,0.63730810617488665,0.64213725810364153,0.69226622393046533,0.69573003789408094,0.73678588549435098,0.79215618272769861
