3.636577843428153,3.6870430987781342,3.7027942897393711,3.7236976964655657,3.7421450827666236,3.7643653334414431,3.7650991989968321,3.8089258817521952,3.8270637538663315,3.8580685251185463
3.6046001306474786,3.6079923090889938,3.6579883620185911,3.6664308927081599,3.6707490652744319,3.6909591874869383,3.6997102586582002,3.6999094840525437,3.7151953512397689,3.7948790672514234
3.6613264708155784,3.6628610792195242,3.6705566025367471,3.6940794112277922,3.6956468097864841,3.734488559189832,3.7722671090412438,3.7982550316588326,3.810455251763575,3.8363957477659869
3.6817431782649797,3.6818493570505066,3.6943536243516171,3.6971177722577315,3.7057538652159234,3.7201951121188412,3.7244853286881541,3.799432753444989,3.8071151376395904,3.9347111542062212
3.6784475923060675,3.6920428455478018,3.6993777033096351,3.7234561907706127,3.7255727090059878,3.7485870855574226,3.7554942288718403,3.7647706930002243,3.8379818165503092,3.8585354693171401
3.6438428488915822,3.6595492900890103,3.6708285997829022,3.6709177670688833,3.693349530983487,3.7018736532807841,3.7106535719572968,3.7447611886451648,3.7798007584928666,3.8275350094171627
3.7014972522865954,3.7131468026553827,3.7163482214271792,3.7301798854105384,3.7623609012246328,3.7694043171375107,3.8356794991582297,3.8389360691338719,3.8522701937945927,3.8689406986390105
3.6974656779844,3.7134262665155533,3.7208492248485743,3.7383191160495226,3.7880359082319979,3.8028538033745618,3.8044193552539141,3.8330443176695121,3.8361832418849384,3.8480132848803943
3.7303872630421409,3.7355946929295269,3.7623145167644028,3.7764438411293932,3.7884988211958741,3.7959893506209381,3.8077827647973326,3.8161414932390465,3.8572510881773852,3.8579939288804002
3.6997501839929474,3.7059013791017068,3.7333773690429499,3.7361678451190694,3.758677804188316,3.7701753090231582,3.7850112150030673,3.7909311181028778,3.8211264938517209,3.8224879775091494
3.7653250357457377,3.7737295001355022,3.7826955645419345,3.8144880993198562,3.8153097107575209,3.8186494553932806,3.8189081573041861,3.8292779974258684,3.86313913959899,3.8715073963395414
3.766757185890937,3.7755265291079976,3.7874003081614207,3.8278705623510403,3.842685706678322,3.8594030023124497,3.877978076249156,3.8840764742821463,3.9152907838036426,3.934213984979825
3.7505021665878697,3.766254533725891,3.7770945814931265,3.7824911125623877,3.8025997075192692,3.8069935284405205,3.8371709518227162,3.8618047905531681,3.8767225407133816,3.8843786735622317
3.7860331643103753,3.8038945595267908,3.8074174632307862,3.8135424894377712,3.8320824747200435,3.8551055057476811,3.864409989345837,3.8782118613079382,3.9173514835846919,3.932742176415434
3.7253246780660003,3.7784001347299419,3.800788985829672,3.8065570956626322,3.8180765250432609,3.8273897140665158,3.8414485125451501,3.8420273261351423,3.8583367563969975,3.8958300655181408
3.7536491205730447,3.7580831088524667,3.7844449296197786,3.7881157828908192,3.7985944249335097,3.809310511095529,3.8142231012370815,3.8170310605216864,3.8209291638429668,3.8608806090892935
3.7616974356752753,3.7724007938456383,3.7779375781730176,3.8093406793246758,3.8176521806628747,3.8214820350013667,3.8306346566054676,3.8457766670492393,3.8478913927993967,3.8975628337405968
3.7382954002110762,3.7413997019790295,3.7444010708184505,3.7617562780791145,3.7724898810371035,3.777484170791888,3.7928936313874826,3.8054782391755455,3.8384754502586005,3.8419666371179937
3.7270455776135036,3.7282488562919256,3.7397207170505911,3.7493672281576336,3.7940808555771208,3.794310173729206,3.8117574889630439,3.8135763901310336,3.8670058370777336,3.9145805780105598
3.7445081850116799,3.7478011100305877,3.7549597688025158,3.7631496442664054,3.7768033410348885,3.7962646938442179,3.8139753743379567,3.8357035469724656,3.8565435799290442,3.9124174447057549
3.7908668270753618,3.8024880954538496,3.8095903074934485,3.8108860210174571,3.8392046223045497,3.8471222895700468,3.8598660502672582,3.8611781223736146,3.865186548030735,3.9039915064405148
3.7081810152643122,3.7114075428837898,3.7172916948635537,3.7177825266124356,3.7470657805814578,3.7640035927617856,3.7649980260306166,3.7677367507094202,3.8278554673089205,3.8867092386963678
3.6722294462176506,3.7195684203806678,3.7579325370406709,3.7581472103213924,3.7632889392060269,3.7690618965430729,3.7715841659181715,3.7984067442495038,3.8072840673732777,3.855136162908368
3.6706263415393856,3.7029853434825633,3.7111909962575229,3.714287550679082,3.7248773288196215,3.7421307314648202,3.7495252793947889,3.766493573922689,3.7721771459412103,3.8456561951166535
3.7208343240924218,3.7316175651711312,3.7317940548098938,3.7768764197913298,3.7918185299946741,3.8278037367774198,3.8282057379970778,3.831700010132999,3.8473491348703943,3.8746630757335314
3.7010332799718442,3.7026885444415107,3.7077319352908247,3.7198504098011029,3.747455176178903,3.7814409556877755,3.8275405957877315,3.8523695906307838,3.8609743962646363,3.8680267908452475
3.6455997813615406,3.6482093236421242,3.6836323271415816,3.6872581772947162,3.7181523721860938,3.7668231599483848,3.7949589099837366,3.8049783627071245,3.8431823582294751,3.8887135014711469
3.7024641316172655,3.7056448249038989,3.7240243798524819,3.7439413399751427,3.7869052630454307,3.7876587695349513,3.8427239536129831,3.8542873372618622,3.8658819787446408,3.9318850170714827
3.7567734842773159,3.7579777534932544,3.7806832834959958,3.7944486624769569,3.8108933558580866,3.8259435330809501,3.8395774463915933,3.8525360300870322,3.8554417104612306,3.9202639850877992
3.7235153695742373,3.7483147704806665,3.767114942060132,3.7693100737088159,3.7827324858001856,3.7975360077796192,3.8353994979316823,3.8547013289279239,3.8561395536039629,3.9049411714753162
3.7641031311870354,3.7680556284332547,3.7876405824799715,3.7942826539367438,3.7989336080462879,3.8061585821490782,3.8372756296232433,3.8458123426500417,3.8668801858505786,3.9432111613351521
3.7216632235449834,3.7483439168123907,3.7710548846939052,3.7772170190480714,3.7874290554739094,3.7948317211826987,3.8376936721182209,3.8393434097181633,3.8680380208714307,3.9164821022933576
3.7044207038261017,3.7150357287717006,3.7332021398832342,3.7404171942671987,3.756628792541203,3.7648630564904311,3.7744293682760448,3.7752735653469585,3.8030314521466413,3.8601834367173846
3.7330406536815501,3.7359957132173065,3.7765114379281002,3.7885442843732098,3.7965280639613246,3.7971532878094552,3.8101859613022335,3.8358100711977756,3.8493050324927109,3.888178360890751
3.7369561825928024,3.7461600445082124,3.7738704253846493,3.7752256347656608,3.7782194415174279,3.7868884188828793,3.7990709913654852,3.8001655802197885,3.806813566124954,3.8655209522953244
3.7318247822429744,3.7328144710680693,3.7852447336753845,3.8028436560616838,3.8082689576713897,3.8221884373409418,3.8397248114060973,3.8446680612075981,3.8742302405573867,3.9002441770284424
3.7444712578469614,3.7449706728999574,3.7505108097196262,3.7576613516772333,3.7709539969526849,3.7932736649601595,3.8000221737209081,3.8086994681990376,3.8543150502780632,3.8576428515418493
3.7198694405893868,3.7256176798650973,3.7357950553361872,3.7399160027598897,3.7422755400741043,3.7844596729340272,3.8221071339453139,3.8314300651155571,3.8471767055853423,3.909770638478054
3.7593994553241208,3.7753260366142722,3.7872807671561475,3.7880023518238692,3.8083056287883905,3.810796240458175,3.8159987253517422,3.8326701377839805,3.8617140435015598,3.8910019943348915
3.6910897863699681,3.6948644599516185,3.7019840162879487,3.7020840832582196,3.7294819239980859,3.7451773434406408,3.7591801554912552,3.7962507705356936,3.7989934468362496,3.8053821920257063
3.774976364222606,3.7834725759027585,3.7934025538585128,3.8004110398550979,3.8047886767591645,3.8299587151597341,3.8420178634156268,3.8616230988673106,3.8769277908160165,3.8799926206978057
3.748759995455575,3.7751917028128035,3.7803103235359763,3.7851305856538984,3.7950126044376118,3.8023315924197454,3.8029784873708699,3.804315992382417,3.8073523427256522,3.8198428762772831
3.7428813223388762,3.7522760626364531,3.7868891993556741,3.8029216911235806,3.8244108028384947,3.8274675269130842,3.860899439021773,3.8660756045448088,3.8894189928755933,3.9291887166500956
3.7382992973697138,3.7498541782890831,3.773181657916858,3.7734995256409247,3.8099030578485205,3.8288200898163773,3.8368751967519512,3.8423464507228342,3.8566640803691588,3.9270572396698924
3.751703600349567,3.757849518187764,3.764765837806066,3.7783395116108407,3.7805441167165799,3.7983817576378778,3.8090328343219815,3.8271433407239579,3.8462024143799072,3.9232931639010813
3.7532060272076619,3.7658997030263599,3.766331962135721,3.7787884879180815,3.8123272891157836,3.8290711414373506,3.8360066171689313,3.8374784371046498,3.8863651289226921,3.9018358150870882
3.7750887378894191,3.784190895572535,3.7911901667199697,3.8019735115331308,3.8110792354903174,3.8178288855563536,3.8267067493787885,3.8347477779275856,3.8413875898919101,3.8843985105116379
3.7806354902476609,3.7888959614432633,3.7902593497711683,3.8064977967080349,3.821418097673984,3.8224942278394303,3.8337612251367141,3.8561201622456318,3.8703151168818239,3.9115087624313403
3.7573632468933424,3.7588231371593084,3.7739587352189359,3.7812151713591327,3.8179686021276522,3.8312239367840961,3.8384045843954486,3.8846743067192451,3.916006275637919,3.9320415524255146
3.7643824994897681,3.7700643932337501,3.7778165534123991,3.7847230880787754,3.7903639724872296,3.8073744063104726,3.8115235610783058,3.8342271250581668,3.8706860683147966,3.9336029845808183
3.7583147374352515,3.7585067277296864,3.7616501009189482,3.7632893189255916,3.7648260821831876,3.7694199728156592,3.8088293009276204,3.8418289831422872,3.8616789915747711,3.8932936771272075
3.7462830008100116,3.7602412904969857,3.7689548568921416,3.7784877840682594,3.7858861829329813,3.7875142670286444,3.7892432601786212,3.8005795356440428,3.8308316426384712,3.8916316892881113
3.762789284827547,3.7744525746223578,3.778379133137276,3.7811692369896996,3.7840669563790703,3.7861339142877144,3.8019711195603931,3.8068818096200907,3.8186417483708084,3.8798459345488623
3.7067394614592177,3.7514695405754468,3.8167427459225465,3.8413483466936036,3.858082710155966,3.8759755710189272,3.8764309450735479,3.8781497293670393,3.8785927122272938,3.8866480443635014
3.718184026954686,3.7290401365590049,3.7547773958333917,3.769404351901855,3.8129154104741012,3.8258446051511843,3.8330614051279119,3.8450092874385402,3.882464286249665,3.8925919550157464
3.7548584028938032,3.7773670245454594,3.7808764602624572,3.7884762245548718,3.7936159902636613,3.79768253365223,3.8361078008245939,3.8460883687224579,3.8718324345639448,3.8894629648533252
3.7555499474117728,3.7560360064746217,3.760194639272318,3.7867426893362697,3.81173147334562,3.8438494121783884,3.8448363011477724,3.8648053565778735,3.8687570404377127,3.9274540849939252
3.7470693550670293,3.7625656864514436,3.7628577655115718,3.7727822762480483,3.7816166356282346,3.8007735757914949,3.8059928463762795,3.8196918602996459,3.8830688362680923,3.8865411678406532
3.7684211276531374,3.7700765894982688,3.7924248231626847,3.7934817468326658,3.7996185203418511,3.8270156149798789,3.8521675984855301,3.8614967238986004,3.8929584061168003,3.9040892971919132
3.6769077606095641,3.6857009282671052,3.7088578745739831,3.758912353684182,3.7653511501112651,3.7695138736913778,3.7906833003510219,3.800821583355511,3.80156023035202,3.822136784918662
3.7779576316715966,3.7918550859841811,3.7940615466709979,3.8084226075244061,3.8103701117323485,3.8300112152195136,3.8301960172193237,3.8365135602994207,3.8497884799974584,3.8731472513928238
3.7603047259008084,3.765864651307103,3.7668016825826736,3.7730323690317809,3.7827566290850765,3.7926329215141816,3.8141230462425479,3.8290434000153746,3.8398965276727619,3.8497050652608822
3.7726946716074492,3.7792091227928171,3.7878280236963695,3.8056956383154517,3.829925001435821,3.8342676823846911,3.8406810506757001,3.9012361281374752,3.9026138291652437,3.9319870934776811
3.7880049030616005,3.7972504137313896,3.8146177207156211,3.8455342686566967,3.8743687604599617,3.8849522096732692,3.8938884748934615,3.8979993700306137,3.8987096654234517,3.9174568399211798
3.7542424944051622,3.7572627479089249,3.7675594842409703,3.7677646560847213,3.7713752207760414,3.7964355467342319,3.8007023141153655,3.8020580201127951,3.8280860965496379,3.8580250335547666
3.8115432075159528,3.8162369883383027,3.8244095467063466,3.8244125444010044,3.8309286982324355,3.8545973004641105,3.8593481719216771,3.8787254336170771,3.9191073559686824,3.9261210101139739
3.7233623756351122,3.7301776848622832,3.7385510879847077,3.7510178517276125,3.7611096382436884,3.7687933353360972,3.7862508678936257,3.796719330812151,3.8155344354082059,3.8408599787680529
3.7757305500218346,3.7767162872670084,3.7810975749686624,3.7941568348531649,3.8170051194976691,3.8255116128808386,3.8443096326657087,3.8974332799940976,3.9241639126893322,3.9301638014205986
3.7689790742327993,3.7820317256649356,3.7908656907717373,3.7969422007094908,3.8006039009540458,3.8018057465328523,3.8061604168602812,3.817930987714218,3.8637311690203435,3.8955269086054352
3.7754156548646547,3.7761633716354193,3.8011932372965358,3.8043734239249312,3.8113187530796719,3.8211409122750468,3.8253018107334222,3.8528567788749779,3.8672277497011924,3.8702390997129554
3.7647566764690188,3.7764916174530287,3.7805076774109168,3.8115187113200806,3.8144747991832286,3.8251431946034788,3.8274462672274203,3.8456366371121233,3.8653182261138372,3.8999650247744868
3.7610386416640518,3.7640398924999094,3.7677520420787229,3.7811455226876625,3.7983906491647477,3.7984396296158081,3.8157299236681435,3.8345706864576239,3.8816239195575086,3.9005749650830914
3.7614178872979553,3.7632178055776166,3.7694948030720679,3.7763420855047638,3.7854735180257633,3.8314333511165257,3.8525233309896674,3.8536770295068679,3.8860644679385676,3.8917324519036405
3.7647418149043572,3.7678939051852813,3.7726516612697329,3.7825206723541243,3.817956849552429,3.8232984810499442,3.835798243387126,3.8806083190222269,3.8891138036846855,3.9063754180568857
3.7636565710982715,3.7766762273434598,3.7784518110285421,3.7993296863400992,3.8013586118882237,3.8140899664757275,3.8240446519023088,3.8275817907984031,3.878237069467326,3.9408083411010026
3.8149118580059822,3.8191531642796148,3.8266528150108572,3.8280633266959687,3.8307029400517791,3.8466963226087851,3.8585943644210094,3.8925440560407174,3.8954268364466214,3.9365681940841966
3.7442808727524235,3.7520537233085394,3.7595785165910369,3.7659729577547649,3.7929800415204182,3.8080639288756011,3.8180974162216033,3.8231541541997882,3.8294487899082315,3.8444482953069365
3.7355570352766754,3.7369767682038515,3.7426980750289234,3.7485614637822748,3.7685713907866569,3.7745277903623187,3.7745930442820468,3.7923613452756779,3.8119451333756813,3.8684400151996252
3.7329996626317334,3.7344006396904907,3.7376926459673196,3.7489463809625292,3.7722065291048881,3.8040438611057446,3.8183654184693592,3.8252986314919726,3.8483437973514754,3.9070429537030336
3.6740872905885182,3.678762751030769,3.7479486478367714,3.7589906907154971,3.7717733937530324,3.8369998792495617,3.8941581281170654,3.8973120944078992,3.9187654149336524,3.93296065878287
3.7874754342867534,3.7889529560558488,3.7890324462128731,3.7945822897524706,3.7971167733775473,3.7987505676605013,3.8006293214662561,3.8237363832238134,3.8347664181757839,3.892421415019188
3.7518005551991824,3.7560739711963689,3.7835296511548577,3.7929745144473825,3.8031147018920608,3.8245871255388408,3.8281674297486434,3.8372618084100103,3.850099868483372,3.8904660038355989
3.6970748535389517,3.701267712498109,3.710347933346418,3.7185205463561504,3.7469702263196858,3.774217834315992,3.8151632705365635,3.8625663293641335,3.8670151213098203,3.8724601191981121
3.6860936728520581,3.7056504358352056,3.731432152348082,3.7718287840984472,3.7899933720900068,3.7912967708440508,3.8186800124735001,3.876317336956292,3.8811038186006832,3.9605352423022233
3.7730582564636514,3.7741193176951398,3.7764322320151353,3.7968992704060427,3.8007969967805928,3.8174811995742681,3.8253470805533429,3.8561757305546549,3.8832297394908779,3.9031762275000839
3.7118581861435724,3.7170146706798914,3.7484383356219606,3.7540032619810328,3.7781133697677909,3.7789226457909013,3.8224572529407221,3.9215429338894907,3.9369375713484587,3.9540774768170825
3.6845035800300368,3.7042168645201863,3.7096044015747345,3.7591775472966149,3.768515205512772,3.7707397995387479,3.8623790772288635,3.8687247703837704,3.8747347261721976,3.8778384261838759
3.7407541797816592,3.7624210488494212,3.768223165366861,3.7834873579590647,3.7867017744457776,3.7896611037184171,3.8035088174169465,3.8307973641514343,3.8323268321578041,3.8668358371952607
3.7943576009316677,3.7994966240112653,3.7997204971764553,3.8130639825073933,3.8209262026849768,3.8461075722726101,3.8542150070380257,3.8797201478506618,3.888548605748182,3.9254028894040971
3.7603477943857007,3.7621008328112007,3.7849241005442269,3.7962825579748896,3.8036739055845663,3.8083762894427813,3.808511978640853,3.8438092755264779,3.871449657594932,3.9147989210576366
