0.29520684441224265,0.29882190395673014,0.30354685949370896,0.34188651979411233,0.35110443099370192,0.36616704688687562,0.42508266714210396,0.44667607581841473,0.50967791041578847,0.62668555624013278
0.26750994709871234,0.27731018950375752,0.278591635252877,0.27952997167844451,0.30798340087876142,0.31238834295975559,0.32206856485919921,0.33336730650599744,0.37978585800479525,0.38943708327634496
0.19593002383745572,0.23770949723014345,0.24072196108657895,0.26592475539945903,0.28493338413034675,0.32924412139761206,0.34970788701857725,0.43070262794484737,0.45040537401786906,0.51248991262739452
0.26010518395793847,0.27049709194281224,0.28958524992249535,0.29296752792499792,0.29879877071679362,0.33665714071662656,0.36772157021265173,0.37943505195160654,0.42943593179126127,0.51218787715533853
0.24382194475250385,0.25050133762464499,0.26457795168007614,0.26528902844035329,0.29196006510204286,0.37564168422856525,0.41200306043341151,0.43231493433073442,0.45225415007245395,0.52598155135844005
0.22280265907160279,0.23304732997175348,0.24571920775374245,0.24843234691751759,0.25239610995347217,0.30031153138993982,0.30577603531599484,0.34396868074773757,0.42100346009736622,0.42183916492706031
0.29547353421979361,0.29553822051679601,0.30743975172426596,0.32481569879173255,0.3312669510988826,0.33342842839131404,0.36364603819953745,0.37219446686974988,0.40588881670767307,0.53598911710023955
0.21241542721649997,0.2581965584308854,0.27627882419547101,0.33303811326091104,0.33682569956419117,0.36335235739091853,0.40910227167595981,0.41399754794080401,0.41411689559954645,0.6355767764125857
0.20467665584248751,0.22794859816051716,0.24320842041176505,0.28392621854457767,0.30726037242318194,0.34474702239547428,0.37116797338359131,0.4004285248524373,0.43424016329591542,0.58878538000213387
0.24615043345958831,0.25929095305071703,0.29182157407949649,0.30682646957398196,0.32530013757782195,0.32650686699942577,0.34075302008077069,0.37452478239686204,0.4277796443174271,0.45131098776351752
0.30511826977494927,0.30597594880635892,0.33930300303780392,0.34889261034943031,0.37677337151018753,0.38224574283135615,0.42713465697524189,0.45417109872918449,0.53874803122069581,0.60975202648682991
0.23478294831914681,0.29008005933768111,0.31849835881033517,0.34160536721981893,0.39704391916698745,0.40023753726965738,0.40290115863334863,0.41137865405841545,0.48735937657999751,0.72043943856907999
0.23067669490248699,0.24253340971057913,0.246141186669532,0.26319822760982303,0.26601312219257744,0.29084237692124093,0.29265639775705488,0.2988987932920959,0.40331800425646325,0.51031846240497014
0.26820984030268269,0.27045570522266615,0.2843208614304582,0.29266431458837427,0.29798874402782571,0.31504724778428983,0.31537508929839531,0.33063157417499855,0.36736618366495266,0.40212895042804453
0.25986101761588332,0.27084402851347056,0.27854429072374831,0.3203523985898169,0.33317686224586351,0.36186208585666124,0.40588342003260358,0.42403353665496057,0.42522783793792396,0.50561617599941489
0.2854587934702586,0.28615216822375622,0.30717007306559907,0.33321938245973914,0.33373946991348413,0.34395168785889085,0.37573797049041069,0.41585158012261392,0.43630805562440411,0.55985515233666572
0.31676296561382333,0.33979220645666475,0.36501286932269394,0.39747044132205289,0.40435581296662271,0.46053963546632692,0.487347298386966,0.51964469336899999,0.59420662052778317,0.63102899892867859
0.26386415967559795,0.2801406267634623,0.29025958573196986,0.30595099759558275,0.34742161364305124,0.36176190285288135,0.36632989880001121,0.37506658389210656,0.49895765606537612,0.5158321629316549
0.3308784026450251,0.33479269299203418,0.34767509446877964,0.36032669945787532,0.38974613873621866,0.41568983787522518,0.46891779017245794,0.47923272302295938,0.48568198067695212,0.50407774793384474
0.2984122562652094,0.32209484259899002,0.36285414913568204,0.37347187086248912,0.37601582781626153,0.42800066240688661,0.43695778309804156,0.45616382250280507,0.53992427207043736,0.61755265259560588
0.30261784881074405,0.30473910858070452,0.32391459378325438,0.32907638511483839,0.365601988156528,0.41020959686336589,0.43219794844136139,0.45575746368281056,0.48703166675819398,0.4936732587733399
0.31243664905740154,0.34698398624778282,0.37744472181219013,0.44894439751856696,0.45598703952947917,0.46154179501209613,0.46236090338403235,0.46601663674588467,0.47217132810835016,0.54725176092471406
0.38342174323379297,0.41973158694728729,0.42272087416980142,0.45041727481343941,0.45587087624856082,0.47157297474933291,0.51329863639207174,0.5506275096964961,0.61057131730384295,0.64155383760518481
0.29555915432767144,0.33507916099820712,0.3402874507712208,0.39356518713021105,0.40762369900089501,0.41492680235107615,0.4239706386688904,0.42593285333132114,0.54873090999729124,0.60824043553153517
0.31454130885412912,0.34057989059393545,0.41350569842907969,0.41413001399109683,0.47517318354919968,0.48512225059766712,0.5085717123142568,0.52355391150774855,0.54792482446008828,0.59461678718781252
0.37394797112256484,0.39625416768994537,0.39935522882933849,0.48045969472708361,0.50879745464730064,0.56481194038264704,0.5858745400633798,0.59480939887634099,0.6029111514687715,0.62375335081787053
0.38032988890033792,0.39632387108327771,0.41346246953732946,0.44409138692382033,0.46788850792203718,0.47014716502654563,0.59050454257388996,0.59619101397781682,0.61814926790118863,0.95965434685360362
0.37819614319566552,0.38005690085919008,0.3824728155955528,0.39064865768988,0.39126096718778269,0.39587225159146922,0.44235267622919316,0.47391157309766019,0.50909348195165283,0.53046800284948992
0.31763941623524605,0.33828804569795956,0.34545193679378272,0.34918459370503996,0.35010457204166023,0.37994456075393002,0.4900210801119167,0.49865536281435041,0.5099080201912054,0.58917067791107103
0.30421555035903136,0.30916679106536282,0.38575138441083245,0.42231178063158659,0.44599245479073035,0.45082003537706328,0.45495992494263104,0.49549310587630613,0.53346219824770547,0.59322738249354057
0.30568000028861686,0.33396294779300684,0.35126621784745726,0.37889201262598426,0.38094820787783545,0.42259371702310355,0.4468706157623763,0.4552865600210958,0.5548883019690618,0.60203863470596408
0.27130571972075623,0.31417280770862588,0.33044800341539382,0.34056582200232244,0.36759658991537147,0.37056587396937868,0.38398589613790168,0.40278663604331966,0.42238459872328171,0.52270450518141409
0.28836293355786369,0.31763062572422118,0.31981875740394194,0.33466782045609955,0.35224188511633114,0.38227972171666691,0.41683930635202637,0.43421758626672835,0.48292867888124658,0.5667143068262499
0.33194251529199992,0.33808519043771623,0.36286560116561484,0.38772800625026216,0.40211909274725821,0.40353424970184282,0.45592340509908613,0.49275067073708767,0.53609737889947739,0.66161786260678213
0.31081809957591444,0.31316888466314241,0.36760723728558187,0.36930241124275698,0.39734421078242876,0.4010602748105323,0.4690457609138563,0.47850919808212122,0.48653500183184395,0.56643943022374721
0.42322819944951062,0.42963614793040961,0.47197758102533838,0.47987103848300494,0.49779316034262866,0.50109447725915146,0.51476348453110754,0.52349148185298056,0.5797182115257522,0.61936455048742056
0.35342521060829535,0.38375112225010044,0.40113523188306921,0.45646253187110686,0.46701540220202853,0.49608014179944249,0.50807017630238649,0.51947655097007184,0.55629656355452495,0.76359569685777462
0.36436287132389733,0.39376310079930388,0.43557338577859772,0.43801268944460681,0.44982402890621653,0.45626415722822999,0.46318030680503952,0.48762638702273575,0.52470137400102645,0.61686996320226539
0.35540076723813208,0.37157315563676097,0.39090480755649448,0.41447824123522192,0.42096553715090179,0.42134976582981531,0.47693682269283189,0.55826012189404617,0.69337326438706626,0.73021273667899145
0.34228332648576121,0.35796981431004227,0.36107268958456995,0.39746221377527391,0.40554901441756019,0.40886337525423899,0.40969394497458911,0.4538579958361435,0.50675368014298749,0.63738133863703528
0.37281480115351373,0.38508843328706277,0.40114440201670476,0.44506509732786359,0.45228600662019636,0.46272989452405744,0.56379346448601941,0.56688675954676038,0.58385709456645651,0.81931159473509263
0.40211238603856936,0.42814061069800635,0.43943038366767029,0.44188352111453977,0.45268356360822004,0.45982854474869317,0.50140160913524534,0.57112254666192808,0.63215779625471713,0.63762676111978989
0.36059089229191077,0.37126065656187945,0.38117222588223942,0.40827187907040763,0.41398385809847094,0.41999399844961216,0.4683708197225096,0.51974478809954761,0.56807699405047263,0.6687940595687496
0.30041433347960389,0.33676897636261227,0.33858253882114964,0.34879598821025981,0.37714737385775798,0.38338432780091747,0.42778243275481653,0.45770816639860534,0.47457029760277347,0.5801215196785412
0.336700524531373,0.38515812742991562,0.39855220976914119,0.41574656432285595,0.47244211771359268,0.48894161588578555,0.49639550293532109,0.52725178763615155,0.55960819770245607,0.5679100936839947
0.32521327660253441,0.32659114931248556,0.39248174272571434,0.42124649761311694,0.45719556329066835,0.48264036981449854,0.49596522773547802,0.54246023840972279,0.55644404289163729,0.61332278244568705
0.36256022987750569,0.39029980142737264,0.39499097283205264,0.43820319567156307,0.44409674583439029,0.47313089972135947,0.47633230303836172,0.48807715366178783,0.49695413912050279,0.56230846133244894
0.3409781869192372,0.39237927501667169,0.39443889417436351,0.4305641578797732,0.43311943363069805,0.50048129013722464,0.51196923492568303,0.56526191496880829,0.79355240714262276,0.79518390875924805
0.38037243737342541,0.39248594774177192,0.44993979924961858,0.46304176798597352,0.48480429976215023,0.49778227532300612,0.58540821757914863,0.59350545065309301,0.64056024322779681,0.77050449821500511
0.32373355285962369,0.3279337391802053,0.33438637626697743,0.35355954026694647,0.39598975776488121,0.40428925943735772,0.41738505179554286,0.43326570085656479,0.5686980649882809,0.57924283365985119
0.37174877573663112,0.41115619205598186,0.43402580001926738,0.44061689467887,0.45253274100276109,0.4753106360676016,0.55242855477042374,0.59432851522155516,0.60690407538528302,0.70609019853900179
0.37833010098350206,0.39463734735995226,0.39584611563591565,0.39709929342671746,0.40848163578893582,0.41981161763338992,0.44482345751892227,0.44803370061358416,0.55808764410744072,0.77077072801086377
0.3519075460526282,0.35417027154741598,0.36872403339859261,0.41030284190306432,0.5273265881650917,0.53689980284348859,0.54461826007606584,0.56362957698131311,0.57462169179089528,0.69006165661211094
0.35198982751092966,0.35261618091267222,0.36578104229940323,0.37946247338651862,0.39096977378205544,0.41611429305485892,0.44499021548903883,0.445948051965114,0.47032338619140468,0.49227357098527191
0.32287839629447967,0.32537886581773279,0.33121400709289972,0.33186526982456588,0.34880760908315489,0.36402840899937949,0.396108111278338,0.40802961108180691,0.47553483294018495,0.53515824120277289
0.37583015376949813,0.38751520145573792,0.39268136019532163,0.39722240415322485,0.52072895916927608,0.55537498639674743,0.61678269299495669,0.63272176226033849,0.63530768296505125,0.72699564205033873
0.33022839288337869,0.33133382672864098,0.34526601511479571,0.36444326764967094,0.38638191156609158,0.43772161082183603,0.47489171411305353,0.52272965022994056,0.59216893433217432,0.7468430975180147
0.36419878072174772,0.36906617912681305,0.39102963012834469,0.43390349022967634,0.43525762241631272,0.44426617530564316,0.50627906223045249,0.51029127693590803,0.58626975398964154,0.60951499227564065
0.42005140943637809,0.42865243593015556,0.4341184737523256,0.43415501680786761,0.45113181704817773,0.49073720093837014,0.49325990195444902,0.50484921126932836,0.59208478100352258,0.66386050310497868
0.33374218606544703,0.33982796560365491,0.3978863887669184,0.40570097816081407,0.41004617004493671,0.42695696394017668,0.44411477192268967,0.54204761233069476,0.54266792001348874,0.83088529219724272
0.34563033324701697,0.35330460332265456,0.3613647375859137,0.37313891192853976,0.39965479039403862,0.46066377127307634,0.48245299640616768,0.48732562792765499,0.51045869793843757,0.54615678239187604
0.33289980683638465,0.36166081278502737,0.39896460335812911,0.45027401204038586,0.53024733827293602,0.53902817564313654,0.54386265105823828,0.54747998645501772,0.59426554611649074,0.66126578345798981
0.33061527282806402,0.37549085304873797,0.39219923018384728,0.41064875708957826,0.48460705711965835,0.49064320434920949,0.50968928720169693,0.51819884215750678,0.53546087220442828,0.61741625637636499
0.31859765786971339,0.32397394087700571,0.33361382940318007,0.35694498646607276,0.37590583765766405,0.37784070937050585,0.3825210788958322,0.38526883251319521,0.43859445070829173,0.47457704936581724
0.32329528526602269,0.3405574515459513,0.34128101744020212,0.35157765680875031,0.39927616402356847,0.41406473709993241,0.44237877025874228,0.48272646321969326,0.49638582366634898,0.53259183862715576
0.31213029490848232,0.32179782654165434,0.33544179076039349,0.35784252468921851,0.40440058274366875,0.42372646085775401,0.44540749095222365,0.48872996735354546,0.4924136473785401,0.53558292148532738
0.31343274924230702,0.32438781033286634,0.328474724672978,0.33081353322338947,0.35099427850847942,0.3709998790130471,0.3929393390690632,0.54199219613526273,0.59288114894597355,0.65150886361980787
0.26773316563671168,0.31095799755292797,0.31574714039304919,0.32237786766426479,0.34567689165533633,0.35978219645666387,0.46808231944104195,0.49991840429275713,0.50175779549718058,0.56523429832672623
0.32785948961855649,0.34203641358045633,0.34798175646686724,0.38388643742196082,0.40920423161210007,0.41371394267873951,0.41526884592538194,0.4265622551939634,0.45661766610925136,0.52218000680886334
0.32158312925609067,0.33475294287590263,0.34205477565201825,0.37302674212225373,0.37485966499234458,0.38455586342867631,0.39894896032047233,0.45822992499832704,0.55473124716951627,0.56465597119810562
0.3145471934645272,0.3330539024172352,0.35693648529887012,0.38851101683034228,0.39417201035547089,0.40100087758288483,0.41564520183906906,0.43348686220046195,0.46589592172955729,0.52117153316118836
0.26636097654268509,0.2903290954337856,0.3305414691322488,0.36362219060715528,0.37996420431688893,0.4064051651275582,0.43002211755658593,0.5240644221703179,0.52742014325169073,0.54182948151426569
0.34363433405714217,0.35340797734609453,0.37141964348184731,0.38302804901610266,0.40078529659386053,0.41454797065145144,0.45656622096851285,0.50672747510297667,0.5538103502348708,0.60703751901267733
0.32019548968796929,0.32580635550446857,0.33473938986673257,0.36458009114386947,0.37062861173191441,0.37844758406493195,0.38112713283189903,0.43694372093405454,0.46704477122210708,0.53163024859023356
0.34875416696183237,0.35606526523694848,0.37690499806317357,0.38521390762166519,0.39361170027865189,0.42290876343133332,0.42615979337044818,0.45379472220836004,0.46403585232584366,0.47104136538163743
0.34482362939213962,0.3493308677153717,0.35381693276417847,0.39903975850970674,0.43354757967134461,0.44220112123247146,0.44685574617397927,0.44686540627616367,0.45377820779479672,0.53748738528686779
0.30179178109144278,0.316650834900158,0.33474023537887554,0.34082694221286269,0.41319796670918096,0.45700278021292107,0.4946737841691653,0.51470462728977839,0.59460316089902721,0.72713259590462709
0.29906237721955176,0.29943314660285658,0.30202770432047554,0.32859111016863718,0.33965200467398438,0.3471769350869045,0.43836307772552541,0.47779904182546495,0.48973962404180327,0.59335241882395851
0.38796538531209412,0.38891662887451517,0.44258791711619816,0.47530940753030126,0.4771836516508543,0.49337176772197422,0.50526529695434341,0.52687558422147918,0.61439302197487766,0.65883676819213965
0.25483196826832488,0.27608446084323113,0.30586740783234712,0.34244691103302927,0.35917099148476472,0.47721829178088893,0.49577566598180134,0.5175867690284317,0.52646357515315501,0.64217911916796577
0.33076661944562069,0.33447744932942403,0.33652608739869549,0.34447105864056615,0.36945606231689387,0.40217173824283181,0.48786819655846569,0.54183096381553542,0.54660777953998441,0.59512327136560517
0.34036555030213878,0.34582192203481821,0.36631557219783994,0.41688054904492278,0.43674506291218762,0.46199299791646009,0.47167296521295565,0.51168116616780512,0.51364433409915788,0.58003753998511742
0.36892876514811235,0.42328232206379157,0.43248775695091579,0.46671467550746382,0.47078463545751692,0.4836422395812221,0.48597249977108348,0.50146605560831148,0.50702414001771912,0.52517992537710834
0.35236530452588211,0.36212479360932903,0.36327579918803066,0.36390857745405825,0.38017963265219645,0.42360484896292538,0.43122403895907357,0.43336354276152544,0.47461073330771297,0.49796500961710555
0.24538156806077804,0.2513904475301123,0.26769157970903867,0.28820153056095865,0.31696248398148485,0.33021913721302498,0.33724850304081055,0.36688678524168861,0.41210579696455518,0.48284742535482694
0.29445899890139504,0.30093087633341975,0.31362422409828294,0.35944590924328379,0.36954490765606796,0.38003014861917483,0.39676825016965545,0.41459028957772581,0.42705920263802977,0.50154712999190387
0.25248521924608891,0.28405127580430856,0.32810398277414388,0.35742827754879025,0.3627658518099266,0.36279910824420192,0.37920694048449999,0.38833798141712794,0.39938340617800128,0.57627017575583972
0.31310112895620801,0.334154058005947,0.3462259014870952,0.36071096630652733,0.36323154435796567,0.366733069149205,0.38273800057733354,0.38942740284720578,0.42683978768454311,0.45063846675256025
0.24437029879889627,0.24445705710460297,0.24950113092345072,0.25147489479825946,0.27887420583209899,0.28980501322955021,0.30669319177353183,0.34948308200106348,0.41821985643051329,0.47393034832507341
0.29442712962105855,0.30342986490786084,0.31942976706677717,0.36027751134232622,0.36394321344792013,0.3742497591406746,0.44110516990145721,0.44152510973924075,0.48842950904923343,0.49211341910756978
