1.5221754402955012,1.534943965644334,1.5352729786947568,1.609159821422145,1.6180288655999195,1.6502126785389954,1.7456169052682049,1.7770666529951296,2.1121988507239124,2.2161020026146945
1.5502980191044846,1.5796841491137936,1.5866672119879326,1.6310093459166399,1.6890975852568852,1.6947801202382367,1.7654506049331729,1.9235731030419942,2.0754116132343317,2.2063089161281084
1.6705581571196582,1.708018425116147,1.7817437046679037,1.8266832092716481,1.8361905548623461,1.8479928783620014,1.8821815437987763,2.0214712788524771,2.0825285544942949,2.3186728487703965
1.7971167282126888,1.8205384954593189,1.8395539387512998,1.8832569587411587,1.8974620027807683,1.9370653521792207,1.9875633333579272,1.9944871778984961,2.0113145104301293,2.0653603320788947
1.7007590392521705,1.7177689243908778,1.839343373091626,1.9374201658859722,1.9938169425999022,2.0455392925031353,2.0817842844993799,2.2012613544458319,2.207939815296756,2.2797815702096376
1.7686816320613059,1.7754777863363822,1.7781479148292587,1.8001828603951364,1.8067773307004882,1.8236863101905709,1.8300831531725221,2.1251295505497998,2.2809495424759101,2.3698467517974473
1.7078769024648399,1.8113457030480777,1.8290314783592059,1.8570426608298929,1.8819463327511983,1.9197271831726335,1.9740748500257352,2.0285713708565782,2.0321602056665053,2.4232777053501575
1.7044534754554745,1.7288756807173526,1.7611198833537927,1.9339865210472398,1.9935639434318297,2.0771989088664702,2.2106622840232468,2.2431830540742128,2.3524783902451687,2.5169782368580575
1.8204656366656697,1.8494501400719274,1.8756420333521975,1.8972050962470079,1.9515351533381786,1.9697023812829064,1.9766284918749342,1.9881900179934082,2.11764473204033,2.2286136368665508
1.7542315771261046,1.7889679342410507,1.8379187259876812,1.8922692119278866,1.9357069508001912,1.9822054443461656,2.0275255109657531,2.0717449965572934,2.3897570007451172,2.547882194047407
1.877091886240376,1.89494954111957,1.922027007667849,1.9251901880730826,1.9902153933952704,1.9943864568253731,2.1417368887234018,2.3412898390247703,2.346848118149591,2.4913456946925634
1.8853991573614368,1.9002361020325429,1.9107796390418958,1.9531087706439734,1.9615309518058668,2.020498907935913,2.0235408956996221,2.1114706812469937,2.1396420106098164,2.5467943066197298
1.7728990732845127,1.8346958309189767,1.9090493039656582,1.9486519706280399,1.9630428735824146,1.9836454688516338,1.9972919667287883,2.0237311005270362,2.04854703937733,2.0622133044322766
1.8448964739152209,1.847117057151958,1.8783648899860161,1.8798900511037484,1.90352533966666,1.9552092395328866,2.019451159065718,2.1472552820994064,2.1664833567304145,2.1710216351618126
1.7505309240897697,1.8326634981929817,1.9035336155603182,1.9404527025709468,2.0065181298310404,2.0393016157982835,2.0838569280494283,2.1511622479290518,2.1615341317093897,2.1841708011109482
1.7195472085745642,1.751029239880312,1.8137621680789819,1.8184182663264814,1.8466379547610099,1.9110324101892298,1.938733485682443,2.0540414639888338,2.2544678550951165,2.3247047102523855
1.9141944262424055,1.9334005781990882,1.9346860564341386,1.9622699952030851,1.9765041320508634,1.9871339668332706,2.1230641067830609,2.1701555751136157,2.3539019250239157,2.5512531163633687
1.7781232824134916,1.7939825589513538,1.8109140990560657,1.8764654398483098,1.9216753031300504,1.9389448562411775,1.9815160538528513,2.1535780404012663,2.1816935980462921,2.3350718745121259
1.6479303096671725,1.6939823862725718,1.737723839967082,1.8964978438653139,1.9050077360398703,1.9196008715222845,1.9223997345282555,1.9240787017557031,1.9789195257990884,2.2048995487406238
1.6312941367133829,1.6978505751021267,1.7227798693188743,1.733406888423711,1.8001863333322961,1.8229192385299942,1.8954054979493853,1.916168718048785,2.0027763987338827,2.1571733106375905
1.7244189770221809,1.7489063024786065,1.7940380930246851,1.8532023452878477,1.9173640389961173,1.9238964613793454,1.9262715914780033,1.9371546677308369,1.9482953900975799,2.04644543018098
1.718431979696986,1.7847443255695348,1.8082797035471139,1.83466619405769,1.835840082186162,1.8439960667201609,1.8864438852930354,1.9005935490814467,2.0102219614749037,2.0466810398468702
1.702401792680877,1.7486008436965053,1.8003151274411255,1.8106565631002296,1.8245658357432615,1.8453604322344277,1.8793252200330495,1.9085313191696387,2.012165303928648,2.0139374090462399
1.6259086567315513,1.6378887734430183,1.685276583654304,1.7834905238505891,1.7840103835119023,1.8227370490304786,1.8323557715936047,2.0394797732125465,2.0800655177689755,2.1615558450066317
1.6193032582922835,1.624266665059086,1.7199966441398882,1.7292382607876311,1.7503289249424712,1.8231326608829563,1.8556248274893807,1.909481301162971,1.9671150325341584,2.0189283607185571
1.5965269746190907,1.6351054870011024,1.6365705893640277,1.6477075779328847,1.6934374602933233,1.7129677466606732,1.8268394287544796,1.8412008696780309,1.8548228927326478,2.1127935389835129
1.6841423508548152,1.7167189684854054,1.7490350396189154,1.7838452064677848,1.924185259681471,1.9288652628353922,1.9328638899986263,1.9534368755337039,2.0471255170343432,2.0517873681380134
1.6937634797332808,1.783037770815745,1.8034384812971305,1.8100330286776531,1.8132489070283802,1.8644677481312582,1.9366578356725259,1.9501186036728457,2.0051287701086444,2.0127176846545787
1.5909357620315387,1.5952633772439966,1.5967047042676041,1.6955813378120781,1.7468269550084392,1.8663043190873243,1.9291446793965252,1.9493209114759609,1.9571370562820707,2.0062057745291111
1.661095271361531,1.6720964109370242,1.7779573629025216,1.7991546564655001,1.8130385743122754,1.8292317896842072,1.8415575779222866,1.844321739651694,1.8864828278513017,1.9070438985835572
1.6700323145627685,1.6720257799534815,1.6722450388843653,1.7315571935419818,1.7328271977783958,1.7449141886963153,1.7554740775856272,1.8472641797926272,1.8904602975441245,1.9149953277612708
1.458389100388461,1.4902544216395097,1.5361028364170681,1.5618635163137848,1.5799528784747254,1.593334463950181,1.697446186579072,1.7803143114112103,2.0495469986454076,2.062067201506852
1.5182890585845352,1.5471189658740334,1.5474699973325645,1.567189330404982,1.6397378307080506,1.6548212748997955,1.8591013169910746,1.8652876087352144,1.8870256286272846,1.8956124746517358
1.4586261736163388,1.5757638692489322,1.5955140828169632,1.6070747327861303,1.6293837009574945,1.6375275399135658,1.7756623577141499,1.8380542185673039,2.0564102188908628,2.1429625730365736
1.4652707882638345,1.4730005486106048,1.5211753932145857,1.5562066260737066,1.5611921409827927,1.7567981118241756,1.8235204622711148,1.8325991841259137,1.8691265822233301,1.9646306536727332
1.5578988235613909,1.579160558999253,1.5970694783062482,1.6662047253850703,1.6689475167954861,1.6762523884784222,1.7092216582023871,1.7669545993538893,1.7943023196485057,2.0211071160886704
1.5494347861060875,1.5851367799216938,1.625268798702709,1.6436931286159902,1.6656200462896802,1.7100966045383168,1.7305861123157915,1.7435868323206778,1.7983733432311442,1.879537708824589
1.5367465321418883,1.5472936953870238,1.5698052423120479,1.6084502576792974,1.6346365539658483,1.7261662388180414,1.7332283452197377,1.7403153877922994,1.7603986826178346,1.8476178623446304
1.5684293247563801,1.5834112576325401,1.5912719923319765,1.603499425090245,1.6411454872499824,1.6684168346649524,1.6765866762445656,1.687467562275655,1.7088233552735064,1.7313106356597441
1.3907705149721039,1.4129690761075593,1.4358693439275023,1.4413934956563872,1.5025509836434581,1.5168806603452323,1.548466269833559,1.613669575965742,1.6286753934124802,1.7923160430298575
1.4641414478161048,1.5271074629382539,1.551832560472449,1.5831063950394042,1.5989637589123551,1.6293242576154778,1.6865778019992774,1.7454470020160948,1.7624798104378019,1.8285021322534687
1.5149301140078126,1.5163653391651972,1.5343333184319712,1.5671153217275693,1.5888459137887612,1.6091612948396468,1.6145265259359713,1.6212312375936522,1.6539060348422097,1.7127820944905272
1.4714594322225492,1.4751775626876844,1.5004618771003515,1.6235432696211225,1.6562415168568037,1.716566826336571,1.7559145238567919,1.7696980168167795,1.8555274091977765,1.8568258000531721
1.4753846299538385,1.5021632909882174,1.5152470107639195,1.5365192521997071,1.5730492085966388,1.5846600467121807,1.5975353182517713,1.6205768860949963,1.704332006962864,1.9696858335147733
1.5543731630267157,1.5612475777566681,1.623606157115975,1.6672652383203679,1.693308745361467,1.6993217566341197,1.7420486837371487,1.751895832130006,1.7979291204153247,2.129228497324978
1.5310990023238489,1.5556738683670792,1.588768784454595,1.5888546321632186,1.5990841106342639,1.6078530518566354,1.691461941835251,1.7412441445802609,1.7951390803136782,1.834567492494156
1.5733814473806418,1.5751870069929499,1.5830493994621646,1.5853849262243358,1.5896534437900685,1.6051140312452254,1.619250391686089,1.6666106658783026,1.6949843645560021,1.733560953205366
1.6060944494682436,1.6221938558685292,1.6438618202103599,1.6457188298411385,1.6803979156295941,1.6972164957607576,1.6993924461133161,1.7420595664877023,2.0566669505576183,2.0731475667050852
1.5479193386277501,1.5535462631478181,1.5960332559500214,1.6245613885394454,1.6613230820714255,1.6728980961543711,1.6894374090099458,1.7019841214650278,1.7518684657027275,1.8342892824462806
1.4387016357329125,1.4419432190462729,1.5074615077887472,1.5406009496078883,1.5687684335481613,1.5720118469293123,1.5898742037351448,1.6361365239696055,1.641915498171914,1.7214303537947715
1.6184866610704498,1.6547472177261082,1.6753153145825626,1.676511690954789,1.6927059229449348,1.7422708184414595,1.7584656485922447,1.8191732625724093,1.8403499560066776,1.8723484583009324
1.466862667400441,1.5259027048626534,1.5569589817378717,1.5675628668306758,1.5769529409481677,1.5838684187382346,1.591594321345899,1.7181448841594062,1.8734607308146507,1.8935710463639051
1.557158669579227,1.5751190194947027,1.5865579301318005,1.6275378427397178,1.6366616015574573,1.6683561383174905,1.6753498212084832,1.6824465883802311,1.6958429622027298,1.9399162591779298
1.5207353992361754,1.5336361682614164,1.5579430929867395,1.5601900734927714,1.5889885932785908,1.6246618075799182,1.645777775094716,1.681543152679996,1.7456522620246522,1.8282116150577878
1.4981323204252006,1.5007531604505449,1.5039445248398891,1.5477615200654964,1.583614052533961,1.5941485076528052,1.6197732867054455,1.6762759224718931,1.6957734118798502,1.7202747998851879
1.5902367411895173,1.6198196248352779,1.6278604758873345,1.6341468010161475,1.6508569898667709,1.6548863694397373,1.7777144247864545,1.8250957609542997,1.8402577009238716,1.8586842753257931
1.5883475763575867,1.6069782898010536,1.6432913407374561,1.674754022112539,1.6758758441428778,1.6777912633072245,1.8084552154055555,1.8587035985351554,1.9821748763518547,2.2118704530464295
1.5555009652162064,1.5709634373162191,1.5880705826802841,1.6259242319931584,1.6526875152828331,1.6973959867223898,1.705397317661397,1.8428190331050494,1.847067767955165,2.1728736837246099
1.6092143727407398,1.6377588736998674,1.6618100052432481,1.7037818182748006,1.7684305484117093,1.7988702522822491,1.806238281982423,1.8151496279140726,1.8922586624251507,1.900870007293725
1.4829387604929489,1.4848702706367214,1.5039638719300901,1.5143744252278726,1.5618459779099161,1.5685337579325727,1.6371489652866837,1.6634729660747984,1.6748451517170242,1.7727924184468704
1.5610291188803971,1.5809867799541264,1.5836961079883722,1.6094857771762929,1.6370505998915608,1.6531582486894152,1.6763369332020939,1.6901627940396406,1.7824343195171051,1.8264337204897285
1.5297455115372807,1.5586672300029885,1.5960440629405419,1.5980946051069109,1.6196435865345098,1.6300627451708936,1.6372131705328106,1.6590381192994927,1.6943815757291931,1.810088659602884
1.5818672162911036,1.5888873636213163,1.6054134649235716,1.6248431707008564,1.6293072321178856,1.6485943490770314,1.7159178668090536,1.7189069140075666,1.855334103752974,1.9216964155872065
1.4846090390542392,1.5255318342356396,1.5610783234311381,1.6721293329676024,1.6927188682932606,1.7182589329939733,1.7191897854954039,1.7193631055909404,1.7827842806595648,1.8724808395861752
1.5412087266127372,1.5585036332680535,1.5816734690820482,1.5850891086641505,1.5942046758761599,1.6136971710210259,1.642380410362958,1.6751867016229554,1.7166046305512559,1.8367433523976684
1.5879064014344593,1.5900250967034033,1.6083838387052736,1.6107380869212915,1.6768291163072573,1.7439386582616137,1.803322731521507,1.9515093865963185,1.9692551692369376,2.040464294635282
1.5763716784581994,1.5779014604239032,1.5803640597204511,1.5917832828660519,1.6080180059454618,1.7030543150507622,1.7270300764204638,1.8025789362872251,1.8495889623769257,1.8660943685048887
1.5959095949857223,1.624216384726918,1.6295760726881721,1.6416863890442124,1.6525212206349478,1.6546391345952496,1.6813533294389118,1.7694351472003613,1.7725540851130601,1.8288563923578216
1.5808277684036973,1.594611943419773,1.5999582154001613,1.6133922926611119,1.6178928719173187,1.6487570555753552,1.7263088097221044,1.8278062628200886,1.9051610047076617,2.0007589156712022
1.5220860668565517,1.5505776890674596,1.5836350036490465,1.5842874485331566,1.6019400483672666,1.6787754619452278,1.6896144053777231,1.713521872107834,1.8648664098726209,2.0337245829264368
1.6137565453931417,1.6161363662518107,1.6171545037764115,1.621506798828706,1.6549405174278755,1.6579338898306359,1.6671066397916463,1.6784435630345986,1.7515003569534771,1.8552635751064428
1.6086931967674296,1.6088406427107347,1.6213876133458194,1.6438641748608394,1.6484907990736111,1.7401383879342425,1.787440728195822,1.7991898137312925,1.8698620633760761,1.9094319955051895
1.56086390277884,1.5985404175976234,1.6585267086167845,1.6891951386909798,1.69011090177331,1.7006893349432937,1.7193424927169172,1.7280739920716264,1.7514825942700729,1.7974893951414479
1.5211161767482357,1.6145639197584205,1.6148207416856768,1.6217629271855909,1.6849802752121672,1.6982676949475954,1.702850020960557,1.7865578407479807,1.8075480915406361,1.8987144208892772
1.5943735031728501,1.6303640634086456,1.6631991988941479,1.6989547172087072,1.7358748099313703,1.7717678687190914,1.8019953960028565,1.8640676372375011,1.9785062301451222,2.0739544474496148
1.6825095572725246,1.7122313806170764,1.7132368404184726,1.7725207630359374,1.82159358703718,1.8796140397882464,1.8853407247627025,2.0500317485764876,2.1039780402341846,2.1263734550053224
1.6686795404794053,1.7198677767497994,1.7266810534913315,1.7393212797818534,1.7566250899744091,1.7621195348485719,1.7902714566755682,1.8616782956834566,1.893958345773376,1.9790045443000326
1.6353850127122298,1.6856551758014224,1.7123322841026118,1.7137059371821666,1.723559711074834,1.7268785309589842,1.8785248800237728,1.9754851324069471,2.0425622969528545,2.0961754793023362
1.5750736546845197,1.5913424052850771,1.6407441825627869,1.6439988640786301,1.6555992446087204,1.6557298051949658,1.6836966483676827,1.7316442811004422,1.7453291453694573,1.7511230563442894
1.5112033950581885,1.5585734716430739,1.6709657351248639,1.684467208175882,1.7168186566691328,1.7703729838902622,1.7931587560874116,1.9010546260162187,1.9328285180877087,1.9516298451198206
1.5770892335181745,1.5842579567882216,1.6124921265744265,1.6228050884318539,1.6303292590548972,1.6422945235201283,1.76838438140964,1.7697019993114718,1.8643550282736392,2.0278374681750031
1.700505862454686,1.7127202329154039,1.7327916193640576,1.7450249340684669,1.7566175358380494,1.7640661160416276,1.8129894039822203,1.9171478857883293,2.0548067139349264,2.1116886715356067
1.5781691203985115,1.6277472268039515,1.6564767137536021,1.6656804883442111,1.8059552687297,1.8232507443377606,1.8394928367391843,1.9059685684924017,1.973855445603933,2.0319391607077857
1.6371831919723072,1.6501069545076601,1.6641557721239479,1.6688609726194941,1.6902281308620912,1.7115348347493136,1.7160855954579373,1.7257228324195228,1.7357458169701179,1.8697840131146206
1.6390430009336088,1.6562791532032066,1.6850511370772334,1.7003221442363641,1.7099080551033814,1.7275692392102648,1.7928746327685963,1.7943189423897608,1.7968723550892425,1.8372491974714364
1.5730095001422146,1.607402146100914,1.6348101482040676,1.6861162664479945,1.7202372255107177,1.7813120316327025,1.7840197025226037,1.8194688425988721,1.820602350119007,1.8713793498854658
1.5759004523687086,1.6360881478095188,1.6509035503868053,1.664726161862955,1.6777026934042358,1.6876116480046441,1.7117314990613164,1.8051719428148112,1.8132307516460278,1.8548185868461942
1.6577997384541043,1.6634692706905216,1.7028839136573517,1.7052890249757411,1.7200697766506639,1.802203151632535,1.8316621801023814,1.8601071053979334,1.8625781864445552,1.9584713190345961
1.6433276627766675,1.6659460480865174,1.6818657749724224,1.6850845939929924,1.6876337503528269,1.743863766116883,1.8004588288833021,1.8106111014703352,1.8566615973786813,1.8886026898668429
1.6614019623629659,1.6675902927559116,1.6711381848008267,1.6826748911650005,1.7108609041293148,1.7356806837335241,1.7938934295125311,1.7968862838721975,1.8988122872563951,2.0381681476776201
