1.2206826974073035,1.234581582330863,1.2465045716376162,1.2663515295635666,1.2956992759400903,1.3293874881766636,1.3528764118327574,1.4522895994285268,1.4687857600641161,1.6495399315416923
1.1902160402980919,1.2940275682979512,1.3347871641249118,1.3535996107972208,1.3686522625574966,1.421539230461788,1.480974917475848,1.5453377514410023,1.7431526460641877,1.7938204496592514
1.2389874953839706,1.2528895837331424,1.4215828335375047,1.4440680142306666,1.4649752350773269,1.5189712802409283,1.5863646198189403,1.5904278584216498,1.6612092017852471,1.7776371195891612
1.3519483263891159,1.3850406460668956,1.3866693589333408,1.3888131133021182,1.4024104196159684,1.517452576888862,1.5312940395815384,1.569177295562306,1.5736419246969051,1.5968020618746817
1.3338939393768263,1.3428297846532953,1.3590342873135022,1.418664054741356,1.5330010353158525,1.5431421132595471,1.5743310828896764,1.6774409628620655,1.7704412722560248,1.7781054513621994
1.2330776329736666,1.2581906971848422,1.2706118643079014,1.3939076858492339,1.4562754005985967,1.516823676350783,1.585329375573663,1.5887762354687078,1.7994045538445513,1.883713849263702
1.4727504560360241,1.4889808325688954,1.5748150845823692,1.584097379333866,1.6595118491035266,1.6664191484902049,1.6757875182373616,1.7372235284032,1.9444095799275223,1.9462788459465969
1.366518221241046,1.3943128025505942,1.5408966536344391,1.541545487405545,1.5833271699151568,1.6209658160672209,1.6486926340793828,1.734382703378178,1.9150934500710224,2.005979491950959
1.3888413387026368,1.3932350502333928,1.4669517064785977,1.5492242738861237,1.5637462403945825,1.5876569212732146,1.6123122494377866,1.6587618154121704,1.6591367675196145,1.7611214899973644
1.4435297422926689,1.4510704774426526,1.4754648195992064,1.4878941142004347,1.5276815882546946,1.5362052635049683,1.5512815771684729,1.5533697587624444,1.6229858978896963,1.7357639867639238
1.4602895189465634,1.4643178757460422,1.4683062970663401,1.4927231584153633,1.5179201998651131,1.5193831789359988,1.5543029675201805,1.6306557347605115,1.6550089111647681,1.6580563952384035
1.382376614000393,1.4529182167312178,1.4569323938239962,1.4755546711929486,1.4808603043998589,1.4990533109782276,1.5563075589185202,1.6457459142632596,1.6934662722973761,1.9170153723211967
1.3855897333461851,1.3886779857189264,1.3925614177167711,1.4170802826555926,1.4215486538130815,1.459189972157013,1.4688533320163648,1.5772414427754633,1.5958945940568152,1.6202269813705823
1.3226996575131449,1.3916421714262261,1.4100483730106133,1.4600042069738515,1.463253557772993,1.5329785930055002,1.5772038608736167,1.6819743416135,1.7072622213979591,1.7306814983696435
1.3738248187625359,1.3795100516961973,1.3932500187952797,1.3984639728837198,1.4306289252609958,1.5178778957038563,1.6787559895957953,1.6930055974642451,1.7270338231172033,1.7633467928258337
1.3892148118756431,1.3935538252425799,1.4157643827485962,1.4285354711039289,1.4514474069252623,1.4525071954294697,1.5843639392654181,1.6378367800962041,1.6591343122029509,1.7609823106343379
1.4896455896913268,1.5184124210499861,1.5454886413400506,1.5701331968567427,1.5962961697741891,1.5987682634382421,1.6137108763760488,1.653415553573486,1.8182163110640837,1.9862636741764581
1.3609629998032742,1.3623343412608868,1.4001271969000739,1.4530661988937714,1.485094836404699,1.5036490401313864,1.6016946025729957,1.6409145251661088,1.6472696498180812,1.7825384427149973
1.2473721703898875,1.3040337358558465,1.3466186356814251,1.3780826433528994,1.4216327961993986,1.4844371942350141,1.5043353420146128,1.5075757051357965,1.5082052433042588,1.7595910079314581
1.2100932484390792,1.3404826852662213,1.3903578276139488,1.3913418621482738,1.4243215171324146,1.5001633869071531,1.5287194428458566,1.597749192458787,1.7263263226505992,1.872610037895303
1.3568419614711678,1.3977019057122342,1.4128490329087424,1.4718351850425169,1.4819035306029078,1.4982276372580761,1.5570046851852291,1.5879246435356946,1.5992512974951079,1.6081925604214922
1.306380654635829,1.3137139414141652,1.3227658654567511,1.333587694187552,1.3680785920668534,1.4075536271172058,1.5622804104662515,1.5879299661887774,1.6894565105947175,1.8317715575958886
1.2940777317679042,1.3575326717352194,1.3635522401955269,1.4007710609790189,1.4253221434572394,1.4799834554992546,1.5760769728561037,1.5987659659677806,1.6152715120137708,1.7349143168760901
1.3155100127792081,1.3665963871764175,1.373367681253908,1.3747190077017004,1.4130091257744533,1.4382908825966929,1.4903082832293397,1.518596325382624,1.551750826006816,1.8079401777651236
1.2483086441187967,1.3295980946375918,1.3327129512387264,1.3443100846366285,1.4138161230582948,1.420860232200762,1.4295449078592788,1.4434120959852184,1.453697674251071,1.5412359326184202
1.2124484629545851,1.2388029716400282,1.2544582924479437,1.3652497926295171,1.3675513367409562,1.4015849300935024,1.4060069756245124,1.4375914764830338,1.5075273638658238,1.5745758790723734
1.3579118992811621,1.3679999990307006,1.4400529633097237,1.4765487301375195,1.5226067951734628,1.5452491689144305,1.5796958365495766,1.5996576773154083,1.6532712370082474,1.7720027242002874
1.3374833892521769,1.3378577413656902,1.368821258980693,1.3933446251049695,1.3989162092890597,1.4023606972124978,1.4189219572718614,1.4317679037340816,1.4476903658573965,1.5140073218456318
1.2743560186608551,1.2815507973129927,1.287430532688131,1.330241735705489,1.3438768877209224,1.3462387748344908,1.3505689295942691,1.4539020936023066,1.5095860340505718,1.5827102496152583
1.2155303249232228,1.2280239548685588,1.2381093173967739,1.2751790344454852,1.3267903433439541,1.3807397379712785,1.3938055164308656,1.4264634700759706,1.4729443902914139,1.5103654474959178
1.2468383038229436,1.247415335969277,1.2559671002641299,1.2790869188502927,1.3093924324220803,1.3235909442439224,1.3376205677137611,1.3704179918968382,1.3769668429137374,1.4358771685652516
1.0323304292434514,1.0734102516350412,1.0817842119739911,1.0826390119585558,1.0953941120006339,1.100200264656408,1.1512735086419656,1.2534939642355685,1.4210445888471397,1.609643083464888
1.1524890004814092,1.1655237661025364,1.2040153156715649,1.2492969808151044,1.2861257695224619,1.2951438668110171,1.3060902220856048,1.3160885694203319,1.3706190844760755,1.3707367334818894
1.1151733878005006,1.1679240408630496,1.1951954730704877,1.25850422411999,1.2671835737906401,1.276998252722199,1.295882903200134,1.3520313544417122,1.4199594726596452,1.4583823051813507
1.0429069740906676,1.1189081428627139,1.125516964522526,1.1485156754521078,1.1547120267585345,1.1975796196989448,1.2720510376136036,1.3822531722441114,1.4360884843856105,1.5384056685913094
1.1983322867370778,1.1993423644927574,1.2287025292624105,1.2760216825524768,1.2873536968705888,1.3062276230871124,1.3373537561691338,1.3606940458050896,1.3773123674188419,1.4228279232578944
1.0729092145483681,1.1012212830329013,1.146661271450359,1.1559594202160346,1.1720769149864223,1.1924538616742479,1.2043770073695907,1.2163294057271421,1.2808002337542215,1.4986098070527678
1.1002486275069292,1.114899749248405,1.1385500790106327,1.1687925277701843,1.2161864248432348,1.2234218173794589,1.2587720923942123,1.2695874185565637,1.2739284969172884,1.2826967067310804
1.1545990475193113,1.1583705655617957,1.180981614317592,1.1853604302860821,1.2145583328761118,1.2918659541834807,1.3097206397773333,1.359539321395292,1.4327499207887091,1.4682812143982202
1.0366104130604472,1.0859015051938314,1.144506475641299,1.1474324418665414,1.1504047324725031,1.1664495833790398,1.2025379939060565,1.2054646132161375,1.2362364655235347,1.3301566906140412
1.0966670404628291,1.1051134412492178,1.1738018584744512,1.1743064145942759,1.2035351581075298,1.2713914926804981,1.3217627495446247,1.352811053257041,1.3609550641375368,1.5176230312713015
1.1214116488516503,1.1247377781716077,1.1289824233112871,1.1476088547984231,1.1566779368016893,1.1852845375875831,1.2047001410074105,1.2349507090617555,1.2495573991076108,1.2573775149459592
1.1330276119026821,1.1660448326693751,1.1775560977806525,1.1930720966452348,1.2001747755849785,1.2190093520158625,1.279350980680598,1.31270313593182,1.314396553333752,1.4495662807028817
1.0482321658690035,1.0900335264676002,1.0997387732399155,1.1411254215628959,1.1936322726491961,1.2061722275432434,1.223054146291719,1.3514605160417168,1.3835702599301731,1.5470470333321269
1.1636195760106753,1.2260721492091862,1.2273851885414215,1.2803424229416063,1.2983896954139915,1.3236039455160125,1.3494569330958028,1.3733783536082478,1.5084273554768699,1.7886389700812992
1.1599122299974307,1.2505757727677316,1.2773625464708855,1.2813590333855664,1.3140302908372474,1.3321317896623879,1.3381120349638858,1.4881371040563707,1.5042572411138373,1.5414657588944194
1.1999617751468739,1.2156962589152083,1.2306504006112271,1.2527665109818709,1.2533302649537452,1.259817120489068,1.2805863001934958,1.3151811311940507,1.3903316509490211,1.415360113693978
1.265288958096622,1.2740121133332711,1.2758669629319437,1.2769594548099357,1.3133207732004029,1.3569040123102463,1.4121016909119257,1.4184557221367928,1.4231989422013127,1.602773238429533
1.1766187839820703,1.1866492740638002,1.2104079633938833,1.213234882110076,1.2573151888387897,1.263924109503539,1.275177107492163,1.4092367462347197,1.4856799777487022,1.4908598354355354
1.080194232681067,1.0818909653030051,1.1058359429771691,1.1564975551318337,1.2257685583252127,1.2442071370881096,1.319554088700444,1.3546020103008165,1.3660707399650676,1.458352673544911
1.2530955394503298,1.3008095704272322,1.326177948129823,1.3346824516677982,1.3718943544149629,1.3886670894743105,1.4068469254087259,1.4486833889782198,1.5261932509330869,1.531664167723255
1.1397159541117783,1.146729769381873,1.1560016110408911,1.1880701242039735,1.2015279520398097,1.2234497237552104,1.2629532830552903,1.3212619700498465,1.3879058461594007,1.5229158740045081
1.2250206539004767,1.2267849757177731,1.2638306688558898,1.2721106567316598,1.2753751444206523,1.3019408668620853,1.3226988326864064,1.3485468696370244,1.3838244987642052,1.5274359853677639
1.2485561773098848,1.2502618146787645,1.2766809617462189,1.3269803527290978,1.3438732973005365,1.3526248690647664,1.3750166591644013,1.4283846336457771,1.4605503597488552,1.471605556695232
1.0984322577165431,1.1861000508438337,1.1891538488058302,1.2014820142557907,1.2259353818469427,1.2416382893449009,1.2886234289745868,1.3327973900624244,1.439223727181842,1.4499952754843597
1.3439947569099866,1.3527562634324219,1.3624648527351324,1.3647209840475627,1.380995724209634,1.3812469328329655,1.4057027888064542,1.4176411093048018,1.442962932192887,1.5666251879729143
1.1910554366579742,1.2106421088080377,1.2402547936989534,1.2822453108529825,1.2956478043914603,1.3439158067592754,1.3584660982100174,1.3791270784451761,1.4587890869459934,1.8012238783989254
1.1824886043838685,1.1963059071535338,1.2114867017226882,1.2508670555394938,1.3117259558536545,1.3225397760532949,1.4841542219523074,1.6307340652283102,1.6317438180571173,1.7305039074989805
1.2143748948575981,1.2660810210355806,1.3812063856522117,1.4575089923578344,1.4599188610840601,1.5375187896278528,1.579727386057955,1.6386945696403004,1.6404070947711915,1.8036116373596758
1.1293731212099747,1.135697437844045,1.1679318611032357,1.1738046528086596,1.2115288251194158,1.2733717622173577,1.2837527880674924,1.3218576767605676,1.4748777295988447,1.5142453873575499
1.1998110864674278,1.2753774897646197,1.37895454083269,1.3870026262337261,1.4537135487416633,1.473519670238848,1.5094695409069332,1.5241231192499223,1.6298306503283948,1.7564686861570435
1.2316162608509105,1.2472226835967644,1.2667978587137014,1.2838297226547071,1.3074496245931493,1.3115645775265454,1.3401962748589207,1.4636710947603815,1.4659704876926214,1.4881885808103554
1.3026252982695179,1.3623281806482397,1.4016046462970149,1.4081162624637367,1.4134795071143231,1.4205817319182801,1.4260393620341398,1.4457065381878116,1.4535332643254515,1.5129764063738134
1.1647656654267808,1.1962585075035865,1.2208861277533183,1.2951198209201804,1.3063195901043154,1.3238762745520525,1.3523607900021202,1.4018208508972099,1.4316900117305305,1.5776761899123755
1.1574658346851812,1.1625101331036594,1.173145547180086,1.2590959534347306,1.2957355279331346,1.3773577638494796,1.4292424586998789,1.4317801304877955,1.5125440581818101,1.5141901970100085
1.3589018721618418,1.387930621781456,1.406267134086101,1.413010954540916,1.4332581090242251,1.4868362775680755,1.4956820671420705,1.5340253381578441,1.5407248827297848,1.5541150546777938
1.3458247562833083,1.3634798415278016,1.368700664670913,1.3691418344855939,1.3926196501704129,1.4121842731050838,1.5000417423310313,1.511110294304395,1.6662685990966901,1.7654626093770052
1.4314394070238832,1.4524328262111084,1.4828434854529275,1.4846615036216133,1.4941100515998182,1.5178195667602492,1.5460522170350517,1.5587441566324367,1.6439613033903275,1.6531255136965348
1.3055693683520997,1.3122022745899931,1.334659491924473,1.387270989184116,1.4094313969323458,1.4370224974821397,1.5344434613598321,1.5728902885871459,1.6612949354625333,1.7052762270737443
1.3153178450822938,1.3788096217189163,1.3954304995932114,1.4368796328094442,1.4376806172868126,1.4934996271651788,1.5559421181993058,1.56059667939043,1.735161583069206,1.7882160696920115
1.3352644762021484,1.3387861620415205,1.443406296945688,1.44770936911676,1.4502579088525445,1.4718811762886124,1.5316471821255355,1.5421373461366215,1.6224143914835665,1.6579013276758028
1.3532523801710914,1.359939741687219,1.3771601135557323,1.3917231081150097,1.4175214645693366,1.4648738747523198,1.5390905368553423,1.6697681946355072,1.6845818490685609,1.7453733465163723
1.3258373257585463,1.3467251180517228,1.3806948809169888,1.4262622635179092,1.4948606876452355,1.4992130577498086,1.5481205131298075,1.6218999965796739,1.6307755759193534,1.7584813522756917
1.3096945829167908,1.3459754761383773,1.3468801201925658,1.3986753829182446,1.4223385362254586,1.4473321342408725,1.5199410384215053,1.5664463613461832,1.5736621729532803,1.6898777402543725
1.4107482875501267,1.410860547597184,1.4120761533256547,1.4230038507013467,1.4683109594900179,1.539063543949069,1.5448739092778005,1.56965954185037,1.6101046171938549,1.6251958572141616
1.4024848674565709,1.4299982675066696,1.4493386816858669,1.4972850460178448,1.5874024434275045,1.6142468232933518,1.6231461354484908,1.6562339183324142,1.9734480496917821,2.0012939759526041
1.4672379441030401,1.487837979105231,1.4959786697811182,1.5140904958973875,1.5242502190468215,1.5375140925259929,1.6391087260585584,1.6885770768831514,1.741735410127121,1.9437458250138657
1.3635097796651281,1.4034492304336061,1.4129766077729187,1.4233559897253483,1.4285901022454013,1.4743296334637899,1.482889156792397,1.5835578617520936,1.8363484249109485,1.9283829271468298
1.3854490143390508,1.4022048579960731,1.417505647108857,1.4811625127115664,1.4880427703246535,1.4953694329855205,1.495929992429446,1.548243864577703,1.5987023232503859,1.6639641116532449
1.2930429494512663,1.3792300133166071,1.3873260714053277,1.3886034146194328,1.4443761832545303,1.4656766317822649,1.4985882152957628,1.5238332283276637,1.8033925680836731,1.8575630355949659
1.3871123883735357,1.3942285630924047,1.3990120898693754,1.4632603840138825,1.4696015149576005,1.4798409999490496,1.5263965380014635,1.5867091552450141,1.6362498041756064,1.671217628826879
1.4408180266102888,1.4412369366409434,1.4849630255384745,1.4852222687076377,1.5124357401291837,1.5327475652578997,1.5550685943845424,1.5616405128959387,1.569095895492616,1.6843009627179035
1.3213051253174828,1.3285881310610699,1.3546550987546029,1.431456658375911,1.5049515504748232,1.5156189203513777,1.6375015751731175,1.6722519836302168,1.7775105152530117,1.8578433344187717
1.3241119167231075,1.3281215416931085,1.3344100592396524,1.3491361264814365,1.4190984531725883,1.4453693887664665,1.5802517160995433,1.6037861193256187,1.6128740005151356,1.7789206651764349
1.3853112848171443,1.4063144697155492,1.4293788231589377,1.4313218038355928,1.4447859285214761,1.4885516685188351,1.4935355510124926,1.5114300212288856,1.5180048700984892,1.6454331366143213
1.3830141379387029,1.3862251164221173,1.4526536980275524,1.4879643283429784,1.4970869732405716,1.5185454774218377,1.5262904658455057,1.5696447783449918,1.6989744659830979,1.7088144633596545
1.3878991287747771,1.3904970169381441,1.4106990492183331,1.431042794758826,1.5006150846851103,1.5026044670217882,1.5361260764210161,1.5472915574899937,1.5741219257710917,1.5930902018905706
1.3019850348077719,1.3865459287296398,1.4328991152161565,1.4581019979575176,1.5363815450496401,1.5426457178137722,1.5765922402014771,1.7247987072010389,1.7379570480368811,1.8291905048471022
1.3500080809860315,1.3552557366842088,1.3846154707717799,1.3988059759738505,1.5043079621209809,1.5472744226115283,1.5823380349746357,1.6023938940732934,1.6263226319231983,1.6689212631348891
1.3950504415910818,1.4133750349349579,1.4324153392024783,1.4374077653707662,1.5040908256857084,1.5109973323609021,1.566579622534324,1.6012569044847269,1.6032210081203813,1.76482604596087
