0.14924444578489116,0.16177240444892638,0.17668204638306761,0.18838077523170993,0.19132701349423398,0.20014913950046731,0.21568709280025233,0.21611537874457687,0.28171212258497347,0.34712406578686794
0.14080907666765841,0.15052891598167051,0.15985558419183032,0.18400844109032866,0.18967392405155881,0.19491352541260554,0.21170123135193375,0.22891037099236122,0.23311522590925771,0.24944566045242755
0.073126352495119118,0.093011392377472024,0.10187198901206918,0.12046082915975731,0.14216588744620173,0.14869006169305932,0.18956160412342182,0.198179505417583,0.23096345676548591,0.32566205968706985
0.14513752490662535,0.15970680490053812,0.18276922318789612,0.22409442029848048,0.22528580795992603,0.22897043581584864,0.23320658586932863,0.27953691105883927,0.30045390031069275,0.46545700872504936
0.11559344631948187,0.15126265333390254,0.1550036343547827,0.1603932736495941,0.19184481613449034,0.22402749215710793,0.2305478283960869,0.25066748798103466,0.34106454763450778,0.36882886554219363
0.086723622961028646,0.10546653715642584,0.12521349375039836,0.14115271118087236,0.14928037691355511,0.16636229038399364,0.17044774937801233,0.20315512822663839,0.27817173952221141,0.41742043605511059
0.17499460494097541,0.19596314160002803,0.19741574297268905,0.20015415983308493,0.21235264074027826,0.21331428768802008,0.2797796645173678,0.28872523438508546,0.29553974810910066,0.349587031496009
0.12769489019112035,0.17922216898260235,0.18558549326950446,0.25056116148491192,0.25318668098621533,0.25913419794506742,0.29632451518492742,0.33806722871514694,0.41399754794080401,0.48079764613970477
0.11399298603805441,0.13294244354826379,0.14035368333318843,0.14527976085747296,0.16866454155920341,0.16922594288105453,0.21134385701382996,0.25211182928937914,0.4004285248524373,0.47793486202412661
0.15999296558164078,0.16377601212173198,0.16875800063934365,0.18988766348242248,0.20983188725092639,0.22875722363670548,0.24859463801249548,0.25785689816426105,0.26261358665878154,0.31974314172541218
0.17800804154270988,0.19784100880529287,0.21253243169779434,0.21594442801330471,0.24558120598225663,0.27329316859933295,0.30613686966711118,0.368235591577315,0.40351565327115546,0.42356755957326442
0.13826965142484093,0.14481918405806482,0.1606021732868097,0.16126489331083471,0.18409235811641711,0.21373286526153734,0.30330098842698217,0.30786920883523283,0.36722651117582794,0.3718710245122101
0.12961597072089948,0.1361672275157213,0.14442796812196868,0.150422858563942,0.16895103682303203,0.18468633145864155,0.19224670149928036,0.23378931229514954,0.26472285134576889,0.44586359214523297
0.14471332284165239,0.16018520782289514,0.16993100463796207,0.17427139749921849,0.20309272373689247,0.21745938307302293,0.2214418398756699,0.22952642953738911,0.23013952957672101,0.28232305497417087
0.1507167486758032,0.15278670702678987,0.15356994730867379,0.18069602011160857,0.20106111439772478,0.22886972454026422,0.24461767084297348,0.26193310142988846,0.27777727123462714,0.3572212014358076
0.16614305532211482,0.17122905888954065,0.18599952115767149,0.18775709963229037,0.2019360874457341,0.20876058088177718,0.26814026053589846,0.27219027085075265,0.27810980357995563,0.29787004258199623
0.18588674570876274,0.19484505493570703,0.22109711066060633,0.22232561929311512,0.25086868451193389,0.26470291113921762,0.28825033326251903,0.28882600190594498,0.40188797706691659,0.41502624694338719
0.108826703192892,0.11988567568934894,0.12412258799683995,0.13204593378809948,0.15012968442222796,0.15146823591205782,0.15799144032604984,0.18060470755185287,0.1900522126308517,0.39459103188465949
0.18596982647803362,0.19707627852109866,0.21769403272075349,0.26664054803729753,0.28543046390364246,0.28546413301571905,0.30039887813186539,0.35721201679689463,0.40725698659677434,0.4192978258259572
0.15126646535849275,0.16072971922407087,0.18053178594951369,0.1824612339267313,0.19398704245121401,0.21921567570829215,0.23924949691237307,0.24524256613090234,0.26885751558496285,0.4159252799805917
0.16621485788021362,0.16675834999521655,0.1743360213220404,0.18778351012544414,0.19237524552721563,0.19459668484876858,0.22661664907904999,0.23484214714545892,0.2833284855657987,0.30817793616676026
0.14667426412015727,0.15373252089882117,0.1750381789055,0.18439748860335081,0.23467442857748289,0.24842612227057126,0.2508797161062768,0.28177328745901553,0.31236371421762588,0.44856570325334477
0.19903459837646409,0.23678538626258794,0.23727920104593947,0.23993208247109798,0.24139473068594874,0.30336190179003486,0.31378061502342458,0.31653266382153511,0.3875303494703668,0.39470116757071816
0.15361573090380931,0.1624909494980078,0.20462830872256443,0.24546360371810572,0.25112864864899898,0.26166671015507914,0.26369345655185494,0.27122554928274134,0.30064647526375321,0.3351948962478084
0.13627714942365854,0.17408333569850098,0.18902332499617991,0.19846092515451108,0.20756394856314975,0.21554309294002794,0.22936098472695443,0.26170591785199004,0.32663081782296688,0.40283502394417114
0.19977646268682125,0.21780718921219222,0.22203155398488406,0.22454490102785707,0.22905676313039836,0.25104676168298878,0.27422363932027993,0.28292452709826676,0.36041905673193453,0.36870369717874363
0.21448720554675393,0.22237462686906406,0.26610874660036243,0.28328276992792434,0.29286843225487269,0.30761916200499417,0.33484020945800008,0.35023634843002505,0.38037653814576444,0.52847693427200104
0.20404956670446328,0.22178400223191552,0.23596103553999814,0.24760803985341884,0.25134951939724948,0.26180189126013609,0.2916009001140667,0.29523198460671862,0.33852961164214879,0.39515619865399865
0.13129847849397436,0.1324497202324979,0.16953980328315943,0.2049205643209917,0.21184942230348724,0.21736742354056293,0.23573566112069511,0.26411593660355281,0.29770396253176035,0.37102700344170314
0.21039497895612991,0.2147811432899922,0.26829610122598657,0.27163104680977712,0.30076250290934237,0.33084243498163035,0.36852082692423904,0.38114421511041074,0.38499441242094434,0.40537422709818394
0.20456634769897031,0.20973828228378233,0.2386266558021366,0.24122722124384577,0.24263235560503027,0.27540179344244953,0.31350205583125579,0.33331135967724146,0.34558717452651644,0.34797010943868356
0.11809372017515507,0.14575857240571288,0.14669145312412191,0.18894921450555868,0.19157293088901861,0.2050961902990025,0.21672785181277421,0.2247529342841097,0.2483967589422198,0.2709176426215536
0.12594373375066459,0.12720952244306716,0.14677436546582801,0.15573118850492529,0.156827428231058,0.16172648101467146,0.27092606868925184,0.28355285082290083,0.358800416079184,0.36077095611408661
0.20544414577929704,0.23884922964075805,0.24076805994564765,0.24857017542860094,0.24873785615481481,0.27350522067792138,0.29816720013130737,0.30716660995590761,0.31607990166489852,0.32969973734680735
0.18449129898505356,0.1906253467522312,0.1910643295867569,0.20167194978165615,0.21096623027589967,0.22098641021285781,0.2311656252910268,0.23298978428371964,0.4264213900591507,0.44080487903585208
0.1997856923941872,0.20367058791294834,0.21718521341042241,0.22912492649003635,0.25561701174863716,0.27014887617954519,0.27025797277388675,0.30972899438292245,0.31481924460671751,0.46308664751066653
0.20917453272701003,0.21412194328400203,0.21474986104654681,0.21832016445276503,0.22454392706550008,0.22872387144432871,0.2318035664273399,0.23204295801629371,0.26171069627459653,0.35474100415429977
0.15277139930847294,0.16356571850175694,0.20444216994651887,0.22142424913091441,0.22974624824197099,0.2513046061440205,0.26171202105880109,0.27485614640929157,0.29575438068847903,0.44548327686742661
0.18555497238207863,0.18632978398379008,0.20339582427066905,0.22312391691778544,0.28715389716511552,0.29988058350533775,0.31569850767574037,0.32586408231648889,0.3567801205743959,0.38414124919096748
0.16598342727103832,0.16929503777399368,0.17713023510921522,0.20200778338595038,0.20664694426087715,0.23815923945393713,0.25841592263281443,0.28838504217105543,0.30214147025453597,0.36623326633904618
0.18199369429807399,0.20569079736911489,0.22573070329965983,0.23486477703011488,0.24562882285404131,0.25349653468013145,0.27163212922852198,0.33697176139168228,0.37144410457060939,0.47551558949559958
0.1204839290660602,0.12333081428455195,0.15286442091323682,0.15360219278517251,0.15913038959733949,0.2169265385972281,0.24703214456893363,0.24852761527761436,0.25540084175939759,0.25691304666802939
0.14927409391782387,0.16298473991575158,0.16491497437124547,0.19083613816484357,0.19727087682804934,0.21244763847105297,0.23193244080870956,0.23802429849317086,0.26332445023205153,0.381379239188401
0.14892849877429226,0.1848643078132044,0.1985065256749734,0.19906142076096778,0.20371640470401564,0.20533323590936892,0.21615979224892046,0.26545202127900414,0.28054527504179072,0.31204757693912333
0.13196540335617124,0.13345034315989368,0.13408896561551487,0.1448494051253868,0.1460477472045052,0.17406181118081054,0.19497899671138619,0.19582717220224266,0.22534718330726733,0.32382841203290358
0.12535026578497144,0.15535176749003909,0.15997097034352192,0.16111639025122804,0.1715919092013527,0.17752943885936157,0.19927748368102671,0.22062824440288553,0.25041511918967663,0.32406347073371577
0.128362253134501,0.15623713694856622,0.17234118560371536,0.19177004791654051,0.21194740586518179,0.21552600783449583,0.22062269032209869,0.22997828242083873,0.24010158729522146,0.27946144144348972
0.1380164199416023,0.16618802764367402,0.17153991977539107,0.18308911783817461,0.20980910908505157,0.22568416347224085,0.28544264703471933,0.29903553368066094,0.33100769556247744,0.41855747062949566
0.15169090980915101,0.15180531506607942,0.1708667806888311,0.17678131959287358,0.18489086757605344,0.18507046214804834,0.19198084009114558,0.24521015028202209,0.39525166993431649,0.55657611402558071
0.12483899225798467,0.14174539544082787,0.16851134600114603,0.17278608845134924,0.17989880094185073,0.19192181276309483,0.25968032554492382,0.3093858678527015,0.32868052316714946,0.36900019910842863
0.15126837041805796,0.16764879807867761,0.16909350113803656,0.21434061424232986,0.23274111731883673,0.24378730780254143,0.28294618388658233,0.36255720533264268,0.37639170758954199,0.53722383517730643
0.23074695267362832,0.23496198163804838,0.23619733031102141,0.25226556064071826,0.26069679593338657,0.26193799409362395,0.26923508453975709,0.27009259523424545,0.28541829982510247,0.29547860963431871
0.15293266710068876,0.16181817202873106,0.21175348863859522,0.22459472466356756,0.23117841956530727,0.25595675060890599,0.29416199070414706,0.2998885066839172,0.3197712098448231,0.33945774132049777
0.18194671779579874,0.19728072604481905,0.22788027229369767,0.24165963758551712,0.24214685430993477,0.29355395479208957,0.33095454103045308,0.33842740349041467,0.35108415951316596,0.37856144414845749
0.1460445478200838,0.14854904532238544,0.15494946585454583,0.15582942863267091,0.16173388732622307,0.16250978450844,0.18151461729791274,0.18925348293479871,0.23005923108596749,0.2747562683796918
0.22137823134618584,0.25489786839604056,0.26316839612779575,0.27793419655087837,0.29243315084022115,0.32342006351466646,0.32507786240738445,0.32920467092180861,0.32997056475383157,0.35908198825199733
0.18787634219459415,0.22438440729447917,0.25202734340552579,0.2598615713075425,0.26066138458171073,0.26498865292864915,0.28274659294264559,0.33490828631183645,0.3890678475619409,0.52369512342351676
0.18611035061850023,0.18657755879363691,0.22263954696813482,0.23703406717206876,0.23852411908750648,0.29140207649831273,0.30410984518361639,0.31720598205928985,0.3283718201343202,0.32934152284591578
0.25647369672143672,0.26038499587482766,0.26620139413351618,0.27428714926260467,0.29410483067840909,0.31203427653073978,0.31810484333462474,0.34200310201142603,0.3780614248795886,0.39084611918253254
0.15156263040907536,0.15987315865345808,0.17695392973905388,0.21524857527955987,0.2230219689044981,0.28542301751901888,0.38375487525569385,0.38376638874525293,0.38433431125893724,0.65385979527078275
0.23177822496997402,0.24134806991292468,0.24474513931105246,0.2454706507163591,0.25407711077436446,0.25495330674199801,0.2893753572372062,0.32922483631592137,0.34691686012550038,0.47541300711307555
0.2056351905817313,0.25018626395574728,0.27683321735015554,0.2835568640345727,0.28814225700392715,0.32240395819890155,0.34074322277411317,0.42659378617111265,0.4479623640727608,0.51750007363528816
0.20172473576498007,0.20398077152266092,0.22043785100721669,0.22740428855789396,0.28711736951343081,0.29735577013938519,0.43225899854448047,0.44293506374290592,0.45222023720875315,0.50350761797053023
0.19740497243856492,0.19880118787691758,0.20391807347780189,0.23042589488181209,0.23470768866580993,0.26041500836117004,0.26481714206740614,0.29197272460505763,0.32792335025282604,0.33823727508854562
0.20432492038449102,0.20518657836831,0.24627368622113766,0.26657820466813176,0.27694005507727937,0.28093960236361681,0.30606034821035433,0.33515151067890558,0.37643239199424494,0.40251889921367745
0.18107827900644713,0.18395944364709571,0.18792661373968134,0.2387109214865637,0.24646435181996829,0.25190793177552084,0.25875341512592298,0.36492080634616819,0.3775260217948011,0.37933154789216861
0.18236954865628707,0.19345791037623572,0.21892549461908084,0.22225066480131961,0.24551402257381305,0.27356196357665885,0.30417843235256248,0.35633774832178844,0.37726206205717761,0.50049329581984603
0.1685785543088989,0.18507710434421565,0.18515851138391559,0.19183141358055211,0.19821487863235676,0.19931219119809152,0.21103551535659371,0.23452356645774985,0.27697728037616631,0.29611784145639497
0.18284798595308782,0.1946344389321597,0.19528635366354852,0.1981080265442885,0.21485299141466063,0.23009920225817071,0.23029670106588584,0.25958471007108752,0.28464848150121336,0.33455593883643742
0.16916135252302711,0.18138711722493106,0.18503161821386538,0.19478774243636909,0.20123475877104946,0.25709078027802512,0.28633669582076271,0.28678032201190939,0.28995160424870203,0.3695655649276044
0.14971480776046819,0.15764467131723991,0.16758020515873273,0.19395919942718676,0.2010224092820283,0.22441807034158634,0.30511075341972527,0.30531538871170572,0.30956046039227925,0.3384829054244296
0.16810782403841706,0.17192213954960245,0.18876001548257682,0.24256268793492364,0.24397133263968573,0.25297411030295924,0.31567026753453931,0.32192479020915199,0.33161525640740086,0.35096677490993056
0.17862942637338719,0.19574602059342716,0.20109048898221804,0.27098075893561191,0.27121430354579923,0.30227307560026251,0.30736963099230508,0.33281988423377307,0.33416120054217568,0.35567580685134947
0.14994756343375215,0.18639361564369805,0.19614634231972028,0.20700376119497532,0.21338263183120931,0.2171678611486354,0.2487974762031433,0.26732141671060106,0.29385885795167122,0.41318790948564743
0.21281163043019413,0.22887242320049639,0.23467528141211114,0.2384549315850224,0.24831137027010275,0.27088724298759992,0.27504772506764796,0.28773076258147867,0.30179894231749538,0.33378820323487357
0.16151961374831014,0.18084981814008128,0.18519790865498331,0.19759707043721964,0.22985462925641498,0.23453638036421243,0.23925770148099579,0.24208404889868484,0.32744562894455331,0.37358433730052854
0.14885954889470909,0.16138040131860132,0.1703323709925475,0.17273274549639916,0.19123934328577707,0.20349304770968946,0.22715961775013227,0.24134092370128712,0.28340287565240008,0.33192222043317976
0.18612238542346082,0.19260503800244377,0.19264085832229316,0.21781924638208228,0.22073123900339642,0.24059284115545054,0.24552445661419808,0.27575897392739224,0.35904037536940026,0.36069230423862431
0.17260924753432416,0.17761105724520965,0.19093457917097956,0.20647119625256227,0.22293610027098421,0.24008230882537651,0.2622291958558356,0.26738109043142,0.29407681565336352,0.35572958091008111
0.10281843323332085,0.10969122447443214,0.15028087251311506,0.15226135246009287,0.18796706389389861,0.22272454705777811,0.22631175243316282,0.23785312195481412,0.26244099803574272,0.3029285687634693
0.18036390207231134,0.2011515388362608,0.21805562924800581,0.22167211039260692,0.23023207838427817,0.24339918889081069,0.26670430023324521,0.30595893555312736,0.33211197066791476,0.33247614507096879
0.20042012826592037,0.20501166400078974,0.22633222735095115,0.2453147240777751,0.27685284502944052,0.2820418701049574,0.28668778965841346,0.30530030630783056,0.32117612028271836,0.34442363906564477
0.19642043247378771,0.22005692577158653,0.23407317943055039,0.2380207941856427,0.28054375500415096,0.28307051793667659,0.29199191934538726,0.30033872566241682,0.40271748977865363,0.43485813238844617
0.13904248821697207,0.16242160493463009,0.17002690744532734,0.22672077415046354,0.23012314157111957,0.24304735561235224,0.25108434349294129,0.25256756710407213,0.28936625213053979,0.32694230853938944
0.11649610001617816,0.11697223825671621,0.12004781325112113,0.14775775056353968,0.15657125914784809,0.20017586870292581,0.22986557396916529,0.24473636267845533,0.29292324611656007,0.30647200795569152
0.2111697246953721,0.21249624886802154,0.22869972892499035,0.25560962723318337,0.2567213675341633,0.27206926803815001,0.28847053304462467,0.3102148680949548,0.34181837066914067,0.35568822599672467
0.18853096717584306,0.20091641384184333,0.21266638543660799,0.21642914757541787,0.22246862720553739,0.23294267108592903,0.24938088625266097,0.28237041348861469,0.31112742497565327,0.35225327806180129
0.17754596907329256,0.17781028280208044,0.18450423318880071,0.19841377896626611,0.24289793310898711,0.24481915855261249,0.25863700292081981,0.294887313317445,0.33428548633331046,0.34013116183755621
0.15066729091716802,0.15133865474339636,0.15203854761485891,0.15505775047622228,0.16475898120959176,0.17633628165952908,0.1819011012337497,0.19005029517283845,0.19637772142508814,0.22624869158351935
0.16953164571182278,0.1860552326043039,0.18821661368445275,0.20915194688980465,0.22399263235702183,0.23624668244260905,0.29997529933509393,0.33680035712931167,0.33805195516609388,0.3909027002294887
