0.82714034301860551,0.70697269875325153,0.69646378088612881,0.8305690161768603,0.68997719222295939,0.75008784571316889,0.64315364294534294,0.69475611779826618,0.7070491767277618,0.68729936726619922,0.7792313771359195,0.54885660020894844,0.83006703530221138,0.73786796856391035,0.70970491785064571,0.73358578051501899,0.81369412973044042,0.7105252744242968,0.78184779092902812,0.75387625462690022,0.80984454748308954,0.74380308004360685,0.82836764806994334,0.53723699195427177,0.6903853566807584
0.79711767763165864,0.75059609700925134,0.64738496664178791,0.80945334749434239,0.75158146418822325,0.76928751665716022,0.77947603220027051,0.85141110211053661,0.72034794859144136,0.7181924307776375,0.78171482367319223,0.79927483307421743,0.80779856081352441,0.72457473487027313,0.66619113250966056,0.69638127336094258,0.84029809398117605,0.68284042449821458,0.77435528163893386,0.7413397507773708,0.91065992851249022,0.73795469200878006,0.79043672595452641,0.73865028576051017,0.62737360988388435
0.77398312809208958,0.71257883981677694,0.88625201432674883,0.82699538580860354,0.79981671134161381,0.82510129047089342,0.7901445613511916,0.87281194707335819,0.7268583855330033,0.88180493062020882,0.82500503150024407,0.80777376698999492,0.81664477686669146,0.70822344932551773,0.7710340211468043,0.76733197073078641,0.80147779784927475,0.66696505380721682,0.75376084213980876,0.80961848374682122,0.86275752437707898,0.87508850416785733,0.82221869659244695,0.74062691501458222,0.83491101108880594
0.74177405692118992,0.70252513783603909,0.86708633178071259,0.74793966956154589,0.77051804070794094,0.84593197619246419,0.77314091877602875,0.82502805336581508,0.78105673670743192,0.88984662892431932,0.79950145081844892,0.75537563183421119,0.83396531298181764,0.81046512533468351,0.76561927185696932,0.78460976326715415,0.77825706276414519,0.78239569260024844,0.69015941941421211,0.79954910304152094,0.83959174391846669,0.82744443390118272,0.82853092058871913,0.85759602638251242,0.81677216764935179
0.80850060268960811,0.77211384154524054,0.89005102631413813,0.76812917649419898,0.74257006887344956,0.84871407511026209,0.73337438844631586,0.85293081925500236,0.79299616417767693,0.90447187125042505,0.79598195837415353,0.75044389168043046,0.8126617674730644,0.76026370472857208,0.63877302269359959,0.76455672544361131,0.82501957022211059,0.77465939015713836,0.70588271291026916,0.85729755338176139,0.68718101365255624,0.81979906092899069,0.81425007030868235,0.91689749701547019,0.85046771829608225
0.85591126889251545,0.77231394065250258,0.85616048773487341,0.82179029189640296,0.828132713139896,0.87063961225224373,0.68605634317903852,0.85163401789205151,0.76947032500061474,0.89099382417165118,0.75465565344016283,0.70333038065727682,0.84729000609966909,0.72597895325429995,0.8533936344213211,0.8450504651743489,0.83333570086394926,0.76401993251692035,0.70901963778010835,0.79809896400237279,0.72557427684568865,0.84608132158914029,0.76300959370191701,0.92426849196632865,0.8495380140484099
0.82038747650829114,0.76113808881531775,0.90437395915802932,0.82217096522888766,0.85606257519371454,0.86094864765773094,0.71211440895311695,0.84364390070847706,0.73963067262592597,0.91863122256964591,0.91194484027055744,0.86900618546019437,0.80671083080972716,0.86712981961478741,0.87161783916033242,0.86104704569167234,0.81288167007653389,0.76056264213930425,0.70931959640946729,0.73609815886964491,0.70736212751926109,0.84576110643152635,0.83231613188754583,0.84466535546066457,0.81017609528090584
0.85707072324661693,0.76106047676300348,0.90855150256019035,0.78036203828960671,0.82267352192510135,0.84304213217081825,0.69036602652658641,0.83309112194310053,0.78095205376586729,0.89132960032849606,0.8647580027274876,0.90723606708513638,0.7737431963601038,0.89378305473929642,0.79366920572821165,0.83804670472255127,0.78387084544787455,0.90444325104796064,0.81887629640876325,0.79929789187189304,0.64799193393220644,0.84176409758481574,0.75938094665386902,0.90064366449017053,0.90559030572688015
0.78128600395424463,0.89452494016494355,0.82425836384010498,0.83743062798140189,0.7988184329539102,0.73612195769671263,0.69485188461438796,0.85278112833168018,0.7965241429460963,0.92297831383335016,0.90117216949308154,0.9270502617695332,0.84275314329139306,0.88767475021562525,0.93571419591774307,0.86216156390664822,0.89410427710212137,0.8644645622138325,0.89194738201951573,0.81543825270400816,0.70681227743414565,0.81343850146495689,0.78370429080028514,0.82819202639741896,0.90081606278040871
0.7894248097013622,0.91558749723496524,0.86041544159981931,0.81911348839909703,0.82828225285154633,0.84111441381598351,0.71569203143788918,0.87041461462199043,0.82759135482644319,0.90525735603565616,0.90764098105371116,0.86190770029062069,0.91409222190941308,0.9096880378501464,0.92424904242470585,0.87338854864909254,0.86928926215296809,0.86750478208393644,0.91299385559703194,0.88811550089854641,0.7167444282203036,0.93248694781019492,0.7562747343566647,0.87964256905655236,0.89495092822643885
0.73412276274497157,0.88462472631278677,0.85893549645558209,0.72019184687343918,0.76515455438002056,0.86304184180438814,0.69219594620731739,0.84205906452015511,0.81415738481680511,0.9219347712238698,0.90628987947549899,0.93699799026009434,0.81216440432818737,0.8735746236683033,0.88832823801840921,0.85474863826446168,0.87806508681946571,0.86983339636718804,0.91202963050081742,0.83442753566425132,0.78861262290130163,0.93657721221354429,0.77777720090133817,0.84665277233815817,0.93780135488430827
0.80268722381459578,0.90113939999175474,0.66444847565898513,0.85460042503027256,0.74329525965156307,0.8871596303299385,0.87655247978714979,0.84672699304277887,0.78794893123245946,0.94891855859127139,0.91466965313686721,0.83103210374010072,0.83895186536725785,0.88803769701372326,0.96433156254767372,0.81833975033565487,0.82515876485291184,0.88703220317453435,0.897803719187516,0.84380586858710016,0.82510760592000632,0.90596478731923846,0.81647533091464941,0.86898782162324573,0.81471687543181381
0.63748861981910077,0.93137926307818075,0.68196365286005889,0.85107017402293828,0.89841491546905194,0.83642355664518331,0.89362959392345342,0.83137264292169677,0.79514610271924113,0.77843232550414587,0.86764412249016298,0.91794630494220897,0.81237587232281261,0.89348841974004989,0.94370891795207945,0.84601969642897479,0.83428056656396876,0.86460011234244327,0.87605374808512293,0.86144068876861846,0.83612181581308509,0.91742495769590593,0.77676048164129874,0.88663034516784056,0.92181130060465155
0.74271645051394097,0.91411767593480064,0.90887627629718293,0.86198358124569452,0.85501005063325131,0.9055497889574935,0.84461955478671769,0.84782114723655799,0.78900043228511862,0.77043354408169584,0.90259547939169882,0.8568176519423274,0.92137584545034146,0.86267611000460831,0.90606784148758113,0.86354902696030134,0.83272924970461237,0.90760631442206385,0.86600049965092063,0.83525368350666274,0.8554917296053498,0.87430891704744196,0.86496730847418102,0.87128652154595376,0.95220937746541878
0.8304738760028133,0.90732562247423787,0.9052635174383511,0.84772984252440131,0.89573700646799292,0.8686107806797605,0.83555674790024481,0.83860043696557351,0.85920431086159443,0.93753437969852504,0.89250159680842667,0.9050878975977138,0.93171703584509658,0.85240069901008697,0.81215001178796042,0.84481687307864639,0.65333045074215079,0.8938171778526548,0.87953168899564815,0.90785185193510998,0.8858765072087651,0.92114577535423248,0.87636968537021609,0.93581109387528394,0.95072998475255266
0.88949993151719398,0.85984102580698529,0.79910767839790287,0.87475254594572238,0.79197083079731978,0.90021823089478326,0.82334769033914024,0.76343986537224473,0.85897039774759132,0.89101363432287572,0.90715463114316641,0.86006639101645466,0.88617634000377443,0.89270872969533033,0.82707538966162186,0.82385015977599285,0.89166213592619059,0.89445557426121547,0.90600397186172865,0.93444457508119505,0.84992078185637676,0.84719900035573015,0.84614518130111294,0.79955921847432943,0.94850665643527243
0.85680759181558996,0.91080506854245269,0.84963472725893074,0.85039095295387812,0.91081062729333295,0.89369397688235663,0.8391647374420903,0.70749231035926341,0.81893145907209486,0.92328329854078983,0.89154093264195566,0.91913847188889619,0.89404088173087748,0.9117185171734109,0.80850265278179168,0.90062474818196325,0.81037515146037387,0.89245374579395809,0.92396371547127421,0.97354260612344912,0.8388612945152838,0.89639399034037404,0.86255387846131093,0.92242560710840926,0.9687933877264685
0.89720274710012549,0.91731031009365704,0.82939441580190387,0.87592752778300076,0.92912958761982833,0.93659813542587933,0.90571739886473346,0.85785109300428108,0.80503037612834205,0.92220859233099972,0.88592276243212975,0.91527768699860623,0.9178220744963772,0.87987289925403012,0.9382553255120335,0.91295482360539859,0.65191359319913755,0.86707356326457019,0.91515618657006081,0.9659272449427172,0.80764774916411419,0.95222818977430312,0.86482141628769549,0.84485455251736785,0.95601668413633667
0.861931258124364,0.90993760417525527,0.75836598983168013,0.82242784765027022,0.90431783822972833,0.94364737863894421,0.87379209372371547,0.84214639673795066,0.77826840660549412,0.93528676296939806,0.89724490956628633,0.86042652574565381,0.89227218599867664,0.8985506891117051,0.92508233693904285,0.90479328948066162,0.84056130545764551,0.87301484632995163,0.91902780353713776,0.98008832106922039,0.98728002855902286,0.92001611905401171,0.90605297829241838,0.85697162451286513,0.99778898443759934
0.85808209456713924,0.92701538680136342,0.970390390508579,0.76427417870946501,0.95795080904208807,0.9271230412379019,0.89403467577656892,0.84919308475396571,0.76575551259419017,0.96806033043592232,0.86024033222568919,0.90024904955442575,0.9082740695304794,0.88733314496537574,0.90861640683814815,0.90945932939920138,0.89590764368929954,0.88082698422547268,0.85814271322171554,0.89469785901034471,0.98317809856615435,0.94809610225772356,0.90401311491194969,0.86924493228817556,0.94361989485823783
0.89146249807238798,0.88021879905112899,0.88999879309748076,0.78701164616780317,0.95303563717879325,0.94438554663411145,0.86629932538920795,0.93453900567673431,0.94336149150341675,0.93217927551306112,0.88052114816073124,0.87327264553637196,0.89273585675788791,0.8845404376664342,0.96177600369876648,0.86731734958736095,0.96020155360088089,0.87450807066871572,0.90046168931869974,0.95951763578478799,0.94530971534276742,0.95431040527937927,0.87278746328888823,0.81026485127069336,0.97123397306145121
0.92782463558794503,0.92217601201135291,0.89993578925193363,1.0025303437599316,0.9402461366491065,0.94770292950654489,0.76371861230672777,0.92087998197847587,0.94697379918152536,0.92171122290250029,0.87720061932208171,0.85515045322823646,0.88787848524939605,0.88484914943951543,0.91389705344435168,0.94964741644199313,0.92908079714164171,0.88433658105827628,0.91282854646480793,0.95746846761905724,0.90612428471862749,0.94070052015142436,0.9273931369575279,0.86466608855362714,0.98412599494995545
0.7997264647188449,0.81420313654034293,0.89684408591556108,0.9470773944796016,0.8977272726125356,0.933691597559971,0.92112839077953279,0.91311518051828044,0.95535230159294149,0.95846499049428424,0.83560602570458686,0.92830723949071114,0.92176975243305714,0.77600017455099657,0.94588546242202132,0.94839834871438689,0.87694234798274662,0.84173786462350841,0.91430246679274374,0.92226378228123485,0.70352066558492943,0.84592828023726285,0.8600827606327065,0.78740998597877054,1.004091210188663
0.81396334462379327,0.77998159335455708,0.91936794799142496,0.99483906357124507,0.97947610149961239,0.93570174531111838,0.91872646470684449,0.92450548166480251,0.97218072172483871,0.93193206507068815,0.85503942621259033,0.90926338224393122,0.89509800874881673,0.69770932015243325,0.97782381591916534,0.93385673076937559,0.92353020765656868,0.85134683471131201,0.91897911115489328,0.87053218343204553,0.93109072832021178,0.88433983979057651,0.88635714853401071,0.90242719284926465,0.97521138429736365
0.8677564188548802,0.91327951493151815,0.79371083714182089,0.98064742118537196,0.94466610201038059,0.94413508761808429,0.9640252440777588,0.93108715444910051,0.95436940506126233,0.94019187430132112,0.84271465392741263,0.92282960412209092,0.800886907558646,0.85326380631238674,0.98868862854166828,0.85135682696650838,0.93671814035795775,0.93048167838036899,0.93017821390860767,0.91308097165956092,0.88984404453207755,0.81724530195942924,0.86207244290654961,0.87893301836386772,0.9691727109486421
0.96842150468430099,0.91102194799791447,0.88624512865824734,0.92308085370156845,0.96134661595202697,0.91616036923793098,0.95351221019632393,0.92993514063742111,0.98175368370822458,0.9590439323879566,0.90407330426733234,0.88542599689443713,0.77415016283220373,0.87385367644252976,0.97525170912815917,0.90372565528661364,0.91156398807895345,0.91453130704864238,0.83610389870507473,0.88005959747031293,0.86168690732846132,0.81555147836752995,0.87776353337272528,0.86523941312386288,1.0367959052225646
0.93537004068211915,0.91297992761072688,0.88338912890317123,0.96557086577748896,0.94668155703078605,0.90134437059833372,0.8855922544108481,0.9044284098923332,0.95295341282865642,0.93299229910877923,0.90675527255896027,0.94464375854832039,0.71641070090876635,0.84313010242825059,0.94065432776498115,0.92611955940708601,0.84020309983245056,0.92453785513106779,0.95291096501874029,0.8814799417137541,0.75565406887271047,0.93904479844034217,0.87580841596003367,0.89738047571718627,0.95717721574032855
0.93576151819286779,0.93446345093841177,0.86278701469782348,0.98250981450957309,0.9134909721016532,0.93078306163329039,0.89582158596566608,0.94082380393009968,0.98100959108871633,0.95022424704893726,0.94378767770146255,0.94236772715703732,0.87856419751405412,0.8273037136420438,1.0013073004615569,0.96451219563459045,0.89872133386244024,0.92288023898712279,0.89666430814525344,0.83193516552047375,0.91077616998483535,0.88237595481569364,0.90098647302427604,0.94065754297278592,1.0146817339585528
0.96999387504861079,0.92490337303351233,0.85497548569678183,0.92495423666890653,0.94838287383395625,0.9576875259373745,0.91840082427473468,0.93013130376046815,0.96439016807956301,0.94903709720906415,0.93158614679773288,0.93744539868306342,0.91310092902654794,0.76690574774941933,0.96500024795424422,0.97740084173091679,0.87197445053222367,0.90911746005624805,0.88986639501744902,0.95556329153782771,0.90787164752252059,0.97661745679092105,0.96980921407194498,0.90976038035424511,1.0078114317187226
1.0041362831094809,0.90327899112870291,0.85937540011825664,0.92462379664896011,0.9326033625118475,0.89195109280877871,0.90120598090578707,0.93230950998791051,0.96381643041159037,0.95808519732289699,0.91037688462679101,0.89447796079379738,0.87057351876972733,0.85510967650647607,0.98989101529558832,0.94818640762508288,0.70941869753076015,0.9587525239239566,0.8066381899606937,0.93951541577628217,0.86237082193727999,1.022862291629584,0.95232709598972998,1.0059684322727327,0.96796329673796933
0.95393168321734489,0.95167492460297665,0.87748993445736845,0.98065026833662672,0.91116236670855522,0.9357054655333692,0.92187615987242633,0.91838454496106214,0.93782292084590113,0.96366941381977733,0.91387070513067581,0.91438315065634346,0.80552051771708788,0.82993188896412873,0.97943420213045895,0.88612045429062503,0.85384122340463953,0.94725622362401518,0.76430026999658762,0.95361545418227511,0.90644010616116955,0.96749655017834069,0.97278474212186472,0.90928268658250588,0.98262574199963815
0.87809064365518552,0.94650737796736661,0.9108976646619088,0.93785801159986359,0.97181390702059867,0.92631517870356994,0.89001162356398211,0.88231026837507986,0.95518439717636516,0.90311897165025457,0.9152522715387218,0.90204133380672424,0.79570203648991822,0.76358768901189111,0.98300981737641657,0.88438215569224321,0.97616904662810022,0.94378218918550116,0.81176489651134309,0.86584851768645943,0.867406910466756,0.92763972165856334,0.96555812220084003,0.9411429496102941,0.99713681233930429
0.89304914342507924,0.93067804622943373,0.95161788190506391,0.94578723046213131,0.9607281459770679,0.91776082638816381,0.96435723509167237,0.91223079354104786,0.92855160127165792,0.94646777416789651,0.9190633067084043,0.90340669323041112,0.76156765660580572,0.95903180217189743,0.96013948048307207,0.88735041768020251,0.96036736009507817,0.92910524692544671,0.82825676051317387,0.82212502099135043,0.87743657182901347,0.89452083147711581,0.96259339532864885,0.93799823939718519,1.0110921693826656
0.90918276004722332,0.94793910993664887,0.94809741110662582,0.94424655543505021,0.91843502078493089,0.94347072031344814,0.9589640328498803,0.95696213170779487,0.94265721578557315,0.93476382656122647,0.96245559647964873,0.94916147343876944,0.79683432135222609,0.90547561604827775,0.97883639433901859,0.919574374141512,0.97116212219888887,0.94804209719400057,0.93648351215470405,0.88062348253505573,0.78058459095114585,0.87406684427183967,0.96056874265565229,0.92018975511900325,0.94046652844662559
0.90509876086410224,0.93883848489501154,0.91555880840313031,0.96766287261404149,0.91341555244616568,0.94259373837476845,0.95835581463421249,0.92290164060072455,0.96435963483752751,0.91788327068228948,0.91590593949701027,0.93171305164833285,0.86632518801919012,0.80949229302698067,0.97105008611007315,0.81839996814606031,0.96733400169288986,0.93108157636115862,0.9558478376092413,0.93952850416395439,0.75743695192559435,0.96757140021181709,0.94929638437676378,0.86002893381766665,0.95124508689935083
0.91324424471818155,0.90626054966465053,0.89463934172748605,0.99904461923697785,0.94870271628198688,0.91059377150857157,0.82484761984443455,0.99204647347027786,0.96558539471819715,0.93075299616088192,0.9286518341983363,0.94526787265909074,0.89646564355937186,0.95005609158109294,0.95850137670604674,0.83168714850420911,0.97146919201224213,0.91606453213664307,0.9357439696976686,0.88801605176282006,0.8887942920177111,0.9537595352587056,0.96038734760085998,0.91663490833880945,0.96726006795014796
0.92020878507851178,0.91325029643091227,0.88028263720824695,0.97293113846691259,0.95026605173685563,0.94632701914792716,0.84267062442807206,0.96324296264977338,0.96256957574893964,0.97101220930641385,0.96705462956283261,0.94210517692113205,0.8268345194875435,0.97560119153303437,0.97617668933739754,0.9261764557958817,0.93111248367796573,0.89204135392798445,0.94215898950299348,0.96085208221713292,0.91359054173906318,0.93956624689457624,0.93668889624154472,0.8591196518302372,0.98660912978468596
0.91046123011243463,0.98514902013726346,0.81149386164006065,0.96859746478833064,0.92370811310063805,0.90540806713159727,0.87041667090044361,0.95891153728914602,0.95722180141932289,0.91642310415261974,0.90883026413221191,0.92259721914110915,0.75312538209137603,0.97192491305754336,0.95475455378850227,0.81765152014993625,0.93044525683410062,0.96882202217613111,0.9386132540717339,0.94662469406922145,0.91240112579597477,0.93902834371007515,0.94593424890864364,0.9650777202518882,0.98346249114614437
0.86241218342029258,0.92357953965395523,0.97521423543961139,0.99542485031175709,0.97585167311301813,0.80157222546280138,0.78430805806304194,0.97790001288181616,0.97177313047435998,0.92034893813542851,0.85257942531541664,0.87538827719891354,0.87509136539967336,0.98852060906735573,0.9666914872234974,0.89203546420012547,0.94271222886696016,0.96643907481029157,0.95815663256322881,0.95607592405253194,0.90967020256991138,0.95682079015701327,0.94413741085512726,0.96659006449511597,1.0035534434562723
0.88847525083858492,0.77408890949467224,0.92609456991225014,1.0100694840993962,0.97855301614917789,0.78894821242353808,0.92853847017359226,0.97682275318012224,0.94770767640822773,0.91551738083990208,0.81679172187519977,0.98427508726413604,0.90507506701883311,0.97265222872075741,0.96450427201013245,0.86579498961031209,0.88710200247436366,0.92400944951090114,0.91010974453925175,0.97528394953911202,0.90142741725112929,0.93786941255743894,0.93317436927975728,0.94908235372375294,0.98439913317935401
0.88947978043789178,0.72431199923955691,0.96005738162198662,1.0024458239580525,0.95461393871744249,0.88499274688569607,0.9133204340872102,0.99320839829765306,0.95282493033139326,0.92981032757277882,0.94312543880953614,0.96897426545456466,0.83451762477569646,0.96840641889117629,0.96117334034698854,0.9121635131976652,0.90519799850566895,0.94119470367961688,0.89118465128637658,0.94405397142768843,0.8870428093538868,0.94565201942386612,0.96054076277576483,0.92523485116176352,0.99315991342329768
0.89702752316699164,0.82040006258262621,0.93352374774326119,0.98634172340577897,0.89441805735433166,0.84325417145112158,0.89719748472891514,0.96556226109953003,0.95314078463077523,0.90795566736512867,0.90530667463886272,0.83808401252693054,0.81668365533339393,1.0042638763640608,0.97364949900693465,0.91877966021775692,0.89986992521589848,0.93021105257301762,0.89596823668737258,0.96283299381468934,0.92456335112274757,0.86683426991953194,0.95835149172627698,0.85134053500168727,1.0067124720472218
0.88401296972660381,0.77061509763420177,0.96767681635369851,0.98189925400276445,0.94448828774335225,0.82086310118998196,0.86736645962893688,0.93562302100762318,0.96861118717188488,0.90705299800393779,0.93011669788660956,0.85168170028971402,0.90280602078007155,0.95463086076892001,0.9626537374986901,0.85881145726674091,0.90035880273268853,0.95796212667963854,0.94840835182317906,0.96520464047115739,0.92265945295997442,0.8517760528373185,0.95927959369634519,0.98085295587507204,0.98840429408657249
0.89372086453195398,0.79788867379566486,0.94603235808572084,0.9523477598679676,0.91224138559980694,0.79533933423394909,0.93377408395285311,0.94715078334050351,0.96935473301980846,0.93387356070710237,0.93987094274984784,0.9345879964139554,0.79175790928280798,0.89586713678740026,0.94709762565205891,0.87032446712936917,0.87796607126840753,0.96361154573542929,0.95848862546433589,0.96131514562682552,0.90849883512169505,0.91529580931025878,0.95607691739812517,0.97704425824836683,0.94131661085366647
0.92229511827300692,0.95918067064628765,0.93999189414731255,0.97540413068494347,0.95196567722260517,0.76215374419602155,0.92516527260292858,0.73356874315176557,0.94830396953871832,0.91980391490166524,0.91801250409156787,0.9786880898512238,0.94067775405553711,0.93394079229258664,0.97480951624196177,0.85299395407001577,0.90359962153597251,0.96270821375553051,0.9688985248895069,0.96774744213147046,0.9537971484616814,0.92716019787589987,0.94695542324194004,0.94899747142881441,0.99502991142456221
0.88945498646446408,0.92172059790386573,0.92308900437086761,1.0221192117796591,0.9311565725281612,0.86719336185815143,0.94390224000134837,0.89238407572942646,0.91998687040751115,0.95519451084483786,0.98644687505852735,0.89054294012120216,0.87960816182181323,0.95987467687523098,0.95096844493467159,0.81995630777011352,0.932478851138554,0.95401058400486294,0.94469092407233313,0.96841217115898515,0.9277653362284255,0.9627850399219946,0.95963495301135371,0.99192694007935633,0.97293459462911502
0.90096931469654118,0.96743786264334541,0.93220761397112073,0.95298381465122295,0.9485159705007199,0.9155259733611042,0.98362179922412241,0.92622721612893355,0.96366016950221489,0.92966929896443096,0.91938118202210695,0.86218060650722161,0.92537473043947027,0.98787704050602199,0.97640961508888802,0.8835992054447509,0.93405994451644192,0.9484030154681784,0.93541110520145154,0.95851815608869206,0.94772427522938052,0.93369380324041529,0.93899053775996244,0.96851377647381143,0.93185272346384762
0.86789938433262903,0.94525222810275999,0.92890829676584308,0.94006317218244528,0.8819757641026198,0.90013821144432526,0.94992780729684445,0.93395992875563616,0.9784294921470098,0.95327803004388334,0.89409396586801371,0.76660288021320089,0.91861297521069574,0.93277256029075106,0.96564934261386326,0.86564719110433797,0.90355735715345376,0.95505139894737057,0.95216587952342024,0.94498666263036868,0.94703223838970063,0.9446501745151743,0.82451591131804902,0.92633432309916686,0.8340985422500089
0.86165801096602823,0.94323933279440142,0.9685645948459104,0.94168859128698368,0.79004651811862814,0.91479098187711039,0.95959506123127247,0.90900554507433518,0.97575576418039867,0.93633412392874771,0.9047616045368182,0.912729683171423,0.92886965813253686,0.93299431607356498,0.97025194911983348,0.9094827243328012,0.92774910995464877,0.90772283869016857,0.93430347164404848,0.95286833464523779,0.87898272127410249,0.92570069570380864,0.92708496244985805,0.96675192575184055,0.90800649108938158
0.9353377216304587,0.93591223987282746,0.97858288938179205,0.92645386356112858,0.98149942716869842,0.9496348512380367,0.9250603774536087,0.95679994637492616,0.94533462496503717,0.90453345280520248,0.90965592783397486,0.86262536539260271,0.94809194330828506,0.94688124072873092,0.95366028059978625,0.93410934597925033,0.98128529366329187,0.86649977553921365,0.97115876556129865,0.97842957456493851,0.93347813051247019,0.9546436120051498,0.94766989779950739,0.9895019176667369,0.90260493431141464
0.91525333415385024,0.89926848305436691,0.92797785788268217,0.91734462889799984,0.96229144288128199,0.95690573554853697,0.96217977258853782,0.94904160268942472,0.95502814865997776,0.9257278033160895,0.95262934229748086,0.91876577364024725,0.92472206090371467,0.94399016310729567,0.95861127222638931,0.92790563947328619,0.94850373938858301,0.79334313110894228,0.93982566996805539,0.94899653918568672,0.89620449343786002,0.9259255090363846,0.92663383630219198,0.89198951735123577,0.92017448467102592
0.91916501639868364,0.94318292257015135,0.98738718528088709,0.92674949821723607,0.96601310190149225,0.93627781915778963,0.94664573067385249,0.92435964143502936,0.89864372014991978,0.92110080944784378,0.92250340829655375,0.95893658213828825,0.93822594530356862,0.95321469983792095,0.96751730130319513,0.93624592604294521,0.97824264212123901,0.84850134294470481,0.93651628431189315,0.9260350840571796,0.86341434445211795,0.92343455726403934,0.92968225014415873,0.74864735122570247,0.96917079453656563
0.86638110302592108,0.93909309929944307,0.92455174680662289,0.8657538287848866,0.94561913087419325,0.9467794575179731,0.95894696604765639,0.89122636704681213,0.91439164608941359,0.93008930739789319,0.94030825384847605,0.90616299557259306,0.92894535003561551,0.94209218596217825,0.96604913623050259,0.94523130036379854,0.93885679669698552,0.95589252800717761,0.92448776624097417,0.97684240729686278,0.91069230137942214,0.91974251887679037,0.93494547673295969,0.84681732099594631,0.9218364867484381
0.9045240218154047,0.96473601387570818,0.95782764101679818,0.96156202878574026,0.88529073231164868,0.98030287796469773,0.92026736071415616,0.88292719789965435,0.96705965206811406,0.91774881740632819,0.88806771224843661,0.91467001157998107,0.93539133103868888,0.93944460158327492,0.93563417472940302,0.93328832098334158,0.96333494318450186,0.90932443335404423,0.96451305455931802,1.026253362335189,0.9695026302675791,0.8904172547732192,0.94557107596441825,0.8677289325824481,0.88831653986360426
0.89818960044818663,0.92731288117540622,0.95578930740962553,0.95926430280407748,0.95806600192918956,0.95395792858781392,0.93993168691283613,0.95975012904687074,0.98198876602670437,0.97266685276209486,0.88936406597469431,0.89449259185601504,0.93019257229904628,0.89374438688052404,0.95545707846214289,0.91886690388531955,0.94206612758986352,0.91180233956616286,0.97669751323639087,1.0098374156591847,0.96229322760034974,0.92519221813477559,0.93309494622174372,0.94554743518309881,0.88876485346286849
0.95219372840676397,0.92339344783656718,0.93257447067283372,0.95493055717217945,0.95741945105222981,0.95656337295286087,0.95674796489639791,0.88589086161388253,0.97367055777339684,0.9634345708192853,0.99321029903199476,0.93603790564664435,0.95040849192949772,0.85256984083971732,0.97851057619724913,0.93956766052742435,0.90522211019977172,0.89882798736945591,0.92143545497351753,1.0071079311180666,0.95686494586684079,0.94112453584775868,0.905620873277729,0.91476101239735441,0.87601329668864902
0.95675162368008704,0.94976075727805942,0.90867572685825648,0.95854227009234394,0.9890000011333554,0.97499818740195621,0.96541876549128736,0.97335365039299349,0.95758892330975542,0.94222096696334612,0.93870037150538443,0.93388958097028552,0.95054940337303218,0.99232886794858988,0.9626947091440311,0.92930983179882443,0.94625203746908215,0.94352485626327476,0.95148076856673103,0.98610174081940816,0.93344740853991359,0.94430601243151602,0.93741299070217665,0.906829509042828,0.89359109932175118
0.96296117691294547,0.94099711191280777,0.92375874275892822,0.996783821976438,0.97309289494036877,0.94793386067484309,0.90260620966835758,0.98863128992517624,0.97100927227659239,0.89879775814970508,0.90508826720619384,0.92770731209696689,0.91314825781086928,0.95567596365971219,1.0053841994592474,0.92824616659338932,0.91634469405373442,0.96784604006420416,0.92258254839001941,0.97027208795769582,0.9416897017646586,0.91211871002804112,0.95067043337629031,0.94769181809116176,0.92328814475187482
0.88768342812224543,0.94202473406815124,0.94663874162046024,0.95818759193326453,0.96473777399285121,0.92004529624828868,0.87945456299091884,0.96434176373350167,0.98149537322538261,0.88693574185566115,0.91285316671985828,0.93599225511428474,0.91133700342059998,0.98483693910227055,1.0041068680803813,0.89455438972431911,0.93312731420080397,0.93692068592117939,0.92671506710544627,0.94065890648168482,0.9099649449751005,0.8725205292613335,0.93266359808869659,0.94354470641657262,0.92882510420660769
0.96244250394686182,0.94408160925739937,0.89759539228220653,0.94818403351813274,1.0147203222253784,0.92431627187994647,0.87186959892202354,0.95044331116353131,0.95014695498833746,0.93246186436446843,0.88217006531713449,0.97982735471031546,0.92948362594374478,0.96938852792887931,0.94982442488106866,0.95196755951610446,0.90604936662944602,0.89733417870389187,0.96300475061729718,0.97294810468361093,0.95211641987387718,0.87988451865700035,0.94688889911650898,0.94273493559780652,0.97327346854326957
0.92312825916381647,0.92292634485104541,0.82920002729314635,0.95342315148961942,0.96437320618372635,0.96460077585415505,0.96286188737338185,0.93776747588803899,0.9642881020432359,0.90072875484602388,0.89288817162235767,0.94720212832482464,0.97024487606049625,0.95329227993720378,0.97836523158677857,0.95731871559076409,0.92098814898800441,0.89901882808092537,0.97739765687552238,0.96034753477682611,0.96669232570285935,0.96917307720011503,0.93376294707883134,0.98829080859045271,0.97624019319273048
0.94110200989656134,0.98120023654328636,0.91455240915776537,0.94218611179355227,0.94751188455327062,0.96645493560561491,0.9548888033266788,0.95922664453737738,0.92216474388179448,0.93758599299497525,0.8568047398517582,0.91569553079677146,0.95093187753827546,0.97023470158737579,0.96461722865874278,0.94977443856792398,0.9249195523183541,0.98430098197086724,0.96946923799587359,0.97692790865980184,0.91416901127595962,0.97683622389585667,0.91207618501559184,0.97188886554866405,0.92616332936083079
0.95016482581949802,0.94103745232490665,0.94122928620174728,0.96651254546315046,0.9881348659746596,0.93798918997230207,0.96649317667427115,0.94244319295527967,0.96820587562518745,0.97128325754492573,0.91762223548725319,0.93489867471406485,0.96292237693066129,0.96525501590749918,0.97354532244937653,0.96457159113248803,0.90256698401998858,0.97065605657007858,0.93496052578678479,0.94547254901872513,0.93923518948078888,0.94580511313540239,0.88249542031950889,0.98394122448208388,0.91016983330533097
0.93723553939419113,0.92614331735720534,0.90916619546829669,0.98515811866814051,0.98982572994693707,0.9567470065523842,0.95493473748213986,0.94439751146034001,0.92997525455264785,0.96653551396934123,0.88647518435419947,0.93732815648681089,0.93501474951953312,0.9791947229340191,0.95114321228751275,0.93497167871490239,0.9385788595671275,0.9873937954171994,0.96800660887684231,0.97437321102120711,0.92697980769176047,0.93917563045309149,0.91945993481197597,0.97309544383483759,0.97575881618745219
0.94760401894123936,0.93505807540904307,0.98557717251370291,0.96790152299339116,1.0174848710574833,0.94147399218271588,0.94681629829269642,0.95004845443328612,0.96076587193079699,0.96081000170077135,0.91819043440359838,0.93762351097307883,0.95528712226937817,0.96832716023025311,0.9630439992476274,0.97181876284794433,0.84329681370461929,0.93905795674298198,0.93824853658065854,0.95302205683691155,0.8896002379688851,0.95452662498269647,0.9518564113656266,0.96883732853785109,0.94031651032656582
0.94218289553449863,0.88900187342029624,1.0021967856382381,0.94530106030820094,0.97202120969655326,0.92889826611304516,0.92401336770501796,0.94676158448117798,0.90123997765254715,0.97141234421266232,0.92021691865576427,0.91827501744977358,0.9671343751281164,0.96153758830321745,0.96354149590263527,0.97564852677999891,0.96075507597168497,0.93962170521660437,0.94942078600802338,0.92761773402208236,0.89657808682913442,0.93819687696175502,0.98011322566533388,0.97154873407767295,0.96054836398814425
0.95685776848176196,0.91268796988412104,0.98537849021346802,0.97417934723312205,0.98634910157922018,0.92467994492985683,0.95921051787349332,0.96466062047138723,0.93617463876968132,0.99842485268706382,0.95424655283070337,0.94859359375695995,0.92462251122320271,0.98772666683663901,0.98381808917343772,0.94497652084160488,0.94552324850482461,0.95481790634517716,0.96660099535537414,0.91629450111533772,0.95792944979037709,1.0070442631377239,0.95680816067381236,0.97861935983954818,0.95365517945219624
0.94894419169443589,0.95100630348383952,0.97149503061632658,0.97891780334164069,1.0068804121575985,0.92458964904937557,0.92193063241203865,0.9364191125186675,0.94848997056608564,0.97978635465967856,0.93336524765435847,0.95854479369435985,0.89324993396552066,0.99135129626068053,0.98147284595677065,0.95677367814711178,0.9314833575532433,0.9486751258203735,0.98596699270518462,0.93864644350007731,0.93472422577786785,0.96179565246733734,0.96162613244355333,0.97056953957223424,0.93802319913571197
0.91238830996415443,0.99539341835755224,0.92953841405168847,0.94740405525308413,0.97971008538666438,0.94033437085105043,0.94074664592525215,0.92572180992750341,0.96627027614851491,0.93449675826001788,0.97724321639384781,0.93834961985134224,0.93123074013538898,0.96140250607505351,0.98112323992580031,0.9235990324110791,1.0015585125905415,0.96129622839326068,0.94811585542746502,0.95915542031382783,0.9574416678049894,0.96465820513892198,0.98133645867494079,0.97312525928532934,0.93877714804238688
0.95028276210175044,0.96991024407112492,0.95021361323868359,0.98808593484866158,0.96508836778476437,0.97065596883943339,0.97137948618963488,0.95897470765862491,0.9469398959289449,0.9198635808082769,0.95773033974818422,0.9549548685851279,0.92272689491290649,1.0022805988199399,0.98377237169614362,0.96898441622374665,0.98509450210385174,0.98844640244947268,0.99376538118949098,0.94905195515956908,0.89070754164494503,0.94598166994338573,0.96337809088105975,0.94728982950402163,0.89296700540696672
0.88516092398356816,0.97574261906951054,0.93921464964470025,0.96951278171055866,1.0037268725078397,0.95919261055398608,0.9832419056579933,0.96059151391859376,0.89388341496878243,0.91647940083915846,0.9299484981654651,0.96335310173634447,0.93267596510645223,0.92870513580589142,0.9669215758945322,0.9561307414897775,0.93046835870275135,0.99298054295282245,0.94313522049820331,0.89007378625190703,0.9272077607076239,0.93810251217232354,0.95645833899646593,0.90054277830851071,0.94474158029688815
0.95516293432001542,0.95917602177988037,0.96022279595373627,0.97863128653344023,0.94945627391572984,1.0035459104952753,0.94651771570089993,0.95264136294468571,0.93502477572644493,0.8452605826475984,0.88643513068680635,0.95474678340618746,0.95422560399087653,0.95958659896489673,1.0331439243336573,0.98761268480471143,0.98338187197883498,0.96341824892789629,0.95112557651235186,0.92663073960614828,0.94558291937785643,0.96773986387091726,0.93075036022440438,0.94751674607525949,0.9898711728733226
0.94696653631322736,0.95671841030566984,0.96805259274205213,0.98443025271272988,0.9623524164234698,0.92847042857574469,0.99119138674573359,0.95205363185213399,0.969426079637423,0.91284253554992911,0.96533843858454493,0.98355137569066065,0.94852917196761521,0.96411060856750996,0.96581128994488086,0.95260710574356611,1.0122293855917139,0.94973791542871688,0.95883425495918773,0.97269249409689751,0.95536971522385283,0.95401603195807072,0.96963398419963032,0.95469140825964527,0.99068956826425625
0.96169584426764976,0.97004213972254794,0.92657177017427994,0.99335293865619911,0.99112912279575416,0.93392941304005506,0.9787838448178211,0.96753543607816561,0.91312587474671669,0.93311127171360542,0.94269588618686229,0.96724820006395995,0.96228927952644949,0.95476706377281373,0.94912555863617354,0.96106595645561355,1.0034547058440193,0.93195428627777976,0.95461618379138891,0.95262317466722224,0.95152037291591407,0.98467518837447765,0.86354953781109756,0.9313952836742414,0.97458025433732187
0.96918762026435301,0.96405510674188999,0.96135842882678391,0.96056399936999515,0.95549793083324963,0.92109159978547872,0.9713252904661609,0.98911963382328894,0.93728149770247293,0.97684212435343987,0.92280667237832636,0.95095516247100675,0.95875931028727857,0.96501615971663168,0.97930555491128823,0.95043989233191994,0.94893634316328779,0.92699012530096725,0.93534593626344875,0.93056157248977256,0.93768780443640198,1.0007672108666918,0.8984288906284692,0.93277582679375182,0.97606378009995598
0.94153289049678268,0.9640372132568803,0.98025112272543324,0.98757637836195322,0.99448985594016859,0.9343315764055623,0.966518753615905,0.95077110508932006,0.96277627600176463,0.92934315838149395,0.94048571606131903,0.92305285462863629,0.96009673220367464,0.94795803183964888,0.9860586753245576,0.94007015201346733,0.97107053634764651,0.96781155397400331,0.9605353673328979,0.97381147889466602,0.91940148818844691,0.9646857851101871,0.94175379785889313,0.93670134614088374,0.96138960862059675
0.93893089727125556,0.96349889833200975,0.96609656310215986,0.98159034077189333,1.0206932053492812,0.96754718141915053,0.97604154862473047,0.99380489054664756,0.93172459679919295,0.9471224182498269,0.95099928824093749,0.92318478498162548,0.9428520478277298,0.97054024201392486,0.99489682671735913,0.94136995770734178,0.99394398560144215,0.91948614315858423,0.93804886684881505,0.95507410309121943,0.95132250370568905,0.94220088874208818,0.92637523285252987,0.94714766517070081,1.0010579131041946
0.90316229449028129,0.9499698703842786,0.94838811786077748,0.98788586994488159,0.97605025667346523,0.96350370638115435,0.96888936215171628,0.93564495981501439,0.9550934319705644,0.94997672182916726,0.93479889422582418,0.96048798434294758,0.95113833908380718,1.0006080190774176,0.97191380466481936,0.99727685434783198,0.97241900896737699,0.87513889344593299,0.94401660906293616,0.96781104462064305,0.94824050599399923,0.98525693898754074,0.9263414815937292,0.95358595521419509,0.93044964092431692
0.97647880012542609,0.96021122011157778,0.95790649192092969,0.96977268823209872,0.99177880059576895,0.95771785466666981,0.94970214326032509,0.95540737670170595,0.97383739566931771,0.96309985767902206,0.97341012024940055,0.93402663340107539,0.93405713895210563,0.94605585440060602,1.0197216104080742,0.99127274234968055,0.97646417107446937,0.9279920649673441,0.96962835676240966,0.89136648392291362,0.96443133312377649,0.97650772492824534,0.95373750524555778,0.94694151612332889,0.95229353306597797
0.93335293983440026,0.92751809031902122,0.9632664247463103,1.0126835713978581,1.0008901282684846,0.96544770805444546,0.96585738016566092,0.9497563955492474,0.95676728138275735,0.99704263710408192,0.99091589359897014,0.96613542992782819,0.97890276904575946,0.96574967450456506,0.93878862430460575,0.95669602293383427,0.97958614500772856,0.93023337586311494,0.9646393346284261,0.95852395913814648,0.97131298893951701,0.96074782049331287,0.94598769560212981,0.97128572694890947,0.96695327825580668
0.942475424040772,0.96867381906587802,0.96052300923314615,0.99848140356555115,0.98473924488641307,0.94890301660805054,0.95172658456572623,0.96025367490759439,0.9367409521921326,0.94473603552797736,0.97430306257457788,0.99872765526082952,0.92490834783149578,0.96295438795039934,0.94502984892714814,1.004402396708423,0.99121374427911169,0.98394871652233307,0.9762661024227457,0.98330173848522373,0.9903453130090808,0.95919084012092926,0.93364165125457066,0.96879474525905629,0.95242152716080053
0.97395327636691575,0.95403421973889435,0.95090528402911434,0.96310312503307383,0.99912664017003194,0.96341718944411348,0.96774755820591307,0.97628540551697984,0.98059241097006788,0.93767375094796568,0.924126539748927,0.96018193472076507,0.95481505147226275,0.94301090556797496,0.9439996914962373,0.99279729674366535,0.94479936305543977,0.98869049178959623,0.97424443059740895,0.96181686017148671,0.9991858402490883,0.9695691773851649,0.84759709320954046,0.94728988419404947,0.97143414602009781
0.92470456871228734,0.97045567967964363,0.94929080915592068,0.95758077473547454,0.98932363309647975,0.96808430891349118,0.96035388085131779,0.9864433206091443,0.93907336365561256,0.95438437131799048,0.93024382117589022,0.98279175543789044,0.92500751162510531,0.90276927258027928,0.91106764118998063,1.0090965667028449,0.9703287990323004,0.95496958617292693,0.98787963309602478,0.91957310348973165,0.93828581660938848,0.98125967418284543,0.99072783500108608,0.96626583028183854,0.95982210570105175
0.9327888442960709,0.97447857821274197,0.96617079893018432,0.95413602084590454,1.0086122272261357,0.95218851334922372,0.96208615957561827,0.95470437572910305,0.98869165795813685,0.94212474932965684,0.91462304612663625,0.98367600037985004,0.9721723703330547,0.91000184937606132,0.93875814018277792,0.97008894054196637,0.98180645147806911,0.93499468672511199,0.98678225913636519,0.95787867007365901,0.98134795975325906,0.96942057463015385,0.96298571981310732,0.98151327169000191,0.97213491951256537
0.98399155156323181,0.95681729119927883,0.98482319661254214,0.92380950866372635,0.96772904002655546,0.98321002746871689,0.97642546710705225,0.95743748048968491,0.99374223513893178,0.94717986734968307,0.97805146387658382,0.96988993455826455,0.96568924626724595,0.99791838506979658,0.98374368635409248,0.97835050590569583,0.99139780037795677,0.94647391002716463,0.99091351605544475,0.94838685437373782,0.95802416898773812,0.97943255743096747,0.95208752480213321,1.0203219564158041,0.95304236748004167
0.92594203277638987,0.9318080413663139,0.9595923005272271,0.90414598083087283,0.96095220335644094,1.0005903954519779,0.95983696447001055,0.98023440534748318,0.93414012665715784,0.94582837779529016,0.96892314062524154,0.96909470581434043,0.9734033834675182,0.98375955407538174,0.96757928110195668,0.9486746748614785,0.97246780067614413,0.97270337167989185,0.94996372381035976,0.95133024878619055,0.96347744995256723,0.9625257005579716,0.89045256451756982,0.99426012746731807,0.95956754768849351
0.99563093195380692,1.0121457198108359,0.96497180464553023,0.9776336387691269,0.99149305483559635,0.93905512743254127,0.97054600971924276,0.95308614025376559,0.96485762148380372,0.96870306176303778,0.97024737129602856,0.96200978269310489,0.94346429823350664,0.95803079981058681,0.96628668250629879,0.95435661622376844,0.98196730900254836,0.95616834172486354,0.93941344373694402,0.86040904196027856,0.96633790459286217,0.98406645450639141,0.94292557009479117,0.98847578277225834,0.98305283067976246
0.97718662704511883,0.93596906939246582,0.98010747039175727,0.98613753788414571,0.99836920857148348,0.95232317795779675,0.95777538432194476,0.96190757693162898,0.93869383006898166,0.99377281092838576,0.99772021764676178,0.96731968840832283,1.0033624539841619,0.92337361316098865,0.99415934261605576,0.96344351135481232,0.96498622837352488,0.99339644344526989,0.94454419120854571,0.95176456687001809,0.94160028643443894,0.99414711369066022,1.0004880758116492,1.0254696244492798,0.95317058738224503
0.95104858735675224,0.95103724259439848,0.95021249132572316,0.94788584197661852,0.99833744120171208,0.93929456949888135,0.96034954181020493,0.94238535659755318,0.93317554640076472,0.94477669807833076,0.9834660535479911,0.98646971780568282,0.98413740772462421,0.93927021774322628,0.96746896953666295,0.99832990851326464,0.98879406978131701,0.97338776891894663,0.96754182910357511,0.97738270958366347,0.95977405797249615,0.97194337343746451,0.96097995713000384,0.98608174195161036,0.96042767352240288
0.99014104347489673,0.96289055646323451,0.95774502645436443,0.94698222845017266,0.99681914506154212,0.98929858309446372,0.9646130401794778,0.92764931418234875,0.96278634564612786,0.96117701217621865,0.99438390414948852,0.94649987256318269,0.96924280826547426,0.9567356844392314,1.0015320656728128,0.98973443815143747,0.94744659613633131,0.97018794114758411,0.95022558166783389,0.92563093954749787,0.91295273101438923,0.96107077590539025,0.98046368524968874,0.97865480640068281,0.92107771628457447
0.99291922006181688,1.0006949256675681,0.98114225776617781,1.0021905077047892,1.0066689590736047,0.97103262727137374,0.98156906086964646,0.9942646519702012,0.95176584108175055,0.97871463734785635,0.97825119053333998,0.96580245884105276,0.98668247111909191,0.88139508678352552,0.98515498764704268,0.95147355999818772,0.96326087784315517,0.9518598370696173,0.96556989363121326,0.97646573859214203,0.96797295689624208,0.96718776087430414,0.97702070784442441,0.99061316105944697,0.94658772476900466
0.99882902305218035,0.96372937523985303,0.97361793338870184,0.96504869883300259,0.99010951679552506,0.9824278170511731,0.97811721732652368,0.95605098728508953,0.85281511729754222,0.91247915123966639,0.99290223300916414,0.9374717732782879,0.98260218436699476,0.97140160871285075,0.97546648555208448,0.85918449001159813,0.9367988263655862,0.92085200929374689,0.9637892402246192,0.96466202309725513,0.9765435737660324,0.96904589217594717,0.95027803854494697,0.95617018721081692,0.94187240729089827
1.0111584664052913,0.94063337554206683,0.94569864669389347,0.99070745262837945,1.0025283976963049,0.96468262657361259,0.9894949715907756,0.96547164461975044,0.971563328579923,0.96264557596027422,0.99258870989891146,0.95895323657329956,0.95048423240027646,0.95811490466698113,0.9793318767536715,0.9616964359862078,0.9621432573796358,0.95817625527720718,0.94900652285939258,0.82595316123701967,0.95427356448944933,1.0023684976792313,0.97161415843583732,0.94813507247717577,0.94617876178963001
0.98441717110998761,0.93758248248552778,0.96762830236153108,0.97284521861675954,0.96848381595091693,0.94562106928183365,0.93719912336652589,0.97109830974506628,0.99170363629979985,0.96200703450450087,0.99437753449897404,0.99495428671842112,0.97615030215774801,0.99156540203216037,0.98463937378556754,0.99097050792745922,0.9143619919707523,0.96004966890797294,1.0010135327243268,0.97213215008034615,0.96621963820720802,1.003635236312713,0.98626362158304137,0.9335061833001459,0.93603548132025383
0.98653637318436527,0.99229509609935262,0.96253564181794071,0.9745343183308407,0.99362017773515476,0.95922594191108923,0.96573353061570533,0.93968700814724671,0.96300769743377157,0.95925086538815008,0.9645112667232193,1.0055776599808637,0.96598228438433931,0.95217855272051843,1.0103084031657437,0.9650434016152063,0.97286725485660819,0.96649435163577591,0.98479705010141227,0.99452759768466159,0.95067705075213671,0.95773143182821929,1.0016634716634703,1.0115935859073668,0.93682977316063776
0.98231160459053191,0.97579059746178864,0.93159518714704026,0.90262225930226669,0.9610201612731637,0.95948591929433491,0.95050457027599644,0.95938616480029437,0.99217748003403383,0.96809935819117054,0.95320768310155057,0.98604144738379917,0.96778181187514745,0.99782327991032449,1.0087374892573904,0.97707416739077824,0.97318302208610996,0.95707070241581171,0.97538459246211917,0.9376834591023463,0.94148091038047077,1.0057526005960311,0.97946452249262439,0.99106025510127593,0.91730523928503271
0.96396327220911893,0.93943895604388583,0.94594756773337252,0.9352151115706987,0.92778921388511726,0.91633199495205109,0.94807800624533989,0.94388867476914273,0.98125378630730753,0.97490962774897849,0.98608629760481648,0.96709575888032573,0.97503867655823107,0.99377156038890213,0.97149210713179723,0.99540588502983041,1.0005306517493391,0.96912939906641848,0.98456799697157082,0.941999932787839,0.93940319312165865,0.95880663260737675,0.95222129962698765,0.99375116037410305,1.0038774642320125
0.95201971642157346,0.99144111602742568,0.94496714119898173,1.0027699887600137,0.96909567120536644,0.95961394015967283,0.93263563413374684,0.95285111626426688,0.99274641014642673,0.95485252855261837,0.96232236665448667,0.9799463522031342,0.97864515735033475,0.96685007315189186,0.98536955296697082,0.98336096219940961,0.98172131937548546,0.96234175199431282,0.99781939044573309,0.9503632314469096,0.97730659233912587,0.9833912900188807,0.95725293436054149,0.97267236101333288,0.98480499484342576
0.9816547911941047,0.97356762501154959,0.97755827389158445,0.95798756686096198,0.96402970438436408,0.98491109339558214,0.91512454075518246,0.94021822480978323,0.97850724501815745,0.95391150468571562,0.97396023296501855,0.93030137457092665,0.94277836468913412,0.96215411314547683,0.95655067408812455,0.9604204559091909,0.97247359268247924,0.94766622246291798,0.9912284845630589,0.92563523053196517,0.96785851942294077,0.94756170544040419,0.944956349206859,0.97457453235051816,0.91410875037303274
0.99040403953576217,0.94812741722303373,0.95975094310111708,0.99166647112743589,0.89024329058049079,0.94607077951311369,0.98653480348214007,0.92660926646729258,0.99597600566376454,0.97968102005346225,0.92991886408498359,0.98228074428003231,0.95674087773872507,0.94560743012743254,1.0010404367868107,0.99315061240365399,0.99478256150793798,0.93542865375097972,1.0166944771660613,0.94217372046036607,0.97788245081212621,0.97565727339528396,0.96052682412753576,0.99641119375938725,0.92212635269908183
0.96056968266720311,0.97492433045683224,0.97925621742566615,0.94857786970369007,0.95412810914500379,0.96685413176119528,0.9684443893491792,0.95979826371857824,0.99676833762641959,0.96529998012060159,0.92735128292602287,0.9584383169764068,0.94119087466641482,0.94805568940595653,0.97686265912289649,0.96648678574719393,1.0013920059126376,0.99124025059199306,0.99543962797608654,0.96901152653702194,0.97733951058895185,0.95968326907102397,0.97494441743619387,0.9805921435613435,0.9440733198545338
0.97461205491086556,0.96139464341331071,0.943663843576237,1.0082726389749468,0.94211359630750824,0.96187183664909115,0.95146439139664774,0.96149151714011116,0.99096164724172275,0.93383842501209735,0.98712790800285144,0.98015706565306937,0.96588689390097326,0.99187900248498195,0.99818435405965567,0.95595257268197187,0.9556104585748878,0.9772677044088991,0.984636654040701,0.91370188311178946,0.94883991793769762,0.95968948394331877,0.96148333079093773,0.99426347810843185,0.92766508052988783
0.97607879961088817,0.9841153347445547,0.93938891510096056,0.99008634021880482,0.92584601721252524,0.931094983288835,0.92739788786182487,0.96999276445999072,0.966488971665315,0.98397827125855175,0.98044605417567099,0.97853839671462495,0.9951478979873134,0.99993205578146638,0.9699614970802124,0.92401093872135365,0.98050141812813962,0.97298467797120547,0.98567499101147049,0.94183912403954129,0.96848309714236902,0.98875040629933642,0.96030542441973776,0.97108209259344547,0.96601731325158058
0.95592599695522262,0.9958531821575396,0.9867257985491118,1.0123320952456183,0.94470155661395461,0.93719404341762658,1.0193812886016886,0.98427598727230015,1.0136531421881916,0.96199503148239685,1.0027060438236017,0.9772259784645615,0.99226142747594426,0.98958098403310368,0.99879397754424826,0.94721786290602805,0.99303127492282262,0.96640075670097114,0.9937414017837034,0.95606087083741342,0.98521831691186712,0.97707050055343547,0.98949945509532022,0.99461280983102818,0.94150424353490547
0.94956067351125206,1.0062170542796542,0.96165805401600857,1.0027170177919469,0.95728948280723314,0.99914828545833734,0.9449421246041243,0.95807611227937195,0.99126767611648003,0.96876126172161725,0.99949783400553283,1.0001787823887158,0.93276752392308993,0.97410103446063667,0.98967175973193289,0.85100356120442378,0.96821725150482041,0.96608265446104535,1.0237966672134451,0.97283175899143404,0.9705525970792348,0.95041646853631323,0.9853949178856205,1.0173421234920281,0.98591920136690403
0.95833616869526828,0.95505621057421242,0.93414728062116104,0.98346078554372773,0.93768793639733627,0.99030701066819882,0.98286235917268794,1.0023739238627474,0.99810450639347204,0.94831007903306919,0.99366157204923189,0.98087946118304659,0.98914620432807676,0.98741273481762803,0.98375605626116924,0.98120189841673178,0.95569576245932053,0.99024002539764955,1.0052857665396466,0.96025993668355791,0.99248412193537838,0.97407971085934719,0.96568102030285818,0.98010460377537001,0.97032775693433426
0.90515155531084157,0.95112568674128994,0.93809776288602986,1.0018531395600814,0.95308492378693432,1.0087775438076507,0.9982888456416964,1.0041555931214903,0.98120648233865326,0.96988838437780722,1.0002731403596801,1.00673416639225,1.0092186327532762,0.93045742108706175,0.98563551034642161,0.96710364008939187,0.9779842964184472,0.97176290824809164,0.96719067745123821,0.94033840808327263,0.94634955513940255,0.96140521521154942,0.98217149231721568,0.9847510175619526,0.93546076994449523
0.95527070201751507,0.97969473714603228,0.97827104472596405,0.98705144266555311,0.97582995250183102,1.0008450712265837,0.98697462348897513,0.97820339853013616,0.99221737052178705,0.95647394425313925,1.0151642161086325,0.96766898532818002,0.98947146029884003,0.97118829826356068,0.95663497332026481,0.9754158479695314,0.98558466038591153,0.93630844373494326,1.0014183137372763,0.95161181486453217,0.93111916465494948,0.94771412707513858,0.94817079263777548,1.0108194068185319,0.91508125238251958
0.90797047579477708,0.99589112757312204,1.0030013466130319,1.0018736716310797,0.96395771922455487,0.98618544942260689,1.0106869415318336,0.95152036303799681,0.99213439675660409,0.97390519762057215,0.95703127205269056,0.97132564309237435,0.954725564744065,0.98008347909608196,0.98010422209708803,0.95430931146080455,0.98062978438728743,0.9724757396149849,1.0149844244057298,0.95476964236444073,0.93604150290733712,0.93192927845890583,0.91082570957360387,0.99616566014713592,0.95862821985055713
0.91518434964295015,0.97614538381374605,0.98453450709559032,0.98710462221578288,0.98448015559051361,0.96174241541987548,0.96719821674884532,0.94287480882767005,0.95414990343703499,0.99824412728007128,0.98339342902880211,1.0072245097351737,0.96567945729614679,0.97286580160809388,0.98244312480014573,0.99638405951474684,1.0049569585295905,0.9700893817090771,0.9932309662700316,0.97210220768420352,0.99546513822977367,0.95471832417061264,0.9331661491698604,0.9887118217609262,0.90051167318327707
0.97171670640499563,0.99912601376093757,0.98972637859768986,0.98658658490264883,0.99457298989515752,0.98021696715548434,0.9749978112152945,0.95446061252049308,1.0082083162036608,0.94030773719659622,1.0326574771134915,0.99863501557180812,0.94960102551271497,1.0040967199744539,0.94820748771079988,0.96007243128480879,1.0062183976085457,0.95756244847546745,1.0250242457296201,0.97907998681091468,1.0033832807696639,0.96724491183020933,0.94082477373392404,0.97743348695914389,0.98415786630207669
0.97563377654883732,0.97011756604614885,1.0051665346503609,0.97827149624964327,0.98602423896170488,0.98378124158554381,0.97093114227099508,1.0112582273381709,1.001376129086359,0.91441835318066544,0.97896431122401584,0.97981145433398753,0.96217873097680551,0.98405102157508006,0.93761546989335987,0.9744606959111185,0.98140133884401581,0.93577149880400423,1.0127767202289564,1.0125470122999325,0.981435314544852,0.94679889701947606,0.94961064946772245,0.97438591479365255,0.98987913415703743
0.98433704584803949,0.98492799788775476,0.98237657124928823,0.99715446873494229,0.95299130641897467,0.97594691459675742,0.96021843884076585,0.96286761264893828,0.99891849839791746,0.96728531577928079,1.00605093295227,1.00988115126874,0.95419831189400095,0.9969342174385063,0.98811533086260728,0.99494619264707684,0.97973736750009277,0.96059011302617414,1.0131456570489845,0.96352359920636532,0.98253200222563442,1.0014437938126339,0.94397016813808088,0.9882222749199302,0.99053431273956094
0.98397605884373185,0.99657365986857516,0.99018355642340994,0.95727152076091171,0.96386071769834791,0.99414713489255346,0.97202817845892797,0.97018093583349596,1.0024883366668853,0.96814946683962999,1.0098210096841016,0.95671261489955328,0.92534032361751151,0.99486658374328307,0.94987917743632921,0.9587164100596387,0.97560111303827823,0.96261751530871642,0.99442629825926598,0.95479600180210444,0.96406616593575234,0.94705668367222962,0.96031531599543818,0.98982241155834338,0.99499503809707301
0.99626224675532404,1.0194666629892928,0.97591150238217517,0.97990206793852552,0.97086715344326247,0.98359084375371608,0.94993840106502503,0.96281209131753964,1.0074970234324017,0.91785700959268979,0.99229355138933073,0.94550134717095591,0.94400909494875418,0.95068218519347769,0.97708509036077029,0.95934907291551963,0.94400587588345386,1.0062835462222925,0.99950849490638405,0.94708405764010728,0.93921052896855217,0.96687950484822072,0.95534344857330811,0.97136115513178634,0.96174935277951101
0.94835569692637656,0.95949615211665518,0.9754600781283298,0.98721763533071305,0.96582171098468061,0.99176510328777778,0.95896383113857064,1.0017100153474534,1.0049737844094988,0.99618063379568567,1.0122492680271094,0.96267985942550804,0.9608191105231082,0.95572379934206553,0.95609716362075137,0.96645362426557824,0.99366163495005566,0.96854531710008629,0.98785299584312658,0.96686502332473834,1.0041547307609595,0.97685336756952368,0.98333426486644115,0.97915631331915809,0.99116335601108041
0.98130150187232057,0.94709970435624347,0.94393000990420262,0.99585073902351595,0.9559357946966992,1.0036823021373478,0.93039424834773743,0.95919261220511387,0.97875276515789777,0.93703030540302246,1.0059554848720806,0.99223129942206978,0.94995058504423435,0.97957271225598253,0.92915135451529285,0.95829259470104999,0.98000213837868888,0.94894906001695889,1.0124600041254703,0.995246455109985,1.0196853812905993,0.97555825057870704,1.0026895671463443,0.95762720626434861,0.98908760665427253
1.005351521614896,0.98108579454922473,0.97840477281873595,0.98576314170374013,0.96711340224001996,0.98771832930399428,0.94445065026448538,0.96580719855567243,0.97896785766349859,0.97528968377435254,0.99750177868084944,0.94629639716020386,0.97642228691718491,1.0053095138654693,0.9572738282124037,0.95152553377885707,0.97759513637163586,0.9655735442086314,0.99501295694727199,0.97710620685970817,0.96619160520011993,0.97194939143605541,0.97969921119390191,0.95061733738219512,0.9050806666639849
0.99496536191238072,0.94658512699635711,0.96037858974339829,1.0236859233069053,0.98066298883244096,0.99368784817632172,0.98696412671898681,0.97672553401169371,1.0059807223271706,0.96620368795497813,1.0327969402962331,0.94660173383670876,0.92699741117985235,0.97274060122117767,0.94741655612072062,0.90828869414960556,0.96254446586659392,0.98342690158459511,1.0082927331222504,0.95024528784358364,0.88517068589096615,0.92943250531026711,0.98481903833629791,0.96337255785242804,0.95745037446728365
1.0140329746830599,0.92062880350968479,0.96102142533530632,0.99770376271284289,0.953957037303092,0.98473828497172711,1.0059827795932441,0.98181727186843304,0.9937133035759772,0.94182788893437885,0.98804284337246828,0.93679453253653011,0.98077739512716033,0.96304497792229871,0.95290335755016453,1.0025513606977503,0.94909666178391239,0.94965389317816062,1.0076025032988671,0.94521077551789323,0.95609919681801647,0.95667894499994166,0.95182018424451176,0.97615787059924097,0.94129107048224703
0.98331416327941801,1.0032360760582886,0.98857046243868552,0.92677486828301869,0.95069476857733759,0.98549178953883709,1.0015177182746944,0.92969644958673103,0.99454033911472639,0.94839552593424936,0.97218199207582123,0.92771189345734861,1.0004277337788292,0.9830454145182238,0.95840989004890176,0.94530721971175702,0.95154120083311466,0.96470389389344502,1.0186870921611424,0.97692476174255904,0.98178700932279328,0.97853121434690948,1.0032280849188422,1.0028878262596248,0.94922340355018986
0.97822472222214951,0.99166041178765252,0.99099911005234864,0.94620863176071379,0.97112016071367169,1.0085059994398924,0.97644386731379318,1.0021393953574398,0.98208344821809757,0.98857394749004623,0.99520521740904744,0.94703428023483471,0.99444908549828548,0.9669478905892499,0.99453093881592813,1.0070725238866227,0.95485944011228185,0.95122156115776535,1.0180573939125881,0.93814332905659803,0.97468505902834823,0.96208060077520996,0.99267230762872338,0.98345542198655422,0.95661864633264337
0.99858203452807082,1.008330562244393,0.9682635724726496,0.99747619666898724,0.99407170578019288,0.98381168253714124,0.9766978142875764,1.0044162671485637,0.95772062967315807,0.98379122593709456,1.0036651626999187,0.8836461227437441,0.96128533005756178,0.99483759684441897,0.92824231282751957,0.96956413047206114,0.98460671949657308,0.96117614413752506,1.006877859471607,0.94972942952025163,0.95631089739075725,0.97362721313798328,0.95062202121959571,0.94440278169041758,0.96411785573922126
0.98117685351986661,0.96016551440951647,0.9746421304626256,0.9963737958398724,0.98157669619279042,0.98678354186284589,0.9550390090386186,0.97116786391883092,0.97851766619529845,0.97092932483231853,1.0056887526017142,1.0000547539072027,0.98178941186199964,0.98927338215093008,0.98942995332313599,0.98026696046008055,1.0080611651025293,0.96064693325239225,0.98761632982029679,0.94148474314278963,0.97069762359522749,0.89944044389455247,1.017128264434694,0.98429207328980506,0.94419956318572984
0.94075604438300031,1.0079458126251377,0.9707157343029329,0.96549696916879624,0.97714709273834688,0.9695630943746999,0.97608060881379399,0.96949151659173438,0.96282278718845093,0.97912454650238023,0.99419843240402639,0.94832034273504384,0.94758925105267455,0.96168196791256522,0.98992553418395146,1.0093498572984483,1.0173142384734919,0.94316238663740826,0.99553146471326659,0.9740171432435053,0.94823519846818516,0.95906872996001258,1.0105526702677017,0.96235034503578187,0.95844271999225961
0.95964105000866629,0.98032741681754454,0.97452545968838711,0.97552199972430953,0.9521857712287034,0.96504407306494544,0.94194780934924527,0.99091186163801193,1.0203084992898017,0.97063901862084823,0.98677725964184237,0.95221197552577763,0.9554267883420523,0.97498870653178804,0.95145709624418795,0.99940262986076567,1.0097424041591077,0.97896152367037104,1.0172498674728592,0.94600072943484514,0.97524294750773544,0.97576273912235589,0.95461468023011742,0.92415540390460205,0.93621195275987334
0.98685709352451012,0.99984697954595969,0.96979235577077405,0.95639271007355076,0.9659582761734461,1.0070275389385464,0.96492331043281598,0.97519371060622073,1.0150152193309383,0.98170149476005708,0.98659362178029764,0.97958404191755566,0.99690729007195644,1.0449597808826405,0.97312733431595522,0.98170844886242514,0.93382486294838674,1.0052852343251835,1.0351142460762466,0.9753911255941432,1.0112690057264484,0.99240797232286548,0.99713918896064857,0.90398283902101451,0.95157111130078709
0.97299114068736292,0.98534317221168477,0.98554899622617897,1.0218021143095217,1.0129047484682345,0.97106209891389972,0.94740483789623942,0.98867276552140138,1.0106793411507651,0.97374809383233862,1.0099810181612949,0.93868643215055581,1.0027158836278094,0.99236444214964981,0.97187490439092572,0.9640948517911988,0.96456400687102906,0.98024628132613478,1.032112567221833,0.9304174630540375,0.99234936827896802,0.93671540694523003,1.0125335288244446,0.97953748825271569,0.99395122525604285
0.94392744204124424,0.98761567826558927,0.95745944750187784,0.98870066914100063,0.96524151032441041,0.95873140157017733,0.9558777980664529,0.996930977002639,1.0144682165163477,1.0103824291591827,0.93345464465423678,0.97644975750550966,0.98088998065208455,0.97707296655312592,0.97599879842094861,0.99107269044392732,0.93067074329609734,0.99450113535200568,1.0119018129680328,0.96184417148747647,0.99982299979373157,1.0087108515692933,1.0082056837496489,0.99780425126399086,0.99450782430653129
0.98412471308029204,1.0020041173676904,0.94675581888779958,0.96595209169568275,0.97507108088250527,1.0055586947477628,0.97918720985474761,0.98661111674115565,1.0197658999390531,0.97278592515525431,0.95162964113536019,1.0056476270106012,0.96313341560098797,0.97589713141225709,0.97532591137926672,0.9970654584749884,1.0041826152429807,0.94879305035550932,0.97792715025733068,0.97479609393062816,0.99760768378028442,0.97342388539451596,0.99669061631881406,0.97716120011049556,0.99107011321790339
0.97993433794188045,0.98499879378963195,0.96376552462131526,1.030745646609077,0.97941066952820222,0.97494160555285181,1.0002364445932161,0.96769024118225133,0.98904119434449811,0.97651276687972888,0.94410890110419055,0.99928834297060787,0.96839339153287896,1.0142276405269164,0.96267276849461036,0.96955750148844178,0.99539116078666967,0.94616506804728473,1.0060751958464769,0.93618451535240976,1.0146174647595334,0.95678976330976429,1.0125456339864922,0.97151305648537367,0.97404851603014642
0.93159154870014771,0.98654771805959418,0.9595548512864851,0.96752432474657712,0.97212689964509669,0.925328711054348,0.96370595746432119,1.0218328892286923,1.0097736875458572,0.99905139697875966,0.96748283313485495,0.94993467230678186,1.003961157849997,0.97065258949226296,0.98143467268986173,0.94019256000382778,1.0237500110136799,0.93784045493473578,0.95896016953021124,0.95733448905178897,1.0075623377017129,0.98938032838497214,1.0159060786144245,0.9819088488626182,0.9934152045217769
0.95338846579314496,0.98570856272541274,0.9618066529486794,0.94925867284254084,0.95752594525887791,0.98632105717074858,0.91914621661139451,1.0096353324319012,0.99844566975776405,1.0130674921968756,0.96382112892674587,0.92830098814407691,0.98776307115974493,1.0052283197189404,0.93519623981673494,1.0003913117528294,0.97055392677728947,0.97189361111068928,1.0150740480473033,0.98677761923095075,1.02075858218281,0.97154089842197378,0.99554420078820061,0.97544746195688115,0.99721362822868853
0.96453871526417589,0.99097321518905768,0.97021784126097477,0.99458100942451833,0.96157674873234966,1.0043943025567719,0.93101732846961405,0.99240668780417718,1.0249191587425237,0.98709648841071285,0.96342510366056466,1.0121712873378268,0.99130061481057208,1.0070984087453387,0.97500983163629174,0.95066629941632075,0.96902333189489498,0.97745863031672786,1.0274516953867223,0.9917104302766776,1.0305006060423172,1.0174231442525108,1.0117150433022151,0.97077857336971252,0.94229551229125463
0.9600259634585887,0.98456530974877154,0.93737074726406511,0.95177252037925131,0.96272568942499792,1.0105983017940334,0.940974271234707,0.97500834111903756,0.98487766066498728,1.0100140141144358,0.9841910680100584,0.98821666763740645,0.96467877204189878,0.9695997662890834,0.95626744191498636,0.99231383925595673,1.0145710643188379,0.90622856107351946,0.9619605995029793,0.97488713598290921,1.0055120420767669,0.98106984056519964,1.004610031278186,0.9779695761785886,0.98899527077777905
0.94949503616035036,0.98408055479274825,0.97125039956427439,0.97214095223867636,0.96145487082386327,0.98084328175993818,0.92570890733531108,0.98399220872998427,1.014324862008271,0.9640590621641234,0.95265541455273439,0.94072675957535079,0.9756394183075372,0.99360480507180726,0.91890310392495445,0.98996736328421653,0.99098562676973978,0.99721197013021989,0.974990317413162,0.97237183985818298,1.0416503910167616,0.96069593552118315,0.99945912774109258,0.98701537203286371,0.94619459975082987
0.9736798340890066,0.99384071641156446,1.0011342463833706,0.9794080867063264,0.95379725117639647,0.99241380127869516,0.94811200974427501,1.0106283527068904,0.99543582636637573,0.99532980212502686,0.99921250839045572,0.94650471614121046,0.99428759355117347,0.99724647248850717,0.97562106988437169,0.97572163309968352,0.95833311982372138,0.97903549930156508,0.9837324745836169,0.93051334574299438,0.96677045669718087,0.98705161218319248,1.0044413216723174,0.95553874310865683,0.95272651481587367
1.0127190921285056,0.97294834119420193,0.99102141166283719,0.98585142078463905,0.99285524641091594,1.021889962051816,0.93093078865434875,0.99024087615880174,0.99587628875568357,1.0059886715300406,0.94719675226807898,0.95204536557280361,0.9786394546078262,0.95436241557051127,0.89476842509357279,0.9571083914367885,0.9605204887533898,0.9794230456944254,0.97464909241026298,0.92626609362367607,1.0035441596212267,0.98858366788381058,1.0388050547845353,0.98543759650150109,0.91596306882089695
0.93526593687125181,1.0114663688901044,0.97625419837686322,0.99903617094141184,0.98008696456145883,1.0170821865707071,0.96741586657828871,1.0322146892882613,1.0096829539434962,1.006824028489951,0.97436238470426939,0.92550115012013912,0.98998904206840299,0.95740558114514285,0.9624646894450809,0.93641877411597374,0.97783416623697628,1.0425097416856406,0.97786005639322116,0.93982849649277189,0.99664294808412823,0.98856022296924029,1.0272553145922496,0.9777868844724209,0.96683452456221397
0.94022280666211011,0.97085059669309337,0.97325560222984098,0.98030614400270266,0.98804595042397281,0.98211358913786073,0.98354299845081072,1.0073424928477808,1.0150684839055062,0.98878711465380953,0.92843946802845911,0.9585430999186606,0.99601236572978402,0.93702885602152997,0.97232760832406639,0.99609989716256342,0.91944963871808749,0.97678008753069168,1.0455555123512603,0.95872864602216878,0.99747765802951449,0.98600484935757082,1.0045659229386155,0.99530343705516577,0.97926173904050562
0.96762556076838768,1.0096769378204915,0.95661200624720633,0.9844038204624519,1.009486981431625,0.97801665172282581,1.0130513712445328,0.98749893105863162,1.0201962302737935,1.008996589273454,1.0127981207181778,0.97171007684608546,0.99414159736640273,0.87571848170901179,0.99403685380692253,0.96461469406946887,0.97831396420347316,0.9925398940181045,1.024518478047991,0.96917872162190233,0.98131772040650178,1.0136137517264918,0.99898552210592562,0.97458224475997302,0.95815657848391278
0.97205533942220312,0.99190674214767871,0.92994910171142298,0.97299192756227249,0.98722124119834664,0.96275759107080117,0.98154979459703895,1.0193248866880398,1.0057139337803049,1.0042476564584994,0.98918932275638916,0.9993025220308992,0.96697076430673978,0.95751896074698162,0.97125098635144202,0.94945698316531568,0.9992068116244609,0.97663894042674804,1.0025414864130955,0.96717224699713888,0.99706217160294752,0.94597559585063629,1.0132713582626982,0.99648730935834562,0.98670940152913511
0.98188627820698515,1.0214257806858646,1.004888818979788,0.97299459928793008,0.99135095961066588,0.96079148152800342,1.0147651340214365,1.0361058588915284,1.0176641757837506,1.0062616486276112,0.99185746976614531,0.98578572092587413,0.96998904871770786,0.9418006394053956,0.93947035124070277,0.94406127039801424,0.96098425772769736,0.98249093157504108,0.98108365476817794,0.95389629135526599,0.9778141419437012,0.99809903065541017,1.0142228212311255,0.96672908221512266,0.99450036850449564
0.99610839216998692,1.0109280188264205,0.96808775914509826,0.96970482729940688,0.98010767605232374,1.0077588197488763,0.97110660476984789,0.99241226148837092,0.98531358764115995,0.9583944340250059,0.99689428288879001,0.99505685457744497,0.97204858392619309,1.0121794007648925,0.98213178666129652,0.96915829647007345,0.99394192456044761,0.98991015019836615,0.99943143218169028,0.97006226881683943,0.99962256313422659,1.0063123733266248,1.0077955532356653,0.98735336831824616,0.98600663693567192
0.97891073227961567,0.99531767057943954,0.95145505338557945,0.95946466860686674,0.9935904889914221,1.0024921086557723,1.0123169782467591,1.0013468434068837,0.99742696646687723,0.97430188589457245,0.97993599122707231,1.0098472052738579,0.98042922631863172,0.97959614209660373,0.98656128271643362,1.032499034313203,1.0155975465889571,1.0080859483751339,0.95169193269989449,0.99578045436149232,0.97620037707228058,0.9795013983108235,0.99645591602470762,1.0308885603454341,0.97700879930117379
0.9910407352954278,1.0091472901025862,0.92142462316242524,1.0066785334328461,0.98039952224657312,0.97237266619845275,1.0352888489722387,0.9892530514999377,0.97025397324703833,0.92541646744590589,0.99664637505159537,1.0209492620277085,1.0220702718251697,0.96325374017025855,0.97044778678296539,0.98322829416885749,0.92909342768620617,0.98736850776730212,0.9673929302160833,1.0027627527616159,0.95435903071542971,0.99969683261300124,0.99426080454970289,0.99236257222702939,0.98666960058071973
0.99390459792353136,1.0080994996566053,0.93422485388826015,0.97693818024193968,0.98533919804305459,0.98506254447251362,0.96179275795363028,0.99892839185827886,1.025875905477603,0.95908596228087706,0.99474843505586952,0.99148694917496805,0.97756330767865551,0.99734094544889318,0.9866064961485228,0.97354959602472502,0.92436671849817387,1.0122285786570948,1.0286364834090391,0.97534607545344576,0.9343979387486625,1.0079882448108122,0.99976792630115974,0.99820663149108713,0.99753036745349111
0.98440922829989153,0.97399892805994714,0.94760175050191708,0.98602386396800912,0.99208657029521241,1.0173114209199405,0.94193697676253629,1.0212562090658301,1.0429780921525034,0.96881499916464586,0.95599469535254034,0.96341102432397419,1.0052008707386657,0.99013956368680789,0.96578023441279326,0.9629847132138708,0.95632413908562319,0.95614613207552923,1.0425696880892932,1.0055816500408945,0.94961460275297693,0.98208050289554671,0.98382378336511145,0.99653555202789501,1.0209738798570216
1.0188101599788455,0.99244981492182094,0.92308170659277267,1.0196280557593498,0.97912397989154343,0.99514020759030652,0.95348335795232242,1.0155726635344526,1.0169632670185251,1.0004940397370721,1.0108708942737052,0.98378751813458654,0.95201080739430921,0.97351061235880132,0.95272914479389414,0.98406288500391548,1.0509250004930013,0.98689598206968254,1.0065742850782835,1.0172801340382158,0.95765962951695527,0.96745521764079068,0.98497409475068753,0.94442122187823119,0.9932166773982537
1.0118405043636793,0.98669179896781234,0.95637787985033529,0.98391943433720108,0.98814008522276564,1.0012512776163489,0.97399956877213756,1.0019589307849266,0.99072562391075047,0.98638036094076664,1.022752233170011,0.96235069490552905,1.0040957123752992,0.97621888126921408,0.99043369700757267,0.97090956262060801,0.95548956160744047,0.98178116922000058,0.99745703069241543,1.0052119436646523,0.94314772948463754,0.95107940688116366,1.0045553817727548,0.99747032288850279,1.0084751869429252
1.0002313190682774,0.97335720496284162,0.95710500677257415,1.0227442413502343,0.95780566730990546,0.96963513918108235,0.96258632491184759,1.0157158701574616,1.0202770516756525,0.95334473198954961,0.99394714326511513,0.94832952893624123,0.98270304500941663,0.98636319461895738,0.97062479801470858,0.9546161852909909,0.99499738539989591,0.96540558136075327,1.035576790605254,1.03337115710294,0.95979540774608962,1.0220354110350673,1.0036489233602262,0.95678002339049417,0.97936642785593697
0.9617083947147208,0.99022921097667749,0.98163009218107766,0.95293104456962374,0.9844235197948602,0.92520925318542224,0.99392566169250807,1.0320153032464872,1.0001734282408699,0.98908887573216531,1.0156253360262011,0.94677166851286509,0.98104789073080467,0.9950802869882015,0.93364929847541911,0.99870315431509948,0.99998159571495293,0.93263630334526337,1.0212359794511701,0.99697151693060648,0.99134385203815001,1.0502732901628784,1.0237596083895955,1.0066016893517631,0.97708610409892604
0.95936997425884729,0.9958842463972436,0.98639942130933278,0.97369359640606579,0.99736881980045644,1.0039759807227688,1.0165122351988953,1.0648342166250118,0.99986660842704345,0.98384768139532497,0.99855694064132394,0.94144566958024134,0.97231059881828363,0.98494865524081765,0.92072016354354824,1.0166588874983331,0.96285280214920044,0.98745509365042838,0.99099409510906844,1.0258294922727114,1.0060721207042036,1.036407735074901,0.97589639724845312,1.0015976066434167,0.95063452026017492
0.97462558762251461,0.99666442008547906,0.94211421352818514,0.97974515673165452,0.9658479645140533,0.93782209216759216,0.98705804495025218,1.0248333677163075,0.97081366736414465,0.98771828848012155,1.0337613056483546,0.97071357599487595,0.94684301815971395,1.0040036802851526,0.96427904698790634,1.0081058274150658,0.97278738753875171,0.99121132828470804,0.98148372731142208,0.99188472468459721,1.035964377793823,1.0811543446751688,0.98192787073372279,0.98771948305745871,0.96427648925341636
0.98926332076965195,0.98845594289273619,1.0279598749655372,0.97000012325470752,0.98225472403047187,0.96377240937398068,0.97982840900894375,1.0036348372033184,1.0107872919570198,0.99763751941358869,0.98592243212767183,0.97265473705726679,0.97637602604115581,0.9988317918347045,0.95498315231493491,0.98261490134116281,0.9887610791748106,0.95526234903651541,1.0431219752283429,0.98841066984776171,1.0080237126838321,0.98426460959679007,0.9920875810991886,0.99221710998861246,0.95595534893590994
0.95167297521981331,1.0131372215910293,0.93461947022876046,0.98240658693698524,0.99663480285521933,1.0176864127998873,1.0245181391147022,1.0544586739790998,1.0028971665485811,1.0060973414819057,0.99160724609819006,0.98829966855014351,1.0192554477364351,0.97832283288809907,0.96601120715942013,0.94325756702082997,0.99407581425711988,0.98220714720425739,0.97872179295785255,1.0116240275730954,1.0080206681114166,0.96696082075363832,0.97455758559539107,0.97618353816599668,0.95007937453350599
0.98613373579560237,1.0197877231749808,1.0194269131658549,0.98395443184256381,1.0047760099017176,0.97275528882052253,1.0410806062060824,0.97916785141891616,0.99554629011842732,0.98639755978019195,1.0155030015161217,0.96693320709770636,0.99970532098748144,1.016523109994103,0.98915015233478953,0.95415666117011755,1.0139493660142753,0.96531045777139191,0.97509759785215799,0.96823159562349237,1.0266452149930674,0.98230796746170901,0.97982569763301652,0.96767697613044468,0.99612487265839322
0.9860663922203422,0.99775700572936532,0.97986424624172574,1.0080104995609194,0.9778035594534954,0.9830794304762307,1.0318605593831525,0.97486029225935489,1.0284264178439677,1.0034945402662878,1.0191883182228076,0.96725332931535102,0.98204576780880637,1.0031660236878563,1.0239347229685665,1.0262359633154745,0.9445513496213549,1.0355475880812852,0.96714691337645453,0.99395703678317571,1.0068910993446893,0.91014934372519996,1.0238273666840607,1.0187892204992774,0.97381438830099609
0.989516687454705,0.97510900748483642,1.0397224197418471,1.0090673765167197,1.0011318225827617,0.97968752543714621,1.0325834062062436,0.99746767219436094,1.0008534424435986,1.0247131129419429,1.0106774276099073,0.9656516493744095,0.96513776973552412,0.98920113805588028,1.0200198897322328,0.98882619653506698,0.95253112394753625,1.0222903205712874,0.99598591907643919,1.0196303612910724,0.99549525749543288,0.96551144987156079,0.9906610497571765,1.0008535664208504,0.98820447936170208
0.98874761862285587,0.97392849461767894,0.98402684910809712,1.0043058017302444,0.98366986995467942,1.0013097378761207,1.005437402146854,0.98297981650136868,1.0213218101311101,1.0157578695366805,1.0022488938537211,0.89758182112513285,0.9981173290017239,0.99444660141646224,0.97454932519233539,0.98739554281615338,0.91138483684536942,1.0059026308034658,1.0091036792143888,1.0205619046996717,1.0076850208110111,0.90688770006379227,0.93355358751457773,1.0277180630781984,0.99914825171790833
0.98398452815606663,0.94994068585560765,0.99942767720852788,0.97219132880644932,0.99098797967681307,0.98108174221482125,1.0432065347641355,0.97921254382037681,0.99301890756973721,0.97092029749976039,0.97791343960677168,1.0070272216210785,1.0324709482429559,1.0119893224243333,0.95550004287762436,0.98105644440248119,1.0191994253725436,1.0229090363902396,1.0205788741910411,1.0058986754831418,0.99454543680916985,0.91087921737726218,0.97996139370479696,1.0118955234414313,0.97433141836636727
0.96452968937926742,1.0261168876420141,0.9950846840401445,0.93886449597475408,0.97193599037938427,1.00046847026856,1.0450738870624086,0.93454364109201604,1.0123700469250658,1.0071886094016222,0.99391535998390645,0.99898558802015847,0.94093307789245806,0.99964111714744652,0.94498931803541253,0.99269038379267616,1.0058646548432508,0.98709174353584705,0.9894561044850293,0.99711891995133961,0.99956609340811742,0.93684653295646114,0.9903307356409754,1.0079425327622595,0.99975148187106833
0.94636725922501885,1.0017899995928627,1.0296961245831318,0.99240978531642488,1.0004358947740228,1.0025986044211106,1.0526157865348196,0.98399770852393931,1.0112823330346388,1.0032546558874962,1.0051854175046842,1.0099909323699727,0.99660750656807717,0.96235485497359474,0.98714347895172017,0.98221034991794198,1.0019675747167542,1.0318295580913821,1.0110351430056608,1.0161603549255471,1.0128904156448371,0.9676036155545682,0.9851215950794685,0.99914809642516089,0.98217371955463928
0.89145185841937846,0.99953332897993952,1.0074096555888536,0.97893175968437773,0.98974124333725033,0.96405976283113604,1.0166270722387287,1.0027935806423867,1.0136598898633009,1.0175150196900273,1.0375305628810891,1.0133172260445305,0.9670683515342674,1.0213274405265076,0.97840807113752792,0.97761685663421005,1.011374388824591,1.0196292585628666,0.94805156245636157,1.010325226061112,0.98905032545014693,0.96578612443401435,0.94547033129924762,0.98438065714264911,0.99194061178554171
0.85009757335874725,0.96082481034245459,0.99539025711367135,0.95754043727399019,0.97983507133739056,0.93871198573704628,1.0611559822697429,0.990847726383556,1.0187761998037739,1.0211420406514569,1.0052765983028564,0.99525673999291098,0.96187064848623527,0.95190292878030269,0.94708783482114178,0.94344202517953446,1.0059240139859678,1.008265386576719,0.94233595347828658,0.97621316865607721,0.97564277568613356,0.99762925894942311,0.97283257843705861,0.99216226347949343,0.93833887525390058
0.95639576255345859,0.97194465411244313,0.99439740465043402,0.98654765017284674,1.015161106320978,0.99999692026371989,1.0513165266675744,0.98753666044732535,1.0072983764903503,1.0075719768844158,1.0345476662418669,0.98836512878165106,0.97765107077901714,0.92504320495606041,0.96535614460456454,0.96848757824524923,1.0588565251554038,1.002447742744409,0.90746195387912099,1.0051392518806621,1.0215103938342154,0.99341934527694309,0.93282398991994864,1.0081255549921753,1.0547402376058481
0.96118800725983877,1.0173582199222249,1.0024785792795583,0.90520885407033436,0.95409839005650665,0.99183211472348731,1.0209024610835602,1.0118290916625046,1.0110359406154001,1.0104538705715704,0.99548540491706827,0.99525565215121325,0.92248180517127976,0.96891838035097688,0.96313333851712291,0.98108307044914767,1.0564981045972006,1.0208829143838458,0.98300236317127765,0.99213693678692805,0.98394383318318968,0.96787200638819326,0.9552449920349303,1.0103163451882782,0.98096413073110211
0.99569203235741743,0.97593117738036472,1.0054273069258923,1.0200896817733727,0.96647506881007539,1.0161694901421028,1.0420031731178241,0.99712691598318537,0.99137604526381218,0.99835590795708362,0.96856595549367008,0.9738963519666286,0.88167246429222346,0.9465169700306808,0.97513564503989814,0.96015696537957385,1.024175973239063,0.97168846846234114,0.98706296862821963,0.99470364482063167,1.0056887976458375,0.95427798259903684,0.94993294325647548,1.0177970119156625,0.96937616470697374
0.97529896817433481,0.96407074102585955,0.99725544019292822,1.0168362458545168,1.0111910139266758,0.95438366636064464,1.0151997821383458,0.98731845241375538,0.97780355236570005,0.99852879475408807,1.0326642250101377,0.99959922470705809,0.97500413702717104,1.0320639879517814,0.95091627915441301,0.93470465703678296,1.0250534083921263,1.0272724233746706,1.0107222023641274,0.99500625753930216,1.0060386765555249,0.98738394542976515,0.95050819111603002,0.99268521225787942,0.99861868813213672
0.94104135286974822,0.98657584708127444,0.99640706548085034,1.0168552295677507,0.95913710830565591,0.94136320047678457,1.0242997094002291,1.0029370856468669,0.9671073807678815,0.99775086506072208,1.0041824260556653,1.010781520466403,0.9562059352353437,1.0154877179920043,0.97747007157267007,0.94158928799172992,1.0158036140629236,1.0353168879436909,0.95424407774327513,0.99157065728031712,1.0119738120098107,0.99798224403775859,0.96667652712146268,1.0166173793472291,1.0213712630479219
0.99937545524181182,0.98508095266614581,0.98334773412007603,0.99791253800701951,1.0398206787726154,0.97147031503836623,1.0505940604154449,0.99290206956965876,0.97364420384163108,1.0064063638102005,1.0170765851187982,0.9645257068847054,1.0112958768853384,0.99822983192546166,0.97217782580751499,0.98842548317158463,1.0324990540183241,0.99189497520428183,1.0123376672810207,1.0248344686858446,1.0052382903881993,0.98457213548649558,0.96989056096635484,0.99948389973365981,0.98837300412489193
0.95713887545614962,1.0197519867279874,0.96281013151636408,1.0269041962861327,0.96387099028687462,0.98723373963346017,1.0184194101172648,0.95566979006207098,0.9559574522161558,0.9940272864502635,0.96270503938623453,0.99613362920762349,0.93847438498198699,1.0066657991314403,1.0041918711793578,0.95439172972660491,1.0257185770956712,1.0231485332030537,0.96425353297516903,1.0193953173169352,0.99222427213566955,0.97565163057047044,1.0090970470761353,1.0039090956373879,0.967908132487593
1.016874558942547,1.0275846037897545,0.96688638447638031,0.94094656181051595,0.99814755388332577,0.94473419641210299,1.049519413887708,1.0212931600463604,1.0309936828393231,0.9866031690357403,1.0245437096164562,0.99210315449087794,1.0306967945830312,1.0099290940905052,1.0271743710905361,0.98398275414157221,0.99224178088908943,1.0161677129022988,0.95641016070475582,1.0268923363892959,0.98620049045437408,0.95486617108183536,0.99290951323458077,1.0002988667468307,0.96828826446041594
1.0157237923346032,1.0370327709401896,0.98454838028556846,0.99792389777367596,0.99021310042238131,0.95533949017399056,1.0394093478692346,0.97196227377571898,0.90306385464530281,0.99512100455465535,0.96990605529068108,1.0160004369441602,1.0242588355784377,1.006663666626989,1.0205018245510356,0.96007626257080014,1.031093621290186,1.0139416206461447,1.0133913592662593,0.94808264434825784,0.98785105390154104,0.97085466365631734,1.0108683134478835,0.97436098282054784,0.95602756010326084
0.98492767667593006,1.0064285928508998,0.97222143014853346,1.0387657999466906,0.99105356950807333,0.96414488127435882,1.0170116110504406,0.94285461815637817,0.96896962584028712,0.99325207585035979,0.97111696386322099,0.95217903841499218,0.97232503520027325,1.0083891500698439,0.99743448664839462,0.97842293718860274,1.0373219054814311,1.0206232076269774,0.9866094259375674,0.92308519418321788,1.0069828864326504,1.0158390165191504,0.97952530375630087,0.98412626513685486,0.97157882629408732
1.0209971846495356,1.0236782894627181,0.98478811223834917,0.93319344971670781,1.0127517496285514,0.96155609417417509,1.0377234074897432,0.98158243139902646,1.0070192140719549,1.0005762517305319,0.94574564540066886,1.0164741463493119,0.99254830066361099,1.0216644765276184,1.0294489285493058,0.9830761186667949,1.0238681361913762,0.97574501661715196,0.96510585638143931,0.99642775603314893,1.030667837345401,0.97930217512916251,0.98122973438843808,0.98977173558448139,0.92419149049217686
1.0236512374799378,0.97246774458984298,0.9586918053329575,0.98732864443228241,1.0119504005194553,0.96939697946170955,1.0151952118584791,0.96885732496782617,1.0110450711911265,1.0118713501806638,0.99150257435534361,0.9626940173097106,1.0172597580905476,1.0001762007534196,0.94441432800652825,0.95834565418424456,1.0775548058690818,0.98352750468483119,0.89679713650859549,0.96057015030780069,1.0062374974611972,0.97392815474263872,0.97041336320525007,0.9582649016547824,0.97730269004825709
0.99351121379438767,0.97458416644326129,0.98732980115619529,0.97854971576154215,0.98996883301002536,0.93618756436675199,1.0181485073896674,0.98233294831291651,0.95684434974033372,1.0044227516602477,0.99692042730643737,0.97616854369211881,0.99902500861579435,1.0159891829909997,0.95266164547390075,0.98374473730017886,1.0344470093359774,0.91278020847613295,1.0167983736371209,0.94390696207887625,1.0072221799834249,1.0063495921704859,1.0135407487992503,0.90943829058914527,1.0036328545673006
1.0031110557555289,0.91240992564326373,1.0076007054742087,0.99190763509371371,1.0234492571807263,1.0002003647769762,1.0323355720998089,0.99306611414740753,0.98063654349612184,0.98537694701623357,0.98859670782222164,1.0349369865513598,1.008093010465392,0.98217416856923179,1.0189756534616603,0.97273924561462743,1.0256635063892929,0.96539559962411059,1.0054099257294968,0.98423572511556623,0.99925044497200477,1.0260628445025857,1.0258641531197932,0.99776038830283886,0.97360135593259001
0.96939090503799075,0.97394904169471785,0.98032135400741194,0.97675702241795848,0.98769768467704722,0.97739685263513931,0.99026259872616251,0.94443270233619614,0.9751635025529074,0.9981638999194965,0.9678447575405329,1.0337409056083262,0.98559742313847531,0.97267349457978813,1.032559085590754,1.0275480661515002,1.0211825790858691,0.96759866654078808,0.99741872321253955,1.033498508528097,1.0136832491202661,0.96276061119052747,1.0183264362360001,0.92867506631596597,0.96274962567936728
0.97238305347111653,0.99450007351194014,0.98124144835627125,0.96741494012201801,0.9706879225581293,1.0003689043095538,1.0328345525461682,0.99264221186808432,0.98643561657824574,1.0161993529702504,0.95646055502115923,1.0259293579317053,1.0067762936136728,1.0038937419373735,1.0240134145180189,1.0237748651085667,1.0023209465267036,0.97744479351590108,1.0129822352313584,1.0191825401135002,1.0117669900872899,1.0298683813872789,0.99903861045310027,0.99428353138289649,1.0066980256968585
0.99590696104938525,1.0035397789876799,0.9933649300521622,1.0054030826633362,0.96609895765352838,1.0080740174745755,1.0615490116304855,0.98757358201668755,0.96266052038125216,1.0234186605281972,0.96302517082465289,1.0436933135010757,0.97594560364304828,0.9800560844114633,0.97546875872626149,1.0198935171716981,1.007643182599719,0.96616697621994352,0.99434548364928488,0.99561130539132314,1.0275935818475399,0.9911690048538323,0.94425735554292967,1.0125111109340248,0.99583747187294491
0.98420735268064397,0.98839553025429749,0.90964483258580109,0.93975952563802012,0.92012963959300853,0.99526768752024286,0.97757090756187648,0.94432112526038936,0.96265535969988292,1.0322319546717056,0.96291620830103408,0.9943500383969851,0.94675635000453173,0.98946863314103317,0.99443834276441168,0.98602633215469071,0.98987225004726975,1.0201523188801878,1.019235667651557,1.0213235274883148,0.95744223551596186,0.97635494546845147,0.95399575563393635,1.0311149750136097,0.99173942931556625
1.0153104428568538,1.0042586329106673,1.0033736668584667,0.94680026890053703,1.0140565996851334,1.0065325353655015,1.0489240889425402,0.97477030011006127,1.0009352118379089,1.0095977912818574,0.92656273363703578,0.97635388070155271,0.95987689647337915,0.99333548548497896,0.95448942853853014,1.023727449747307,1.0188523801088463,1.040052501935876,1.0052544987945702,1.0216456002068888,1.0391085391657495,1.001310056826773,0.9021014895491003,0.96377934205676485,0.98320665973942267
1.0111778279835277,0.99644000855895887,0.98636139357614572,1.0178286240615986,0.98601931466121873,0.99183428861414691,0.98235675854772098,0.99760262581683201,0.98529625768616047,0.97997813124233191,1.0071617666380714,0.96865977099129541,0.92354542105690818,1.0062618501804386,0.98386541642042236,1.0434565164170837,0.96942154520368506,0.97765911735981759,0.99731527895016014,1.0522359811505444,1.0037931601357994,1.0211802317028722,0.96314070491452464,0.96581309647672398,1.0191882756687314
1.0261288156956199,0.9857794540946182,0.96145827442634124,0.9733306629173829,0.97149017398988113,1.0117330888199785,1.0187074528122031,1.0120513035499183,0.96007063741336263,0.97716657094305193,0.95100231869608132,0.97247148153014995,0.90759572140279021,1.0105550542531485,0.98451153270856162,1.0051179756574447,0.99528842195446965,1.0028217664997015,0.99192695763096084,1.0055434990449432,0.9726472948273075,1.00242676499762,0.9904036657922648,1.0306514188621558,0.99050186255063644
0.98210836918526712,0.99441075632975195,0.96859191212744922,1.0034572987840227,0.95520261692528607,0.99316284929377463,1.048456568961933,0.976674257647552,0.97218148537453708,1.0217349850355191,0.97328711982591576,1.0234865230766013,0.93724781199837526,1.0137846439335298,1.0184572157540843,1.0127168971002742,1.001938159490507,1.0041497920297917,0.97996831683755081,1.035426576186439,0.94164155818798578,0.95411437123461018,0.99015569152152449,1.0438189509029523,1.0243125298254536
0.99844403418424721,1.0063961985124574,0.99803608478616679,1.0217788572611466,0.94521075914959929,1.0062612463091194,1.0157135368667236,0.97482679457918697,0.96576769047781252,0.98434332058169549,0.99325468783019821,1.0042990428024403,1.0235836350951257,1.0306558279394082,0.96367980985299362,0.979800495121114,1.0555640527225203,0.98022798355332319,1.0373780822401044,0.99848046924532452,0.99073097408339106,1.0171161936709099,0.99100956333039059,1.0380958693859321,1.0022252488646577
0.95977531821906681,0.96638880978009423,0.98147018837807509,0.97749039823076389,0.9804874550140662,1.0312496764213048,1.0091819591031885,0.9160810407620813,1.0140469794159894,0.96487947551007902,1.0021294992400651,1.0138291206746455,1.0075412917021216,0.98375766651889596,0.96251535172153169,0.96848578597819146,1.0102881968079176,1.0177364947023375,0.99826776448106069,0.97230852489414499,0.95095852964484662,1.0369497195693331,0.97065526158489779,1.030136924990843,0.9559574071492779
1.0408062378863816,0.99711292611236457,0.95189212903337772,0.95307549790932578,0.99720098042518501,0.99061673123736527,1.0285313266537541,0.95831940487759837,1.0001606781689294,0.99288430292486685,1.0016130023284142,0.97596281131135276,0.99680522014743045,0.99723162796050946,0.98951028806486441,0.97799510802297873,1.0367927741082923,1.0308446292404292,1.0264737261965391,0.97396779998660155,0.98906458500549999,0.95925873825010122,0.92644375175005467,1.0140964644798951,1.0351573715141602
0.98084860427394371,0.98584891679785713,0.99524684481806358,0.9945775069809224,1.009218480249594,1.0037224111753191,1.0191931062816513,0.91366517693050253,0.97077104627277799,0.95487227537009611,1.0000068545479384,1.0026563376323323,1.0156837135509658,1.0021364360648362,1.0037512350418367,0.97916465066800229,0.99425245667328521,1.0076254263987241,1.0084365689934138,1.006794373831833,0.95501524898021417,1.0110049700440267,1.0205218662631161,1.0480607426759623,1.0166812785649435
0.97687785052483067,0.99342915359508432,1.0064312182000947,1.0084206452683617,1.023697953113154,1.0138361491281618,0.99000674412796585,0.97809989976273704,0.93522236227975208,0.91763274850562959,1.0010530585145376,1.0110158172868848,1.0223684830027711,0.99032333826063113,0.98830177066356917,0.9804803798310745,1.045307024172931,0.99762587062278141,0.99485302112317431,0.98445040954655216,0.99052883405012804,1.0115922814051455,1.0302651236301674,0.97231346053864565,1.0083556765458093
0.99854510120892725,0.993081937938604,0.97591063373565201,1.0151168835442284,1.0174699885212308,1.033584413233708,1.0243527297701756,1.0082703266633226,0.9730677025483836,0.98614264295681342,1.0159441284783868,0.99659298167209587,1.0405454981134878,1.0280075990392241,0.99914275831465382,1.0277722609132391,0.9982677810198074,1.0156985826117026,0.96817604480611685,1.0648771211059329,0.97990664201318178,1.0071233854202373,1.0034582472629947,0.97146820174654747,1.049739017533557
1.012347315995471,0.96810320437734687,1.0316091187500902,0.98283516015805872,0.99297525272955256,1.0052170778547602,1.0405847279554516,0.97235545504302268,0.96863284320422094,1.0392083503673961,1.0344189712563732,0.9731733759406842,1.0525965424402399,0.99875921671028289,0.98094179523841429,1.044329452024525,1.0056558973543455,1.0464976203611702,1.000391002859234,1.0250990996246028,1.0163191290549081,0.99694034280672206,1.0195411966157191,1.0064727132260636,1.0136759827022002
0.98531857557615943,0.97510838484704787,1.021193645179123,0.99401668570383583,1.0011900702201351,1.0209607708787041,1.0180528505134179,1.0296742459806303,0.97193669053609988,0.9777290318315055,1.0185413091783446,0.9708386112634253,1.0767110988687612,0.97747409984212918,0.99774294284487597,0.99451515465357199,1.0027984810171362,1.0149872229515171,0.99634293440041077,0.94065025838045013,0.98103545418319615,0.99483078233335498,0.98549253606386311,0.96882669592318593,0.99210260681483897
0.98539701598355189,0.97319221812694889,0.91821843212924303,1.0280821791042005,0.98587694549906846,1.0045926975770259,1.0240754897311199,0.98763437020579714,0.92117634428609496,1.0291008311398173,1.010066912013315,0.98225985264817184,0.9855715646994162,1.0051078149689099,0.98259699830523761,1.0915652955303321,0.93620020096590129,0.9753154252935764,0.98145868278191306,0.96316539138890578,1.0533958397478,0.99171680157764219,0.88768598807102395,1.0366228193501084,0.98109481200660653
0.98597412606445745,0.97197016993179886,0.96040569978053858,1.0391968619605869,1.0197771317318827,0.980308896259525,1.0391016167970184,1.0044536522148004,0.97617271283433271,1.0470678020196673,1.0031853573772862,0.96340949398173692,1.0163929232714635,0.98292909113142235,0.99422907908100877,1.0827295945664077,0.95223794693474406,1.0212669193110744,1.0337078054872546,0.96899132590520987,1.0476909193524777,0.97628900025301402,0.98353828197084925,0.96669146829044028,1.0064675635242764
0.97496434527069542,1.0005744635674692,0.91841102744003489,1.0026784594520153,1.0311133457143267,0.98402846789109022,1.0197061540200794,1.0296101765644652,0.98757507118378463,1.0387616371945501,1.0089256296402411,0.94721869350191967,1.0094751034909804,0.99682447446862299,0.96577813566030513,1.0240756822740233,0.98596731502596624,1.0011998261855606,0.95891810652669052,0.95877055400631817,1.0041077705561992,0.94573585049586095,0.98008229059732421,0.98305515154258605,1.0041430700564373
0.99023273996209527,0.97804107060074552,0.99718106382593952,1.0196508202192553,1.0018764769199979,1.0262296455552813,1.0300778314855243,1.0368507952631352,0.99905729695316481,1.0125672118906477,1.0378636478652188,0.99175339456542311,0.99525523926656623,0.97498539673238205,0.96493964725012238,1.0460233565833283,0.97212717739202681,1.0325845985496391,0.96883005705867686,0.98233816711239008,1.0109061264610197,0.96289191692136356,0.96628512615463624,1.0010685803436996,1.0047472628349419
0.9683472305265155,0.98486292294796529,0.98710762892283688,1.0402119192357973,0.94484310635645974,0.9966408844665825,1.0540110535486855,1.0164878731944298,0.98274003320103509,1.0367987319630043,1.0299250530586619,1.0087198564568427,0.98708851073709458,1.0128193873752402,0.98603154888126243,1.0214465255871858,1.0006251977175031,1.0052164562476862,0.94208657768870196,0.99486821162568462,1.0148273518395421,0.98974757814773828,1.0089948826635071,0.97436624164009156,1.0053628793215832
