0.70657000325499275,0.83845088194539064,0.83412409456965286,0.60556923242718497,0.78670069661520114,0.78347921644304075,0.7279349833779355,0.67373734591677947,0.84451260823738328,0.76283200731620637,0.7552350172332748,0.70704736044509775,0.80891274830980886,0.82841391428999633,0.75785140171212118,0.78190267743541475,0.69255628357572918,0.78593452371621852,0.70324137088730354,0.77586168775915887,0.59359383310637792,0.59133347143608805,0.62938564251025464,0.72334657525304269,0.52807688474034853
0.81235690319167653,0.80655124874035233,0.84046490534330154,0.73448247929782273,0.81971795772933009,0.75847216905536963,0.68113977152064575,0.81358276574019617,0.7993956552411059,0.82767949730414203,0.81804033095472495,0.70516615347379041,0.82198918810615462,0.81494879419678368,0.71648852511536454,0.78646156516618815,0.66834674403094185,0.85084333492672526,0.65427525409745602,0.79256421531041854,0.82696059871808036,0.55854862333547262,0.74846711381253539,0.75278028860745994,0.70033903393323704
0.82889236314173964,0.78608085302452535,0.78629729968436768,0.73033636913737321,0.79763688651933884,0.74408814642492282,0.66442434721626487,0.83574115116142222,0.79348683230242822,0.83327441994716389,0.79468695042611293,0.76923015441796805,0.83270420816611768,0.82244542324546055,0.74002507864955203,0.80190296816333551,0.63139200818508345,0.92810642398241294,0.64264064035236046,0.70709845704099705,0.82124570215778991,0.8062762079990724,0.80555749289197398,0.80730235297458164,0.82268432942610115
0.79891705041664918,0.80434912149845339,0.79572567257502902,0.82603389360153434,0.74972145448984617,0.67439440115008775,0.64277113015667475,0.84620014872588634,0.84665106339417762,0.81711720714294878,0.88770320216392662,0.74129560853203114,0.80769957736512521,0.8289480045314026,0.74060897479697274,0.88152443579126427,0.68929295759104992,0.91692685131836915,0.76525468271944119,0.80521716059381965,0.80713569301291976,0.79593143895902119,0.79774818591754615,0.8767604567701619,0.79679006223505611
0.80235268999640441,0.80161844954283235,0.81610883789034605,0.7298262620235958,0.86336741670054107,0.83426119555075806,0.72010756526005348,0.8399319732995969,0.76931482947155483,0.79666451352558931,0.90251940505932382,0.92946581621027036,0.85782372021467412,0.77861565361356022,0.82252229561656176,0.89013039597839116,0.84491876384323827,0.87474222008122682,0.83719609611364165,0.83453114602723122,0.79794835344611226,0.80795048897779764,0.76284220687664583,0.78479824186509228,0.77071551578449327
0.85473298234520534,0.71017372859102779,0.82315812443559633,0.84012999045079384,0.81931459901781056,0.86887104510268043,0.85200807976964876,0.80223229479273961,0.82601462155843386,0.8161888322294748,0.90325606021617477,0.9064122524595134,0.87586832259329461,0.87607878986473064,0.76977517750263602,0.85736342220327733,0.81450767050977191,0.88860763140364663,0.84963152462722813,0.83156325441606826,0.76378893969844819,0.79383429816724804,0.7233040028013813,0.89687395939233638,0.82897503246990156
0.86761808627325521,0.83399138671222439,0.84690387754420848,0.84069551327079373,0.94188703939368779,0.87550233311634573,0.84594718331173591,0.78558630537974106,0.85000289971826937,0.69639499610249223,0.88618705302114043,0.90320897855480553,0.85192235620298118,0.83009378122879651,0.752273595380761,0.89607031673887982,0.80066046561318782,0.92172562010836323,0.84079354226717584,0.84650503137400368,0.85850845217557159,0.65063442669310712,0.79572697306616114,0.87755575099075278,0.84348991575647159
0.84755693613960892,0.8718631218995575,0.8397648901104382,0.84552342936747582,0.94134272803414631,0.86102510070625138,0.82065022635419804,0.65530965715039202,0.77907967895117403,0.72329162727017904,0.89370073394706639,0.92817341302243284,0.8714671087195387,0.82848947292134845,0.66983120985345579,0.85564749880075563,0.90102663970568797,0.94792782683471644,0.85129556338429968,0.82624481205264289,0.85114868142644073,0.85785190195867322,0.60278712142964741,0.839819742781024,0.8168316251831016
0.85652612676200968,0.8565810134737406,0.82756948237724826,0.85264707088700953,0.93349593573606238,0.86776614433436738,0.83644505643072931,0.73684392492596584,0.81000151405779774,0.82653249171474974,0.86869175713250657,0.91415037444195379,0.84952454783963727,0.81704630629251784,0.71413798584063348,0.86884930819418249,0.93973397748261922,0.92179199882049301,0.82568283408860266,0.84387570030938797,0.8562154966841059,0.83077790085179093,0.76583401997336087,0.92080987734005715,0.81267418230908373
0.76462787115402864,0.89036925708970382,0.81645759121941497,0.78937465228512127,0.9066088208867803,0.82981106242946234,0.77887811432701937,0.75144498973575813,0.79820489940017725,0.85175676648600063,0.8564709484823948,0.88281463388972581,0.78458682029906035,0.79746882631469651,0.77684603645759676,0.87562900735864602,0.90646299524607599,0.93314389136397857,0.81044466012614336,0.85162785409076358,0.79669960195493916,0.91234443786494535,0.76568538160414834,0.90479692073197582,0.83744072415406734
0.83467359287970322,0.89596113829525681,0.84254564149072486,0.7447517492474871,0.94810075201457966,0.81258839004086003,0.83911052898919514,0.90226540644636699,0.82819183356301906,0.88684566776072682,0.88722345684845993,0.92290448018939331,0.73499698188083928,0.8126614505482801,0.80207816307890012,0.88135441773257972,0.86179185786719148,0.90695846345135234,0.85503913320208069,0.80973223762949642,0.81301812929040718,0.93849352951438536,0.7390656696569109,0.95887123680058051,0.8506611693530145
0.84139673147603344,0.87973285463214546,0.84688270672513843,0.73286907338911211,0.89875501883496922,0.81970538398345649,0.82606018130549363,0.8939594178563004,0.83569429635427384,0.8482652075095346,0.89004078135380627,0.92717177176247156,0.76185863789150954,0.77489582854513095,0.83837846236108249,0.87613223674489871,0.86234768373469695,0.88439645607567663,0.77833205653076942,0.82656827276688483,0.77366893093040878,0.90582026850854502,0.75627037828732702,0.89121123668259172,0.83821457977494962
0.86271885920575453,0.87998013106365991,0.80602621734604396,0.88755439701372563,0.85019838541662707,0.81155689045225265,0.87274282123477442,0.87930701080219031,0.70750829741615173,0.89074091868199634,0.8908431132705501,0.91907083073445184,0.82876718149194517,0.70984722460296734,0.81388795570147321,0.84821793621558494,0.89841176315701476,0.91220812679662555,0.74426722993028349,0.80100711327039109,0.75865030821951374,0.91377693402122873,0.71125875496158364,0.90221169204343565,0.87098879677606578
0.86692042326317642,0.8747296845864807,0.84909721271743255,0.87271946260338829,0.92020592603912987,0.8137830926810723,0.84400682570930352,0.83219003207383302,0.93408806908309039,0.84216640495696682,0.88899668238373863,0.87231476707366618,0.86638667563784999,0.67797034359072994,0.91115523921689578,0.88164540835783189,0.88562430133439696,0.91424306218016116,0.73607622146772689,0.8722704283824243,0.67642042893540177,0.91355327380325435,0.81759316929221537,0.88802957814411909,0.71237054003629785
0.86512803260947735,0.84940920163457356,0.81422487313310388,0.87670433529382163,0.90930894726812095,0.80324447792923082,0.79756899943923099,0.69342773712384587,0.94099233191996234,0.89667028603858545,0.85240299059263369,0.93704330820925752,0.85946351742447369,0.73668215126655945,0.8141137370969258,0.87321156521201559,0.85677736484989797,0.89386273591117538,0.7926128010217296,0.80199061610692834,0.82256278813049721,0.91027922061407351,0.84674105550166012,0.89220508976928037,0.89123838319617565
0.79703846184097604,0.88316655472341876,0.83236995984215012,0.88155104196683387,0.90187230753607128,0.7375029005563819,0.85824592120778331,0.75594783153501188,0.93714155697458212,0.88461554588479474,0.88721425480524319,0.95763927354571565,0.84255877621904873,0.74995840236744638,0.80640171867704535,0.85510834998663299,0.8514079667655523,0.93113089413156891,0.8229300018328074,0.80083980503436669,0.79625693733169756,0.90493608973558304,0.78697130489595279,0.92511163283342313,0.79247104122285028
0.87591505623930566,0.87998938664192017,0.83813831141833928,0.88345300175459252,0.92865291463691835,0.76904680335360076,0.88961371800738975,0.93391480739396604,0.88758811311007624,0.87324035286748969,0.88525431445674807,0.93871568248161907,0.83768156349274403,0.82890426998500644,0.81046839418636563,0.85235730583613456,0.92857521103032226,0.93427787670402496,0.83055725801187397,0.83798649837242112,0.80235600588177425,0.91920757243359308,0.73326316551092496,0.89846683409950179,0.73810845979864292
0.86031936027826506,0.88816115291238373,0.83487358174167203,0.87158493302479323,0.88145964539352284,0.82335503206790983,0.83306465866590773,0.94135023372219984,0.88691056705989491,0.91836804361304425,0.86935838499285112,0.8684768055495361,0.86322612023343259,0.84969788462616092,0.88109872561110114,0.82136839494586611,0.86694981366962098,0.91217651795520682,0.83483283952837151,0.78007687536498693,0.90378381394550322,0.9882130921280694,0.81771102344283986,0.91708479081182503,0.88032453739811312
0.7771310130274246,0.8952502196963098,0.81424879197950861,0.87825379579799756,0.62011515921001947,0.81787844089843809,0.65733295497158872,0.95696446137860736,0.88799057669096848,0.90679399674750194,0.88877164131831321,0.92232347977348283,0.83060848662546516,0.82273104757312943,0.83727897433579412,0.8027119010313184,0.90831414311253544,0.91439495136021198,0.79171141902679154,0.79699967310624276,0.88069183723632716,0.94662218824623967,0.90702083350033258,0.89162962668044199,0.86051612504436048
0.70244822121675432,0.88323854797263168,0.79347898206332546,0.85934451461445127,0.61217284828940655,0.82264161495735166,0.75957821740549891,0.94693869281695997,0.8775381908167561,0.87796276641235094,0.86789003936610043,0.94112603707057396,0.85603710112302422,0.81813396786384252,0.85696874273435386,0.72358942448717312,0.93585592661073369,0.94908746914753195,0.92551508458758569,0.74642289138892748,0.86121060250873038,0.95120961691585626,0.8530252971543324,0.9502190983318245,0.77087683311196831
0.85959862687264366,0.88338814917044506,0.8527340279775254,0.87345820180007394,0.89250611446858596,0.82950543742338079,0.72673908260022302,0.93625288656382111,0.91323538169761453,0.87275014681368412,0.83841944984584738,0.88857317409298042,0.8460035000639039,0.81265862598961958,0.87037326068534993,0.71179224687549869,0.90287627604214082,0.91113279461198637,0.90271830274938669,0.86996796268026833,0.84866758577812729,0.91905931235005489,0.85821897067505837,0.85963539859508264,0.80221992065844971
0.85913258061191855,0.88185755180828673,0.83326584229345591,0.90285476318623337,0.84467691752656315,0.75652668949010027,0.7587272421718847,0.93408265188050876,0.9228290451066079,0.84569104923343652,0.89514943239311517,0.93190405470919557,0.83319181418297117,0.85806692235885895,0.88751813076714159,0.72390561691599253,0.9207259258271876,0.89853841006648116,0.92988141281877579,0.82790110274133433,0.86605068347158598,0.95335195624980829,0.85380880319901153,0.67709063824762661,0.74142864005452302
0.91062567365633229,0.87760506441931863,0.830434371828766,0.85583118715821271,0.87186807175394032,0.81134897399178174,0.85709336857560381,0.9351066519226483,0.95160743584277185,0.89392501406701674,0.84064832557173563,0.92820617053748167,0.85077451224376777,0.82905305611869484,0.80726316885903016,0.8307670249811393,0.89211743500829965,0.90611024657781014,0.98046946547846081,0.87730868295500586,0.89665875438330112,0.96880179052342252,0.8416686566659265,0.83390477960878751,0.86046706896506941
0.89541442049617737,0.88557150896335601,0.66873545934001732,0.94529607577608465,0.79764607762591599,0.75056822907002285,0.87434974544074784,0.94492709270017705,0.88231240548567558,0.88872176192349317,0.88365572622346844,0.94971524103140215,0.78839316000876691,0.81373328614571472,0.87018309375328962,0.75167181746375189,0.97424515483721585,0.88826115914924331,0.92744395223105269,0.84648252025873016,0.88153400523661618,0.93463516622788501,0.80835897149249381,0.93701391570982051,0.86020199129553832
0.94211559904580322,0.89882859484547928,0.77849773043931747,0.93980548685534337,0.82226827995887575,0.78373087203265557,0.89347879040632339,0.94124965849908337,0.91768484825729701,0.83716475143002655,0.88068701239674974,0.93585431623119575,0.75333038868525759,0.7793251473906937,0.83366250121172392,0.88681873309596804,0.87934175401736969,0.86503773340714563,0.9462728661301002,0.78268136485471185,0.88173545309172874,0.9268058874764753,0.87749737198570643,0.92480839368457279,0.86632685737291248
0.89357350194328,0.88032182966454209,0.80665860005468992,0.93063360327158129,0.83130737657690945,0.77627338429460035,0.89169532425197673,0.90638429716249802,0.89082005262071839,0.82254329783846025,0.89038472604308405,0.91957486489912554,0.81028660224062343,0.92345599834085446,0.8685447391786798,0.92862190358643737,0.88790451953084548,0.91473329674677617,0.88716713991365637,0.74723563530352344,0.86208455446233279,0.90271821142997555,0.85761925350038803,0.94318881651279929,0.86291176555814453
0.92870706382500101,0.90978720032015525,0.7100965467019098,0.89325547960300267,0.94387394705222372,0.7646783037309397,0.9078129631544255,0.89731555400651442,0.92785748331343987,0.79153848585270836,0.86045260459133421,0.94634115228434912,0.7448297437745357,0.95857712889655267,0.8555618116206396,0.89162374821868562,0.94745775610120331,0.92725128020365344,0.85309575892669043,0.82530912540902146,0.86465108860207018,0.9606883827223921,0.83639959601824954,0.93990152714590836,0.87869649093394464
0.89634722058146021,0.90257589988750053,0.77598713237640426,0.90044478435530162,0.9592977842568674,0.76410147401786854,0.91876211721738033,0.94169058005126105,0.93716781523317205,0.91476775085341211,0.84082938142307306,0.9167970733251497,0.86049574728358158,0.96203983685050398,0.85996337552098723,0.86868622033232512,0.88077176400620938,0.93750051979585758,0.91676408816947974,0.77646776739706413,0.82679319817751173,0.92166393892008103,0.82172538016460206,0.9404004076637944,0.86611346108980003
0.88035706073801301,0.88458276112568712,0.82394084552651303,0.80756996683449656,0.9610676226195678,0.77038210818299135,0.92329658867702191,0.961379273038933,0.935967325420337,0.88285629759057327,0.75178495404469625,0.91138554792818327,0.87505878048119046,0.95580026925861472,0.85678950885614047,0.92836213116906841,0.8780105176852836,0.91051795795905299,0.93111100887727505,0.83924168363310903,0.91315622403228858,0.95052357964697687,0.85047856836337099,0.93198345525528314,0.85876052068054154
0.93671837986288531,0.88884704377782031,0.86285054489824731,0.74894089288286669,0.91670271269068082,0.80883694020248753,0.95334522055174431,0.89376437689654664,0.96679587218835128,0.88613532667271222,0.89896448571730925,0.90349034831021724,0.89199190799368266,0.86531546041071716,0.87988085582143072,0.91875741049137605,0.88403832578273078,0.84842198823797943,0.95443163816503818,0.75687445742299519,0.89629089087790903,0.98903285640997762,0.77530641908442588,0.94657341623349744,0.85341821205601198
0.92603128799770573,0.91610124734561837,0.79068816654359986,0.71534286766130162,0.85562236796844271,0.95314001976752982,0.95304916470985301,0.88820674720027937,0.95574369868302633,0.89794766212351174,0.76589943833433838,0.91494779660142556,0.87398289877401547,0.92717538353626361,0.87316307761898693,0.96759797634063105,0.90475487744425509,0.72356262012771777,0.90495023833282628,0.80220225500208298,0.90682841419936822,0.9531356290893912,0.68094321923799472,0.9698931028556329,0.82809260443715194
0.93011296017202016,0.90575921755183864,0.95092198738507194,0.78490368230717689,0.88980803254540308,0.91986743795463033,0.93249933592747736,0.93145385995018204,0.94380363465566219,0.9130361876758768,0.90142097324769155,0.94495701214691596,0.88799118791704623,0.93175727539946929,0.87116674561785923,0.91640368169293696,0.90184958154976358,0.8589846510228708,0.93393851219685908,0.81247189970671641,0.91920363419275397,0.95832568616538449,0.86182216958726321,0.94029845242695542,0.86304029694160078
0.9159673013674321,0.89889999561448908,0.980650812664008,0.91665157721353252,0.8443777740331847,0.90571392075785706,0.94783251438033678,0.90622925484497707,0.91233321542891577,0.86736799016794619,0.91764767217668142,0.90639602096620897,0.88145703629074423,0.89960521991835707,0.88634722206042338,0.9272776834774753,0.91315692620636801,0.97361872893106649,0.92797353122331372,0.65365048046208407,0.89941644158533995,0.93609385639483256,0.844305463549886,0.93929634937993911,0.82208393035727712
0.94619024039562871,0.88439026018582279,0.97023290902627746,0.76221329418428574,0.79890329997888521,0.88026748797422971,0.96670489414359217,0.96258394564815641,0.89102936648596176,0.9533114979885734,0.89031713983232452,0.93506148568572034,0.88654975184888973,0.87045343692766075,0.92075735627669986,0.91135156114426741,0.9148683910503238,0.95774230218099998,0.91561902938494699,0.88584468400870253,0.94757876744485381,0.92019180384088228,0.87850865594390437,0.94311658735876058,0.65402244564142464
0.92520807375639469,0.88291020334627957,0.98151943275000675,0.94549097221715006,0.84465002057938043,0.95319107852177987,0.94744260008611214,0.91800776645482196,0.91647497767009034,0.95842319148701505,0.93579318379721543,0.88734484612147324,0.86075918113588368,0.83071026963305639,0.86950487465362025,0.91822867612540637,0.94216173446938334,0.94627839930423363,0.93572765183345885,0.8671066797806114,0.93631395945440099,1.0105440631524134,0.87502019410133758,0.93885022939004859,0.89686010462670929
0.90683076728911827,0.88435793738127721,0.96138349746941354,0.98830057342620381,0.81015759441865143,0.94271990549705209,0.88773960919984995,0.93184793727800064,0.88827021237220749,0.94436375209307488,0.8842017439782216,0.86222006534688744,0.76072399258640755,0.89058646832119437,0.89267506347331405,0.91352237450245055,0.89164647801579133,0.98627021337559828,0.93340656623022422,0.8852552585471819,0.90193967853095924,0.97370339600429689,0.90356790894350725,0.96837643832383646,0.9260110989317083
0.84009110995330183,0.8579190319225044,0.96009192624907125,0.93631816114512345,0.89324082787261405,0.91837871576530727,0.9318354824088918,0.90199940972111481,0.90595267027615145,0.90796820267083778,0.94199290111101575,0.92842690639366943,0.80124623509933501,0.81263885229179622,0.90291881007177632,0.96966012722101524,0.88135855105735417,0.95063416962117675,0.91236368703744897,0.88110027013573222,0.87894316585837251,0.99044734695630143,0.86388748039804109,0.89255837717573994,0.89281326500364022
0.84211632813505644,0.81596661187713926,0.95253145181738652,0.95792061204071555,0.90091427046412487,0.93248920669450186,0.9086458774350803,0.92377476274740544,0.88106005580251023,0.91547384719299951,0.91919050015952275,0.82634136307461781,0.83429528646174778,0.92106047124289947,0.88436013186223883,0.93348408815478368,0.87574833513523598,1.0219917843682536,0.93610496959232325,0.84675840319545459,0.90013160489877653,0.94462657213717094,0.85818709232685131,0.87139129053020081,0.87816197271111252
0.8517826776158709,0.75427607747312531,0.94409019566660402,0.96111179315745243,0.89489227774845936,0.89555612248161121,0.95546014937644386,0.92008163244607921,0.88068091922399028,0.90039049453496356,0.91602060270339125,0.96653951170911956,0.77677424540692064,0.90700186913269309,0.91256288557738319,0.90210453181431005,0.91209415130250449,0.96524398628328179,0.9084082273426376,0.95799174466344683,0.91927947186006354,0.95678528102146543,0.74253832386513485,0.86304912580376436,0.89921929421699875
0.96767565840869185,0.75948090949434544,0.94480636886305525,0.9435133220982812,0.88989017888886501,0.93619214028604381,0.94106919910251885,0.89230756681486489,0.88706075674073603,0.83038405708939356,0.92140329294124756,0.98690757581634714,0.93075953162696878,0.90396999369475772,0.95068790027960381,0.92214482029473743,0.85528808189775873,0.96521646057595112,0.91665839886952061,0.93511808242902283,0.9071434461979172,0.97261034559491677,0.93041282602551656,0.96974217509333138,0.89441488426250804
0.9885776999606678,0.76248485308956671,0.98794710048421208,0.96139942771095732,0.72108984540174015,0.96899237083280509,0.95423694814442628,0.91133972882403047,0.81502366596930675,0.69921381321505083,0.95531012839682405,0.99618695536092994,0.93776580094806161,0.93025086582515082,0.94821394664242808,0.919854229794139,0.78259910726342696,0.97245804312523176,0.994876590352471,0.98420621821983501,0.85851889438670992,0.99602823389435891,0.91700610460185361,0.94351167499176336,0.89691304660043958
0.9502475797856208,0.82164208809031825,0.93206080304446626,0.97678951500240785,0.98128236433628113,0.95120414462113201,0.9171047697256195,0.90244892056806458,0.96329219573854674,0.77763385437546828,0.97796328108327957,0.99332738598644799,0.95975584130856917,0.8834055846254395,0.91834563902837696,0.9179287041494486,0.91248887964659353,0.98202958999749967,0.9387786804451479,0.94082594310403689,0.85103030651224032,0.96207706008000515,0.86558858321768972,0.91607517853681419,0.90809264169564385
0.93961132571995043,0.90819112714261363,0.8924118455475748,0.95631402506354435,0.96604122189494734,0.95369276140611547,0.91655005101427656,0.95403061862745531,0.91806208984771465,0.93110281254801375,0.94496992273204872,0.99462009483375535,0.98650373190144136,0.84391816163220335,0.90076787284731863,0.90915585320108017,0.87869318930113494,0.96708082597321743,0.99814856871479707,0.97190136230941004,0.97344315187584052,0.96734727531535059,0.84925406492917943,0.96698534864852936,0.91129518732003456
0.96491250751379098,0.96138393463319183,0.85146686633069102,0.88851491475593602,0.97804017880092942,0.91247334141505998,0.86402677912532544,0.90066754782039782,0.93542021907746686,0.91070307164824393,0.96506032778763251,0.96482741944854278,0.93914300895005609,0.87094530187122943,0.90628098447281158,0.93121654898781248,0.91186814024485008,0.98751668123462244,0.94559325439504083,0.97770355527589181,0.95777078376412983,0.96805661049929204,0.85054783003575352,0.89125052233635393,0.89815758998624529
0.96181474562451341,0.96428464291818761,0.94118802152764081,0.95304557139157997,0.98776631678534321,0.95632274916506255,0.90302943466343066,0.90086568976502956,0.93935043276266816,0.84054480293911726,0.95992693226189929,0.93570204792797029,0.96144499749604784,0.94133107680527428,0.91157271399326967,0.89922956549032562,1.0023286726003804,0.96369665649502423,0.97005532626163116,0.98923266335564819,0.99833160228482642,0.89192498219689464,1.0083206588328135,0.82401319969298548,0.9010972710849724
0.90543582534670819,0.95806291750973605,0.91790478008849541,0.93624673616778631,0.98257951905989382,0.967208388033168,0.93116168213980322,0.82074982584438172,0.91680840720735546,0.92932175642987425,0.91120403134808614,0.94169997544010975,0.96650324460330517,0.90516338831709853,0.90014931161272849,0.87652710149051316,0.96642163479321685,0.98907919672026101,0.97654030856417495,0.93342792314471035,1.0167483085938083,0.93807834659426292,0.93056805060437164,0.92879147042431354,0.8530119907624506
0.97093443948458058,0.95212100856751347,0.93702908707977506,0.94794461983307132,0.96168535909162323,0.92450341759191679,0.95387349586522308,0.98173353262472762,0.99430118959414826,0.97208429119338902,0.95599440834288085,0.9619851710853532,0.95687809325528383,0.94117078197417436,0.95105837208157851,0.97261656591182089,0.98228762715987783,0.97688363154946845,0.94930146575552976,0.96956338879953852,0.95798287276118099,0.94262902867716925,0.9956337947807482,0.92784704127494699,0.91998789656970303
0.96940483753648987,0.93550683409101565,0.91791610735188622,0.96995385213982743,0.967389310829321,0.9203752497284784,0.94524093324522229,0.97722660472015932,0.97917927683625472,0.95617123619235522,0.95102771053362789,0.98212638527641627,0.96299453040537919,0.91672437982074217,0.97556049695554803,0.9902441612334093,0.96746266274502446,1.0170839523837409,0.98118031340804712,0.94086893093736601,0.92840927769363168,0.9516143914289803,0.88657443397787683,0.93925223058559737,0.96703286912212105
0.96309611148096219,0.91805401110706297,0.93553049782564968,1.0207339224245251,0.95329230489701489,0.981124165440319,0.94358377100428292,0.99968999937104208,0.96026071422857684,0.95961109600842009,0.94900300350668565,0.96993962838268399,0.95726447945228288,0.94917077353704338,0.96377701106052094,0.97702018032411897,1.0014841020706091,0.99531996839650283,0.95835464881388299,0.98636882746204757,0.93884206956048655,0.93039505791546084,0.96243445895858937,0.95869215857946344,1.0015572722838029
0.97950743382093108,0.91577225723812528,0.79638755838350772,1.0149304905168444,0.97671104171638445,0.95180410153535788,0.96868685950641842,0.98398237481268447,1.0044415218775677,0.90420885202008483,0.94401093490649091,0.92167364397203377,0.94444416405601339,0.93635711456787163,0.97627673127823134,0.95020154927611367,0.97047893664411611,0.98971724872757605,0.95602741184322049,0.98641722534131615,0.90261503215776306,0.90270468277278693,0.94007894171263517,0.9525403385214497,0.95330212334638476
0.91696383859138919,0.94190182064509509,0.97517715471372812,0.97170154493968453,0.95498170077641109,0.91072612649432549,0.94761067584353587,0.98956361970281059,1.0112803959956012,0.99214644420652232,0.96854635422730317,0.96105248796266396,0.95388191071628925,0.95715274065697098,0.96375218827523645,0.94930811359253908,0.97022083607153087,0.97000730984626737,0.97369420702094511,0.96208426431684402,0.9413545850451559,0.92650146644657727,0.91871261136433846,0.94798050390143196,0.96266137624383941
0.97579276486563804,0.98121542834787057,0.99895174034268097,1.0100085171668438,0.99648134274176359,0.94226290984786532,0.96524795011516484,0.99277420673980687,1.0276571756186508,0.96544377868534825,0.94177159490268425,0.99248760791092494,0.98550243675139149,0.98561870749118885,0.98686200136126334,0.98863643725648143,0.93714663855689673,0.98243656870357532,0.95281557098220737,0.94838946590015993,0.95177474544738905,0.92247670558650618,0.92707192876561528,0.96954872327108588,0.98533673915044462
0.98007193025896955,0.98805495192813064,0.98540994892922451,1.0052826249567064,0.99272183803078196,0.98131770856882738,1.0102843579744938,0.98324536507347171,0.97007108885237936,0.95549980420770431,0.80401468629198947,0.95710813831377684,1.0132863188103289,0.98116227953894086,0.96190828899080871,0.96598139751741829,0.93152490026256474,0.97582822154994742,0.99420977200993021,0.92479459687541044,0.93896514830640487,0.91538546039267898,0.94286556499522889,0.99324558751979675,0.99236741343764134
0.93730785644748527,0.9215455460284826,0.96346839638573933,1.0295489356788634,0.9937754537640292,0.96915975741539062,0.99917189282496888,0.98122144915926068,0.99760973700492594,0.93283986908616212,0.94613275266114139,0.98494706441341573,1.0052097708708607,0.98658929113202776,0.96286022872038624,0.82572448795704223,0.9228700061269357,0.97889952035132966,0.99034248671556036,0.93938067205994469,0.92328928483792794,0.95339342181121045,0.94067794693301954,0.97274423866693505,0.9977990129793356
0.98117904253488875,0.93539585177594209,0.92694761552601312,1.0240438281397846,0.96304761760587199,0.97389291830068847,1.0042104421232627,0.99244944504838695,0.95728964374993974,0.95625938042948333,0.92210292468133859,0.94682695206977396,0.97344361902673371,0.9549547898875167,0.96056789360842232,0.95034952079633994,0.95764819974405546,1.0123760077853816,0.96487305280494018,0.97414726159420573,0.8433546004476985,1.011279780059563,0.9698739064447226,0.98580995216207357,0.98404786796604449
0.99468033960414792,0.98903720383409743,0.91603632638615784,1.0182040579300138,0.96528196199788596,0.94772645037306635,0.98350997915183036,0.9567785027854997,0.98374986731903857,0.89761276701796533,0.78813810824954889,1.019932141563817,0.99134253123061156,0.97708740463807842,0.98387924346367206,0.97899792128810947,0.93925698449475126,1.011417690451236,0.96827139273135021,0.96299934493302464,0.96044862201863757,0.98764557827399058,0.9494364408261402,0.99311236459445873,0.98416632276798821
1.0023765892775278,0.98721854573171675,0.89222257299432617,0.97601626930395557,0.94026502012133117,0.9479188918407635,0.98563942758729894,0.88627237670950199,1.006734509145164,0.99552574229613711,0.99583175116212441,1.0012176609807084,1.019199963317412,0.98338653711263646,0.96479005328375855,0.93946155841143819,0.92394623898485484,0.96532718149100138,0.98744581602943182,0.94215620052794546,0.95058388230472091,0.97700725891597751,0.93595331738867549,0.92315245775772814,0.92753828855696274
0.99040948984714183,0.95330795910404986,0.94469473543437887,1.0043764139460698,0.9921643346860205,0.9846078416388373,0.9512648467639826,0.97787563540957401,1.0149484933255062,1.0125522994737974,1.014503222081405,0.97567611609508376,1.0167644028819411,0.95014256097681393,0.98934175503473942,1.0230362075701889,0.92739833213584943,0.9632706273121433,0.94577852196614831,0.98681549326868534,0.95784902657810811,0.99448908857036844,0.89783910741507289,0.97423542245625783,0.96507590633613216
0.99523892940784686,0.9569808600714399,0.96203622521055732,1.0070046974058544,0.99519739164011234,0.99002961639978926,0.97307683797839373,0.96782657417572049,0.98634294667214051,1.0054588644313744,1.0006817728901252,0.98097814486567025,0.99696289926124149,0.98713528019199981,0.9697688901943321,0.94589004603643179,0.95834415337063028,0.97899373958499636,1.0218499041495399,0.98129359701015495,0.98476719032033577,0.94688801736948658,0.9767384341189449,0.97962040484040558,0.96357223036416761
1.0201775846787959,0.96663250539372136,0.98827535498505992,0.97989092464733085,0.98695048582128719,0.9658853991858648,0.94458204264722101,0.98713819704801076,1.0088714606874725,0.98964016113218778,0.99207924041501971,0.97079319622559057,1.0072640813684128,1.0037334852315771,0.98165566063792253,1.0132972841905816,1.019773811248639,0.98550860836735088,1.0024848503335875,0.93054825675367359,1.0092097784999978,1.0082084346725577,1.006860043179675,0.95773430690993389,0.9814215069462614
1.0248382497942012,0.96414822909196607,0.96523164413076024,0.96083093652385976,0.95299852218244563,0.97411976614664564,0.99849216366136939,0.96298742177707142,0.98141552505968077,1.00503189330556,0.97214331067631454,0.98196260414670222,1.0011383425630147,0.98943495505752399,0.981620661141962,0.99743826016796377,0.9982192750111536,1.0103827136373764,1.0198960619006674,0.95021029474150043,0.96700031377158358,0.96114701135564096,0.97333682545159939,0.96942048305041684,1.0135797542037417
1.0167590041171093,0.95028057074878947,0.97958933077233901,0.96164206131091245,0.96590996633308301,0.978836217531594,0.98536733223890294,0.95910849599089487,0.96342092659375067,0.98624701736225928,0.97516459697599134,0.82789806310969905,1.0077298554519045,0.94842346841354963,0.9581864132162895,0.97342010111729071,1.0226820610096288,1.0126176330763026,1.0117477293678474,0.90936735479474173,0.94432128976819341,0.94553422573534895,0.98445754902425331,0.95701513350885159,0.92150187414349805
1.0027938089691675,0.94401827322068355,0.96209015884559723,0.96920186423298715,0.99055713860668837,0.9582409764566947,0.941069615962699,0.97201549025183642,0.99060073888630384,1.0024977189784638,0.98221921903613252,0.98153962643340964,1.0257818823968923,0.96436144773480581,0.96198257446438185,0.97345996654054323,1.0124641044592306,1.0084931485828323,0.99523749900418557,0.95578608545928512,0.99912715200091351,0.98936368338736025,1.0063863770928134,0.93089038019041237,0.96478945143211725
0.94615965593682394,0.97100133074755002,0.98911715130648437,0.97828322075305341,0.97623223932802083,0.95608359315085967,0.97645910837727568,0.98431215001461103,1.0001367180787903,0.99081030793683611,1.0082367486176746,0.98139098668586866,0.9932406677689618,0.89339195196144761,0.95441104570827784,0.98754774066931661,0.98102424467780647,1.0105788635565562,0.99442440234652396,0.99198112554352025,0.97507889780892743,0.96477492311644852,0.9716935290947506,0.81291448168452685,1.0037681206207725
0.9924680182328286,0.98868704333729684,0.97989056257318785,0.95522489788285225,1.0117882492383705,0.96979075495810763,0.98335677637359264,0.9655591737478646,0.98193685837248468,1.0193915714682051,0.99903416491903618,0.965936901407077,1.0111566886458772,0.87421412647619157,1.0117321326185011,1.0043144004681639,0.98012244367928159,0.99008771665847983,1.0019071495336613,0.96985757678749152,0.97653288523717419,0.94350012038277487,1.0005558211578647,0.96845624298605848,0.93824406522440063
0.9861109862072216,0.95517727553947518,0.99295076573565966,1.030714539417779,0.96908711622400245,0.99396318810261131,0.97605199775591733,0.99004988304580344,0.9504674651809788,1.0040276807340454,0.99300599492641928,0.9510734484610337,0.93235260218663418,0.93525495353891064,0.93808991322177404,0.99718880613461103,0.90854783566607089,1.0084221763884824,0.99744213710151763,0.93411090260252749,0.89181901188275214,0.99004220494533712,0.98128115552036621,0.97899202555425147,0.97813631818191882
1.0211985306880733,0.95525061316515125,0.98013564620970828,1.0038456972704344,0.95564501311717176,0.99802921727927363,0.9733886937502616,0.99993741432182293,1.004025061099435,1.0039433990349662,1.0080509356565601,0.84374347796150484,0.97136202702104657,0.9836101241923102,0.99358353946675393,0.97723594858395579,0.95537789632507186,0.98788815883809278,1.031606895706314,0.99052861146190396,0.86826962707868738,0.96731692512110445,1.0185914196608379,0.99578621568099457,0.95639779831189975
0.99129166979289329,0.9953442712181193,0.97606519381728063,1.011947322978366,0.95567156237723838,0.97994308175218237,0.9957232599544007,0.96033299346821221,0.94840527799303864,0.9944512276723968,0.95608204453116619,0.95971368932617995,1.0268525483087423,0.9418247248546544,0.99793685526677212,0.96886713323772344,0.99885301567552043,0.98495957669769629,0.98216860549408624,0.98499876387840024,1.0136497120985672,0.98021935090505419,1.0120915624848925,0.97455815069516061,0.94623028227701089
1.0181578181891724,0.95908383177501633,0.98825920133635115,0.96212110920940419,0.97530258829101868,0.98127079919224003,1.0040075886917961,0.98586705057904267,0.90014273676352075,1.0031662118711793,0.97637184087967732,0.95077537063784934,0.93912822423767262,0.9355338341293401,0.98224129157732598,0.96617868504880067,1.002084103504973,1.0156309031662003,1.005548800804505,0.96610153652256703,1.0416685860888006,0.94034277703019442,0.97570532869073989,0.95189684392881246,0.94654309363327471
0.95842677332498016,0.95490184697859537,0.98752540798059196,0.99209063744669401,0.99489795054068542,1.005300735973214,1.0030553937831155,0.99676946462415916,0.97500136025039452,1.0080891135697598,0.98451996601160963,0.91312074738860527,0.96680751164002821,0.95555677362682778,0.99541539709128823,1.0054536573253732,0.97858383386571912,0.96215978848845074,1.0187728451177225,0.94757041240182616,0.99828827582215218,0.96917799542366656,0.9900646506986156,0.92880612661823325,0.93805472428425229
1.0213990471974452,1.0116484713439025,0.9605239551907222,1.0139350044090389,0.99247210249507278,1.0148935313711724,0.94539579578049782,0.92572864927711684,0.90066246718458653,1.0392902058799796,0.95376682487674913,0.92929167051246386,0.96408056410112486,0.97428674726480535,1.0089960704314316,0.96620100869307202,0.96456336519964347,0.96442192101498114,0.93646355169529494,0.8400978715386187,1.0370375956961913,0.96810775583401032,0.98349718184181945,0.93070742416879992,0.94874173003136952
1.0172594304812954,0.98403969789961232,0.99125933581655401,0.96515497795600047,0.98459278707521181,0.99613278440119091,0.98101728437030733,0.95473604507537024,0.99192486553027914,0.97713285182845522,0.97047211331738492,0.99101259941836339,0.97405877144369557,0.99038191491786376,0.99091001969880099,0.96001086224612187,0.96110142267576326,0.97989266951692022,0.91100682438782254,1.0087582593798139,1.0141046302561398,0.96804965417837119,0.98856762592369873,0.99844233418675277,0.9557530906428755
1.0236886290509066,1.0054215914661355,0.96772698708942673,1.0082645812725908,0.96994477593121098,1.010963806274507,0.96277914154853905,0.95779244786682738,0.97753599888414622,0.96262386562717506,0.93710418401911233,1.0032222454900772,0.9720123722045475,0.93363093934926167,0.9535624194382778,0.97935629850541217,0.97765982833653464,0.96643753786477837,0.99484440929879181,0.99854482803173428,0.94179915897413802,0.95109863338305967,1.0050800618294,0.93912480166978374,0.94676668918061402
0.98730789284397769,0.98127704520300263,0.9802227377319811,1.0395311055808261,0.99549680875706947,1.0205508061507049,0.99133039155480795,0.97437261815221599,0.9638315578401655,0.98923545322442841,0.81301324279205167,0.99434832491042524,0.95000485552691694,0.88318648188469162,0.97945907527630249,0.96546810033186914,0.9800565863764088,0.97578209122646531,0.96964924961411925,0.98055684349542616,0.98615604140753965,0.95950467827329955,0.96397022981856517,0.98908583933138794,0.96700005816210344
1.0242689922573343,0.95379740048470563,0.99152284596825357,1.0161004154611759,1.0075700505370688,0.97887681108527336,0.96942621323117018,0.96462879817776181,0.95785899590844759,1.0053025055160778,0.95099019692622111,0.98492665169622584,0.99354274647608998,0.96899129483583479,0.85208066192214582,0.85622801083234457,0.96453082871562545,0.97687281782847135,0.97130777600351426,1.0130679268549869,0.97922230626871309,0.99534963132548437,0.98582295741308634,0.96321990032140092,0.96298327110582282
0.99606414015326095,0.95747656555274852,0.96585624822491856,0.99137370172870254,1.0278363566286643,0.9087417276832892,1.0118573376336062,0.96114409718051108,0.98518801125675293,1.0147868207002675,0.95027338563563457,0.98858033906804132,0.96349661169915768,0.96603467269036913,0.91055269360550484,1.0118894452770344,0.96745899773236177,1.0232196447181399,0.98263117511256659,0.9815058658908542,0.9618120723163468,0.99213783746988504,1.0104149436085379,1.0169762231008992,0.98688250925613075
0.99551247132797605,0.93148124595906967,0.97778521791623207,0.97688238456239085,0.98172465783960139,0.85263617240611955,0.9991466145654454,0.94246819968752438,0.9855396459581236,0.99297664738691127,0.94968833612498982,0.99585186981478291,0.97372663422923889,0.96876893688797061,0.95868943895334702,1.0043700405045768,0.99342969285193217,0.97085141424746146,0.98185581861153737,0.99850801990034843,1.0391737175873597,0.98486086966715602,0.9904488170113116,0.97008151424069056,0.96363471629303477
0.98152632023486031,0.92517334225088033,0.9910381651961474,0.97081395030907536,1.0201325905574161,0.98460809637909885,0.99460634342267129,0.82029042208894309,0.96783604888228314,0.9783679198069668,0.96482303594232366,0.98833531439153544,0.96792604230798351,0.95931963494511474,0.96754701313882652,1.0052673834824635,0.97063783603352782,0.9972150695477664,0.99854280633849068,1.0254610560069926,1.0078938566364293,0.96328731199612638,0.88325883837957508,0.99639228140656411,1.0022842090204949
0.97942288021393853,0.88159914142048224,0.94766968832472021,0.97860174373363484,1.0016860943264205,0.98356384183572609,0.97945990670272065,0.98298424281611296,0.97891973887540462,0.97057224796430086,0.89154367601178908,0.97044214235120141,0.98716905204645455,0.90904267226915558,0.95618223516724032,0.98039649174998111,0.95427446627379742,0.98027769535279885,1.0009148492036424,0.98532886844091072,0.97723174780298749,0.98530526622679393,0.98323330509236873,0.96747030055881311,0.99365294698024609
0.99321967818958379,0.98569796312509383,0.94441408588373665,0.9896849302733971,0.99424115928239365,0.99623617877480053,0.98668421419636887,0.95080894230056046,0.98733270690598773,0.99546012867924372,0.9805726657112368,1.01276727911556,0.95560613192591637,0.83757834585266533,0.97484027729523415,0.94488537353892421,0.9621477983283373,0.96608210766593094,1.0016618868667906,1.0135504867058565,1.0123638852164711,1.0022578308814383,0.95556975882137285,0.99911933113527762,0.94571187603330087
0.99639120973808992,0.98028200738567306,0.96802413547418231,0.98907295476111301,0.99179588427145771,0.9980840121474166,0.97991371085519163,0.94335334422186168,0.98722275904665213,0.95091352281142383,0.98573841517934968,0.98117143135308571,0.98471444018404264,0.98251559219008033,0.97781038282322752,0.86298138858971363,0.99866757572880605,0.98024259641064582,1.0077410065747976,0.95186432085466643,1.0011089252505929,0.97502457061132131,0.94194091982966355,1.0140112985596224,0.96493737661754675
0.99257299343227645,0.98762965007489001,0.9679540269084741,1.0194962602492108,0.9993662972311238,0.98116958393545239,0.95807648339237395,0.99721021231715745,0.97883421042261409,0.87562966346644644,0.96120830739304719,0.95639925565584516,0.99403638327069266,0.95455968425043802,1.013433455774073,0.92697750544150737,0.97212511236833099,0.95845423920895145,0.97592289552154521,0.89133193011214884,1.0032603677651606,0.9743294641183331,0.9449406791168139,0.97160878740279399,0.97433949822603982
0.99873939839661974,1.0108448980064915,0.93954810777453368,1.0192127648199256,1.0085391672701511,1.0124354310809962,0.96511323388321035,1.0261185847325647,0.95558713715579691,0.94228725399371283,0.97238304741669768,0.91769224411994654,1.0042746780024463,0.96419165556831676,0.96400639835416424,0.84945284428315804,0.9760429233476674,1.0108255386173008,0.97191357011506252,0.99749611841304664,1.0195889529975779,1.0047528022983589,0.96346688298819316,0.99761861376061811,0.9762357830139814
0.98978951193300135,0.97613267468959686,0.98003520409254774,0.99115805808604784,0.99612445189960397,1.0068710603148341,0.99275422198086816,0.99362385787722485,1.0070330434436776,0.98391359162372649,0.93816296616992834,0.98183910783300532,0.97354447689461798,1.0140650613556756,1.0042294274386798,0.99407078988280617,0.99244286264700776,0.98148683995132979,0.92871766811775014,0.9845757080728037,1.0225601240257194,0.9558375591859084,0.95649347545370378,1.0014323494990809,0.98822150653902119
0.97877537134761172,0.99720779021734796,0.9636569073800052,0.97213570701840124,0.95898802287933449,0.98749330407046687,0.96990099083214376,1.003202178845459,1.0169011600964006,0.97830197381560879,0.97183148756665061,0.95489062730220531,0.9439544770193744,1.0118777956910165,0.99572530787942348,0.9962019545080445,0.97131854823598263,0.99974662873849163,0.8789391417459973,0.98282377003628396,0.99341158407904628,0.94749913924168472,0.95756426497550484,1.0052210289555192,0.98424284002520279
0.9485578593876014,0.96520035159265172,0.96994131859287547,0.97774993467251736,0.95795859069380107,0.95449336802162565,0.94963544227852803,0.96504680602533754,0.987520984862163,0.95318603867887564,0.94920416669281016,0.98305511684203839,1.0182990354689347,0.98788026609250845,0.98649590982671453,1.0315501900495476,0.98711272507452974,0.99464577724111869,0.96955999631502243,0.97729489151383453,0.98032198332751896,0.94566711671007586,0.95984570048422901,0.99706342108308921,0.98103706946493441
1.0162080239714313,0.96378652675820586,0.92530301189149733,0.98723207254657075,0.99631956918177167,0.97070286335349376,0.96380073345421957,0.98555765844605669,1.0086305930253905,0.97708376173733413,0.94846153573706604,0.99821840313320898,0.95401400262882763,0.99410301239724941,0.99251576012258536,0.99847752872183015,1.009416879671478,0.99434045729519416,0.99318130255113823,0.9897633323337256,0.99931049481742917,0.980197613054963,0.99405391304179902,1.0236631456485334,0.96961489565648606
0.98363478970036489,0.95628196370290541,1.0011258924856852,0.98398686014604786,0.96714681467623531,1.0138274377300738,0.98889802708541619,0.9918191442282086,0.96037270744139513,1.0122964865947781,0.93736117274086717,0.97268017830635112,0.92668110687309602,1.013766576166236,0.96990321946527347,0.9872344750718397,1.0238542748735684,0.98297409089241405,0.97715246239628617,1.0159823198167661,1.0150797540416694,0.98122748281437711,0.96906370988646862,1.0018386786498266,0.95834053569525457
1.0283931848547181,1.008018392560621,1.0066281959629697,0.95010123362260179,0.98025875452596345,0.96403876996017113,0.95905777540492354,1.0127320382001608,0.98730359065123541,0.98081396282515121,0.86431129161143905,0.97942814701438818,0.95583272460683177,0.99661575721886153,0.97346696465617932,0.96766222701685045,0.98831533520582926,0.96999416286178775,0.9914607241269342,0.99105733019171272,0.97949996499198644,0.93847907771058248,0.97970024492457997,0.95346873522762698,0.98158011185525473
1.0365828123614516,0.96924880521936319,0.99370489858987898,0.97383089737864748,1.0258726899575716,0.9931915424761143,0.96411506265135805,0.99130479162867524,0.98356917852675374,1.0094064175539115,0.98857200762353703,0.9793383744723172,0.96400240622885036,0.98163852334259349,0.96108764022931481,0.97180644944887573,0.99394899290006911,0.96666902239944763,1.0223279391272155,1.0059945837649116,1.0190808293512117,0.96263764843941657,0.97340898424076705,0.95807548062843473,0.99314688199313816
0.95339090912411228,0.96793814957632285,0.99155769450019549,0.9581342272352853,0.9377624624739197,0.93493884118025949,1.0100732546206024,0.99936232440837014,0.95384070353132755,0.97597313117375994,1.0008950829013823,0.97601670792484718,0.96227132088844058,0.98444704169332053,1.0040179779727127,0.95429396733646232,1.0010431682860932,0.96656646593143636,1.012279081133711,0.9756540860662738,1.0177391175579389,1.0140449942801228,0.97686539808909634,0.94388288089476091,0.97856483653651671
0.96089001477939529,0.99772612595942156,0.97820521106013114,0.9675460414742354,0.97870539799028666,0.97253629252195195,0.94819276708118228,0.97002191107745561,0.94923924162922158,1.0208694509539586,0.98987985334201523,0.96666550194362455,0.93764093863388942,0.98641189073488833,0.97621421320044655,0.9624757199181756,0.96212830677011407,0.95060316108708498,1.0124766242591894,0.98372644695637501,1.0309322699644001,0.98556424455711655,0.91338879145060603,0.96896874025996482,1.0013402567662215
0.95157109370897786,1.0007986181321173,1.0263588528656928,0.97709422392259304,0.93117348370573738,0.88187144806496154,0.9594588785210364,1.0081915862376423,0.92231537554930754,1.0065066698695877,0.99370187363270246,0.9778043748167492,0.95925897300481711,1.0147692390870842,0.98245826655844004,0.98469153982873581,0.98561917998355486,0.97571961835144649,0.97754589902091782,0.99529120216977152,1.0288189413932816,0.99897951196560086,0.92535420328121076,0.96763162417520765,1.0090190981929439
0.97030677253734832,0.98798592534692409,0.9958140413853136,0.94836607074957724,0.98892999824131,0.9589587615552353,0.9810237528284339,0.9947600936328439,0.87276317883733256,0.99851955511252977,1.0024986608743913,0.99637619309016245,0.94594889261433168,0.98395633516729442,0.98219768829784382,0.95709290409437375,0.96968614481385129,0.80490889789782527,1.0088311020014,1.0197107780995691,1.0036440423144122,0.98688598839453034,0.97328551848896561,0.96695338158645217,0.99915702273645457
0.96675393611377958,1.0074904290384754,0.9783788686028303,0.99594986892176296,1.0087773511886622,0.97148358773314414,0.97776790489567011,0.99589404272054693,0.93039992356219881,1.0120335155526223,1.0245251542276181,0.98362110872983599,0.94605851418135989,0.97679895551571694,0.96121463513935823,0.95752529571029832,0.98023933957829512,0.94511099208892191,1.0015172934085133,0.96734710831670978,0.99649936816300433,0.97892339284103336,0.99448592202746033,0.9329242797208338,0.99159693494874623
0.97363351499040851,0.98820595348180984,1.0040463132618114,0.9712945670786971,0.98212496028881946,0.99325938615781451,0.95810832277701596,1.0016978670985044,0.96276753142421023,0.97277706341308678,1.0070871050564636,0.95907930074612902,0.97347516469030193,0.97364990974368049,0.99453284663451547,0.96236637850180917,0.95154069792081075,0.99204946690727003,0.97130405790072138,0.97989493372160719,1.0034156069711997,0.96281027458141055,0.99449322935749418,0.9681902239020016,0.98675354879809463
1.0002033638416505,1.0147936718478641,1.0243782649446012,0.96406631831159562,0.97360494228869476,0.99984405251446473,0.97578832626131706,1.0014450249040694,0.9734606311602958,1.0184994167533834,0.96022923950432337,0.9081911853972422,0.95114271245877702,0.9469680331632323,0.97703341668120203,0.98601498559957435,0.92483372297927657,0.97526007650114899,1.0090230975341854,0.99361865223543755,1.0134732265538355,0.96056524081405126,0.97244737721021857,0.99072678578178941,0.97979821939549072
0.99121989020404999,0.94751740927743555,1.0278232000415966,1.004566788746009,0.93411691987926204,0.99448568454167074,0.99270654434918337,0.99890393275697176,0.96952462943440809,1.0001680332159326,0.99953334852293707,0.96172939572941174,0.97404148071006835,0.98362743706999034,0.98928325279411466,0.99611287336746923,0.99165159926322444,0.94929087537944445,1.0003847912642769,0.97524013927456732,1.0003304602689018,0.98962918632225272,0.9336965971024852,1.0358793941303308,0.97170503675200737
0.96760185017667577,1.0478589790953339,1.0363804172293627,0.98966277031055017,0.99148522404643491,0.98554717587017238,0.95426859711839462,1.0007926422522189,1.0333423494046374,0.99745743078287952,0.94010608288509756,0.98037407005980948,0.96122552055768917,0.97413671531499191,1.0001352728563335,0.96492584291476269,0.95822593906665521,0.98683986693351144,1.0244399782965774,0.97483419666532767,1.0017663995559503,0.94762472779077023,0.9695759038556051,0.99209937002300463,0.99337388177944619
0.99804180624354177,0.96661981842056111,1.0138876865005324,0.96365233245668569,0.99671381663049285,0.9831562675993446,1.0039220640061854,0.94667975591271469,0.98884538944465472,1.0282670306899644,0.98431751171108883,0.98385413243730357,0.95475155695898462,0.96548764126487352,0.98864797554445527,0.99508127807123536,1.0176929498353453,0.96103392993287073,1.0164924963368063,0.93574005330406262,0.97516966191864396,0.98033176953864853,0.98463721614911692,0.99251821004784613,0.98440469662174956
0.96660292627232314,0.95617863449121976,1.0387717944410355,0.98810375266112138,0.94673695363590082,0.9969883347118389,0.95686757916539866,0.96605044621100322,0.97783891334506534,1.0115220552808659,1.010477079399126,1.0046209413008385,0.99601574955041106,0.94270789811281264,0.98254408707355756,0.98380379739296531,1.0010548381321711,1.0014168834350587,0.9750896600387946,0.95023333692024758,0.97067922274966623,0.95456749738280111,0.9832463338254247,1.0079368512089251,0.94904196462627111
0.98006942362058092,0.96530382737524678,1.0304317339846281,0.95527052568388215,0.9676981494617457,1.0218359640739878,0.9623818317115207,0.99772351618515764,0.98888568342538052,0.99552053056732448,1.0067289965097581,0.9592346796322726,0.95746425454939699,0.95623094063061354,1.0090391136585863,0.97830450216366827,0.97883886394905006,0.99150827845148781,0.99941784315571225,0.97342710080023065,0.98990807478823606,0.9655302803992899,1.0050986366759094,1.014280013642018,0.95077424751958328
0.95397433459724068,0.95412453832172217,1.0200920672787988,0.96334157206227733,0.97300773309146082,0.98050552843735617,0.95626380962118651,0.97301220652057996,0.99306294857718747,1.0108088081695792,0.97521602464659241,1.0167622285273097,0.98030607159753036,0.94010879155049365,0.99855464462882781,0.97754121261956639,1.0221347970472379,0.99952770840712835,1.0043071665631789,0.95045605681648271,0.99076285140786602,0.97173382381726425,0.95173395138815287,0.9905389886782594,1.00447790762594
0.97111386414619061,0.94272176988083201,1.0182803656614448,0.96662005513584548,0.97043690769537505,0.99662671944231707,0.97855023915701456,0.99447515543880671,0.99244564799647361,1.0221069700051808,0.99024994889539153,0.99928294070288481,0.97604964655888526,0.93309464039936663,1.0181586290847271,0.99306874008043866,0.97678578159322282,0.9569961153916442,0.99295898809934757,1.023839731733716,1.006449846642683,0.97441371516453956,0.95577892348060811,0.98743437903130937,0.95370846111969043
0.97974618769969313,0.96752467441590084,1.0270921640745347,0.94778644584461336,0.95957396820539076,0.95971888882509759,0.95382496877842349,0.97843221230150157,0.97333059357449581,0.98914392533249473,0.97595777308638065,0.99639073085161611,0.99831751027713111,0.97978033601787151,1.0243913875304067,0.98114922816109229,0.98229461449974598,0.96954497697177122,0.98010628874816674,1.0125469851144344,0.97399969040148759,0.98055104113737812,0.97978924380741061,0.97217484804472831,0.87593046024552956
0.9905371363268467,1.0043172599973222,1.0156855420949937,0.95753367203773576,0.95010197120455397,0.97384025358497184,0.98713122748246129,0.94449980278104717,1.0164518733148435,0.99643823597101566,0.97122147738927389,0.95442444033470542,0.99357694011525421,0.97937350716967031,0.96399410163282895,1.0344129711166232,0.95793919800453797,0.9655069822363469,1.0054055658602028,1.0082745810636831,1.0012015539023671,0.99369493276527976,0.94579877942023305,0.96261663829259425,0.92846120788611708
0.99963054055652956,1.0141795103937088,1.0291623116720752,0.9627801167282386,0.90987561926293681,1.004568130435405,0.9928630271190676,0.98896120559009892,0.95232284981157289,1.0021449781666463,0.97194381817477626,1.0083368726860673,0.99576276365550842,0.94142799169712521,0.99689523943291969,1.0131287740551507,0.95991502861215927,1.0150329861757501,0.99793170511301721,0.97784463390519338,1.0033905025871042,1.0119104393539433,0.9470480275186941,0.9619830983766432,0.98319731642064645
0.99118908621980206,1.0158157264659311,1.0236592774441904,0.98127714222679652,0.97015675698185744,0.9742349088947192,0.97326649037943669,0.96438607472449023,1.0060800506952128,0.97609061437235334,0.9808988039693366,0.99419141979728654,0.9521614034898096,0.94835644634398042,0.99311700093395361,1.0231827116601868,0.993522083877588,0.98025431675261665,1.0095664599653149,0.98459066329637701,0.96319830317448518,1.0220241679082231,0.96209208314811379,1.0343704598082575,0.99709753149893265
0.96446519283188725,1.0062766725364813,1.020385377625185,0.94293164920380446,0.993891493921782,1.0184739003886336,1.0093936991745345,0.96632456273108558,0.96287800031758586,0.98985855480304075,0.98020923816847172,0.95830204103474681,0.96654486347829294,0.95523953441013376,0.99106165550080272,0.99377544323524791,1.0088445563040569,0.94793517366452684,0.97800682003448247,1.0060770269578865,0.94401217501346602,1.0069775007718655,0.99077588471902389,1.0265477937588574,1.0080800879276453
0.94292016168616799,0.99163851992103746,1.0248482581879681,0.96477831014841264,0.99115386104559555,0.97198158704192428,0.99667588519377137,0.96563510161032629,0.97631517854706151,0.98335800286605002,0.97912760851560932,1.0143444032196092,0.98420489963880287,0.95697263412144884,0.99023299887446958,0.98725345829417199,1.0074049757383161,0.9651851416877919,0.9589795523328779,0.9931292111531641,0.98392453257920243,0.97618097367485113,1.0191823742855244,1.0138856043040441,0.96588345472147652
0.95307362269184115,0.98911253839563318,1.048868532009426,0.93227510560471338,0.99327126181498904,0.98722292424192581,0.98914952339854934,0.97043939193026996,0.95442552530993319,1.0071503456881998,0.99907528351476527,0.98497430448227641,0.95317323941626808,0.97317139909682204,0.99605767415682855,0.99913359108927946,1.0062214974153756,0.93247708997903067,0.96086405858887081,0.98058473059666851,0.94115592030498207,0.9973034047585847,0.98617881841441368,1.0214021798870474,0.97753934891581507
0.97259476722978555,1.0400188837508113,0.97804072304302558,0.97749260138948346,0.987304612536545,1.0053286603770433,1.0065687017418352,0.97520851500548844,0.97102137306963443,0.96199502016994376,1.0136737539282159,0.95908986364514148,0.99539271534824048,0.94639847042860437,0.98297959842059723,0.9570349297646058,1.0047445107965045,0.95544532106494673,0.98302264726978295,1.0058804365921528,0.9846228853929645,1.0122599586082823,1.001560992946378,1.0075559255692623,0.9975381544557117
0.9657789274202061,1.0106410754658037,1.008622239859259,0.98968571112402615,0.99520300696076303,0.96730483135636303,1.0045383014291875,0.97025921369670598,0.98689508906285295,1.01814059236937,0.96815676740276657,0.96625185205250796,1.0126249855099319,0.97051385363530818,1.0079158271277111,1.0113710925265282,0.97383899589017708,0.95060485804097483,0.97933085371543571,1.0179050754947403,0.99329020335426732,1.0221639515939347,0.99671159007667998,1.0243328707630153,0.98423016411607533
0.99766334348166152,1.0220986650254746,1.0141409136819102,0.99071676711497514,0.99719307413481895,0.9790489565668592,1.004330149868091,0.98122699931945079,0.98034407744375651,0.97502336120283584,0.93825212786009793,1.0353758353253382,0.98247674917823791,0.97845395545483915,0.97385786590041079,1.0133731550535536,0.97775442654050659,0.95828127962881704,0.92712884221728253,0.99508089005732259,0.97956586225068754,1.019549369870054,1.006368794504136,0.99024003458116372,0.99938419613177976
1.0068519267154019,0.97019291613488767,1.0109583894048821,0.96667114493734152,0.98701660039054295,0.97703282125389523,1.025619444605183,0.95757164672014383,0.96601630171368258,0.98837210194783554,1.0027929404492355,1.0044937876074094,1.0118582315049101,1.0285377860483045,1.0090924564175785,0.93611487566350937,0.99258556885703486,0.98378442769308971,0.97491756237624283,1.0126200918353099,0.9913446307449707,1.0330019482846218,0.97997686789494631,0.99564581318626955,0.97672233864541791
0.9781325166303072,0.98730286656634081,0.99751786482375149,0.97065672599957731,1.0038076163560608,0.98856863186057942,1.0064893958870231,0.88577813843792985,0.9897366126588385,0.99959366029063634,0.99077306748554095,0.93524822069185709,0.98889074425385159,0.97589174979514304,0.98817748956275375,0.95226137579058312,0.99280330973728381,0.97736235972225227,0.98410969303152107,1.0268275717603152,0.98078413427100741,1.0307472518216851,0.94436900693317605,0.97542926974504129,1.0065567512706395
0.9635943354644958,0.99300992530154153,1.0060879698814194,1.0037139201453908,0.96241045277197856,0.95602678660301998,0.99800875373732401,1.021245101546451,0.98069013094751301,1.0101440538007036,0.9974543856195186,0.95909861436668153,0.9523898699666542,1.0066426552666585,0.98228040799680727,0.95256167273553938,0.99754673297634711,1.0315853636238772,0.97119937797737621,1.0406370495788357,0.96683962165021076,1.0113471214519005,1.0156045982167694,0.96647968519467498,0.96137764778802726
0.97494182429237441,0.95826794517448954,0.98086427978431845,1.0021930582671454,0.99939126229302577,1.0001488042879776,1.0083111073902586,1.0342469883687917,1.0231073175497138,1.0226139870338775,0.98366029847586978,0.9825128443293909,1.0269077156349016,0.99889903226858245,1.0015708572646633,0.95884236202170781,0.9947394113257616,0.9891851805328572,0.94700851547187626,0.98711319651971041,1.012224639200213,1.0345791886135656,0.98037158110581946,0.97440624039691459,0.94995030363557575
0.96024177729153559,0.9750000373490264,1.0042870345015542,0.97356684638993385,0.99112250070963559,1.0036623494982762,0.98913217095290129,0.9512160800263787,0.99406755085258147,0.98937351663361373,0.95115522804097574,0.99862089176787494,0.99542798263813659,0.9971575210046183,0.98049612889806459,0.95322387806365083,1.0261088192956394,1.0129254795841309,0.97491301067625646,0.98627083506074575,1.0017397481814911,0.99942051158076195,1.0154079548686499,0.99297084310531414,0.93544174248393108
0.99414759187408974,0.96557842467445032,0.99500460197591512,0.98523204559465449,0.96053050120571071,0.97050920095404236,0.99219035360058971,0.99811484397988681,1.0151003061344681,0.99834845923050342,0.95025113745599332,0.98401498880295624,1.0163770075536183,0.99459750259817736,1.0140779016743722,0.94485588040507984,1.0169806969641981,0.96004382802150579,0.99540913854145152,0.992382555453038,0.95782418972020555,1.0007083059577568,1.0419749380174614,0.96942981527991412,0.93920031771794721
0.99318136226759879,0.98469842716124434,1.0183788936987213,0.95601475948883774,0.99108067566541502,0.99598561971982924,0.99269425273204681,1.0091559708883699,0.97976456329255079,0.99711330004954712,0.99199386248779386,1.0071263452527661,0.98514024994268279,0.97244636478675062,0.99801452718026062,0.95185632804935205,1.0208908311200571,1.004190074400364,1.0190133430562902,1.0027014952670397,1.012902885719368,0.98853052230676097,1.0285608269852924,0.95615328410223066,0.95448143606221258
0.99841950836778082,0.98443434495124615,1.0109938857731033,1.0195025599341492,1.0167970131959654,0.99130127147084979,1.0102151594843845,1.007164678864289,0.97616752265013018,0.99081517166359978,0.97526540170157139,1.0034706968298759,0.99465349604002395,0.95478344018921857,1.0089143883161513,0.9459182903993284,1.0181678527876583,0.99582389372560298,0.94730397320553106,1.0127689203200976,0.97651293088881996,1.0132598851413019,1.0537538736747707,0.98765958188505065,0.96904197861824448
0.98800666134205084,1.0063885002607222,0.95490573031982096,0.98610308311611261,1.0283158129912375,0.98140694397067119,1.0206455526931024,1.0089634456999088,1.010409551468509,0.98965243487405208,0.99526495103728241,1.0045413669926191,0.99143088961026493,1.0075005339769456,0.97222550799134067,0.99778589484728253,1.0013235824607334,1.0183561583185632,0.95898436656319752,1.0300498500389443,0.95435822424079919,1.0023292735608262,1.0053871443712723,1.0004144859355262,1.0243751840767172
0.96048688741084998,0.98938783802841634,0.96570695151500807,0.97685013773798401,0.99832986942849222,1.0036702075517452,0.99860115765969171,1.0102160083285634,0.96986874619532637,1.0009938679762538,1.0029132757765014,0.96528869318765798,0.94794640388960894,1.007472708069868,0.93932200795491583,0.97653392905044689,1.0323683967749873,1.0023820325499371,0.98069278206006316,1.0038850955962313,0.9439391324306039,0.99673272187192996,1.0030523533308597,0.98001412158074452,0.97876300773239766
0.99519709527376121,0.98612354735327545,0.98889995830597022,0.96772166664099102,1.0177888063976033,0.98970774711950515,1.0076475560905265,1.0050420500662696,1.0082845256317114,0.99957676467835088,0.99167989278906477,0.98103064609589086,0.9866427193476206,1.0043673100874313,0.93711719056900178,0.96660775990880987,1.0082068851406261,1.0082187356145862,0.97213463283143953,0.99369010332838192,1.018754939980552,0.99665942966710497,1.0089342734883981,0.98783450737393286,0.98579147291731806
0.99662584124109888,0.99019471199747888,0.96872252344092602,1.0188427191290181,1.0140911231192635,0.99369127856104023,1.0220265074913244,0.99081270582364267,1.0148699662186897,0.98448130459844541,1.0112762636607722,0.95938908712333637,0.96692926849080107,0.99010973947850911,0.98845291085533471,0.99466347522196696,1.000249795016577,0.97855307611346509,0.97680574107524631,0.98224661282633374,0.99197067323553045,0.99119154113767727,1.0211551871342848,1.0130834589859465,0.95229824884741421
1.0141426157657858,1.0023828201834624,0.97500561517668483,0.98524429596583951,0.98345418709638732,0.98984605979789408,1.0147242848394633,1.0025378364536657,1.0104784010585055,0.9711845944598444,0.98050603671347292,1.000561032650128,0.91733051022673695,0.98059777745625576,0.97865691555903744,0.97127536253964597,1.0027037220946815,0.98912935882797781,0.99000463158679097,0.99189397587153383,0.99723858384142061,0.99897390582392864,1.0203456238442057,1.0056728194349716,0.97480600703281517
0.96641753127711505,0.98974730457971671,0.95760530578240011,1.0056797519924199,0.97989465056312086,0.96776762937664795,0.98081983180207322,1.0058344834370403,1.0003880671887035,0.97322391999009694,0.99370083120348618,0.9974819443360422,0.94679043576449196,0.96133668721683496,0.9730032470361607,0.99753587514972197,1.0003373373980577,1.0014169262331563,1.005447568406,1.0306801801653664,0.98789091422968567,0.99923229277254977,0.98712602465964572,0.97803163799243209,0.95249405776326901
0.98893802835763733,0.97653118036493269,0.97413105656883159,1.0381921296041889,0.97911757663538579,0.99211703844913646,1.005975678044452,1.0107172017350505,1.0209622465134325,0.9341620003276867,0.97554173767944308,0.97735684332813377,0.8729777717242353,0.96581630535645524,0.9592345337317042,0.95624932353575376,0.99592074015146359,0.98506193735991954,1.0226153977573675,1.0095015831644629,0.96318113971352737,1.0095365948221955,1.0194346643555363,0.99800297537708604,1.0265761201056636
1.0110720381992873,1.018778824621819,0.96087306390583793,0.98805873930208021,0.94419701259135824,1.01283889695303,0.98440418639548066,1.0020395616697997,0.97916641608800803,0.98358275167458897,1.0216310171194734,0.98760524955382978,0.98819168868424601,1.005901718699113,1.0344506957805939,0.97196353519320788,1.0047702923853368,0.95279390492424387,0.9921816642066843,1.0341808964517034,1.0100844997830889,1.0118142198640503,1.0089768787143478,0.95748070738688629,0.97088760592529399
1.0199865461991267,1.007549910257947,0.99254526408355925,0.96866399734884912,0.93420325319987263,0.98027223546405395,0.9573418790069641,0.9721226542143665,0.99741007042782659,0.97489644582988244,0.98157698904141188,0.99185788291778809,0.96730286544521338,0.9853237372089434,1.0281062331082489,1.0110104192013807,1.0066827509305736,0.96304753166743573,1.0260811990208456,1.0001581950949603,1.0073296519168395,1.0005253704854424,1.0198672798133503,0.99952747527234109,0.97029863642918779
1.0094202913531605,1.0058699836824134,0.97897090635276962,0.99725775566793617,0.97085567046079368,0.96778310126209011,0.97895797665203854,1.0054685201122884,0.96947581600828936,0.9795118702308202,1.0015590124711713,0.99184593229446993,0.95837905031017812,0.96269846815629412,0.98117991129033144,0.98447399858737783,0.9932760630548283,0.97566467134514334,1.0060522643266365,1.027064476581623,0.95623176467953819,1.0248464890184916,1.0218711694237459,0.97960324307608526,1.0023512708571984
1.0193247994654706,1.0001859072497343,1.009590958903916,1.0247378364683286,0.97030839381802236,1.0186036367284064,0.94566572675341309,0.97775873476845165,0.93988866823048633,1.005360705092643,0.96625395614756304,0.99459998807995342,0.95157198645901686,0.9795642560731217,0.98062748773262698,0.94484819357900807,0.97581697379808674,0.9964832170798269,0.98909807874278477,1.0182011833518534,1.0029615469578905,1.0029491928029091,1.0121952238474481,0.96220543596205932,0.97914606126065806
1.0005963792470636,0.9900089426313794,0.97982123064874938,0.98812679703578832,0.99615633079845001,0.97247496718906856,0.98279600094498032,0.9900824528533464,0.98340412115474474,0.98080704994611256,0.99425089124291577,0.98344647813456754,0.98077482529952564,0.95177568486862363,0.98400982243581236,0.97577929196565882,1.0176885652511765,0.96224209973895469,0.99960933579500255,1.0134082548256897,1.0189830449897535,1.0135521129426386,0.98707828635998107,0.94819341670796997,0.96598824164427322
0.99985459157757284,0.97413368563914859,0.95026104044253656,0.99284370617158513,1.0278046330876487,0.97624196801017427,0.93905951928934972,1.0145343315513582,0.98378955757386499,1.0098394973395004,0.97800311939636919,0.99151832122401529,0.98614447614264367,0.95129757762917788,0.9847131626501372,0.94925611661256248,1.0279341298858016,0.97308757064502793,0.99196791802473172,1.0058706983903574,0.99359468434051812,1.0161476610424511,1.0300431780149875,0.95960988685148985,0.94895007008506538
1.0097166167956124,0.96948903314889578,1.0310695723464749,0.98573420299468895,1.0041660922782711,0.96897872972377697,1.0144845969651044,1.021623736183638,0.9571142617442574,0.97920894287849569,0.99403536698594153,0.95548707965896629,0.95766235457796922,0.97746368560611252,0.95931299806613191,1.0363927184581596,0.97910479992049193,0.98851276102684615,0.98018778459985811,1.0126331153033914,1.027295433145841,1.0154031232452976,1.0394705081998097,0.96599614325307914,1.0117350484796164
1.0103305334428663,1.0017781471371701,1.0139907977535001,0.99690233439178222,0.99334401372875836,0.98225636666485716,0.97887567791939833,0.98036153123776881,1.0342473635232652,0.98815797027226049,0.97443334734953369,0.98974255838887082,0.87790402442033122,0.94610766536091251,0.98224406173864953,0.96171219141409103,1.0234585222830088,0.97547626147600586,0.98492673514501439,1.0102778665160284,1.0008734623488398,1.0119732108025368,1.0266700289930297,0.98001002995654973,0.99651362543829725
1.0048193293847607,1.0091502595255633,1.0019210643623317,0.99425249318663234,1.0059372337220687,0.97138859207691131,0.98036596858858038,1.0174008023941572,0.95173565478597011,1.0201636738773698,0.96805756125057452,0.99904174004294222,0.97186873825613185,0.97396563046820861,0.96093039403658098,0.97429552395918206,1.0131059846729817,0.96673494939937776,1.0116092405834947,1.0006883710986672,0.97730262267550483,1.0172143354030552,1.0230515970248837,1.0012348341862425,0.98446240324829759
1.001811494523833,1.0015861275256952,1.0475789135255995,0.9731179752738216,0.9648851245049509,0.99791047305693215,0.99601032882911422,0.96782895755844167,0.98545889923758589,1.0196351027488753,0.99204804203117813,1.0181637067071423,0.99910631462715538,0.98894940366572548,0.96638952588422644,0.96536834820921524,1.0336028689639258,1.0020333561821004,0.98258890521084308,0.99343271138129985,0.91481213399163208,0.99300450717177646,1.0369814373590718,0.97339795998716605,0.98341375670104547
1.0048653607103055,0.9979340072728452,1.06566990521639,1.0188411803593942,0.96887752187941933,0.98905103948917716,0.98487750024758858,0.97425110207956389,1.0264967983902371,1.0042978660501543,1.0036820543823908,0.9781633236222147,0.98577081417698897,0.93109935907522678,1.0000830608108262,0.97315417713172236,0.97404120759814072,0.97832442897603622,1.0145919239211165,1.0140145984850086,0.95788156255817059,0.99364313124258641,1.0134294478644457,0.97175017966585664,1.0084399908630286
1.0126671153256557,0.97693850841506047,1.0221382625564286,1.0370622502013336,1.0064374408738388,0.98802473427879345,0.9782662928774648,0.98165673994440839,0.98318559927356519,0.98366346473615252,0.99581970607053583,0.96045460237618563,0.94926526654859833,0.98424798379121237,0.9699842730331516,0.94225635308136002,0.98529818596352159,0.97432956861112174,0.99526440814898498,1.0136434790385018,0.94201894800771568,0.99880542364851732,0.99371252881101824,0.98071464088553484,0.9593591316240444
1.0036724295289237,0.99662041247003241,1.0213290228409044,1.013623175225707,1.0213898584278072,0.97166610302146683,1.0020049053233702,0.99032600032576046,0.99597397124939724,1.0388845268563933,0.94847478395434404,0.9449526408366139,0.97997994299225366,1.0049074645974068,0.97876825449655958,1.0151366027220747,1.0137623024112994,1.0093321115608123,0.98910686738182196,0.9753552282014436,0.95803118946429677,0.95604968263220269,1.0220825867330867,1.0150989650991602,0.98561291082829394
1.0215956863399565,0.99585449189502584,1.0118858249684659,1.0168882649445707,0.97428732653658268,0.95568709304852995,0.9972344969841187,0.95855665303184356,1.0162906672323149,1.0261099792889352,0.9536175503890596,0.99706424361781554,0.95821931162502794,0.98483249491708202,0.97217776260196631,0.96533029641942159,1.0119333636082168,1.0207634188302914,1.0031918223222571,0.99810398982404991,0.98121837096012254,0.97814551183963638,1.0495714142130823,0.988369000849178,0.96997450061410706
1.0060584751519641,1.0021784567764573,1.0355983115445779,0.97096016855947864,1.0141403485391165,0.96803320469507848,1.0009823568263618,0.97254697182924055,0.9873467110155878,1.0196911535466529,1.0178758559042564,1.025657547674691,0.97786674157003806,1.0168092178324661,0.99826428833949965,0.9904456756383142,1.0000791498664261,1.0497322909827995,0.97141886298923641,0.99274908700819653,1.0114575352095778,0.9680596961138046,1.0212260932601098,1.0364454382291264,1.0298045151655637
0.99610677884665433,0.98601954299115713,1.0418891584951704,0.97920763327788896,0.9966943347918511,0.99931717744820503,0.99695329330543359,0.94719266416450643,0.9853961453775042,0.99853017998864346,1.018946073397341,0.97176529232050213,1.0053906255484863,1.0068757447750896,0.9342428085364195,0.96779536077417494,0.9817877547671896,1.0446034305080214,1.0110536816449607,0.98970107935955021,1.0463363517494546,0.98022353102407178,1.0118944309534512,1.0016106735982295,1.0171229972199018
0.99207247738932081,1.0052026971539099,1.0363304790013643,1.0010720937947999,0.98813874209774133,1.0014358183761394,0.97635299160342914,1.0094432652380338,1.0040663058313359,1.0068906934430517,0.98582260498270058,1.0275097966076123,0.94059365960126418,1.0278592497679955,0.94776597866941781,0.99216690617983061,0.98943931840792743,0.99939998425559484,1.0108912718197278,1.0044930235084744,1.0214497629939179,0.95926100642094403,1.0166237629613168,1.014662986385221,1.0080671420631744
1.0107463364014322,0.98160499317443184,1.0513440788422217,1.0079364047796762,0.99471666251845092,0.9990684694166635,0.99484288885933769,1.0196472299763972,0.97767526827880513,1.0121482343415773,0.99059440709131941,0.98312730212746058,0.94284793160122926,0.99823151717810021,0.89902246808334585,0.95869973305252765,0.98397804413936685,1.0084341621921156,1.0452908413757029,1.0032174429294771,0.97986502981218759,0.96093241318305966,1.0410547811258029,1.0571435807733027,1.0204904350740831
0.99286457339599099,0.98342031252694018,1.0444072843814176,0.99829165228564132,1.0035650418909379,1.0286797369279235,0.99841185307261204,0.96721035876007699,0.96936013621627737,0.98716341437201061,0.9842618463074293,0.9870406489204,0.97821264458792978,1.0028086170840795,0.93084995890824418,0.95868018708666558,0.96798945616082266,0.99559276162328025,1.0245721814681852,0.99142067487672403,0.9932649169612322,0.99107095726494809,1.0266862272680755,1.0297234989706701,1.0240847621910316
1.0501249886734318,0.99580373314151716,1.0337354156826761,1.0377786026488935,0.96200855705361532,1.0260369200591599,0.99890482148818283,1.0404383824173775,0.98483565641721993,1.0077383735079437,1.0200706057750499,0.99139527175882625,0.98916445237232953,0.97835100146234943,0.9718531267152557,1.0286042825459381,0.93429762917723369,0.95148085758319156,0.99870244325886881,0.94387150841300416,0.97446284407906769,0.97372534508868014,1.028569370791951,1.0509124106148675,1.0350522824647328
0.98254109049531391,0.97926805291372154,1.0070519996722678,0.98232154702311514,1.0341809512870774,0.95920372836729317,0.97701634099575752,1.0120640022594867,0.9896905730209502,1.025608779122869,1.0071799087716129,0.99319758768545952,0.98341496706359144,0.9826503343489329,0.98070388126357089,0.97574252711611931,0.97131691716249202,0.96242094824744406,1.0294290565263897,1.0242671266317083,1.0044594103295412,0.98778394703200234,1.0282958769341923,1.0094843287481536,1.0023854200929316
1.0263375535880825,1.0010882656074733,1.0032593287597811,0.98926810734150683,1.0015476579021634,0.95783285802636853,1.0031852852213587,1.0424733019265657,0.95496145966819579,1.0260004581770028,0.9872621366274541,1.0175875460740209,1.0020545075414755,1.0168206389806425,1.0021595589273595,0.99088364233502513,1.0279455378307965,0.917542554199968,0.98444292721216731,1.0085270639998747,0.98253599707679551,0.99135084752758229,1.0213044381786893,1.0069165230539012,1.0237160190835639
1.0171808704893055,0.99525910340476265,0.9409989258384952,0.99830326706106898,1.049456871047092,0.95354003911128071,0.97324302947545882,1.0220407507617748,0.99519227003095967,0.96273688369822918,1.0113575177565155,1.0015083099542108,0.99246926912334055,1.0216691562988958,0.98220914370805645,1.0041410385341016,0.97865396555701722,0.96621144038318962,1.0169000455781303,0.99138797243761845,0.99325217345181882,0.99637051920814124,1.0127162715686686,1.0644904476570964,1.0569673042026491
1.0162056472864023,0.97857584715328305,1.0010765567928748,1.0224916657204162,1.0172825028622403,0.98908537972427135,0.99374519506674708,1.0425737618914068,1.0038172696955545,0.98666980061416587,1.0146986555995927,1.0168481971077805,0.96354216747643162,1.0096677125025633,1.0092625690440225,1.016296724974046,0.91594913883430162,0.9536434230476728,1.0383098694315227,0.99983686072518241,1.0127810821886787,1.0162081983250717,1.0283279099893856,1.0366621225681587,0.99789813694845697
1.0117902127625862,0.96856741656445222,1.011753474163354,0.97529469640198563,1.0126734126515866,0.98976274343244441,1.0048289181257839,1.0361329873633358,1.0126408543778533,0.9633095548416768,0.99160473611648359,0.99277408950544777,1.015654752377851,0.98779539640141512,0.99741332426549278,1.0077092135379335,0.91609521223315149,1.0011926637033717,1.0329620069941641,1.0444504380096193,0.99707778703254291,1.0251701299355853,0.99357403932036792,0.9939102556371332,0.99946067416078455
1.0278375462755507,0.96493551886932338,0.99809961790643442,0.98453999234661216,1.053959092357214,0.94564212810183468,0.98696917976423704,1.0243247718800961,0.99225617572895553,0.99341093070619668,1.0127439576405912,0.990139042942079,1.0008708382760716,0.98559758439603662,1.0053860261949699,1.0048187184785702,0.95551400082159421,1.0047728983508448,1.0132197821521176,1.0129872641034448,0.99929079500095208,0.97953060950931237,1.0500837547544166,1.0371323286141454,1.0181598554499798
1.0069607298294325,0.99362521186565178,0.95367172021018465,1.0084445759453655,1.0346668404507355,1.0348524632127534,0.99061038724891148,1.0318358399200132,1.0091706825518856,0.99678550090877294,1.0105838132749709,0.98375046985105763,1.0286879927715531,0.97724606322323437,0.99406626067843895,0.97911669758672781,0.98546042866629502,0.9945381720663321,1.0481229854315548,1.0236620656029167,1.0418378110202426,1.009794836018409,1.0183280238764461,1.0179569047403592,0.99258147535849939
0.99758220016026,0.99524418732012354,1.0088163296331689,0.97952292574032207,0.99889205535547121,1.0102058065450559,0.97214264718161969,1.0013134443001959,0.99893886448394742,0.98394690209608382,1.0106470779224126,1.0392351931656081,1.0304901519651439,0.99074283007767072,0.99714008140579491,0.98891435541778083,0.97798488354639224,0.97204674469394181,1.0201285598171064,1.0197945825635721,1.011760638174996,1.021549948516415,1.0136000524635862,1.02863415077983,1.0142288090653995
1.0175857171203113,0.99494621233441027,1.0249457258723154,1.0228174638459848,0.95008742919358669,1.006868088991367,1.0069846823421942,1.0213931062957253,1.0043018702850248,0.99257397143815518,1.0500669605500035,1.0237269415273098,1.0013851479527256,0.96250674112018064,0.99378884482698404,0.95542007882889546,0.99492480126181349,0.98101912843952044,0.97689664220780836,1.0167666835579654,0.987513253771795,0.9763012703299444,1.0249519998066237,1.0424148289113528,1.0273847314487969
1.0118228050960474,0.9897461667754397,0.99070958394089847,0.98385131067929921,0.94673529737502504,1.022473471255694,0.98065642062032876,1.0337184456468043,0.99195563213603022,0.9533944981172866,0.9848464340501939,1.0105360033943649,1.0296037323534049,0.91197311907348011,1.0167573262533955,0.94681791846016305,1.0263876917362145,1.0029674712009746,0.98716018333026723,0.99375079044014325,1.0515479046908562,1.0122392309985042,1.0078337841442211,1.0352465089006695,1.013534104668337
1.0165370490198262,0.97200382702553745,0.94957235833191844,0.99365904011176365,1.0097003678879817,1.0017088300434129,0.98081318226468728,1.031085313526491,1.0070781697531732,0.9710853518612278,0.9918171965880801,1.0335361416423876,0.97314757604252522,0.98689195718193734,0.9872800902357195,0.96915820795900043,1.0123181610804532,0.99175072689075772,1.0437157129125216,0.97655538644784967,0.99730839026126461,0.98207163489069715,1.0360951374127632,1.0352867329139406,1.0139115551726383
1.0318450387319236,1.0432841217952487,0.96103409565172071,1.0062803329593459,0.99626389760616152,0.98652615831581869,0.96984427070326984,1.0424495880822922,1.0292509222989483,0.96468561543948761,1.0093174178529074,1.041827833685727,0.95149063797847744,0.99494116936429533,0.9763580234602246,0.97225979463300705,1.0032043306590888,1.0090951693877874,1.0298012157769914,1.0273136660299249,0.99625838215139351,0.99636907019145626,1.0304316518270333,0.99539686875791278,1.0062805015796865
1.0146440746282779,0.98914037608421801,1.0240932498396735,1.0094659243134056,1.0087905435684146,1.0345222113786392,0.97488928497562499,0.98333745835396613,0.99072044712854557,1.0137859030928935,0.99160957726613252,1.0111681682706142,0.92082557833441447,1.0369447052556389,0.93862612614068031,0.9343428429849876,1.0278957489529215,0.99677859074167252,0.97806295056089643,1.0149195351837603,1.0584157852359803,0.93676089387784556,0.99784925736394026,1.032964042147716,1.0251415625433631
1.0110119991949005,0.99564302249398573,0.996418807834479,0.97810112449956044,0.99050185754790954,1.0328867310609193,1.0053649053502922,1.0287640746935178,1.0398085055920312,1.0263962854770068,1.0145758339238764,1.02301546896767,1.0117816938985755,0.95743291899808391,0.96342611722943794,0.97289066236089006,1.0041047279204043,0.98117423720239227,1.0338019185222442,1.0090641855294646,0.98766597657141431,1.0024643909095889,1.0150184919590477,1.01178501386692,1.0036142058432791
1.0034397664494232,0.9999233341969872,1.00479977585506,1.0079901081857678,0.98048349553712488,1.0014456707910953,1.0220657052662074,1.0002617783333447,1.022091250206292,1.041577174000476,0.97658789607525598,1.0364802879475585,1.0020674597518515,1.004370771224288,1.0269840640423347,0.99774411314063505,1.0046648659183726,1.0410230266761309,1.0090512602254431,1.0560815240264783,0.99023163284247862,0.9580099665885351,1.0372369890427162,1.0279008232503168,0.99336757272242493
0.98926304721045288,1.0281026383610146,0.99125617227295182,1.0060877626850893,0.94444337682584623,0.99878903277095865,1.057965852889212,1.0110786551573614,0.95927877284870133,0.96740761433258327,0.99593709905360672,1.0384739756131389,0.97943658529244193,0.96628796331600664,0.98879386106760081,1.0161484918969299,0.96471237480372196,0.984840739848451,1.014844988294926,0.99576941307934252,1.0342592480062245,0.98026320333920469,1.0075871952707895,1.048966022270782,1.0380569359354224
1.0147173479951093,1.0339261282888248,0.97803993600224193,0.95691901299638937,0.98148563627909435,0.9945398673172664,0.99528060026526954,0.9938284516059066,0.97091139712291596,0.97166026650757487,0.98334318217284844,1.0291126057225939,0.96035918174397428,0.99278312926469348,0.99077553164764309,1.0071669864136001,0.98170272362235755,0.98910206203835072,1.0215896139746916,1.0477558256212158,1.0187391591573089,1.0059643467475399,1.0402551076356399,1.0279602501824503,1.0298247189851844
1.0195371500410988,0.99275134614284122,0.99495669768060968,0.97330240616668218,1.010516494507433,1.0228966096333194,1.0303018299799682,0.97981395925137416,0.96351369006282928,0.97072033807511426,0.9855630186051193,1.0143597799216451,0.97814645446518445,1.0143398825942256,0.99921845725095571,1.0045118140597575,0.98823481958831416,0.9803341698299366,1.0217189153632067,0.97065944145795724,0.99517652354829567,0.98832384597148137,1.0256269574969126,1.0787661075016568,1.0480915306065108
0.95748332166294903,1.0316003798006668,1.0325605468472483,1.0332453053345245,0.99230954027131046,0.99016483270701239,1.0268601823748955,0.99351564910232704,0.94511677594136345,0.99845140474900096,0.99568444237641207,1.0257282983572451,0.94579485995152823,0.99218735116273216,0.98478960498147383,0.97777839402390965,0.9643976677538989,0.99935640669239012,0.99817067396114878,0.96380059100437332,0.96825638723506313,0.97699817727171279,1.0128828377287808,1.0436014613758475,0.98561498992187291
1.0042410029000974,1.021879387750519,0.99193866585843304,1.0114017508891291,1.018572281279158,1.0391220623780282,1.0079084325890406,1.0016975656018772,0.95144107674550571,0.98888131270050272,1.0268274083967615,1.02189430484137,0.97237699755471529,0.98698654622581194,0.98913496711264459,1.0384611271786146,0.99580729763957809,0.97819726254475292,1.0287487259456312,1.00705713364615,0.98122051678392097,1.0084540807989022,1.0398276751507083,1.0456571252033331,1.0321484850659075
0.99914969349775029,1.0166521442669487,0.99542200213587551,0.98655817640187471,0.99066706735359489,1.00385434206074,1.0031624959590175,0.99070940146329334,0.99365089286062325,0.98538341466607293,0.95174660523405541,1.0307588222772088,0.9598114024008072,0.9143903974510007,0.98531932309976356,0.99007961679094947,0.98275740953080215,0.98506962460149106,0.98109151176200882,0.99247514625871658,0.98693570183441537,1.0057964037310978,1.0219937294536181,1.0506489405184007,1.0243775980438947
1.0109793202425827,1.0282890882785802,1.0533393400283202,0.96513744317132277,1.0177859690416404,1.0336886885145209,1.0235187352675952,1.0374070115315093,1.000961909161574,0.96147987602932261,0.9622229995381425,1.048115248128614,1.0163072078603181,0.91881802315388417,1.0033931720431251,1.0501887077454137,1.0390307534249767,0.97991170660954852,0.9804722472927494,0.95587090326683166,0.99017283413664448,0.99852089093845631,1.050484868196182,1.0456997669991823,1.0150488132671576
0.97444909425212112,1.0160934467596838,1.0364562290760229,1.026193418622563,1.0117748399876427,1.0360791578184123,0.97868149202634858,0.99141928095967236,0.9703466945994812,1.0089682372224718,0.98717835108633289,1.039738170426098,0.97772398467054833,0.96274156556924761,1.0275695560103171,1.0422322553905037,0.98630441553030768,0.95412638222399071,1.0123495191331315,0.97173892336793466,0.99427183683080578,1.0100459149182313,1.0172451463145231,1.0519494474105588,1.0372669354168873
0.98957898457465354,1.0247466486326882,1.0090725484699925,1.0288999626183026,0.97749893792079623,1.020010788908337,0.93346390047215855,0.96720365800049746,0.98178719608304732,1.0344638403810318,0.96005993245950316,1.0168722855581385,0.92778415607358411,0.99530702178707364,1.0075319019370474,1.041648163359894,1.0471714080643859,0.96596549596549919,1.0283863675862175,1.0051515304086152,0.99986903422185158,1.0067498078840469,0.98330601022116304,1.0401976950062457,1.0341566963104074
0.96334052905365919,1.0123503221156196,1.0372165571588567,0.99884629668533764,1.0021560723859329,1.0157455787117053,1.0203640242689436,0.95860109316288578,0.95313416051979027,1.0033237916054907,0.99505034025974193,1.0366391187418165,1.0071665560754703,0.99161365001204127,0.99458516424780108,1.0009939850135594,1.0313483333887503,0.98228118559094246,0.95958016171610805,0.98312363410786185,1.0025486312276379,1.0247918226409078,1.0105316209203463,1.0294170482743279,1.0166308615630095
0.97467132066270012,1.040854363651571,1.0218845095041571,1.0092817732422561,1.0094536444822853,1.030450281849453,1.0205418693279389,0.99350684406655465,1.0016583822493987,0.99448599435593354,0.99436112278673938,1.0511531331225861,1.0133619254150992,0.92463222702279069,1.0085569969720516,1.0553168918387694,1.0156743285999918,1.0162155861299096,0.95897381506416157,0.95474324729830062,0.95138690481491084,0.99781747289983957,1.0234551041219893,1.0197615695699311,1.0132519324108811
0.95644184537947552,1.0366203098677937,1.0374748586781826,1.0082488222560153,1.0038408987272416,0.99420880172725012,0.97910315238792434,0.99308035886754642,0.97999263864786701,1.0313866166296866,1.0489214211584843,0.98368694195458262,0.98421687054891138,0.99460111441537336,0.99317422546417122,1.0074461009996905,0.97916091397379734,1.0352524183002987,0.94609660254218475,1.0174189031483254,0.99277316435207874,1.0289174976606124,1.0486270908713651,1.0134970319023251,1.0180740423404848
0.96596978452560045,1.0412318501637163,1.004771108460816,1.045984280812807,1.0098212112753431,1.0174216823102811,0.98431308038223941,0.98461550931584441,0.9689519230355218,1.0096298141638795,0.99861693765700066,1.0412731219518068,1.0315304674678647,1.0021056220006823,0.9799777076322308,1.0115895513959314,0.9963232090139913,1.0249297799660659,1.0140425951419674,1.0521419917794024,1.0223630210203594,1.0364293311816872,1.0040187948638986,1.0166811268056706,1.0236480063681355
0.88328578711621575,1.0112829516802233,0.99537891420024915,1.0639939455263145,1.018378448616289,1.0134365583836389,0.98600928806221266,0.97092627248255881,0.9343067017847051,1.0428542228786446,1.0260006135161506,0.98937830617238753,0.98949881610438561,1.0246386530427838,0.99864219072018856,1.0182320704606058,1.0412554479734304,1.0040932284180688,0.98758663476281583,0.9866581880944626,1.0034420684727217,1.0387012575990893,1.0378363617169368,1.0267793860467347,0.97039525543716953
0.94203988246705694,0.99619793364218057,0.99613016659804543,1.0378699285011179,1.0267564186484779,1.0222398058118214,0.98351010873551592,0.98818696888289936,0.97962316767213187,0.99643269721412631,1.0086442038600598,0.9714781558012362,1.0085750698355809,1.0044347696183833,1.0050205956336664,1.005106395391637,1.0253978397671653,1.0202095125204265,0.96630883716536053,1.0289827890075314,0.98181802607768009,0.99140520941391397,1.0119250703619613,1.0168705433854797,1.0199633535620669
0.97245652859198339,1.0289527548872359,0.97712967696885278,0.98817191039744556,0.99535610651856687,1.0176852118364557,0.9952203532417746,0.98162846912480495,0.97436460924666868,1.0307808170303898,1.0051386685457455,0.98934495772579623,1.002469295466665,1.0030493252881285,1.004375640115333,1.0432128389818376,1.0349899441202395,1.0097029967042084,1.0038647924342785,1.0033339480525583,0.99864857418627984,1.0084494563499691,1.0137721189278426,0.99959088813904184,1.0316245380423565
0.99137788729996124,0.97394844791648771,1.0495914880444286,1.0085222875449842,1.0237883300019994,1.0640508110388636,0.97367335263590804,1.0372832732068724,0.96347168160752905,1.0160669721446041,1.0357320014892926,1.0173756368864784,1.0112320894358371,1.0498881705808585,0.97564532448495034,1.0411539812188313,1.0057551894984349,1.0047627498461624,0.98875352051670828,1.0378220956392772,0.98666444446832158,0.99164943500553449,1.0266923394658667,1.0243009125441174,1.0238007867776631
1.0256384680774169,1.0432080290861794,1.0344793912070798,0.98065480528538795,1.0145813381183184,1.0145210980307182,0.97630059720443185,0.95944644818105929,1.001564662393877,1.0065440983009524,1.0184417132729864,1.0004224721373658,0.99781905071472277,0.99927777071625046,1.0024692753974049,1.0258007595693321,0.98821516227418849,1.0089102528704099,0.97121782866651662,1.0342639830341886,0.96298108013020367,0.93632477273766068,1.0303691735669895,1.019953564571864,0.99833326728211125
0.99953752397566553,1.0256866452936899,0.99910952474619419,1.0339305417205231,0.99741420309396911,1.0029551516779465,0.96285381437988826,0.91089171657904566,1.0055691547595802,1.0189801643199301,1.0034291619887661,1.0266396957396111,1.0226034289212724,0.98276810576965723,0.96628395890202767,1.019075682429406,0.9988357171400063,1.0450193246578623,0.95945692979146546,1.0277134030713473,0.95480309412056907,0.95910813708870613,1.0106499875898547,1.0003384756264191,1.0106424284838587
1.0696306610216781,1.0191276836049294,0.99433928621334189,1.0055778826433388,1.0368501611628433,1.0037173200250451,1.0069812332008652,0.99778713848683132,0.98898335571614482,1.0198216056248781,1.0131379156999616,1.0577227023759059,0.98477038965716568,0.9645058282647081,0.97875481981100876,1.0141571194784038,0.99565622646036644,1.0240559463032923,1.0176889248196743,1.0009817464122153,0.93893680089386611,0.98414667428793512,0.97943299723760213,0.9757432181396769,1.040008440479014
1.0234841415294496,1.0074629781767108,0.93137809232225655,0.98709407823812467,1.0142642939081181,0.99602383677858208,0.99272409077891532,1.0015935211485298,1.0040598553814459,1.0098484343536602,1.0040281131021744,1.0620465427732957,0.98903180805829116,0.97328327346411803,1.0146972323117431,0.99862887800753097,1.0147619053950836,1.0225143029031918,0.98979450940037705,1.0026089809800036,0.99718305197179069,0.96455999732174325,1.0156106042532396,0.9814484878158436,1.0379694049653907
0.99806252209712032,1.0090179315932217,0.96500818965753543,1.0153886931433562,1.0104287195114279,1.015980898077171,0.99356968240767429,1.0258411837807839,0.99982303914362392,0.97815454820330161,0.98093259982422509,1.0156949790118694,0.96890262052138865,1.005224350263014,1.007482952776301,1.0129647735400384,1.0214360778107916,1.0136746001454962,1.0237075071225816,1.0003250715040564,1.0002996177646446,0.98118115276169549,0.95856476816031433,0.99998717744946641,0.98196585969694528
1.0255226671987221,1.0298077928815317,0.94054548368336843,1.013249590159514,0.99244040826060864,1.028877744557938,1.0155316735771782,1.0008304606186427,0.96619352022139571,0.98681232262736995,0.99602519685534219,1.038499529800996,1.0068992249341895,0.96253103776103932,1.0200595006818614,1.0035173389919836,0.965822583822324,1.0156240599044426,0.96756733827692065,1.0038459336321381,0.98199535145470351,0.98204800331604347,0.96890901396015727,0.94501203322354521,1.014931882189416
1.0318566580377941,1.0515168530530672,0.99367489751890747,0.99035010760619935,1.0179430327026904,0.97696223201557086,1.0395261286566542,1.0082428442923133,0.97137048548358784,1.0191712384159946,0.96992126543060087,0.99477061829133517,0.98754433755195281,0.98430877079253021,0.98127175452310877,0.93275024658313355,1.0396490345658793,1.0438937845566123,1.015025758555077,0.99742135081146466,0.9872058808269536,0.9630545338228339,0.97201904612671575,0.9472145711844131,1.0022688456054487
1.0315701644512334,1.0382135889657871,1.0161880510071932,1.0004159595794107,1.0019705299882777,1.0025897566155837,1.040511511017679,1.0210901145140763,1.0277682543490061,1.0035038242623906,0.97221029265792147,1.0096886686619622,1.0011482325492655,0.97869149958254942,1.0232213473948437,0.96885468066613734,1.0220297195498671,1.0230508146991677,1.0188958585227914,0.94603649126908607,0.98351207258020901,0.98538282585475234,0.96707592137888576,0.99309697641185035,1.0175839558516904
1.0346881309410805,1.0392566718505512,1.01814809870439,1.0287331090911664,1.0148112962583755,0.9959516017990595,1.0431951047262471,0.9892341072666333,0.95726233290381846,1.0334963058748319,0.982322701503891,1.0214550496288046,0.99535077466914712,0.96998514449962248,1.0351037605373627,1.0324489019369925,1.0256614940490245,1.0050965028983119,0.99057681737578918,0.92893140781227801,0.99020303627293105,0.98022117110241491,1.0318547677333223,1.0139798162940954,0.97781313576467987
1.0237408086547688,1.0170223927583824,0.98302196510446638,1.0277793040745868,0.98049325751392336,0.9968372466372154,1.0592691931038163,0.96693620311888828,1.0109669040173388,1.0013179111670578,0.96062928625006916,1.0119879421130351,0.9989534124626388,1.0285477403581453,0.98276183653696092,1.0072073847609189,1.0210500046640489,1.0366074432311836,1.0040085420861549,0.99229230067216057,1.0092506186756882,1.0145694435987012,1.0269362162580231,1.0015738944990962,1.040859777619634
1.0363967869640216,1.0232622224338308,0.9684825197469098,0.98042882595243197,1.0231313391406456,0.94785985674581374,1.0555616314994714,0.9605266472745011,0.96670219113573574,1.0635745395343328,1.0422998171497047,1.0396028346664938,1.0103407608326866,0.98732064728862623,0.99352686357066533,1.0030917528725483,1.0105824219259885,1.0239017787083857,0.98207916370214465,0.97099211017469877,1.0204214056781957,1.0114887844470035,0.98160324371520669,0.9738967784817768,1.0224303737240208
1.0204778845220162,1.0482836783631224,1.0366271240069804,1.0228916912857713,1.0065433178557486,0.98573410129889727,1.0528625608275355,0.98351299762187683,0.97752155487460723,1.0479906162653627,0.98652214641147318,1.0007786741334856,1.0037163141407546,1.022445077271416,0.99966334825611081,0.99171392772882117,1.0206945876926647,1.0272724739071633,1.0279887381450319,0.99736698703196536,0.97145717998760217,1.0156433397585793,0.98766586165676773,1.0389912584323693,1.0342763613608081
1.0224399837452149,1.035147852275325,1.0227113112500053,0.9740611608907348,0.95943159672735345,0.95883557698413013,1.0671350337134866,1.0026377873587025,1.0024176643894975,1.0316173502690005,0.95858851069745199,1.0010214043940733,0.98463611913684501,1.0123946891060538,1.0458576435763469,1.0275687372849962,1.031427864265283,1.0408293456010691,0.98734289408706366,0.94606184741008847,0.99043914901904262,1.0242054901318114,1.0318694302695168,1.0188767703329547,1.0153730752837824
1.0371353555214273,1.0208207552831354,1.0387658540721627,1.0199675388218303,0.98881885021870175,1.0096530262277572,1.0268543031668016,1.0235966706170649,0.97384844316421626,1.0318127809192226,1.0122104626330377,1.0412665879762031,0.94631526936515309,1.0391144619863926,1.001638857171653,0.99365053638103418,1.035236450140282,1.0228971297295595,1.0018562282855505,0.95371683831127074,0.97346171991520747,1.019326632349677,1.0029494346264873,0.99021049074175438,1.0177264832346991
1.0068616702922719,1.0190196267962428,1.0294362381439841,0.99736620122201236,0.97448365722246799,1.0053071212534728,1.0375044274777117,0.99228977854839684,1.0240704153544213,1.0260369492744432,0.94919120838591542,1.03179277334596,0.98455799982725289,1.0092087491562738,1.0116965697018463,0.98563770836187448,1.033658361284773,1.0523052885201751,1.040445226102735,0.94636269775592663,0.99468865164750619,1.0310027207492916,0.97876779440310724,0.96854886458561629,1.0308672635647191
0.96327854210927721,1.0042907028066177,1.0157898486519064,1.0283859836062805,0.99347632743304037,0.99542952560499487,1.0132178298424088,0.9524984087048729,0.98470241588851026,1.0325793311304021,0.98743169687062415,1.0601830890113542,0.96652375377182864,1.0020594639767739,1.0203312363610775,0.93274626899442614,0.98546236715343838,1.061513104899179,1.0215925667034009,1.0008626016955413,0.98394796656154349,1.0179201042965447,1.0180269838024159,1.019018101720476,1.0639071534315276
0.98649739215174181,1.0389933001280538,1.0276051974472102,0.9959367472003382,0.99099133721739185,0.97788448870673317,1.0309849302818486,1.0281775683860492,0.99684195408895926,1.0274360926211792,1.0174818284333282,1.0113976680242551,0.97823196084320096,1.0000918191767372,1.0221834383113253,0.96407948876808691,1.0310621184196336,1.0161853430665178,1.0089813243762018,1.0368220530738415,0.97324245491665429,1.0280493772532668,1.0564770946753814,0.99605535962417546,1.0274648342756585
1.0053307089210675,1.0266486127325947,1.0333709248643526,0.99074464396627648,0.99309664282549936,1.020306262218152,1.0698660003091629,1.0212606072454247,0.97043763097454916,1.026556129349564,1.0342587830007974,1.0357331062688013,0.98427895715617086,0.97091216972822036,0.96413055493164668,0.98912555854249218,1.0175295188956237,0.93960036694415228,1.0274714192020802,1.0255573266686522,0.99557565931112402,1.0247325796202913,1.0008875793305791,1.0073650394189562,0.97383544836714753
1.0097463306026919,1.0287655714315482,1.0379273227167003,1.0277584348810005,1.0068044288538771,1.0171619002735146,1.0569283989551939,1.0015164600602442,1.029917919788407,0.96458057635643324,1.0397523670379867,1.0298961765503674,0.95050610837453708,0.97001366029176928,0.95972820243175072,0.97722844795946584,0.9871126585858403,0.97055621257344249,0.99679244745350803,1.008255138011322,1.0234797220933509,1.0396420138056919,0.99646467917910464,1.0035022600212269,0.97659133948559318
