0.73543636352208963,0.82799792408158868,0.60591873362809312,0.80147005105868563,0.83554685752693414,0.71389584939347672,0.76887074613792761,0.8634288398218456,0.74945808974834649,0.61520619000679566,0.75069874227456967,0.51476767659111389,0.602803143407727,0.68323201684885027,0.81597616740518286,0.82925911570070698,0.716553197768244,0.749528218527589,0.73753200156018051,0.80106828115857032,0.70952089444845701,0.88391493375048824,0.72143535049267848,0.94519280154602769,0.71312644450868878
0.73092317078762792,0.84036291367114535,0.71868324384570348,0.79906825462217235,0.83171497019423679,0.69556384748206845,0.79669514496414773,0.80612309069801724,0.82794485426810904,0.71125207697792081,0.71987973078697465,0.78853445046275616,0.68037728491949379,0.61875048740374206,0.77597590838790664,0.77663728561177259,0.7434420492471151,0.69040874129907992,0.79166055320516904,0.76986049020632386,0.83844656122762873,0.91012905383400522,0.76932439444740253,0.93628109074174892,0.73728440845034793
0.81613639782123537,0.82153412094624978,0.73018529435408841,0.82130384545189561,0.85771026068015599,0.86766616281378772,0.78491472882124946,0.8386244578031592,0.7867119478550596,0.78735101993448675,0.75825299071781183,0.82766353034725659,0.76554723485510812,0.60803161491428626,0.82200759399591106,0.83864379912835296,0.79759266772256476,0.80211429747273411,0.78227946293861184,0.78616863552303351,0.81251747704511257,0.90409960678929158,0.76367653932391233,0.95985939748490867,0.72130637674241538
0.91678681297731723,0.85789118913430062,0.79088458717919563,0.88685056866019052,0.8519666180853479,0.89077424072024813,0.8324879955540172,0.86919346526124153,0.8597721270380535,0.76044680667559661,0.57712654006923036,0.85951877692918044,0.72152468708553552,0.72793819870232568,0.79019935105807271,0.86089693882709795,0.84871752946889967,0.78503775495098371,0.78367167491175049,0.85086547799880796,0.79670888443497934,0.87306989289128356,0.7629315898670207,0.94983093467761914,0.93488724021046266
0.77976096078801638,0.83869426207700193,0.82112680443892927,0.86637285574074785,0.82295101015245142,0.89285443583240587,0.78840273696060659,0.79049279406435302,0.8313306078436955,0.70863689182506173,0.72123501179879901,0.79331254958044339,0.84586614222236067,0.74701073969424681,0.94849033305668862,0.73930500604890981,0.80742881827082058,0.85231280841568002,0.86248460863391263,0.86408029424280286,0.84972795196602091,0.89773134747236116,0.77384218428884533,0.91546096938904387,0.95336478650130341
0.82010666213259475,0.79349012954210962,0.83841532563729104,0.8700934236733695,0.82602484422880762,0.86779033345519607,0.77110765151820315,0.78232050360966476,0.76246409692447337,0.75098475922701302,0.85599130732478901,0.75917034976477915,0.83488118496012209,0.87507297931040962,0.92559599139705728,0.72279277678606479,0.85361123506177328,0.89309962962778788,0.88583377402331587,0.86332730182706785,0.81541861737570076,0.90066650484759636,0.88366365668561375,0.9577770301398566,0.9734276569632101
0.96782779500824634,0.77915909022287522,0.8193140610703501,0.86629525979086863,0.81840697695742404,0.89036125857800652,0.77262381711442918,0.58755934310783209,0.6910332096724191,0.74591567217944243,0.87329962968865604,0.73528665233622037,0.80403666991989331,0.86585991019958342,0.88797475146979554,0.94755507251753912,0.85207208014771441,0.83604228376464329,0.86960102495103586,0.83619212059776848,0.85318092091756814,0.87994491468370972,0.79207964232916139,0.92453773906272374,0.92067367431820857
0.96717235359965181,0.70290492699730178,0.82388538960613011,0.87512184177911734,0.80902746451453655,0.91455713917493464,0.85202552179163005,0.69897503613602519,0.76418076145826452,0.60321427805925876,0.84600996515393123,0.81437393035390626,0.71116485751449154,0.84295163274881679,0.92624663807637131,0.87954686604005727,0.90438903503797352,0.79826539811880459,0.88863216164844716,0.87771479088181048,0.83478595732118188,0.90455244459012785,0.78877112357986812,0.9164545586496825,0.9567908280303894
0.96897433494724339,0.75694479313418084,0.80585131280099098,0.89594287834850572,0.83551220300527229,0.86958977060668141,0.82392118631647338,0.81288411801116944,0.71216042030420923,0.73531271223954853,0.82492242825976791,0.65520570892802388,0.68120289417203639,0.85415941643804805,0.94339907067391937,0.88661429255338586,0.90129728665262765,0.85483695491083189,0.85569236823270867,0.83014469991445639,0.8574916309126922,0.90173373941249435,0.82883885645707234,0.89456472251009433,0.93101008903548399
0.95756493131915044,0.69408045065258439,0.81995405699364288,0.85243913611371103,0.85407905913585591,0.86367821564037561,0.82585131813755142,0.80855820117197019,0.76789098250098242,0.65752567640653869,0.80287904123285914,0.67643098381012301,0.77249392247668625,0.89321946966543375,0.9124134362640578,0.92591983429916103,0.8564608690126303,0.82987277273462412,0.88321403025393608,0.84535411463117272,0.85371934038202657,0.88652401628404154,0.81722520656670439,0.95893872586781947,0.92257493794582257
0.97920923898546885,0.66415244452106592,0.80749991164872681,0.89851750887156656,0.84377219340693399,0.89514266595309377,0.82413586590682752,0.9080552823084056,0.72200806878068091,0.91070361399893585,0.82488576356240084,0.82314460096779873,0.83269127229350393,0.84174616111348288,0.891546557409158,0.89983822406005787,0.83274597951098617,0.81173195870373593,0.90221901454725351,0.83628982252307138,0.86679876203579209,0.89948344307324513,0.78114191281254508,0.9298301460663555,0.92517676289499351
0.99215337192981501,0.64999944345768335,0.83760646824532925,0.89891478366439348,0.82692703174611193,0.86458006641391083,0.7281582260684013,0.90709861522580804,0.87550224295679235,0.83844204815304824,0.78317461596059046,0.84300937490910621,0.81715464845929975,0.84424761390005876,0.94487974410915221,0.84901193092160987,0.86108474934498824,0.85986314774381312,0.83946404957225262,0.77813063632145818,0.80891740738798379,0.89914934360261545,0.73691307663573047,0.92578123604333173,0.94399032074224321
0.98774309882534594,0.65806897426488353,0.81340515383881351,0.91987507591217321,0.86340858033514456,0.8672424465471269,0.69654025984574641,0.91319100033586831,0.85196075956727046,0.85434429340418949,0.83031458875162556,0.85903345356496841,0.80849807583295097,0.88568112211778849,0.91991354296428329,0.92918218057276047,0.87671615387277801,0.84834396777470189,0.8521542443319936,0.87723048988992869,0.80478792383249942,0.89923035248844674,0.83260490383899377,0.91832620679688326,0.94102047421460577
0.95988568095645277,0.79150733774957172,0.89603377994279743,0.91039199879622412,0.81808001531194596,0.88760238454057716,0.88981979598871441,0.90371457401965904,0.85977556870203786,0.76178165528674346,0.7777088399375135,0.88556929272335705,0.76083594798432719,0.77640010811543558,0.92742998761267204,0.89667896219356247,0.85691368764715592,0.86004794229442905,0.81919234921167372,0.88992810685171775,0.68306457575209145,0.88608075080211279,0.79360233630569976,0.95399190415442037,0.92025029769031641
0.94615268948761033,0.80475777360008149,0.92018395862124491,0.8948646818335031,0.81938235875256138,0.88540615281598045,0.89221199886603608,0.91599824528412244,0.84615196759050493,0.91366209976216761,0.83368808228471736,0.86552055100696035,0.88993513556437831,0.93738408375933013,0.90583282263391263,0.90587608400418296,0.89951237406678197,0.86386997509232344,0.75619761164811783,0.87128718248226644,0.76515313434757071,0.88449317651695192,0.81924970713162437,0.92298644884684378,0.94155885644406045
0.95380268799210988,0.72425459090371658,0.88160058741104352,0.86943774611643498,0.69977424975380975,0.89988712195906517,0.88084602840633242,0.90531105037788318,0.84759880855232739,0.83558926945454914,0.8406994982337731,0.84013315003893507,0.86238710428291876,0.93324554531123272,0.94550283761697496,0.9300838088999861,0.90957134347872726,0.84090313256093219,0.80421136179060493,0.87662057087600054,0.86188455649360518,0.86087540779637184,0.81709058110371946,0.94647916173675861,0.92790035454262987
0.97683519426421184,0.89207585316712334,0.87303753221482683,0.89521788912275657,0.73442023970380443,0.8897654695351026,0.91027166592653797,0.89337663886423102,0.81874637712436593,0.78353749301722631,0.83818145009647849,0.91468260457393591,0.91407774537661091,0.92164863289247101,0.94118918150161557,0.89388554313742452,0.91270060305658351,0.8884471177157498,0.85524574013744536,0.88707932033728476,0.85708246673395982,0.91485472936193757,0.7985031246474783,0.92456238431081228,0.93304965474777368
0.94859431924262305,0.91146127017329137,0.81528931799758086,0.90186512602044366,0.83412433282792231,0.86880354968308238,0.8049336187641708,0.93161124957738173,0.87021148862348263,0.76580986091157921,0.87589018843159205,0.87178607961302068,0.95230693911631037,0.92525075002357726,0.92680745650551699,0.91681457515822284,0.90524970928620041,0.8714014611799108,0.84442208695464094,0.88741271697817736,0.96101699164565579,0.89197844631897072,0.8473891738105469,0.95605228696038935,0.93842689132026114
0.96087308405705596,0.91428939188584857,0.90765182622843765,0.88721145672707935,0.81082381369761169,0.89305973074080791,0.85772403767678695,0.90524335946363355,0.84845478954597853,0.82213500604870982,0.89288910276056033,0.87003932526021521,0.90268444420377669,0.92837095286626792,0.92009231719876594,0.89503083185404253,0.89277458587035796,0.87341462234238876,0.87203953259953537,0.88500767476394393,0.94578747672051566,0.90164458015940063,0.89746193385775297,0.96112869972930093,0.93001148456273663
0.94779025984393162,0.8432631803868591,0.89787041362754172,0.8624175192573873,0.86942177200795001,0.88750841824888793,0.87808441895573619,0.9263245999935823,0.87799838917686857,0.88093651981958254,0.8582962320750035,0.78151169490727257,0.87357822631460536,0.93851670083759908,0.90129434182028556,0.94670196754091773,0.90005407058411968,0.86537591648360079,0.7961384325100932,0.90257476503857226,0.94116406135411468,0.93711624905252755,0.88200689882297878,0.91064410420530484,0.94297026196990241
0.96648789677961722,0.81432106001590898,0.92369984293316765,0.90793843825357268,0.8101463835849817,0.92313765218140043,0.8781377723190128,0.90566677651494343,0.90106894639957225,0.90272471155838085,0.74515067096299137,0.78975865459070782,0.85962078878453196,0.97151571991035746,0.8612569899463095,0.92363376733544988,0.89442698066596227,0.87348294753117095,0.739399989255771,0.9814391594347216,0.93992716846996749,0.90652438895789333,0.8465086799147844,0.91673811920537951,0.92616277526855117
0.98266430232762225,0.88221775305739381,0.92327673882700501,0.93633700277126919,0.84885551516626379,0.86431635232649229,0.89917873021807626,0.93610063773396712,0.90686325538823931,0.91108093279180469,0.75721102915252658,0.93585894881784504,0.85953816235284608,0.90499827606742789,0.92454283045311492,0.87500787926176327,0.90039756327629861,0.86787994850693928,0.86291098395650823,0.93096394518205161,0.95943067704082996,0.87387151840680877,0.87996939424546716,0.94328644386630167,0.92564331111528098
0.96601136333075921,0.88800152667069387,0.91343462162028533,0.95928402902754817,0.87413555842029489,0.88735422079100035,0.84130004405656933,0.94013239251632663,0.880142135232721,0.89979135263101895,0.77685178775666719,0.86536023329526446,0.91017668213503855,0.93702062997510394,0.78716461032035656,0.95011280869168391,0.92378114159287938,0.79940448261851205,0.88622291987978197,0.82555065156049912,0.96162651838731128,0.82921451038416849,0.89309377529318668,0.94710259493989768,0.91766176127709631
0.96772403248559069,0.89938026960470441,0.88358505587893454,0.92752498062761402,0.92243050395259529,0.90433468521218385,0.72654921713569454,0.90369117240728702,0.85039876064758879,0.89041081396931798,0.85509349327092055,0.92570895713138757,0.77671781974028542,0.95068903102864033,0.74519177568492567,0.89187740626205647,0.91570803146328461,0.84886042527607175,0.87180924318052921,0.89690058320567057,0.90552041784983905,0.79704199873097703,0.89044985708684177,0.94733405982190821,0.94094404985687041
0.96504978432166999,0.90599027487972839,0.9198151621041909,0.9303329735305983,0.87712696009564639,0.88371260600662094,0.82292975782922484,0.95335205068351137,0.85834960571197194,0.88344851439540861,0.86776114058284815,0.90030780754276529,0.85261343834263514,0.89687100681350573,0.89557621047845826,0.86267359738017224,0.91583745796762095,0.86968366080343296,0.84287231329582313,0.95254813484055056,0.92599475413453147,0.83096426288591008,0.88228834625105368,0.86626323714534725,0.9597262527099033
0.96542998994067974,0.91466381327926105,0.91978645582897656,0.96524138610691324,0.94017245597945409,0.87753965862919725,0.8609821163186977,0.92366174350074282,0.91161066892398279,0.88295336758810461,0.88661662935272789,0.91415767836830042,0.8466907676528227,0.81731167428321683,0.91611431564016776,0.89691137238339202,0.921954069462255,0.87897058627708091,0.90393847101749158,0.80273878197163095,0.98075658756331852,0.8561983557752556,0.8791163513394632,0.93547488402061041,0.90402540149213961
0.96021502014600879,0.91870577668187781,0.90948111832964418,0.93527898989594982,0.92064648813385619,0.91557077308967882,0.75009742127365631,0.92837703971700936,0.90862879775871352,0.87569107069825014,0.87052719653230926,0.91999096580166895,0.79889986206349672,0.92162034146168093,0.91080507022191382,0.89404497767664703,0.87469853290528354,0.93666392440082147,0.91986399801104191,0.81975397110713677,0.89998806469885018,0.76957228249185428,0.9069957864214695,0.85457969914165788,0.92315578909791696
0.98107136767755154,0.91186744276048937,0.89516991250143751,0.91557467579861496,0.89407310898858239,0.89279966656604637,0.91164327909946918,0.90288918470124557,0.93341166377862517,0.8974955913209105,0.85411638113013322,0.88710305861968997,0.87170774086446634,0.9464353437198425,0.91790616504085887,0.91997567690222082,0.93463356292797928,0.90542083067650914,1.008001913105973,0.88739125603701752,0.93102413996097622,0.80264390402616581,0.87421388822213608,0.7396744305972357,0.85734866452224057
0.97102987540625707,0.95230795117896883,0.91190192495649181,0.93670652395511356,0.89048056895206151,0.93123115667569933,0.90468231481038042,0.90172338061638668,0.91434579107521929,0.88714222557615663,0.83037120649856211,0.90518367981831305,0.81096130015415591,0.91582013806376072,0.90382374060397741,0.93656873157365628,0.83997319021987515,0.8956167329423963,0.99769406936057958,0.938277571515858,0.92186179235830867,0.85422933901566422,0.88315520739386433,0.90083986200761945,0.87089483098349563
0.96019191719162111,0.92845131306977136,0.92142691926253661,0.92109552943390338,0.87201037745938292,0.90921779956531212,0.91095976765561604,0.93396370532409279,0.87655422205264488,0.90487014233112695,0.907397368456064,0.88784492811499449,0.84509919795897415,0.89651476539006902,0.89363203336461217,0.89117670692430129,0.78278697063108216,0.80563622196605889,0.99261905418603835,0.93407997197759318,0.92588397359877805,0.79489921021796928,0.85413713869693264,0.82431152559499643,0.90307073378090219
0.96318256226662102,0.91515140251209925,0.92642674549903181,0.93772292697654758,0.85820547409957804,0.92442867222230263,0.82002472024361528,0.90592985143166893,0.91178627702330706,0.89965927461265416,0.95991292296104846,0.90476432935260387,0.87069610864147584,0.89518357320243669,0.86976781436425976,0.91231717169623172,0.82998987573533312,0.80943543955123309,0.97762103863149674,0.86851779182590105,0.93926488420548127,0.89608403374303403,0.88032178406102635,0.93588673865535355,0.86990785228766843
0.88641753546285629,0.92364604312287846,0.87482247495808874,0.92833011183110492,0.78762497993711278,0.9252885906024092,0.91058381681315559,0.93470928123555463,0.90707285835914586,0.86555658025457782,0.95193560010392086,0.88374456608503404,0.84037794484369377,0.89997632528273086,0.83520248982012713,0.88776063838775776,0.83751034777732047,0.76462503705960849,0.97634613209230836,0.90750840376060704,0.96095087860545958,0.9095699094182178,0.93002541261486105,0.89893858488882572,0.90792357486528596
0.81324692430479095,0.92626293176261076,0.93001063702555575,0.98808343912936736,0.87103280704963004,0.89837327642295395,0.88713715711656926,0.90667496397771041,0.92030173329163134,0.88848939262441939,0.92830871256174274,0.92441712201245085,0.79056628190142231,0.92634185655840273,0.88978592227159026,0.86496284812275148,0.94986291284619762,0.77748613240926723,0.96464368472597462,0.94103855649828227,0.95943252875353113,0.90636321962512034,0.84609471053230068,0.93235730685808238,0.87532438474598517
0.84276485466941653,0.86122667755256754,0.89418125743351418,0.96046132869956913,0.92679191249053172,0.9322797281192029,0.90404122055181768,0.89707292925377835,0.915132894982431,0.8846045144864384,0.99464661184449732,0.92944171741661197,0.92167623025309109,0.8662013609664776,0.88450869391530107,0.91034564311431532,0.98012184126742108,0.81172227135680874,0.95497516475917887,0.9512042998639364,0.96391781083075723,0.87978572208895744,0.79369360929056076,0.92466667335967079,0.92364577088541744
0.86053058305609009,0.7966620835718361,0.92161096143616505,0.94438070151018771,0.90874087696850336,0.91251082711292486,0.88276124386674171,0.88056807970114237,0.9357308643481993,0.89155190300949683,0.96541131172118,0.88116854853823479,0.92020147401235231,0.93124511353952666,0.92939579383402793,0.89991007705434856,0.98215526900056849,0.83513658207301866,0.99517045748514654,0.93106770996008559,0.9765294705939237,0.91060319888478736,0.87039134765027693,0.93216192647545182,0.90196181108541296
0.83892701362381061,0.90505907562536492,0.92295826917199586,0.95426696081218931,0.96131266558338513,0.89308050399306149,0.89028039032565032,0.89342938142213613,0.91064429555023951,0.90535898409440141,0.91436284895521869,0.8881804463702988,0.95941768392807847,0.92699201907401385,0.9055486951552999,0.9379773441128807,0.93784440503918121,0.90365693528070168,0.9656502754715196,0.94157241374880096,0.90897978091586051,0.87766358842748393,0.957987039687625,0.94140759351732983,0.92301318491525952
0.84770499439465397,0.91190699384928586,0.89839503218647299,0.96070084809118284,0.96081178483491392,0.88292279867925116,0.96975802785643705,0.95035275450201295,0.91552254228083751,0.87825137871632442,0.94818874608109216,0.89163861282212231,0.90035931212148224,0.93705396539002661,0.93016347230554108,0.95370814097823764,0.84570179621174812,0.91808916693677645,0.96255124943422166,0.92001100324082641,0.92512047747222892,0.95042402733678888,0.95856921867026779,0.9049380144657434,0.89826978697239246
0.91317667882931597,0.94898584336912495,0.89669835761063021,0.93552420302226102,0.9135585723329438,0.93897158316479878,0.98416929207902781,0.94940709885760799,0.92868271611647069,0.90344620339011694,1.0224810502817656,0.90812069755072689,0.92604167078637445,0.93252152035952229,0.9337721066956729,0.90069719939258031,0.91118873386236632,0.91278348442552082,0.94174564277507955,0.92058960505140053,0.94161648959245425,0.94085618888901923,0.95386245603389863,0.91364980027607179,0.90178592955415915
0.90653949976371806,0.96780913740442598,0.93599056655795365,0.94334048210736554,0.92794115120894149,0.95932505295712467,0.98954173500507758,0.9263414788386708,0.77268181617431941,0.90087555169005862,0.99619414525249983,0.8240569624500711,0.8698203887941679,0.94261236604165533,0.92642647009987222,0.94049999597022327,0.88579009090683647,0.89404219533485596,0.99167314220605596,0.93762028241053108,0.94136677658103529,0.94077437594595181,0.94640204051190002,0.91564168269398083,0.90868303388952576
0.94168747151167109,0.92931569975628237,0.98387239469293797,0.96056575075284067,0.91269830345364156,0.96185778823363821,0.9965739196032547,0.91405724925420284,0.88068225905318265,0.86485592040964476,1.0110871168271625,0.92617875175413067,0.9199247233629646,0.9619359160886739,0.9292876974840063,0.92485025940602117,0.91488032618593784,0.90345444524754426,0.97348762605384964,0.91750863757443601,0.96616776724640008,0.95303550435196338,0.95224159052649915,0.92782438910742449,0.89299218019869964
0.88942176193115197,0.91291970534019729,0.99709451110152958,0.94684075659248013,0.89099296615458778,0.95780119568673672,0.9878389851567978,0.93124392406941181,0.94187012215965937,0.91694770956186555,0.99978071433796145,0.93428892856476697,0.91609493213927307,0.95230406876454332,0.91496690770672384,0.88711309379106773,0.92009586468685745,0.90257254696095579,0.93387893960814439,0.92856545093122811,0.96148613153857443,0.94197086594076784,0.95457758523047276,0.93717231351909625,0.94819510390290929
0.92119540119028331,0.91182374645984454,0.94268554409744987,0.94705329741722233,0.90233139003342233,0.97893462568763923,0.99537831508158781,0.94055070465240687,0.94962831406862835,0.91120119799056021,0.98403620563532646,0.94479274892998266,0.99896453333703206,0.93946861963468964,0.88949950416138179,0.96092117186498338,0.94760080021918047,0.89437924325998619,0.98260065190981849,0.9643675971767327,0.94203355087413965,0.94495445241163256,0.94648065520284186,0.92920284817076559,0.93634448983741014
0.92972504999117844,0.89421036558205969,0.91632063596601765,0.93635545615447568,0.9584222871347039,0.93194955357048692,1.001553052624661,0.9033846486997863,0.94368973394732969,0.95568950371639116,0.94643359801067084,0.88640214112191063,1.021353373104869,0.93920228793848759,0.88774037229016767,0.96687510919019881,0.92450905022554042,0.87472139634692025,0.8309542025537533,0.91587352888134466,0.94486691784797339,0.92528719143536109,0.96959170365778868,0.9451520263674047,0.93812309550787609
0.96060433075326301,0.89913402846121204,0.9444592597698267,0.93477767101628939,0.92884431300789838,0.96561606052354743,1.0241349528766148,0.94385360451712375,0.94792620365503066,0.96560337299409682,0.96853227990232604,0.91471354875208855,1.0172869766327817,0.93005609230282837,0.94160778862484695,0.93009471875173588,0.92921971951574189,0.92199104249681529,0.91458826016368955,0.91237656977083126,0.94176716186913056,0.96193976855913144,0.96310315619736631,0.94515729627912826,0.93354018998959121
0.93482344857982214,0.93282451125430643,0.95597866408457877,0.93946446364381064,0.95472550173995319,0.92675214373145398,0.97787264511790539,0.93032240958269463,0.94297089412263013,0.90840294637031094,0.99834814813644268,0.92116899514099793,0.98483784836653521,0.94184004954451528,0.96365894839050492,0.9166052610696177,0.90729263202060451,0.94552142628183522,0.97750082530585625,0.88947748731624576,0.95727839056420194,0.94757410921064,0.94859435346732546,0.92691316828645598,0.95408602353030869
0.95527888780314141,0.93072028994341549,0.92847140103639381,0.9514558828580939,0.9483561002748111,0.93582281731791628,0.94103160395392627,0.91543665081734704,0.94574345579763808,0.94480367211946559,0.99307462057705664,0.91596793389861453,0.95267795874469141,0.92276886233256805,0.95788210044738176,0.93235762876499517,0.94671212565993501,0.92261430558660151,0.93099101686815733,0.97800094863040299,0.92229346149193192,0.96030828434997673,0.95798831527480455,0.90755929145687164,0.94407628222220763
0.96003356902042658,0.94440628632881563,0.94653145905532166,0.95457602669952468,0.94668461772733836,0.92311386156031827,0.94620389694254903,0.93954639263352002,0.95377336654500522,0.94047053126445013,0.98803110602963373,0.96706123123745114,0.98502186489231103,0.93751997050884917,0.95000125312259931,0.95850004548966572,0.92830300157189183,0.96609719630589996,0.94200910180182806,0.97633434288881138,0.95412968836183687,0.93488634605966392,0.94752017118313903,0.9346812041437933,0.94596250621004496
0.961885897388988,0.94289314244199585,0.85627044058232948,0.89701980871399789,0.97086061923849609,0.99689843965984271,0.96216544720923225,1.0174667956997003,0.93035023993191213,0.91358454480102713,1.0078191989678416,0.91996737988699417,0.9666718949485823,0.93837255026658462,0.967149452731209,0.92598208317402508,0.89843831407258901,0.977542173106838,0.94387104897835516,0.94535991974818712,0.95247627685971448,0.94375159401323794,0.95255002795691024,0.84309561817517698,0.95747522921811667
0.98799806150423786,0.96283731492751246,0.971741064316473,0.94678143886577337,0.95165587432515319,0.97476921157875229,0.97518215145394316,0.96565852779921557,0.9078437395472686,0.94956615014584356,0.97696716983301202,0.89696305345999017,0.96993571715993865,0.93424582133955469,0.94936556204770195,0.90916151038561333,0.90027122021668093,1.0037436886898652,0.99175188195883746,0.96152057888233144,0.88984406585857645,0.92687076182898365,0.97718622931741439,0.91534386094435993,0.97171987932020654
0.94966407936855657,0.97432452160291716,0.93792215429981518,0.96438331190538917,0.9585878841992661,0.98256527906301594,0.9768251197153196,0.98239100723923767,0.96265185041729862,0.94746960972154004,0.9902434686753766,0.97306675900751827,0.96145396996696031,0.93787667096755312,0.95878204283431978,0.93230464903277033,0.95576515959344965,0.94301021955817643,1.0201386150921059,0.98584207479995545,0.95103359992054892,0.93474599546442627,0.94161314488688153,0.95076663331646738,0.95836428587892353
0.93258016166937807,0.9380768211369962,0.94027942171214718,0.95113158043453649,0.93693008151349999,0.95254066871801868,0.98536912912372099,0.95449932318229291,0.94125029125327608,0.96819746652186134,0.96680979612781281,0.9685589327698565,0.94160042102970065,0.95524057299646126,0.9259768314402127,0.92469902361680356,0.93023806153996513,0.97096979532219541,1.0065585705261444,0.96544981654855555,0.94012742828999329,0.93570649668965855,0.93520310817795083,0.97755303201079513,0.96093361846680281
0.91984971151654904,0.94613888971234983,0.94237893052849286,0.95023793969519743,0.94684419969979372,0.99447052324892427,0.97223742611857933,0.93069372316135524,0.95587750327159282,0.95402189990285868,0.98954273961996975,0.98471091233050712,0.91772934143703677,0.94746546054345049,0.91612390066473937,0.97130012962686763,0.92982920274000636,0.94454830214133445,1.0024778071090574,0.96027638669701021,0.92858480981424218,0.92471992477235088,0.93818060069271625,1.0160125548633621,0.95356790318527651
0.9006543010743826,0.97671133024887302,0.91829706358592011,0.94410015088864085,0.96147362470703179,0.95204595937657255,0.9702612266030175,0.98434188365357567,0.97946145226969183,0.9296719124675058,0.97814395281359368,0.98590420574790971,0.98415982493337351,0.93338985815943809,0.95345856684780828,0.93714545113704617,0.95728979008533954,0.97216389379490875,1.0266225137939875,0.97561871472159223,0.93248446702411669,0.9759432303802007,0.94916903850397372,0.96896350988072266,0.95319693310992626
0.92393089172389264,0.94049355424326331,0.89274305832536327,0.9725575733802746,0.94310306156354129,0.99245464710569675,0.96266849638725804,0.94701059714469182,0.96326726053230471,0.90185459822080494,0.96778010547568605,0.9431255452880406,0.98005752385644429,0.94219463041927054,0.95124606871253203,0.95309215579647999,0.99959917900365036,0.93932234276596516,1.0019020778351453,0.96380193534041925,0.96337289789386615,0.94367692759599642,0.94143787720833061,0.9620798129426481,0.94581175565631381
0.99848708447328149,0.99380569326816692,0.97912734778909938,0.95655103672642072,0.96766708672000723,0.98635268360038009,0.98216037688369073,0.9672828985257802,0.96952448920921008,0.95633257241479175,0.97687187513163509,0.97566099182168808,0.98083335249273995,0.93941274115867779,0.95655762042894821,0.94625783276688202,0.97459388775389433,0.97201500795134521,0.99294546642130843,0.9591619727974604,0.98694784385587675,0.96962082435080588,0.90793326235393879,0.99795697610563805,0.93866759951250056
0.98989805760109251,0.96631423007029893,0.99058207039462165,0.9580853921907081,0.96542275441366232,0.98207340654091102,0.97620189791900169,0.96834965353550573,0.97997979409111602,0.94282537266571009,0.9856669947002441,0.95977501859520153,0.99354180865324293,0.96059665657816007,0.9510377864690116,0.96094225099782116,0.98667470290369808,0.9920847237364554,0.9937926975384932,0.95512996203057254,0.98231448621534512,0.98691786643614077,0.93754598769729214,0.97474017710166394,0.95456696852928369
0.99794817328814667,0.97533316087994759,0.97435188992081956,0.98620525731124364,0.96718066564545968,0.96228928110108203,0.96808422350773538,0.94140613943024143,0.94696476497434834,0.96682537889246534,1.0049355266510618,0.98537130487107905,0.9679561481542186,0.94560031716537951,0.94160373308999368,0.9765232002694072,0.98527045366424426,1.0026681131859956,0.96051794547415337,0.9717324847643839,0.95805644361855424,0.96618893888871527,0.96178489982472404,0.97996636840833562,0.96583720152180319
0.98655754809025631,0.9732855238633068,0.9766752269205341,0.9599493052554493,0.93452820298842609,0.99453581816704228,0.96725808134032187,0.96329573606427354,0.91104066796340555,0.96723006101430486,0.97085942973240558,0.96149938716694439,0.99991388413040783,0.96232726494022214,0.89430639641287535,0.99932654277426003,1.0225074866795316,0.95246697030834293,0.96666811599628732,0.96220649106596723,0.96952416218807613,0.96134843178870066,0.95267951565577491,0.97627470139194716,0.97280539752272555
0.98985226328206255,0.96313499525007196,0.96108405449554835,0.9794505579092464,0.9836183816728773,0.97920101460243381,0.97648591777298455,0.93054217635779402,0.87676873688696899,0.93436215599956085,0.99549109797412971,0.97941322502833972,1.0105202412856571,0.93546765046200775,0.81678436359886852,0.97041276592262682,0.94756639263692821,0.9440011435492236,0.93248309808201246,0.93529825822122725,0.96702007534712697,0.94531185485639435,0.93506403227416679,0.98854265449718826,0.92263857245038161
0.97370299953726747,0.97038229193477432,1.0159380319603046,0.97315208638390038,0.99291926835684252,0.98581396170195612,0.98397434008249118,0.98857051315139077,0.9131682919401094,0.93292444165564314,0.9829527653056489,0.94929158553673043,0.99461122310770655,0.95641034154689453,0.94565864695328505,0.98852978732512753,0.9961464406195486,0.97630029247363692,1.0092891963502069,0.94812979883145698,0.96459314318084188,0.9540266984582898,0.93791710371294179,0.95780700936986019,0.96376900822713385
0.96657614554706195,0.96361199496024053,0.96237623046991583,0.99473323383162504,0.96794665136729463,0.98198634940744001,1.0046541980130985,0.98863283845962724,0.93939819692406379,0.94821375350758519,0.98704470267934308,1.0119393476165295,0.97179814392840935,0.94558065130740687,0.96619009534284273,0.96509528216420759,0.96928583681828551,0.97391311925816515,0.97113690242730699,0.91679314191835026,0.96161078341622652,0.93980672919168096,0.94864119311286732,0.97925004056924481,0.93524711845570252
0.9813427992233007,0.94008240252794095,1.0037387666662401,0.96702883353962232,0.98290302650461137,0.9777491550497065,0.97986589219567088,0.96592548272166834,0.9910882151973488,0.90547537838267655,0.99354200886703226,0.97009228669072989,0.99195418318391559,0.92044739700617961,0.91409486290161368,0.95176253663545207,0.98129585878257908,0.94395080567806855,0.95779503991265713,0.98880333979002355,0.93348162726600414,0.99778917764334041,0.97307286289465422,0.97058699255013481,0.92173457823722604
1.0015667224599782,0.96344496925322221,1.0115699849251572,0.97453194424176948,0.99532964647793032,0.99301422525052219,1.0011293081356953,0.96707022380109009,0.95106411248878175,0.89837637427156114,1.0127063812963244,0.95979484656483438,0.99717244820319273,0.94645754653689917,0.99259218209173705,0.99093307730911628,0.99107507842872755,1.0009945963757731,0.97519543291960875,0.92266416764762216,1.0004276536619841,0.94376691802645196,0.91687302516810054,0.99831749529979474,0.97036368763977476
0.91787730778027365,0.96286799084507269,0.97379448594230067,0.96782671181734969,0.98761972836907463,0.93060816670151725,0.97497355157707111,0.94989855647214494,1.0194429004487642,0.98782064022869154,1.0063690262063822,0.98657668722508607,0.99272529717949609,0.9294856600794742,1.0059127634691893,0.96748065164077368,0.96055038178154206,0.9633733562974417,0.95887189998780853,0.92882922038397697,0.99187474914608098,0.9524226793053655,0.97977785312562249,0.97492541437813507,0.94957553367761727
0.98439213331324316,0.96862221125299264,0.99471792644258017,1.0345507588579075,0.98165440499766077,1.002817865372613,0.99899355632938569,0.98947179605743285,0.96039248006319899,0.98531089377530923,0.99126708753047532,0.9633939543175728,0.99439215717413132,0.98967531269327702,0.93698188826695095,0.97464657014522404,0.97133628483491907,0.99957744328429821,0.93193974475717845,0.96738660256901665,0.90531523701150229,0.97157593138406217,0.94665027759409681,0.9079737283328394,0.96697953333007947
0.98871687557971588,0.9173093620690177,1.0194750032918374,1.0056446777038026,0.98473463299554542,0.95615147670644696,0.9734485539877159,0.9842047129414685,0.98359280502076352,0.9330816693744417,0.95277137255559408,0.9805337971908491,0.97161463320598618,0.94867545829656419,0.98484368295288272,1.0135963702755708,0.98697015961290713,1.0062927657461915,0.91795625070196185,0.945191773783568,0.9572108276110457,1.0116235217050309,0.95699800285535364,0.98854065636835786,0.94884451617038856
0.96495947867301535,0.9335027874385724,0.98759453020753873,0.94087235401137803,0.94406208721081775,0.97963015186366875,0.95558496237177071,0.96568839392168915,0.99784254519191584,0.91555903751309542,0.92107220330861383,0.99863744122132025,0.98121686868678137,0.98052106051467292,0.963869472945735,0.98225284986621286,1.0029694684615218,1.0227839422297811,0.95367812022735954,1.0010363050881999,0.98426233065797775,0.95976272416298936,0.92365853174109602,0.96848437202447468,0.94842614848023776
0.97625212530944783,0.98973728201953814,0.98096055134732707,0.89820932748609128,0.96901736770338087,0.96744966949416089,0.97574641421747677,0.97890532630723937,0.99017918558236551,0.95058617819166702,0.93169623757542186,0.94693473100543712,1.0054193292090374,0.96932239902146211,0.94584867149862473,0.96513615038656864,1.0182771742346814,1.0063580656760305,0.9562330644079059,0.98670841715221524,0.96934523027707875,0.99017240137165019,0.93355027513876021,0.95127066356985801,0.92121320360610559
0.94924960408208281,0.97623196943372403,0.96914500255376623,0.9667370693484505,0.96102568188968462,0.98732775206791024,0.98714376607949661,0.97734496855231767,0.97011909985574918,0.96013595357980908,0.91941535329669577,0.96254744650813706,0.97666838030678416,1.030202974961633,0.9646742581012151,0.91190635545869181,0.96087197816843362,0.95988126275975172,0.97385846372780871,0.97620523251538993,0.97921865543932474,0.99220419074743937,0.96430811690142815,0.99773800437051541,1.0041055454614893
0.93928131508841128,0.96097680226821625,1.0027934389215825,0.94535341521906946,1.0012708497338885,0.95508923473852303,0.94177384141884779,0.98173044945089172,0.98126082842642937,0.96494193449267696,0.92599228718841198,0.97121168075596598,1.0092702799366904,0.97194614555466641,0.92091625140354028,0.98663636066424776,0.99560468923321899,0.9869062458944482,0.96742865452212423,0.92468418714691492,0.93773751759823099,1.021418403675155,0.95589548488433074,0.92838608672388867,0.993930963142718
0.92765465652974033,0.98502108499019647,0.99718499892690948,0.94339285396357431,0.99885607018508948,0.96581160868582705,0.97145782232512834,0.98606988571635967,0.95644196724408348,0.99714647878242524,0.91004120031263869,0.99695460577647999,0.96798830290224047,0.91419826944951432,0.99189315863799699,0.99517862581260086,0.96859088416725092,1.0086390882684866,0.93975220403394333,0.95231034686446403,0.93485117355839942,0.97052263488346235,0.91828824297053346,0.92871573953771369,0.98041729742159656
0.94527857737187371,0.99721252403910332,1.0161189050350019,0.97183777656979065,0.95724702909609827,0.98043648106739367,0.99205488342868775,0.98083335927361581,1.0035041982564179,0.9931893226063786,0.94886831799234372,0.98814261152676652,0.96834420484655082,0.93560662520214422,0.96172986975209052,0.97547437296779083,0.94224427032203284,0.91722409575623709,0.93822796963585331,0.96153303301415616,0.98215828071345235,0.99652549032324522,0.97275104451442562,0.96557570940353332,0.95737989126519496
0.92645508981324765,0.97190969031634833,1.0019189723606121,0.9402504189749159,0.97755766728585602,0.99784101039457718,0.92262250392549694,0.99027538140010907,0.99339783955332706,0.96240095785321222,0.97175946783999068,0.97404306423156395,0.99821657067264657,0.96893613976078796,0.98152351658222481,0.96034173315194149,0.96163822340047722,0.9504906051413391,0.97383470652749915,0.96099461399817199,0.9383194527062233,0.96275753057381275,0.98781424909974302,0.9435771465060413,0.96800443482322485
0.9755276439214976,0.96766722200428867,0.99938551428403999,0.96744369989894674,0.97034977742796102,0.97904305904387756,0.92470903789039038,0.99918786017984995,0.99147585751173184,0.96500205413843787,0.97827664653631641,0.97615144595103231,1.0056217516851287,1.0102564656853827,0.99526471491467505,0.99288939640851281,0.95238551161837648,0.98492398993653618,0.95429030438303308,0.93370024047027111,0.97982760445908912,0.96805397491974188,1.0028358401063973,0.97362073375439606,0.9404479732219948
0.96910253433529703,0.99899816027623722,0.97350428859292337,0.93064208503797474,0.97958449118632873,0.9927568990650717,0.98297034354775292,0.97923933116038009,1.0092209644986612,0.98796682464227292,0.99174890489851064,0.9904761415676453,0.98230669423591732,0.98435371024485863,0.98885424877418826,1.0046068307569351,0.94683251058308859,0.95303819628717934,0.98159909763478681,0.95535970715878826,0.96450895652833757,0.99100099769162864,1.0082243216091338,0.98010760944239195,0.98409119367022968
0.97456538293913642,0.9693008899954938,1.0017734674967624,0.95785465869974984,0.95938783360322399,0.99630990695673405,0.98042166298438649,0.95916440383722323,1.0062809691719095,0.96032918577487991,0.99995628721936314,0.9713042277765801,0.987304709338374,0.96671723561925338,0.97769337275474577,0.98605772534350988,0.96131480224771393,0.9490897949665269,0.9636349511559763,0.91053366977346106,1.0084442940676777,0.98239720659366891,0.99648733688256796,0.98603330951533841,0.98892489275127127
0.96044791674341823,0.98025936001887881,1.014299043416335,1.0234354793517808,1.0206046307291061,1.0193165680180996,0.93143134086758739,1.0137819954981244,1.017568275441832,1.0046033807052483,0.98967630134021989,0.95155318587841176,0.96834252672850607,0.99447742951246665,0.96916553081577383,0.97248938428867315,0.93694864234863207,0.93175864510685136,0.97444020236829498,0.95314711249778861,0.96247017613753161,0.97978083340875799,0.93771287289133265,0.98103151478382866,0.97108300573774775
0.96874854743619143,0.9703029856740657,0.97823951593172576,0.97271696135105412,1.0236722911292526,1.0001875259551534,0.9345076748685367,0.98043306975378142,1.0025845324301974,0.97178677375469691,0.94167138711550713,0.96266749943523267,0.97396562987188839,0.94909339981808205,0.95300120505748287,0.98787714697065865,0.9628007881284486,0.93583143754015263,0.96717243050874646,0.96285379156889572,0.9790097265114055,0.96418357905441165,0.94897576135722583,0.9747457829188747,0.99039270149889169
0.96243742378941899,0.98470056756529845,0.97726915178409168,0.97787253234826921,1.0015929422873024,1.0249983303762435,0.96143156733144219,0.98087553039938458,0.98163033915816211,0.96943905885315595,1.0064781512810135,0.99362823953110802,1.0007131297719807,0.99113122284936095,0.93838853581061921,1.0062944344481568,0.96696214604059194,0.94320232125403869,0.96771319817540213,0.95550533394949178,0.99264888129545648,1.0163832729180686,0.93052823627282277,1.0034749997704422,0.96578124194171422
0.95534715774551382,0.99947623675280217,0.99839061848306909,0.92055518756612342,0.96249447699919422,1.0344167846874213,0.98032188574028478,1.00788347914582,1.0171441575829046,0.98126840767791867,0.99789046135136228,0.99189356990065225,0.93329028527593338,0.96735045599055769,0.9671863681073769,0.97978601380470798,0.96280037975356592,0.97932986829662316,0.96767360319005069,1.003848155529951,1.0041138123319937,0.97012822015937572,0.97237344650855662,0.9822929585249458,0.96554174652730129
0.97291320369019185,0.98024099111043106,0.98631243175411698,0.95344564835889478,0.96732054040454596,1.0016032132532908,0.96434553480953289,0.96416962797222394,0.98165756178167551,0.97950803445402623,1.0103855692554153,0.96671010660783518,0.95801825089258608,0.92765497026105925,0.97716718495787824,0.98048423868029977,0.9919844736791692,0.93216840509596643,0.96355123132582177,1.0135561792192656,0.98044599751516393,0.95155449578760021,0.9728411962690382,1.0249276433583956,0.99114458445286791
0.94283100748057991,0.99044918696990103,1.0047995207199729,0.90150898825937376,1.0080627197198666,0.98566216131761597,0.97451623778524876,0.97278509649534495,0.99342970256776908,0.99306587916296363,0.98719003366165325,0.91928854179223729,0.98293791328452162,0.97180213605703869,0.98154930734708901,1.0163480818992709,0.972423577913471,0.95068323175440628,1.0058057901298665,0.98948950731306229,0.96368618705572051,0.88536037743521745,0.95363971097301981,1.0176164005030301,0.94691710798884376
0.9854968602597044,0.97671542809802481,1.0064121034308948,1.0062469307698798,0.97865714170442564,1.0284292075184578,0.96381261448904665,0.97755864725612551,1.0051536108902301,0.95670077953229316,0.93386519500558851,0.95151225934355343,0.98358015818269851,0.98518198857622863,0.95616448666012166,0.99851627430115197,1.0104703187165547,0.94945863895469607,0.963809065428615,0.97488813048617085,0.96225849012248355,0.94667183340966421,0.95645654499931099,1.0074254235202735,0.94703222437848344
0.94664681428540121,0.9820149784986929,0.97827856273486069,0.95433188200015917,0.98976809601890714,0.9950928564668805,0.95674534177044912,0.974441051805497,0.99449067927894741,0.9798200527775951,0.95176663027725805,0.95701564156959118,0.94188070580329153,0.99024355483063509,0.96466421159966398,0.92562948017029711,1.0089469384300107,0.93357351975653646,0.99972857635722501,1.0025975872612731,0.99385542888610423,0.97757248928569918,0.94824703243389341,1.0141397257793368,0.94265306103896362
0.99347515209518944,0.95194441859186696,1.0096750049745049,0.98643184256336713,1.0118643102916329,1.0241818504634941,0.93947018363261803,0.96777137348945885,0.98069547156706804,0.94030973860823008,1.002577864252874,0.91859446017523805,0.98086720700365704,1.0264322334265057,0.98218615393247355,0.9799587370591295,0.97062066255928525,0.97556089854702854,0.93843018789835253,1.025293652607395,0.99285794251946258,0.95803303749438329,0.98568271906981741,0.9977764096380255,0.90062850936673877
0.95027018546521014,0.95454943090746125,0.97460586963900075,0.98110992718758594,1.0431512862177992,0.99701672363128002,0.91684071586308158,0.9855618689315504,1.0089792752799114,0.98104686550181297,0.95987489330013709,0.9393732750233148,0.9879794162589064,0.96876368720717865,0.97889379043776781,0.94024926148084609,1.008886720282955,0.94830378260013459,0.96224900244395839,0.99138701866401513,0.92849097378284196,0.97247829663609042,0.93846563647377423,1.0073633376216633,0.9277180713219898
0.92506290133494784,0.94175311493776237,0.97226786680404476,1.000909488820386,0.99375620069062076,1.004271036448168,0.95627220213680297,0.9917849921344104,1.0116639727072594,0.9498696596205628,1.0167166790561013,0.9068582253272045,0.95739465247239153,1.0274711626297994,0.96174651404586786,0.90892813814118656,1.0012364031332939,0.98728636573532236,0.96474501053579154,0.96580034182360031,0.95819505123457971,0.96990222926110814,0.93560597704879978,0.99491403629790542,0.96935565835954984
0.8941514569068687,0.99299683824147988,0.98263998359281535,0.98877305899686996,0.96981639925173801,1.009910815585632,0.98994229357067998,0.97899200119249574,0.99490602001634176,0.97036266891703149,1.0233900985048188,0.96107179095582618,0.94983849441157286,1.0064664863908226,0.97067262827675194,1.0066900379327592,0.98109171496506309,0.96582448899231854,0.96801896603977566,0.9853554503426365,0.95140454851760625,0.9033461259729727,0.95154747846183929,0.9751103119628034,0.96593754985537039
0.96896795140416692,0.9139733584198303,0.9837992060547267,0.97279177672813644,0.94815702083403886,0.99333561022545436,0.96010497811429962,0.98302927763192649,1.0084424773877856,0.96755507321160428,0.97639704300678942,0.95548949674598382,1.0005382147796196,0.92711028338099799,0.98855221675593752,0.98554204289400005,0.99693431871206317,0.9539513783171466,0.95938075913490772,1.0019882899108907,0.96238533953459104,0.95888893569334654,0.98277312529148086,0.99894741242410823,0.94030617909104575
0.96262500875380597,0.95454911421096522,0.99546350802743166,0.97529293391701244,0.94043342758130866,1.0053628702660571,0.95327495147087915,0.97935038272670427,0.97135101717963945,0.9799720360409917,0.97125738219248148,0.94973816742977379,0.98424757480791569,0.91962163655191898,0.9471224637673169,0.99023563378424218,0.97611413258957302,0.87459345881412554,0.92140493174102933,1.0185238825558502,0.97568299479228182,0.89783876163157039,0.95478681475608584,0.98907494170911592,0.99160381843608791
0.97411112517793985,0.99152380046888167,0.99101838734511682,0.98490540870332388,0.94335754403886452,1.0136828869063081,0.97914070546109866,0.97166411959416465,1.0311851969082735,0.97112177012202383,0.96728188263290649,0.94066760569340369,0.9925198552855139,0.9369378767006481,0.96190951457453,0.98001943361974742,0.9596827532508676,0.96856363556529523,0.97814499105236752,1.0034814395904217,0.93722116382964604,0.98649764220393121,0.95930372394881336,0.98254436567267434,0.96503240308536486
1.0035431154318561,0.97255663993583541,1.0167814425858377,1.0108921039046086,0.96267036375064796,0.98898992694549015,0.92776749403046999,1.0098305744250242,1.0155281805816367,0.93208744726572379,0.98502634626812546,1.0122112935331153,1.0122081626270909,0.95149747571554788,0.97053066317912917,0.99160214672694125,0.99311976936958779,0.94061373171715712,0.9790207582301268,1.0006384911307202,0.98570048167075142,0.99072809726076561,0.98076341283637136,0.99468571266814798,1.0018981645228178
0.98606281409421737,0.99743918449245539,1.0104186872924608,0.91686724567281952,0.97803494040628058,1.0042793103102432,1.0037805079523794,0.98747681915592544,1.015503517989486,0.97644598295330509,0.98062217087188064,0.97163203599492121,1.0057889780961269,0.94222813662025762,0.99913789609777048,1.0053556893549727,0.99858630811202032,0.96870102496548349,1.0097849899799212,1.0222613396940758,0.95788925950294479,0.99688687859649039,0.98300034369478007,0.97703662235679101,0.9608299807144296
0.97762924922400074,0.96494638364789631,0.97231687158195379,0.91192181311826248,0.99548143472928941,0.98843198783918496,0.95844882316914115,0.97627057059195355,0.98792752683278806,0.96294076337747447,1.0052851943658307,0.96643152787434339,0.97884244066376658,0.93050249936318652,0.95778315381671064,0.93337718858402863,0.98149982639092959,0.94340474682369124,0.98289045652486695,0.98186424092540669,0.97028050226023932,0.9837300200524608,1.003552669345807,0.97572304626084672,0.97837779971930006
0.97722868675424091,0.98547740028617015,1.0001476774813818,0.98510222310087003,0.97508212817064654,0.99986794463260442,0.96764477053562792,1.0337128818072596,0.99368594894066808,0.95219657529495372,0.97446160143334792,0.95508775675175439,0.9881949744561227,1.0034827611863035,1.0113994015977461,0.96828515480578481,1.0141944719937628,1.0011617706953537,0.95725937977086262,0.97752600514489585,0.94576986643801186,1.0108346933344257,1.0128882116304487,0.98155897190349262,0.96240344952688106
0.94538191257157345,0.98429467806758586,0.98153771611688112,0.97928784828092075,1.022804279729655,0.99096529481110074,0.99853307470940134,1.031505687558695,0.98190631110062043,0.97227157632244721,0.98922720473916848,1.0112475680394848,0.96429644731864883,0.96953437526933128,0.96675472990806899,0.92516149657698721,0.99819945946462707,0.95775774715874629,0.98697495731352924,1.0294889452685954,1.0237307212575775,0.96987724131467123,1.0028792559931756,0.99296016989403779,0.99860114163458635
0.94091182774858051,0.99044749496377504,0.99351053761441754,0.95869363225077919,0.98151021063849031,1.0031490729479586,0.96617021217796972,0.98029723499773891,0.99825023275586366,0.98583995869112728,1.0056123587026029,1.0059187704301447,0.98567954804816427,0.9450409084032011,0.96668589904189683,0.91848641494865058,1.0091487519972966,0.93814772523433876,0.96573931556774628,1.0171603891240599,0.97142492266231195,0.96444180500531373,0.95974820301752606,0.9921693361645294,0.92949021909040652
0.96694218547600008,0.98086758491432335,0.98282247652863997,0.971979600999336,1.0143588984340364,1.0222424553415161,0.97393923144337402,0.97809792030218745,1.0251334039682316,0.99095178739706646,0.98424064192456895,0.95063324593271736,0.97173930941871745,0.9891507936963273,0.98407409686335057,0.95309179164279412,1.0031631148474605,0.9747629285528866,0.94652181174175587,1.0296594579019087,0.96801054919386731,1.0096786554033346,0.94306420520267564,0.97375587644667594,0.9637801926776276
0.98399628429835928,0.97875563788847486,0.98208775962664785,0.98982617339500489,1.0060737310048888,1.0073550167305296,0.95311347256243795,0.95355126152342096,1.0183491720671181,0.96372407509672764,1.0154336476702306,1.0143316595656298,0.94563578636762846,0.98051173580858808,0.96491630228576464,0.9816060428947353,1.0173312779876176,1.0022696433910157,1.0474242454901384,1.0096721217324964,1.0083763945942008,1.0158763824498889,0.9659886513342113,0.96842558930866141,0.97340504677988271
0.94200225035944007,0.97607694485911056,1.0147362332158241,0.96260371687913526,0.96092998430536414,0.97634195409108238,0.99480228384294378,0.9606936863747032,0.99575266272305407,0.99850402579188524,0.99867214207923138,0.99581493171545454,0.93877145660445493,0.95013623203289632,0.96179022101405476,0.98040573262355568,0.98247733635909684,0.98835483203928243,0.98136488693931578,1.0285679317252856,1.0210987909565099,0.95815831070921753,0.97344718453073098,1.0158631098283717,0.96392939511012354
0.98046794133802184,0.98628821992076032,0.99530578599203401,0.98236433143110402,0.9519878179015584,0.95060298013052813,1.000751298478066,0.97374579478337742,1.0271078628174573,0.95084535819520355,1.0168507767302584,0.98387929149818332,0.98745791503551572,0.96368815956785336,0.95940820190297282,0.97793941375493643,0.97774866524645343,1.0245589070531547,0.90236193464166636,0.97256249338288125,1.0245864048185254,1.0080765531720592,0.98890427880861731,0.98574511875950199,0.97602518930001947
0.98298183269014916,0.98333356064523725,1.0038796767741225,0.9911293834019087,0.97471760858004663,0.95386821532648491,1.0105808497723046,0.90640999673606304,0.96644557131162834,0.96210211138753021,0.95137762501262713,0.99166669819172659,0.98152564046661361,1.0022053747722288,1.0075754742692025,0.96818794203774972,0.96377565499970108,1.0070591479049196,0.99386259298812207,0.97720143361569967,0.99436270470274724,1.0054482281237862,0.96269053811206196,0.97994366439297231,0.98714956149140909
0.97268356330436923,0.97221898362716086,1.0240012160018845,0.97486259761809368,0.96691060721027222,0.95715830283441661,0.96533804804948975,0.87765339982110424,0.97478429725769333,0.95792245624407146,0.99288598871945588,1.0053871543869486,0.96259334589023304,0.97144508051508938,0.97197809754723485,0.99655668058703639,0.95515567696821968,1.0117044347937654,0.99316819428260816,0.97835547031731351,1.0201216710673504,1.0204991393567246,0.94684077003904277,0.96669686791885068,0.93153721339129159
1.0000512183067338,0.96158356971879211,0.97608187378185662,0.97571617919599352,0.94828469986758812,0.86960612255161929,0.97586222355518681,0.95629533539041844,0.99787410414555733,0.96684074614024129,0.99133989003272016,1.0094886343697504,0.98275817750127537,0.97967316669693172,0.99283229178348098,0.93736771602645674,0.96174665722662356,1.0013461798863812,0.97012357440093577,0.96787926086910214,0.99271653956114747,0.99855301747380043,0.9745681808325648,0.97559223794588479,0.97544025630433839
0.98292657095092506,0.93990022683103747,0.98417613719051378,0.98021957399355764,0.96786306569530267,0.96346247352084724,0.95753157400400823,0.97438555698159168,1.0063664569272688,0.98130429909686501,0.93584997340960241,1.0068627756330151,0.98337982085738052,0.93507681395698294,0.95888517445002797,0.98428140303907496,0.98578709117351149,1.0046978310071453,0.95478253696375803,0.96212385503445297,1.0083931521177902,1.0008129747737535,1.0326442318027793,0.9522375860221336,0.96511750786455108
1.0068193067873696,0.96609434764157132,0.97702462095013465,1.0061039818931465,0.98233181435964878,0.99910642675760852,0.94305492821457482,0.96685254229518147,0.99647476882084607,0.96637538922184862,0.97724687710177127,0.99214337170612199,0.9991966707123906,0.96678812162126881,0.99116746293325542,0.95324042443275903,1.0029422504068548,1.0004163834297979,0.96855393286053915,0.98533690347683267,1.0095678578530916,0.97733694527775994,0.99065064842163719,0.95144993196151495,0.95426027624176613
0.99271212861424785,0.96486940843125013,0.96461784112640958,0.98601808817099612,0.96978590114557406,0.99705363995124752,0.95346895448987468,1.0022056500311933,0.99616536267578737,0.94177463622804036,1.0195589037019175,0.99987297863596492,0.98657887438004421,0.927095749362009,0.98305058941114964,0.95811230182369267,0.98237052392947932,1.011330999206477,0.96228542095570246,1.0358396960924341,1.0015090671037861,1.0049681705658278,0.98181237457724491,0.93033583538454256,0.96063939009807509
0.98157295620826635,0.93574095780099598,0.93635465718944488,0.98422730394683211,0.94813860197161426,0.99283590424080603,0.97244872613975819,0.95171215348731142,0.94920149206234661,0.95485481240366143,1.0088624800993491,0.94313074374965655,1.0039502789596249,0.93073706239258625,1.0081608793512953,0.9863667598529966,1.0186017787314938,0.97895891934778889,0.95673804147011376,0.99905959340158246,0.99786250514831198,0.98071204025579584,0.98229680464941294,0.95028156792017571,0.95202930375227268
1.0134955989098831,0.96211882024529105,0.95560114574373922,0.98207533393131852,1.0014833773735099,0.98264024172193787,0.96095420459161185,0.95168876782549139,1.0305221324860971,0.98477848023886738,0.97126133758585409,0.98489829191344702,0.95910626668319199,0.92141580447103144,0.98201835168556206,0.95094042960345937,1.0058107991535929,0.9761556080369167,0.97337774038813851,1.0146968069718121,0.99516888172323392,1.0196073929072402,1.0219750536544003,0.97425484158216713,0.95204503098168636
0.98222585869079571,0.90624494569603053,0.97586802326011735,0.98290316853167747,1.015660049945379,0.99131533766381486,0.94183542808546994,0.97481381706735992,1.0139297941183123,0.99742971082380505,0.95707626315998762,0.98086073737725366,1.0090454694505697,0.95535314710639607,0.92934049159870769,0.95789819197467807,1.020150721841913,1.0028845489107321,0.98196092849770067,0.99229454200804523,0.98380449635451495,0.99751269188767144,1.009165651587516,0.95016917426585767,0.98215644084397336
0.99252796471472948,1.0079791721805076,0.95275608932085254,0.96221741553975881,0.95446124467968063,0.95845725581294949,1.0157881648818714,0.95713738204920218,0.99630772013554814,0.92936629931989478,0.99669461031486017,0.98983624066243903,0.9872647877860905,0.98524238100076345,1.0000203347344487,0.98819337958469233,0.99871369152994272,1.019072329014757,0.9686711293933451,1.0104992592706812,0.97488151181232252,1.0096307990471558,1.0009826199578344,1.0095181536316038,0.98183260483646717
0.99297949694791576,0.9822402677577502,0.9161525934162108,0.9957837350342964,0.97312826344278547,0.97636628703515704,1.0098688869535029,0.93090405696001033,0.99428999849098687,0.97339015262015849,0.95512734880953898,0.938130998369341,0.96114865168610353,1.0005036821565729,0.99101509274553967,0.95190604582800331,0.99670215364105086,1.0002207604559497,0.98343177094012146,1.0187399548916396,0.9941051050927211,1.0009434345554806,0.97837654015366704,0.98387855023647641,0.96919430212964408
0.97570638074976968,0.9897296245670415,0.98247916379233402,1.0168796571425249,0.96464612757616497,0.96419940928120218,1.0083931087380986,0.99882166727126875,1.0032046995631783,0.99944146279777168,1.0218928022660463,0.93056457978776186,0.97382628759869772,0.99750408431830262,1.0236014131321716,0.95171015390734925,0.9855680881115968,0.99947387241269614,1.0062920993058377,1.0012100384602702,1.0013904317871227,0.97932322965343022,0.98023123938660772,1.0079261701456981,0.9906491169882865
1.0374293736770741,1.0175822907963707,0.98030919722264831,0.99615723968105041,0.96831198584766887,0.98487635206176904,0.98528994354619226,0.95525867611429716,1.0078733867665992,0.98662226210564785,0.9246104035606626,0.93740635270339445,0.97377121171563541,0.96452526883400169,0.98816049280356633,0.8936658043880058,0.9795743433981895,0.99336376810351079,0.99522386870326562,0.97714977919240298,0.98840550845038566,1.0137808726358257,1.0018659820567499,0.97270625773462194,0.96807900619805298
1.01125053518762,1.0080942701838416,1.0234253716374218,0.99651681922897872,0.99488337811887884,0.97159024629706769,0.98671698244124573,0.95056636583720167,1.0109720211060886,0.98012792091782219,0.97604108177838378,1.0189428949118158,0.97932283357054695,1.0102300780281046,0.97921556508810881,0.99891240944376725,0.97631724012295396,0.98687208731639386,0.94567914492730609,1.0180166356796851,0.97498944314532465,0.95752506623610478,1.0157391713306294,0.95723807386292004,0.99315230947668187
0.94981896905866492,0.94871078399857367,0.96726396115882374,0.93695598297705629,0.98225058555225908,0.97883541553894571,0.99566811892295304,0.94854608876670321,0.98355192420589799,1.0080699135210269,0.97255862615268018,1.0064970041307728,0.98705413920986562,0.96427807179792879,0.94834876453540562,0.93297298093966918,0.99415604788133871,0.96576619243714523,0.95882842017093495,1.0189920751574766,1.010376260542762,0.90965839450994723,0.99719730660605088,0.84381826781092562,0.97655568746752741
0.99496855542706608,0.99126207643775255,0.97125542353621896,0.97712325413283962,0.96639691051911136,0.98724234097662289,0.97099800636088562,0.96534667417076137,0.99570190715727025,0.99683478653222879,0.95552832133631449,0.96746930580816792,0.95503453505464664,0.95569167038858938,0.93141922049596526,0.9326330729937653,1.0005271414260146,0.95966975486789441,0.9417261279333059,1.0044072904395578,0.96810336366505001,0.95597896070167265,0.99941638031033797,0.97510250950064481,0.99858417311492775
1.001473870086276,1.0006439244994108,0.97609653863899049,0.98486685718895872,0.99080925379998719,1.0121617863357235,1.0086278841249046,0.9830662098443349,0.99266513161444692,1.022995176276092,0.9970937133836083,0.98839482514157806,0.93512116879096174,0.95518722405814738,1.0104731916212308,0.95876198594672979,1.0334192099721295,0.98886743559794243,0.97241198845050114,1.0095936775171197,1.0061636359228596,0.94674852941502685,1.0093414104950071,0.99225046159268315,0.97672135791860737
0.98919306857928424,1.0050146495699652,1.016180243016279,0.95687235536228976,0.95957294058200759,0.99399638903872223,1.0001437430740576,0.99032649512687487,1.0164230150413627,0.970955971550574,0.99237724674028538,0.97203912409786075,0.96688160051210215,0.98371241096932138,0.99473541688253808,0.97782431738395703,0.99330002670278406,0.99458833735182883,0.96016308004782924,0.9937355499323921,1.0217143721872632,0.99521017117836996,1.0088412401967182,0.93745892582674961,0.96129378255049169
0.98984403543663002,0.95985231229110179,1.0287854026174177,0.96309568036218096,0.92564019990425062,0.98289233263319464,1.0193146350403448,0.99340033720267384,1.016218249656174,0.96790415080283287,1.0030128871849955,1.0159094177312677,1.0025086298714116,0.96562633587907964,0.9537089276212023,0.98473616651869966,0.9834934030567507,0.99338673915490039,0.96731710289773509,0.97952660102470457,0.96055039876621795,1.0036722400389497,1.0235208689660509,0.934066942995327,0.98300637068046925
0.99282316225877421,0.97919137698104541,0.99175978681610122,0.98517183367900862,0.97666094124555558,1.0000858452158945,1.0219964663370211,0.97847598659812107,1.0298149167552675,0.94270108336851166,1.019135696680135,1.0258514744328364,1.0058591542999822,0.98641447761741508,0.96874587055367456,0.98711989820247925,0.98264766507807844,1.0143613518804708,0.96555940638320958,0.97929148430252322,0.98234896663357951,0.9972468857562693,0.97568184565937233,1.0034532786389456,0.92595723446245848
0.98417969439896669,0.98264979525853324,0.95500820924175245,0.95766324840954153,0.9598591180965188,1.0071537313171768,1.0203980212329449,0.95961753398590643,1.0162159416058842,0.93890219727280899,0.96032737606434837,1.005039055481731,0.98786834929083989,0.98335630606917679,0.9347307869652387,0.97186863698510606,0.99847669943745565,1.0208401430913294,0.94623062845004968,0.99872942261089359,0.97502081498244619,0.96196239580648613,1.0073120875784567,0.93999212046661218,0.99950313246043621
0.97771622342235043,0.97801332455388246,0.99232975067123608,0.99825832608115972,0.93607291630994405,0.99079905326370654,1.0196816056737636,0.95303326064836291,0.97672685036089324,0.9495747458120366,0.94250883543680597,1.0175317710329745,1.0079127719215311,0.97050525225480788,0.97448421830476639,0.96872177851843022,0.974727870662635,1.0022828467105318,1.0155264731488185,1.0488712465622452,0.99553153354104507,0.99509631411424682,1.001803035429951,0.95939041559820226,0.97456866261990849
0.96009482322666051,0.95626516960899355,0.98677130343410546,1.0060676609934376,0.9782916930257014,1.0040171898338273,0.98601281694487708,0.98958284544248309,1.0114265849039399,0.97231280206322979,0.9351088760816042,1.038547356858293,1.0035151897387833,0.95680027724691075,0.99351974684824129,0.98017036539759905,0.99163566639821776,1.0088315725525954,1.0066939938389663,1.0021030046469146,0.98612912012223142,0.9709149683344982,0.98560612351273624,0.96008671362449471,0.95996855337735043
0.9804188011993743,0.9280422629157955,0.99811319091401718,0.97941727388722921,1.0048181466218207,0.98238894892670725,1.0394558091235653,0.95242770539962873,1.0155625750269961,1.0117467211837485,0.97509344753156491,1.0527824167989797,0.98616410598403526,1.0075111025339381,0.94735566498747759,1.0004750138723535,0.97772387033134678,0.962479756173509,1.0111650672651957,1.0183597889727092,0.99468429068449349,1.0446373270381144,0.97813743042322887,0.99628012451542769,0.98505909348862908
0.98594296269304071,0.93969734143459627,0.99101637140656396,0.94160686741306165,0.96482655341306534,1.0107081588156288,1.0198221354871604,0.9993574400936367,0.99035231981839944,1.0116390061492802,0.96177644528397999,1.0068784648475775,0.97990969537324379,1.0029552329373952,0.9678133569416324,0.96349023148286339,0.98318641154223296,0.99043849467723377,0.99950028932039792,0.97077883646412433,0.98312155566275117,1.0023558602574163,0.94788764013962434,0.97645497697720363,0.99941305132112002
0.92255543467489565,0.9602534660432005,0.99543972358196553,0.99639960696962426,1.0260314789361271,0.98789689986067497,0.99979257379892861,0.94826764489003235,0.9705587977073572,1.0096534551962666,0.97610075467231794,1.0152249945833314,1.0145594148217001,0.99042378370597117,0.95958660702166942,0.99114765453443532,1.0223104877083597,0.97954728935359991,1.0064717997259083,0.96353710036160678,0.97444234221000592,1.0323708156165496,0.98605291191792455,0.95782980784186644,0.99915481333604428
0.95821124758900222,1.0092876933062986,0.97837151400480593,1.0002542705038631,1.0055490237273894,0.99308217635834251,0.98936733987371517,0.89543132480597076,1.006662143041166,0.99453524600982912,0.95302193727313911,0.99221780239672541,1.0111857653417713,1.0056668572914544,0.9665997311529344,0.97492619123036328,1.0136312010921249,0.98971356478896888,0.96947451907560733,0.95431309992975299,0.98250174739382179,1.0131977740272584,0.95805416277591626,0.98398774273756073,0.97238111451945686
0.99117077409754084,0.97079993984909696,0.99516019973601832,1.0056415476224425,0.99890674471819274,0.99100169000247584,0.97092629819669873,1.0034726008976191,0.99571496688918326,1.0002401574822557,0.94916026469352366,1.0351638837723198,1.0110348589680926,0.98992533639664271,0.91665311446163444,0.97814033613597773,0.99287312161639352,1.0072448246185013,0.97686038257836882,0.98326094848673562,1.008508402667315,0.95865469481744103,0.93279071086328791,0.99190400860185524,0.96666721698136515
0.93400280629943477,0.97757181400198967,0.95573393657721184,0.96359574972101825,1.0030913016156757,0.997578804877572,1.027095722284959,0.98775880300023455,1.0048062503970618,0.99925481889002621,0.95870132272836872,1.0204241017408762,0.99684228688011123,1.002704187753835,0.95100118159851632,0.98338779392239062,0.97223037592459183,1.0101589370877313,0.97020604954609724,0.974226477895761,1.0027716879945452,0.97444132185398402,0.96814789694165859,1.0084008612304649,0.97738593188546208
0.99845349125359895,0.95338557428194826,0.96255464997494089,0.98267064399298232,0.98672298917014323,0.98580170290005287,1.0243354984524375,1.0058944070960645,0.97740616999462193,0.98589960926827225,0.97313545606401419,0.99203832820419025,0.98435067695756906,1.0043518883548701,0.97842165450454655,0.98470689345703721,0.97486805521806863,0.99521320896546328,0.97882182048441557,0.99454377891594159,1.0181680779683082,0.96437649831713235,0.93466936159681202,0.97034531285718484,1.0132263547458078
0.99434397593470725,0.9625859858626612,1.0014191003085953,0.94219082308826785,0.99788540176552121,0.97587262774785311,0.99256339800947968,0.97329167354538371,0.93831847211914843,0.98915137463488589,0.95483561548086626,1.0090081718568396,0.99217036170623019,1.0245031659970274,0.96918359380164043,0.96354689938898419,0.99551690337771714,0.98963836544399952,0.96993892614457244,0.96420263496510872,0.97261604001073509,0.9715480247400311,0.97769105198521089,0.95861519909159276,0.99255763123745189
0.9867706823635688,0.96879109925594964,1.0013891881551793,1.0170825835076429,1.0174034531995877,0.9269175544141115,0.98553827882078482,0.98218696431707264,0.94677406073867565,1.0003256920510264,0.98934632096850528,1.0150358872517031,1.002510837503374,1.0321090727795852,1.0099761535888427,0.95651892796041027,1.0035862294953266,0.99152063417419534,0.99052944053384417,1.0049604360926845,0.99571865705542939,0.96144772382947585,0.98818889657002407,0.98841302055874503,1.0089000598961126
0.9910617710459384,0.96690687595280456,0.97929947571075771,1.0288927857159611,0.97165919313692195,1.0126145328424194,0.99182516821806577,0.9696615895464209,0.97530171121554976,0.98131682681688681,0.95639662409027049,1.009785072081119,0.98765228113727299,1.0203255692491626,1.0095952446191914,0.96578769015655996,0.97136690244093848,1.0081784364054147,0.95625937328232102,1.0290168395549615,0.95802476051352581,0.96376132748667764,1.0131973766359912,0.9849087373631753,0.9915369585010495
0.97685430721433975,0.97617366443010212,1.0040429019319475,1.0149812507144369,1.0257328459295487,0.99914092999019022,1.0249541784255984,0.99696815224426294,0.97994847600434742,0.9818877354821729,0.97849119767407944,1.0007848454009973,1.0393022029074843,1.0094843997728953,1.0038499470310041,0.9488161357861532,0.98348763127229022,1.0010711696560859,0.91436882414707665,1.0356389708772249,0.9678798650665017,0.94800542499992801,1.0136301749036489,0.96678183941506579,1.0233629705671876
0.99881570100950479,0.96208784426435912,0.98993918624035215,1.0051554231325754,0.98983979360974794,1.0168836719875458,0.99678537896116048,0.9741417823943247,0.99463373670639876,0.98792369924542078,0.96080458247280764,0.99945349578390064,1.0178490452091833,1.018135583137582,0.99898276125180629,0.9688131288260412,0.97233494668032661,0.97203865078860319,1.0044369651323799,1.0455773099658474,0.9712063960774564,0.99837459355760383,1.0341093359758442,1.0271507921400882,0.97579881444521177
0.98242052461948071,0.96838668527506144,0.99162809777404171,1.0173576732369347,0.98346476906487856,1.0189489855147278,0.99611914894973164,0.95725540918021745,0.98477676728325014,1.0285975977611963,1.0118046678074653,0.99882597125173478,1.0081538726620887,1.022176967494802,0.9362463400762483,0.97099698256137446,0.93031760617840209,1.0155500957491712,0.99111354574606603,1.0442241903632246,1.0097047103173793,1.0017652702854807,0.99722426504150885,1.0166128445953577,0.98929222622817004
1.0092061988752614,0.97798574778129876,0.97152080226656645,0.96834207904688507,1.0148152774149521,1.0323583657784718,1.0055192268363016,0.98581572603036938,0.94482633434805174,0.98785289306671331,0.96860402867501538,1.0127335595229994,0.99258640954371757,1.0314532367795726,0.9478106806426283,0.9783185618045448,0.97674117213060396,0.99314131723829902,1.0234992609498621,1.0138003686134032,1.0196387541724936,1.0059043903659484,0.99643865904136708,1.0196201151267104,0.99639065215971712
1.0251890348037915,1.0238658547160393,0.97392359339918522,0.97004837970647317,1.0237918673037778,1.0163379966212618,0.98511094524770271,0.9460112621638338,0.95491823239741258,0.97852076684094869,0.96351257087618902,1.0110645650054149,0.97271120676803169,1.0241865778876724,0.99503957023883893,0.98023683618300828,0.98371565418657581,1.0131761759364268,1.0324047552379136,1.0227225738212169,1.0057266310296538,0.97569934951924786,0.99660261278965101,0.99770244158558374,0.98141166056450502
0.96736912291329546,0.98208926490361004,0.97323585689707981,0.99931222860463542,1.0278587334672622,0.9747562505874412,0.9840435540060487,1.0513187900863317,0.94380562897171405,1.0046923866556394,0.98432477220014714,1.0482820198781566,1.0374353273789763,0.98182457799406964,1.0215632017719898,1.0026918115187544,1.0027872635037107,1.013641583482221,0.98272084506658697,1.0239930651307216,0.97759737307450989,0.99596811073975178,1.0179125949255377,0.98803619235419493,1.0251182645368682
0.9406992508637636,1.0202052121808418,0.99395926331620998,1.0194408559248904,1.0004534555375006,0.99414718741633712,0.98612036793184243,1.0342416801109042,1.0052220279125308,0.95675717587248188,0.99099656002452841,0.98794227395973377,0.97788827422886204,1.0327761559431667,1.0093162881807698,0.96307719014842974,0.99799421770869179,0.96688418011497879,0.98486279972993407,1.0418203640992196,0.96743983449599746,0.97425526063181056,0.96502282098746384,1.0039027425033731,1.0182138101332141
0.98491443875607398,1.0328067046727343,1.0149926322654526,0.98960233921240226,0.97868683428602155,1.0314813725963827,1.0226482600058997,1.0363162747157073,0.95982486601375805,0.99978256977764157,0.98768482288468618,0.95237792956253831,1.0289295391596467,1.0263304853292889,0.97753751978176717,1.0060708952710249,1.0029850847633521,0.98628071954875363,1.0133874080718199,1.0037943914648484,1.0069188020460096,0.99117787504845767,0.96746081528146677,1.0143635991746092,0.94679307238700217
0.95215695833738401,0.95857860924887428,0.98338998397270605,0.98664833445954048,0.98473144461243856,0.98439133554666358,0.9912591891211574,1.0279813832753346,0.98119889829446338,0.98292576879478166,0.95890218045762909,0.96867946524144422,1.0336916816124715,1.0444892819976974,1.0392271306290002,1.0372624390544516,1.00572887678148,1.0023730574793517,1.0156734218718684,1.0135528252848882,0.99812336509017652,1.0100423138737422,0.95812629903365409,0.98479504996690137,0.99443774268151153
0.93799055171821832,0.98102583752181438,0.99706242932530387,1.0137716726348944,0.98341817324781389,0.99544847858350449,0.97508109520312491,1.0269592087923485,1.0095101269653246,0.93564330073383273,0.98335461713227079,1.0026648758804204,1.0098551457084144,0.99915825906563283,1.0236919227223806,0.97728412639081463,0.99860192595398034,0.99313156687770465,1.0048801171775641,1.0451685275183509,1.0080146661224727,1.0065885251980551,0.98760650649887538,1.0064073707100754,1.041681890903863
0.99727607812875929,0.99572784573872719,0.97403095803725526,0.96625279213708559,0.97674891542015896,0.96921750875366708,0.964425439113754,1.0292421592248371,0.99639108999384951,0.95864223075491917,1.0033001794026235,0.98439849520600609,1.0000581030262614,1.0204891867068859,0.99858916218199079,0.99293855956133614,1.0136439407045623,1.0099045414338366,1.0132895233481318,0.99181574284696239,1.0121075548253609,1.0025113573848876,0.98812870609914771,1.0156575690808294,1.0195760542114349
0.93005324775197307,0.98618943552268501,1.0057911765754242,0.95050198629000437,0.94728349236934528,0.96533290519430448,0.97229384829194743,1.0459983933211094,1.008768956984484,0.91018518140208915,0.998948037301573,1.056751815481628,1.0159853264390986,0.96558358893110641,0.97666321783738086,0.97795697797227088,1.0097084483369059,0.99944262135296125,1.0462704458648866,0.98229600992978849,1.0038811762765494,0.98210567490639733,1.000124311882014,0.97910886354282523,1.0396775883340601
0.95859098537439469,0.99160969518450681,1.0248081299447285,1.0183651623322427,0.94719904424450629,1.0157198149232298,0.98151194354432014,1.0336757199340709,1.004349558846884,1.0129858301965164,0.99711250224953607,0.99525422392990082,1.0108698616212861,1.0071208186445162,1.0264875409623353,0.99696651840707973,0.98897229989529023,1.0135099839704638,0.99686585409085637,0.95666131478377681,0.94875919676412901,1.024440851549453,0.99822096375183467,1.0109636339500065,0.9644554713408019
0.97295356007275069,1.0110866848724425,0.99076751709873356,0.95816992548485502,0.95052096377819151,1.0246526682975432,0.95070477879722093,1.0008769691868178,0.99802359294092846,0.98343638329730332,0.99456524065492014,0.9864381004719831,0.98455426788554223,1.0089485609401518,1.0271983730022718,0.9898340715958639,0.97857922892135851,0.96997922856172536,0.99868426722110348,0.9374897713359116,0.98370735714534985,1.0092341321245792,0.99836833453696827,0.98088635457784146,0.92766579217891554
0.98209169833216747,1.0152551649833723,1.0040921849609188,0.94589134004794373,0.94091342400458056,1.0066171082334614,0.98097589503521332,1.0396914274361935,0.99461690534223302,0.9833393043158124,1.0041540245059051,1.023438001669575,1.0118781894135447,1.0457506632269273,1.0109242819846236,1.0079604496876757,1.0141117714363612,0.96090335296217988,1.0027209593956103,1.0054014394315951,0.97912607024062415,1.0050410343863019,0.9863464584948014,0.98565256904744059,0.99408737756097376
0.95977798132884928,0.98536975058911058,0.96572431996825914,0.98564830831540484,0.97860122073698397,1.0136344382991134,0.98332211311248352,1.008288990623998,0.98210015501250525,0.96238125665057916,1.0019276503060059,0.9831882258642789,0.99621996532140744,1.0000883700964671,0.95460247383187069,0.9921188198850297,0.969992488184794,0.92916671696710029,0.9930075241555627,1.0126957844479869,0.95954334947806263,1.0194772924741751,1.0133954310193336,0.90590219707426756,0.99568329933368049
0.95308544786186422,0.99413925228509692,1.0345998879359131,0.98115416249460297,0.99430528965148768,1.0254678747428427,0.97643686822207743,1.0202603690611989,0.9620865539209299,0.97924206878493436,0.9714856428642904,0.99040146814788943,1.0188366318883804,0.99076864720887148,1.0114701185928388,1.016450606752515,0.97848320749489559,1.0024799672575901,0.9986956094530216,1.0118427596156487,0.98628119443676832,0.97757424297376239,1.0531095595250926,0.97380455831786572,0.96973167376289593
0.94564041081582206,1.0014188290970147,1.0098620052714797,0.98743492095968821,0.97126117949467916,1.0287460077559054,0.96536630846583826,1.0488691871246438,0.97018501297960158,0.9970263696232059,0.99243144163836972,0.98347248504194307,1.0020041467324723,1.0092821332079183,0.99415833578314483,1.0033201073504099,0.9837958717001144,0.9290384193437955,1.0077713474591574,0.99912024628905283,0.98216305238623891,1.0020897345163637,0.99757210161632848,0.95539689732246369,1.0002398049742136
0.96687495971324544,1.0043286195403283,0.99054897096776962,0.98379292524859108,0.97380808059061519,0.96575821030023512,0.99371033646943274,0.98985467606493571,0.95582771069951888,0.98526911731837985,0.97770896122741624,1.0113181304009335,0.99548600747232618,0.99132892999737654,1.0098840141237837,1.0166689748423401,0.99635167750509279,0.97749014917741173,1.0048217833757027,1.0295728436891953,0.9846290334668456,0.94874785988815546,1.0156499825181933,1.018256659237406,0.99281008937009818
0.99163738906932963,0.98394107947489451,1.0062839313375214,0.99055529037105128,0.96492646777845825,1.0253312324990242,0.98437469817775103,1.0307469454549278,0.93251231463243267,0.9694591655883753,0.95097055102765771,0.96354153386274888,0.99439480520423895,0.98775336278358128,1.0165879149900581,0.99432881534134576,0.99364312091192386,0.96042961571344387,0.98830605434277585,1.0165240292452573,0.97948225013393153,0.95694735046718848,0.99851518426781716,0.99337366901313362,1.0000032985253064
0.95869405282131093,0.96231548410035583,1.0054990411108362,0.97758683196246898,1.0274020864616844,1.0059950481547333,1.0068322012223025,1.0170622141456993,0.99336203014459745,0.94316686689625384,0.98567444665913295,0.95793470004483083,1.0095539332543968,1.0146781389217425,1.036313947761061,1.0183376971609941,0.98104997364253543,0.97412300648415917,1.0013852188581154,1.0026794987382497,0.9779042068263929,0.9736392791102918,1.008463873910745,0.99645860312580659,0.99103360041697586
0.99526446030458438,0.91846824942930438,0.99627435671293485,1.0092515274976317,0.98613033386127513,1.004907322753249,1.0162429412590726,1.0076963870586597,0.97824046596246028,0.9613811252210025,1.0241761279474755,1.0003098917794138,0.98144702821173424,1.0143826085806116,0.96664808617580655,1.0123393382601404,1.0034842847818954,0.98209912485458539,0.99637533871141026,1.0361629894287285,0.98385099291247236,0.96494399639335737,0.99510215500054033,0.96816625534880951,0.95952332589227207
0.96617658494360648,0.97487968945970427,0.98799359104236995,0.98217153240304744,1.0016209374888123,1.0179644578841434,0.99079224952066058,1.002945848865112,1.008592352530858,1.0136149971259489,1.0150837680417775,1.0199774614076134,1.0117220432970184,1.0066243531046386,0.97355441878369764,1.0156830602462144,0.96839221563515643,0.99865091745627133,1.0167613712002361,1.0114853023199677,1.0237839482022326,0.98019982867236566,0.99256400355661922,0.96388848319491083,1.0378334627314973
1.0470019498900394,0.97020560914576504,0.9747422020950165,1.000377946781966,1.0089665079245378,1.0232025213582194,0.98759109928849098,0.97282518848189736,1.0075788839490942,1.0215736074591459,0.98647556879881992,1.0022414487174929,0.99273234693461987,1.009441524921193,1.004490366203026,0.98908980203774699,1.0032043158272768,0.97821624648365357,1.0079562330450365,1.0404413955067466,0.95482889884769195,0.95582110292073941,0.98050453469220644,0.9418149606504409,1.0172068977825355
1.0184073302274321,0.96537865793270372,0.99528438770984051,0.97671010879257325,0.98609598955493427,1.0464682498498417,0.97958217435029171,0.95992042092866081,1.0326156652738094,1.009569634134154,1.0245651224646235,0.98989018240376048,0.97153760241056852,0.99397907884975434,0.97932345586309555,1.0169555159415273,1.0038540668439895,0.97725230632333504,0.98906377140752966,1.0179594441419051,0.93342868953781055,0.98783860875981655,1.0527681616267353,0.93202187399043401,0.99322926460918715
1.0443897781997022,1.0210529308408438,1.0261891429750578,0.9934305425519997,0.99261864315024573,1.0193522426272874,1.0110525736645544,0.99777256253823687,1.0059933566151211,1.0166500103798404,0.9895029509951826,1.0214580094339687,1.0089988589083769,1.0013356420915533,1.0169940360395708,1.0092621348117969,0.98425008866995423,0.98243633495031424,0.96323693086129081,1.0258468414109139,0.99743299892672133,0.96510254772123016,1.016667048061805,0.94230707089999144,1.0070937088260048
1.0224908128150507,1.0347802012830589,0.97798559792369399,1.0048617023353774,1.0077634062016543,1.0015064568245764,0.9934974470048995,0.99811622977916892,0.9922031398730693,1.0344453822909685,1.0533901721183037,1.0374151976814516,0.9920181170559258,0.9908632572856203,0.97668326142235862,1.005817421115434,0.98257173808039278,1.026283969669636,0.96840950455300123,1.0159388250685475,1.0279831408806264,0.98992211895523274,0.99359276648637274,1.0271135690586248,1.016540890906839
1.0275540666814043,1.0486248129035367,0.99695855758304897,1.0137650733656247,1.0063141957413353,1.0353735605510566,1.0116297817556037,0.96698978232985111,0.92944744307531324,1.0010587090736571,1.0138564572681412,1.019803103097046,0.99850493396047191,1.0049054689384429,0.99034595970226924,1.0080654294906846,0.99215204274070934,1.0120893487434581,1.0182418537114466,1.010830185246401,1.0218221400357743,0.97557231591156546,1.0481891761401054,0.9913748280278627,0.99239567336572387
1.0175721808710236,1.0390007740885732,1.0026429444217024,0.99742606242883758,0.99290276199851002,1.0165288778093107,0.99463787466435472,0.97265704449799495,0.94851321438643854,0.99213122609925608,1.024715104361656,0.95625059711599436,1.008779120365759,1.0060512382740894,0.98140101200855379,1.0099236978424342,1.0002943064394962,0.98854550961204457,0.96640565055214589,1.0278010189922167,0.99434195879814891,1.0329327299299353,1.0609453688141444,0.94473949101602761,0.94561030855374373
1.0245626932599836,1.0467604329779578,1.001479326464884,0.96641721873501218,0.9938605968130787,0.943486916779681,1.006860266143589,0.98303040146105491,0.99374347516360662,0.97766587387425075,1.0459682247802922,0.93831200607007093,1.0201549036546507,0.97819289136325704,0.99471710616848741,0.99015052239230117,0.9798562192403516,1.0305644878807569,0.99682884883079992,1.0017115618618133,1.0104085331516433,0.99220263256587471,0.94694201077069218,0.97937385796718246,0.98468430755603609
1.0353483835299078,0.99460254394389547,0.96053851110604682,0.9955431594371732,0.97459538011137525,0.96540870390999978,0.98967848020599447,0.94472192164277424,0.98720136425485427,0.96882306471901469,0.97182795988331838,0.9724077849949252,0.96629952295446231,1.0268743290548232,0.97127585229653401,1.0040506558751503,0.97275494375384908,1.0144593784056668,0.98842248835368207,0.98601085575187442,0.96027677890956586,1.0145061188895905,0.9901316213591046,0.97506487951801968,1.0409180206280784
1.0622198327786145,1.0177156879341676,0.99519736705819872,0.96097535664581402,1.0137704051497245,0.98618822144306084,0.97389244996067859,0.97990294191351468,0.98840871985961676,0.98075818205784937,1.0211547908470875,0.94286126663347947,0.97930520231232276,0.99444259493451648,0.99815850654445015,0.9917999485219644,0.98734181567159074,1.0348960122486424,0.97851454293047535,1.0191065208395165,0.95199704674744923,1.0062562593944919,0.98575967976673373,1.0068934215771594,1.0292839241084608
1.0208862173497879,1.0237555162606036,0.98723343072724679,0.99047024428636232,0.99738199667909266,0.93146499542542305,0.96349178922670098,0.97438232092679433,0.97030918569886526,0.96489576920994591,1.0310945523839352,0.94571855342369071,0.96805946850636815,1.023008540004168,0.98715802099997674,1.0058949599006861,0.99372669118105661,1.0023846093957089,0.92043810644687496,1.023282087060011,1.0023742739773625,1.0245585963993891,0.9882945590065082,0.98691128416069718,1.003457429141845
1.0044969383970728,0.96472169319153955,0.94683410514487076,0.94582073664411359,0.94384557435119931,0.99760172563113558,0.96735175862960321,0.97401359086467076,0.97065067276230599,0.92778584690333121,1.0260873751577404,0.98093187898035661,0.97395924810376844,0.99261113140251511,0.9738004718913017,1.006826776338839,1.0183725121778739,1.0255790443440889,1.0344193164594511,0.98221456884051506,0.99382543521397204,0.98651326957417784,1.0068874528524385,0.9643597550053592,0.98941406525614395
1.0509532656227718,0.96754318113288462,0.94932683853801947,1.011182822300438,0.99698085196419206,1.0089751138778096,0.99553240862697301,0.98186540840524228,0.96904460344043586,0.98067993596552361,1.001099915809782,0.99017839884578374,1.0199669511583458,1.0241497769632395,1.007912438021304,1.0037296632936905,1.0010585648561603,1.0023149926682871,0.95667109331082245,0.97104141590400583,1.0111570170292434,1.0125907926860591,0.9621322690949482,0.99167264417650069,1.0372695664839966
1.0198818191570007,0.94486785131687656,0.99593321500840659,0.99537449237579478,1.0045105024748286,1.0064757674379563,0.96937783853966242,0.98653193049291577,0.96678350318896167,0.98415392598096929,0.94379457301118885,1.0011407017741329,0.99775401956834531,0.9876128561552231,0.98271433075610581,0.99101913064136027,0.98365171726477663,1.0050087459441346,0.99100874176965081,1.0341177883453316,0.99601734899250571,1.0009173984499622,1.0083614159861438,1.023847929725253,1.0279361925169148
0.95884654698000504,0.95814386016292907,0.94873537637313021,1.006029240573826,0.96892937697312953,0.97009084384035138,0.95241473060482995,0.9771063028669057,0.96545832537721921,0.9705319841214971,0.98879802468032552,0.94785400260105379,1.009493093401272,1.0517008732979602,0.99595578384423,0.98315483132384107,0.99202761607948164,0.99761530234111218,0.9885729465341927,1.0190341753963954,0.99947271454094833,0.98205810105547631,1.0260201689119561,0.96529160732982633,1.0252003182042027
0.94176206441083932,0.96421056059609866,1.0037307539000637,1.010476871813891,0.89142700341505576,0.999537848883572,0.94247615156240983,0.9405616652197516,0.98074203463415455,0.96307625399306718,0.97473569194582355,0.95448615362424338,0.97494738879136067,1.0145275067951824,0.99023288464091364,0.96503072119976896,0.99854584211549569,1.0083635356413516,1.0054040632743073,1.0311961307665729,0.99300243170685909,0.98749153294963177,1.0337084020928642,0.97687116227581905,1.0162646780612001
0.98855459049719252,0.96807230607259909,0.98382699389165906,0.96670508643100084,0.96501843960832145,0.99620632953470656,0.9550480815488761,0.97229849405910129,1.0083976561338421,0.97653642332668966,0.9995671812034731,0.99683284994225663,0.99888083341030121,0.97581955996927427,1.0109638514048866,0.97733833692567684,0.99544478888844545,1.0334434691197736,0.97045019642654062,1.0155372635148496,1.0022694322483245,1.0185419282368087,0.97126236837328894,0.98067045374964867,1.0330553837591561
0.97648595252549297,0.98339954904689719,1.0036338760447905,0.89341921295144,0.98130922516660091,1.0104995645109687,0.99798087220265241,0.9642274172425177,0.99125486027499843,0.97794714321612131,0.95920742826902883,0.96924267406918974,1.0254696181112049,0.98189504641141379,0.99398176063978361,0.94670839003034346,1.0018484259371656,1.0261830266263374,1.0025298892008614,1.0126395303436135,0.99808120976446524,0.99517971680480621,1.0110807697182429,1.0216358058385004,1.0346544479540238
0.94027041345913753,0.95278581982897836,1.0183032463677719,0.96246581157385003,1.0455101889036589,0.99082793414573755,0.9975590691557179,0.95636679570270111,0.98482790706359935,0.9965764593176577,0.94027505831983482,1.000847490550286,1.0246568915271097,0.9530022417962758,0.98176403316117122,1.0193842959942589,0.9767224677598183,0.95409114668479578,0.98350809418499774,0.99356166151182113,0.99552358473481917,0.9872133114285423,0.98294527045453783,1.0066074850109767,0.98410304090212108
0.90482197909688233,0.99739231886962332,1.0096232238370508,0.95630322217799957,0.97083632088516181,0.97799004872602313,0.9383981966302013,0.98279288427186973,0.98648828301930513,0.95605330074142558,0.95575492122937444,0.99274883686022064,0.97357238452433092,1.0251680087145141,0.97979324252256494,0.98891770311627258,1.0117873233437205,0.98371046015002883,1.0008317911143501,0.99105276292809374,1.0036813075000091,0.99285952261029164,1.0087673781178168,1.0001820214816526,1.0163171136376798
0.98694756709846254,0.97206039921507936,1.0016831974253568,0.93400681392228468,0.99940481187009789,0.96344904432522915,0.97553231626368353,0.96270138228555013,0.98463356365757559,0.9885100799315224,0.973745331795558,0.99079735877821096,0.99997118989539735,1.016599708221319,1.0013260751840853,0.96914951766262292,0.97153007404806624,0.96634161632871951,0.99970161077603004,0.9933798347091839,1.0031959799229182,0.98510890869122036,0.99076303752762906,0.98123163248832257,0.95976111259628094
0.96000566188848901,0.96261620794873637,1.0085209851775887,0.96802972089729378,1.0244156824305002,1.006442901415195,0.96675044509603925,0.9933448653816418,0.99004569440360257,0.98469322392301695,0.97306266886810666,0.94483596735878117,1.017787749441345,0.96748551922271164,0.98681436346946649,0.95124622025935013,0.92562494733168943,1.0030253239192919,1.0339811622019308,0.99371450616576162,1.0028760462852548,0.99992249739907979,0.98530988382044982,0.97277218175238689,0.95791452906400665
0.99140391918111959,0.96723091684137186,0.99476226599770434,0.9723417657906942,1.0059664533826005,0.99230735847229301,0.97588397167449059,0.9500797103394385,0.99540500701170964,0.95725892816279889,0.94988541065331056,0.97626206974434004,0.98533502023659147,1.0039114650588488,0.960420528679925,0.96973762879082681,0.97520655379488752,0.99249475411867838,0.97328317629222205,0.9783728180305109,0.9743527943767909,0.99691032951323844,1.0014806228860469,0.97257930333865272,0.95668737540048165
0.98073072751783263,0.96378522371825026,1.0263745349907687,0.95796354122262162,1.0217797472239494,1.0047539348357979,0.97603771583922949,0.98196054041645864,0.96533699192987343,0.97213765659771867,0.96627811197451607,0.98842254729171997,1.0068784997273081,1.0022887693820191,0.94061402348975665,0.97328103507667429,0.99590785018010541,1.0375167100268554,0.98562916526411459,0.98861504540217882,0.99836314215601907,0.9432798181125216,0.99891623397390672,1.0185511644774718,0.91385164666237773
0.98396384764063416,0.9862921120184146,1.0121522613940828,0.95191416033671705,1.0173235619159995,1.0391283574737715,0.95566987625758026,0.97777626254236083,0.97818854560108359,0.94845303952331994,1.0190436397521414,0.99049194255933648,0.99036515301558292,0.98472576634591191,0.93370777177902031,0.96564414222669859,1.0266930176994766,0.93631333054957566,0.95684483687545852,0.99252855520361671,1.0332471260238982,0.96962687011115178,0.9786464899286933,1.0175489138019638,0.93805675611831318
0.99649171598592801,0.98217351032752964,1.0226079475351011,0.97533915597651366,1.0284504967734347,0.9507867243474919,0.9689988164067096,0.9639805195083665,0.979161132509065,0.9507856631478212,0.98428144456998368,0.99255124984623666,0.97140940273318321,0.99672384834660777,0.97564663929204021,1.0056256831242767,1.0100481998299011,0.91062625591446889,0.97311511849081045,0.99963213156615971,1.0308770061748265,0.95411271595948188,0.92556816366984052,1.0117244274855375,0.95121089943482395
1.0092407860926025,0.96415906585534317,0.99039019499819436,1.0175851796121533,0.98878579744624873,0.92588954022909542,0.94073175312241053,0.9844790437816574,1.0041658728421525,0.98160062918792257,0.9829717584430957,0.96515479849646746,0.98735476134447109,0.94483891625443794,0.98548467681305107,1.0102573259676231,1.0046098495783289,0.96699441362630401,0.95073175080726091,0.96524789928224008,1.0279113390005967,0.97044106659211915,1.0044671496525324,0.99752283840603773,1.0018681977856612
1.0372767218485079,0.95370321119276713,0.99112046516506891,0.99122479302998256,1.0029055728994263,0.91163916376337317,0.94667297920199223,0.97445933046289002,0.98878216689237441,0.99563852039363909,0.99034393188205505,1.0055021306113263,0.97855032931835817,0.9312579865621794,1.0390870375631833,1.0002363693946217,0.99005080943165769,0.96281442204123102,0.98699489867293544,0.98285113148509684,0.9924237849617451,0.96920468522094727,1.0145770379430665,0.99716413929937897,0.92360876240216983
1.039847303423465,0.97319448542351994,1.0262295786181004,0.96930075897949219,0.98755573197262703,0.93810182802244513,0.93365866751538984,0.96240931818711406,0.98082904675289251,0.99044228744797824,0.98666065262167546,1.0259714581849984,1.0136759981312109,0.97549641161521539,0.99035408976203998,0.98836647472472294,0.9781720024909808,0.98917204299645767,1.0080572421337481,0.97976052481543596,1.0235711531219192,0.98129631097845527,0.983895950609041,1.0203855210760844,0.96052969039405056
1.0153250072836462,1.0101540711359356,0.98539523671477236,0.93447314598286346,0.95788130216599698,0.94104137136440313,1.0042560602213122,0.98636760640210186,1.0389526723554403,1.0320809333211416,0.93923635930471938,1.0204615969952942,1.012314135050872,0.97435199888255242,0.9793400632628837,0.98834329718274927,1.002619262841437,0.99597445000129381,0.99125405636048392,1.0085284479174363,1.0177496606452914,0.98234777511560878,0.92224689378417546,0.99633942183634538,1.0134932200348177
0.99626735945246792,0.9416331599164125,1.0002876785731909,1.0034964176417172,1.0328594955717181,0.94818713731184645,0.99791782519966121,0.97763231489036273,1.0600999077410582,0.9702068321977384,0.96104290352482502,0.99531524764249069,0.99867567868246354,0.95666692641737305,0.97986844373656068,1.0093013671055429,1.0272387858624104,0.98764300964294782,0.98153406020766065,1.0133479669440442,1.0068238133656102,0.95578447229740848,1.0028311788194082,0.99132624096805799,1.0071179554711389
0.98399516765719408,0.98054180438582361,1.0150629255148713,0.96615062125644746,1.0477870197419974,0.99999838688178821,0.98826279050262356,0.99786327220786197,0.97048097759172836,0.95893434205030881,0.9960589082320882,0.99426097764373944,0.9802699749210857,0.98584508757598932,0.94707195199856409,0.95903647307443463,1.0098291837964362,0.99634955246683454,0.98777499545618286,0.99758996083827367,1.0107750260446815,0.96253641164188031,0.98633084883317057,1.0289051063824295,1.0023058346300651
1.0036468215943781,0.96064310253041885,1.0086879742854773,1.0023584269012953,1.0206219892141353,0.98204641449698982,0.99120098393129308,0.95502277303319261,0.9354755311600923,0.95285613694194637,0.93323815976429181,0.98287540371200699,0.97584595092588311,0.96190082345216699,0.96362178124484899,0.98910560057402763,1.0030308848429073,0.97378903501924696,0.9698667033860362,1.011393690150804,0.99537942301587579,1.0075143404660081,1.0271690120272181,1.0087498016524992,1.0184044173985942
1.0265549542641148,0.96008898176524049,1.0089115589276307,0.96965258222585349,1.0354573565650944,0.98706014525251695,0.99145502402456187,0.9652174346521285,0.97082845983651322,0.983562204017151,0.96921180817329344,0.99581781451231111,0.9792486034452913,0.99335258232467649,0.94335253202808611,0.97666116934934699,0.98699759758762862,0.99487710274556918,0.99028097628672773,0.97499028494776308,1.0266865752849519,0.99474165940192782,1.0056009591003343,0.99954372565234439,1.0102012829325673
1.0121970613196314,0.98536671409010657,1.0217734544148394,0.98471891659768618,1.007734696673688,1.0152161374390365,0.99756761950673078,0.98793171682758718,0.94923325098285871,1.0134327261612694,0.99379454729998573,0.9705881355798317,0.99070911553242835,0.96888327001589947,0.97847272686027231,1.0058748421389845,0.93917194085699984,1.0307608050135344,0.99644863460010102,0.95549900518576247,1.0244266582672494,0.96197808139951624,1.0458912179079767,1.0132950210171141,0.93198759194001557
1.0153109372959459,1.0100794854185491,1.0118600081193927,0.97941591514741089,0.99737584146204028,0.96045096285372433,0.98190439880297087,0.97323568055235976,0.98838849309042254,0.97930398703390731,0.97181851925814233,1.0017601138995074,1.0027469280157451,0.98126513626083267,0.96196717858019054,0.92539503627048425,0.87856567240987105,1.0223537622509375,0.98575007192713859,0.98142770474410357,1.0077728193120845,1.012807588938595,0.99948725803972149,1.0085835472662916,0.9693891702902192
1.0136728755416042,1.0100425952245835,1.0031536306635114,0.9752201916152563,1.0219562167655181,1.0207637320578722,0.95299883714292777,1.0029120941610592,0.94447803465160218,1.0052028745078929,0.95921189426224673,0.97952459797810054,0.98895045263089654,0.97407930908392104,0.96709350009748207,1.0010363520538172,0.96411043744584413,0.97780499043081825,0.97253138091760427,0.95883178629892352,0.98982397406197531,0.98646693983960176,1.0265979110898693,1.004695252741505,0.94723231134234309
0.99910583812518783,1.0192512848501631,1.0070529410776441,0.88900422613625441,1.0160474353561908,0.96535386730416661,0.97029440045228377,0.96930305620903445,0.99577187660997379,0.98162145698934666,0.98972874516675002,1.0023797722562484,0.96486669043917506,0.94773028994426711,0.97919971784269366,0.95775362215635573,0.9580814746817472,0.98252561179837516,1.0265606554206039,1.0000458525557656,1.014875091148904,1.0118354256216511,1.0018327876841873,1.0406193579819647,0.96203726722441485
0.98139636607869096,1.0327700499095243,0.98573876325984167,0.97521764648099463,1.0312663449164012,0.98334375078740077,0.95394147288481668,0.99970126801832326,0.98573715022887409,0.95213845023474419,0.97619285328328487,1.0072741821518116,0.98383380058316272,1.0044299339964526,0.97388282488322719,1.0173381547016986,1.0258282862699764,0.96833487646705008,0.97646600672365835,0.99958682863049031,1.0376053294040777,1.0322612934779307,1.013270958447964,1.0084141077012247,0.95158810811948236
1.0097173974292233,0.9872229755831613,1.0336038637760858,0.97477127534179941,1.0224095801303779,0.99801460723308388,0.95697303518148369,1.0097940649848183,0.98784776347778402,0.93763025063732419,1.0271612703980713,0.98205327750292448,0.96158434030072371,0.99892402559043625,0.98697538845707666,0.9991115787659901,0.94254825237252959,0.94958445099474842,1.0192498331641946,1.0159139418835248,1.0455744111200922,0.97479178869666661,0.99988904202642326,1.0096007219590688,0.93143484436774604
0.97963274263915279,1.0082213449157365,1.0104924624016178,0.97050091965351493,1.0178991869297052,1.017903435312159,0.95581204475607917,1.0259757511789953,0.9450448321141528,0.98721229060037308,0.99916695431101143,0.98109276790457323,0.99062909453647852,0.97114129732306087,1.0140323546584589,0.98943703562995511,0.99130130858805698,0.97119429448760664,1.0186205940813216,1.0003796471339714,1.0278662102984089,1.0086716545174348,1.0359743957117276,1.0007206900394918,0.99217200825580065
1.0091097526691313,0.98658932551437173,1.0085629500797171,0.9857892977635665,0.97456217541627088,0.92992761235695065,0.93845697084825996,1.0147861570157246,0.99626173066860291,0.94193540802803422,1.0247089108641705,0.94039387042405986,0.98322522840343685,0.97876197150444921,0.94067348091784553,0.96953154839775002,0.99381720818691233,0.93287824684832799,0.95235578105526186,0.98152668334180748,1.0157854313068544,1.0272608391580134,1.0047895071873458,0.97035814526136432,0.98831586435708108
1.0182284251547744,1.0108380990295656,0.98632635677414549,0.93751521959033002,0.98975902039177965,0.95667254846406924,0.94375451067430671,0.98949080369982101,1.0015221199455278,0.98496619826586118,1.0136582366443023,1.0128460138314503,0.9767066917321412,1.006905728870932,0.99370416100440484,0.98552500710302948,0.97693185549277073,0.97354863151422955,0.96036405743133402,1.0049107967023814,1.0378090669243596,0.98540667188816844,1.0394361319392571,1.0031433010828181,1.0137729043030332
1.027286160186142,1.0033779528046158,1.0056084890530312,0.98692439337705817,0.99879614567415786,0.98819194146311939,0.9546868849495227,1.0167200768465019,0.97520908819229402,0.98020552464029143,1.0540829483408847,1.0058434034477273,0.97482692878705812,0.97328442025685569,0.96310199405649488,1.0126342309991849,1.0128174691994944,1.0068488041601495,0.91721652218243399,0.99416662288892765,1.011208014405907,0.95198468856403118,1.0270648036213905,0.98491217616850135,0.99259163437113396
