0.85153398045599082,0.63187526072966738,0.60234641723401261,0.70945489212489821,0.82098317568488932,0.72204937544775993,0.83490829474571149,0.87289328133795718,0.66293478821834229,0.64903954197822356,0.84352522126604623,0.6524880217004464,0.57130886921223389,0.55709750462970919,0.54614948913585026,0.67772550103994667,0.68967865893582303,0.61158115805596958,0.79335711059765923,0.86183861133340889,0.67210356518057779,0.82323595897728041,0.68192037626387469,0.70535711452372585,0.63546817966796598
0.84517756757822404,0.59605757437826934,0.81746140327386985,0.64635947947338135,0.80649277175918543,0.7795530407725878,0.85420339162278958,0.87764968504041108,0.67987534195115806,0.64944551977273857,0.84041372439845985,0.69274817055720594,0.82269248504396419,0.69366159364576929,0.88471788773266435,0.64250745378218321,0.94245976852125912,0.62908893849309422,0.76639397642169327,0.90011679474962769,0.92165511750967888,0.80439992238934566,0.71568883179273579,0.77328745356683493,0.7480982282872215
0.81604672926136679,0.82023225284882328,0.74099738181709418,0.63031172824558679,0.79402387267228391,0.79229372414287935,0.79937553499410852,0.84135826312344675,0.7939693266652883,0.76187586016891951,0.81273946190958957,0.69582560546784156,0.82283072534194523,0.74340621094392645,0.86602675078696767,0.65741041084633278,0.92382128754805171,0.80731434215710962,0.78757224062344411,0.85670931359295266,0.86585542062926946,0.79735803927836524,0.74057569014449665,0.86628494497054653,0.84572575282666829
0.8121281348593834,0.79497853854803158,0.80179488568458113,0.89524199232035595,0.81116717989789822,0.78270929768025188,0.82319725010980549,0.87186842192340652,0.8288445707474108,0.80148564163614111,0.80537706188317004,0.78293423803128392,0.78106916025550066,0.77366650714424068,0.85757646947094723,0.95122290126110765,0.92699369407687915,0.78171513811881377,0.77648896811374113,0.89641964275911568,0.92556824689328154,0.8194906394282917,0.74546867645967141,0.93906342321393632,0.80480784633239344
0.84187610395655343,0.75529678452569837,0.94175240657628123,0.85034544971604276,0.78078000838668615,0.73359019638945766,0.84946118058448095,0.88333882650949247,0.85705311051536237,0.81248353595588441,0.91066813030404603,0.80988099223470356,0.75059913515525256,0.79561963700402616,0.89216907461324679,0.94280961266874574,0.90330204564779271,0.86743828602312512,0.78468467798961228,0.82827103961900395,0.86979781875180762,0.81218124124338298,0.69590346962454275,0.90770602825222502,0.84841166281732505
0.84263937040707693,0.89172976338731125,0.95937028107588551,0.85741705673874558,0.72708736464637747,0.72506586539892626,0.77920554024423183,0.87045190339972323,0.84308931380174446,0.77875068360278121,0.89028321783053532,0.75252483794749014,0.68176250992947074,0.76104312380593042,0.8520509017374257,0.930501534553411,0.92337476017066944,0.89584874737899245,0.894623086951159,0.86685800736398411,0.86981834572758465,0.82903171988052415,0.70426955304869643,0.92598280680439549,0.84430337627650032
0.83457624714125533,0.87527760130386478,0.93665399957488082,0.90127889940257255,0.68893290273941821,0.64277395359189526,0.85862593315266611,0.85213339660266774,0.82794264310238364,0.81165964787905798,0.89301444515904793,0.84779333020483172,0.66607974672261405,0.7836866328122456,0.79514692322597791,0.94048568429389412,0.9032370195203816,0.91501911777382061,0.80944752517749508,0.88306901567018925,0.92204414232088228,0.82275754286079261,0.72723925086553109,0.89389575079498973,0.84167025714625021
0.83777654113147237,0.88828115383704787,0.93021046872772617,0.92200431387201887,0.76079285477356506,0.87216596873786512,0.81147926915900259,0.94332282324300021,0.87283419066529777,0.77259704760322157,0.8671324109867643,0.83402870035223187,0.65089888622973924,0.71929606210241892,0.73748123942935973,0.93397985692122609,0.88484146371883032,0.85118508206695287,0.76154232391702248,0.85723627845292127,0.93448080798358168,0.81399296546474864,0.87993263389022669,0.94652741378724781,0.8231833033313497
0.86956426763227901,0.90010206170299056,0.95355255676866579,0.89440889790461675,0.73811126364639357,0.90643598264988923,0.84879754407263597,0.94429855354886916,0.87230471888849526,0.76126351772615453,0.90031306149153756,0.8488104719834495,0.83416994743907424,0.81511145188566747,0.80704564577248517,0.93632964736469892,0.86017846575327794,0.86097819332628767,0.72396211156438883,0.85138206164977692,0.81165138419476157,0.79671892161149305,0.90572537697007371,0.92231525991404739,0.82311026667326093
0.82822791211831359,0.88791184722354022,0.9263112257014029,0.86707323654538704,0.76454250248480105,0.92280834126396927,0.87861152327035485,0.91455975374998955,0.83574991326618131,0.72026567205179304,0.9312358732439342,0.80225607657835474,0.86303949506932398,0.66092536959347192,0.72084033042844442,0.90961664388583507,0.87741703807677507,0.86092381503612847,0.57443522665738733,0.88696151807549806,0.91938312420188639,0.70777865153768993,0.8845620514044773,0.86918976786424251,0.75561847929730108
0.84228920341003544,0.89176396452276108,0.91855572278755993,0.88869018973411162,0.79333733545848639,0.90181563738249759,0.85784923802449919,0.897521838010092,0.85501875909539204,0.84479787300684039,0.9054802962541012,0.82154740507275803,0.84012508234995076,0.75948312450683075,0.81378988515691963,0.94975532837188759,0.85422219298611224,0.87610503557548125,0.87754127782428437,0.86744722312891631,0.89113480643042609,0.7586898801593791,0.86364394133763656,0.85065874975359979,0.85190705232297836
0.84054837958999051,0.88492266215020576,0.95975360985859792,0.89579922329480632,0.95348945938836616,0.89025576424993225,0.85733973370428884,0.85257716601716904,0.93277731063612579,0.83458366982670185,0.90231651568767657,0.8216772573445984,0.86992417178825154,0.86606987161969418,0.82358411009356103,0.94932604764592954,0.70039593381348053,0.83574188885891942,0.87300072989036592,0.84624037548770525,0.88060973046417301,0.87358461010772903,0.85319621568964166,0.55444315860988147,0.83180641400433775
0.83812426062287126,0.92244395465279827,0.9356434685586924,0.90689724615548972,0.94202978620128941,0.91685636790059299,0.91824147380211807,0.77437131963291084,0.93044114052816829,0.91394751234559624,0.89178321676137318,0.79959943919521514,0.84407390152805517,0.77631581725540277,0.84282460267552339,0.9548299270272429,0.80017800754687618,0.82857315724907754,0.85175307980112758,0.86885195634954748,0.87494345302968057,0.82595812004583369,0.75600904600938812,0.78271136236067684,0.66639158253343445
0.84402383061241049,0.87592003642585303,0.95525788682321133,0.89589211754300346,0.95716708013267671,0.87434366352289183,0.84505106739989244,0.73627814146300186,0.92671367742559729,0.84276700090158896,0.88991514810704719,0.81785465194985996,0.85926636761709596,0.81783762782024094,0.86639831418379354,0.94289266977771347,0.83232524758147575,0.79633669529076534,0.88629801078572035,0.88845716396448582,0.81120658230936493,0.84641568896971253,0.85312738532144883,0.66155874246919388,0.76356611738901037
0.8370236250684201,0.87811414265429555,0.93879994935998456,0.91515027347851108,0.94640488547003188,0.89331492765863341,0.87572614230712098,0.90598401558942621,0.8957826709163389,0.89836549188580528,0.90376415296306545,0.82164626545214292,0.87226805086819725,0.82534834684870617,0.87311976029864202,0.92788770982845259,0.81537481147751867,0.82532515527513783,0.89391621415926259,0.85845113471850032,0.83225612567419105,0.88467400205796709,0.87977216981051909,0.80149709914214218,0.77565504568122756
0.75626443468109061,0.85189648325502021,0.91635704950323049,0.9181439271629257,0.9406625334428661,0.91259406351739514,0.89648204634942996,0.87982894415845803,0.89934923496211405,0.8795260234758373,0.88684388819331039,0.78008727347786311,0.80349203693159776,0.86429724891019399,0.90474954219278481,0.95517398075354365,0.81464398240775315,0.88378685082587638,0.84580703630862875,0.90993890893732909,0.76453285519659475,0.96556547221607347,0.92460096350619214,0.69318509633125402,0.83005550754758028
0.86050909084991756,0.88849669743895443,0.9405323516892804,0.90917826254155099,0.9707012860721006,0.9389331682864559,0.9085963660223344,0.90928682834143293,0.92064278232410113,0.84462305445304486,0.93920322796902533,0.85046215545240311,0.82031306206664911,0.88336259547626739,0.89894572745700774,0.94514817327904144,0.79558476213751139,0.88588958363382475,0.95313407282642904,0.89854983100731345,0.78994733609355539,0.86823854231070974,0.92072555039388926,0.8124051748470269,0.77691174847382272
0.87447495351264759,0.86224146327369811,0.94515976804953361,0.91490256531280045,0.91768751972775309,0.89091950615804938,0.92005816978727883,0.92547514067531622,0.88471990885371399,0.89413345088691898,0.92737116730351166,0.64039431420784887,0.93608643010617099,0.88557997462812399,0.89332124652166611,0.95783965628710721,0.83236827666503932,0.92464456242560744,0.96701368506036867,0.89662834095958399,0.9586260472434377,0.90013741607795517,0.9563225789672074,0.8821971923125359,0.76112049701569162
0.88123354643680263,0.96769303784797689,0.94080556544997807,0.92538467685488179,0.95399236668435095,0.88094877061298349,0.87235461527842328,0.83971554486421252,0.86442676520126949,0.84482324093675665,0.93806783941455996,0.7122084504056958,0.90840090571071841,0.8764109843457395,0.90967043119164592,0.91719618985098006,0.79862865319117238,0.8835111452405835,0.92871319737718383,0.87769504578753177,0.99231489956596097,0.88841806568054282,0.91135671483668368,0.87159697043449069,0.86207909439310326
0.83396496648867546,0.99445348642078391,0.9538226945445728,0.87997097528869472,0.94898269955671721,0.90474271184583466,0.93613548921416589,0.81465275260660108,0.72988868212920011,0.94848012814790783,0.95663562349843845,0.7766301378614644,0.95407752434449733,0.87449049651157129,0.87809005531796336,0.9426576622548194,0.83479379281561428,0.91873213327631342,0.97928233010310595,0.84427823608322594,0.9721250873893611,0.83679851171539898,0.93783804528945858,0.92116930820430032,0.82680670444712234
0.78109349512896675,0.96570572169672164,0.95052366864205662,0.88642700742967262,0.9585063444856643,0.91723403786932745,0.84515196769559842,0.94678087858239046,0.90765307117989125,0.92558985300176377,0.92770193794187183,0.78705978797646459,0.94812605581790688,0.89996819270710116,0.90812025021301879,0.93751405846701585,0.89140524720644965,0.9286016579815809,0.98310218076823197,0.86613774960909107,0.9797717408525396,0.84920736289901433,0.94129699655938615,0.90873364482585917,0.85242996646459923
0.7523746610016061,0.97158997103744349,0.93906454557833774,0.91393575455785858,0.93767982508557279,0.92377696719427427,0.89587618598428997,0.95262366011906119,0.90877599541879994,0.98408750397403766,0.93375900014454061,0.88216977341581548,0.98851332606214204,0.89090021723126767,0.86581840949300082,0.93890487109662168,0.86287152691742752,0.93249118992262048,1.0097399506877009,0.81763243012077802,0.93348334103205033,0.95403158974420277,0.93615131467618251,0.89420578136725948,0.88576011655434073
0.93484600457607037,0.96350491973823327,0.91642160879039358,0.90469595565022498,0.95599526368150201,0.90305451112405655,0.768449163118469,0.93877633891373424,0.91203077192607063,0.9245218937171823,0.93069080323679465,0.91435556591713252,0.92984801132310091,0.8839964300751274,0.92102501893596567,0.95470948703828262,0.80794981854539127,0.916669602488146,0.98772266315310253,0.71377959870580776,0.99251292420281079,0.92880755039689789,0.81087381778868561,0.86774340313843012,0.85336735091952254
0.80695206010445464,0.97871451659695641,0.93737361785446049,0.92162582914819779,0.95424742466288826,0.915504251190982,0.76352827561635694,0.93962288273309458,0.88592623440979668,0.97657208761640013,0.93711303544318969,0.8877407999307253,0.97027712821412671,0.87174175174807522,0.90309753853660302,0.96413905111918063,0.86407879561261791,0.94534797619966593,0.97323746940210121,0.81876847217423665,0.94124531678766121,0.95605896747966035,0.84886143689317961,0.92338497374977335,0.778928547444252
0.92287473311149326,0.95582364166869349,0.93618047408537164,0.88293283804366707,0.97881535085429738,0.91868780228450475,0.89855734076232252,0.95538542994459019,0.93134098106397034,0.97419105464843336,0.90804201297817533,0.91235418516153333,0.93047233671502005,0.89703707330996052,0.89074587781272818,0.93429316706178456,0.87463864516378298,0.91843738163138766,0.99092057613171625,0.77971702657941744,0.94219233652936363,0.98221871445473186,0.86550019398503442,0.95306042200195784,0.85484459047628958
0.93197119246643234,1.014265973902222,0.93721812489448175,0.91205271634435425,0.97636488305675662,0.96071939919514437,0.80601067579643637,0.98876463036983175,0.90478730355454129,0.93780122768593188,0.90769273679111206,0.91442461818795862,0.9714656999041632,0.88423187297745265,0.88903806818801134,0.95781515830923081,0.90218833310274815,0.90048808349079212,0.99503810692778605,0.79167634463374448,0.99205272247378051,0.97431397357110228,0.92934036747287896,0.97264002833201191,0.79836326452454931
0.9389860578521585,0.98223123652004241,0.95073659996345239,0.89934639607531808,0.97568201848722647,0.94026936087568525,0.91805665445163331,0.94254435361013988,0.9293388502405977,0.9843430325610194,0.86744418094916054,0.91311685391414366,1.0185121161260084,0.9407706422311255,0.88774514769079871,0.93620650697285768,0.85818578564394188,0.93053846267740337,0.9889137398184763,0.79097341927033515,0.99511688793846309,0.98007079620242243,0.90313402435597145,0.95202598877861955,0.85699007451273401
0.90987936395030322,0.98715328542881753,0.95014028740851542,0.88086467628600529,0.9533332430606215,0.92854277837661525,0.81793435381394608,0.95230000770123457,0.92117798857337641,0.98621061069138438,0.89673434550510689,0.91398380452129957,1.0050851240058296,0.95117176398471792,0.92615730123276407,0.9105393058348511,0.94267483789149509,0.89448296157704943,0.96461675215896936,0.82647997244946647,1.010870765030579,0.96230763496842187,0.90928397226056457,0.9595570311982512,0.82291159415602755
0.90965077716979525,0.97570854870764556,0.9560744928214695,0.95080931188046247,0.96583232092708304,0.95913269314104999,0.90403466725188819,0.9478459982733155,0.91916297125685731,0.95143510492611238,0.9218345881491633,0.94360957568418513,1.012522362932905,0.94790909409734625,0.90876639376573964,0.93552358047839446,0.92648018912788876,0.88047513146073941,0.98279030083821595,0.88096333322559439,0.99407255557435503,0.96494309902897668,0.86974755468797271,0.94518546760922451,0.76531019540617728
0.93448331279130536,0.91740713612500513,0.95214154575023835,0.96331163508387352,0.9510636267190079,0.93399943885182135,0.87489882205910807,0.96915164445726598,0.90479396081025276,0.9760519862664736,0.93649071283907015,0.93541668976598036,0.96438622209002012,0.96049286312419935,0.91869758358320053,0.95024603274188102,0.88833989521595236,0.92518432919742533,0.95659999418901231,0.85168706032641261,0.96842411800063588,0.91505828274690837,0.92796827065683996,0.94817295477161068,0.84370021439870146
0.95004638905173222,0.91748686403316704,0.93871238668736179,0.99265156315799352,0.95873699508836741,0.94820703352031221,0.99118465369689635,0.92818869834973172,0.98516151829748588,0.97545179566633378,0.86367870411707492,0.9793623635048333,1.0307017921975081,0.92558032732972217,0.9192382620088938,0.93571480309944688,0.94002813081293646,0.87057931827431545,0.92836551062304606,0.84201645269022751,0.95171020108989257,0.89379712949217704,0.85218863720755467,0.94637393487265598,0.89216657375276831
0.94649595717846802,0.92725636211605156,0.88033222570260561,0.95235262673786458,0.98055487213972148,0.9213201235962204,0.97917571433514428,0.94233426104927265,0.97718596394275281,0.9912900487326135,0.9218805674810312,0.95794727701383853,1.0083748871188212,0.98971579939738319,0.92009810187127206,0.92921390231641521,0.92724939807798235,0.89110148878995776,0.95979111962556496,0.89958377840219006,0.96677927552709486,0.83083481541729254,0.95871756160526744,0.97943776671241889,0.86216019878922623
0.94306778156434001,0.94290849566308654,0.87943153957006404,0.94191695599844871,0.96540942875618896,0.92797881284577965,0.95035320716583771,0.94853344360988578,1.0054166047414199,0.94763079445388765,0.94779623994339457,0.94944182693795243,0.98239127692175721,0.94714929059116382,0.91230913348345355,0.94712882233436657,0.92358853166369925,0.94568244819899039,0.84619413622879214,0.92098932644742737,0.95752374795044826,0.93811185374740469,0.94852872053966619,0.93336131696871305,0.86382182835151355
0.95084266081883251,0.98084492095355225,0.91849838528068117,0.95001187471653792,0.92716481904586712,0.92966822084753364,0.91996772845096819,0.96169093755461399,0.99819339348247038,1.016384629835853,0.99969745296301404,0.9834538290896423,0.93515248429462761,0.99259519726778367,0.84307453901302831,0.94147094635248918,0.92326065440993255,0.97977398707876706,0.8811324538844163,0.95080285674502951,0.92432850925669852,0.93756956487346876,0.9868038246665064,0.85314807197457387,0.86224615769763624
0.94936084503408547,0.98866391921769203,0.91246476341380389,0.99458499648310683,0.98103763011796608,0.95093132860412755,0.96267414510453275,0.96193816001087118,0.97802998938210983,0.9807275671146154,0.98082882891804679,0.97366426288902153,0.979096954261227,0.95502611294681761,0.83207800235487217,0.94434357493336407,0.95354053312986431,0.93642080179726361,0.9304988046858732,1.0016159928678645,0.98538532160287673,0.98137677879802065,0.98055485170104273,0.94130694382707802,0.89670279555707366
0.93019722886231593,0.98870051836299522,0.93178748681352774,0.92192836684751367,0.96062182349224101,0.93399333792257555,0.92672290255438305,0.9239610988229735,1.0048355699513278,1.0093107477153154,0.98660297395673313,0.95013924953779572,0.80179849286846272,0.91809716158722887,0.96124662770105629,0.93919181919617889,0.91335066170134871,0.92526975211034435,0.91044861716467052,0.99430799962894334,0.96190587953216977,0.99751442978891303,1.0095580747502508,0.83216216055424996,0.86367401764094842
0.9427185527891675,0.97250458154971464,0.88184088604141542,0.96066942526765753,0.93603381724612134,0.97071036985718717,0.9737931320210006,0.94500335728304474,1.0027415234951591,0.98341499419925948,0.98506220307967662,0.96935395252210621,0.97127888988778688,0.94759328563180545,0.97246449652306033,0.94068386623820344,0.80232175993625909,0.95510989284597014,0.93232515889761047,0.95429937077018412,0.97261419590444631,0.98943919188587615,0.96391669334752406,0.74118465070936324,0.92706492483276848
0.90090093863700216,0.95709255594653575,0.97260921378756393,0.98013604435372259,0.94027203621815958,0.93334715682032188,0.96773221718050173,0.91963023761961271,1.0043089562836942,0.97073290078195562,0.96827162328202576,0.95204439639428728,0.9912866064989011,0.97544877229259985,0.95736135567748004,0.92769935432255723,0.88553143442066551,0.947500411199385,0.85886487590924199,0.99377839818694402,0.97707240388929562,0.97003634056931798,0.99261037585485801,0.88980931561077858,0.89248814734583681
0.90782373771961855,0.99955705262126959,0.94623507677553853,0.97382205110555731,0.91987892964609308,0.93655247507249939,0.92843086816433806,0.96561116993570995,0.97129171856286678,1.0111650318386183,1.0001356548098861,0.99468065365634495,0.982044113772222,0.95944139268644879,0.90053563898605093,0.96215794565263912,0.91791506221749486,0.94670165293126196,0.94146628721802306,0.99844635481163535,0.98390395634922923,0.98817901771538996,0.95778172685048035,1.0046672504183551,0.9051515020137535
1.0189102385090407,1.0045893950709295,0.97711681693554897,0.96704283615112419,0.96954659917512587,0.93356967995045881,0.98591172219855505,0.97540513974138954,0.9189028626771597,0.9775313767263677,0.99690060044503048,0.95866053154433106,0.95790007276071409,1.0154570475323099,0.96356991309553874,0.9428259260009566,0.89816011661857365,0.92561388037616732,0.91861756762040003,0.9821015258601663,0.96114423901105239,1.0259994618195991,0.99089406374578026,0.98791636485751988,0.96422448810396055
0.98566698719529644,0.98048063015338305,0.9599501834346853,0.99893836664670399,1.0005261041172242,0.88300840782096046,0.94825784298098448,0.96821833892430498,0.96936564497868183,0.98731190281164771,0.99436900226750291,0.92043566475420102,0.9746902185219658,0.99838890403062253,0.9454856231526072,0.93077403120675395,0.97415804648419868,0.88054800416816903,0.97496501260739854,0.95656049612816485,0.97194967685757594,1.0192047525566164,0.97789093772635838,0.979460969510626,0.85810531522487443
0.94640389903893851,0.9637904123626363,0.98975722645932407,0.97174211613496464,0.99055033505157231,0.99759452633316514,0.95063838420183822,0.95524310528805345,0.96685051076012507,0.96418807067726964,0.9947385500664816,0.94578583511474967,0.94608237813391849,1.0043889374372197,0.97344796962454727,0.91012862127429972,0.99504004172424321,0.95141767876214989,0.94268533464218796,0.96278381232453225,1.0152697094105727,0.94092790053302322,0.98101648412605602,0.98145050796440503,0.98572094827237677
0.96215962963519808,0.98666519805236919,0.97038127479473468,0.92940800757220365,0.97747106607419665,1.0022797807000423,0.97264787550868703,0.9470514014337158,0.93967612808145906,1.0034382359298302,1.0072517760310515,0.95354720772802448,0.92933241774312181,0.97670064284682112,0.99348337476197823,0.92980038807092236,0.98513554554592175,0.99836671729226212,0.91810379425439959,0.95905408835741246,0.9928156677618839,0.99581170249448192,0.9521564602661855,1.0111013504455619,1.0090312388830327
0.96346272940939959,0.96612759702200124,0.94895813442614985,0.88184923854029673,1.000621066041079,0.95777175870413922,0.95752145957484924,0.91842132087240802,0.95490395535680028,1.0042547816016421,0.99318288481093375,0.95517409828662769,0.95649613709951586,1.0001712384813117,0.94086174869469985,1.0032875792569642,0.98775654194235152,0.99865581112104496,0.98005123628759327,0.97952889154966305,0.99586008234981682,1.0013853536840227,0.97961018474578054,0.97966506055653424,1.0224321320290906
0.94745948628483512,0.99411710883475946,1.0171020583635597,0.99730545950867056,0.95985490930545325,0.970226007490958,0.98813717163934489,1.0253726551430702,0.93797460053188808,1.0117783318253109,0.97932177531274411,0.93278244152159095,0.93345651315412681,1.002403599936315,0.99466042383872155,0.92769772402315098,0.97560048570589453,0.98518409669468832,1.004798708024913,0.9684525511444062,0.99902564753165024,0.9917144715494518,0.9912841948528921,1.0009190770563996,0.99984474579811566
0.97414027613979204,0.99358320377239551,0.97902710912715851,0.97505433781939266,0.97858466993514515,0.97998113053585301,1.0004930208160616,1.0332556404488809,0.97628685848399199,0.99830993481076236,0.99272958360790142,0.99330120909383934,0.97193260119600466,1.0223886499881809,0.9633510532519699,0.94470181686795551,1.0021479631762014,0.968387295123459,0.98951661410485936,0.97090751683536425,0.98005844180008816,1.0044933691068576,0.98850397568236725,0.96376313275401237,0.99096975935836473
0.98909466460377737,0.98925212872074786,1.0321593540694833,0.92024955508935002,1.0082595746471543,1.0021347695950193,0.99247194603001243,1.027497487836547,0.95659047997209845,0.99938671451413019,0.98651774678629778,0.93758735573342755,0.97447675010935797,0.92433896125444059,0.92094729699197952,0.99924186722303399,1.0071472475498287,0.98059088603148026,0.99521276096957723,0.94961786176069496,1.0072478523198456,0.99881749523045305,0.96935924634724235,0.98231696320538575,0.99989130766680911
0.97440297062386927,0.98148598182319247,1.0291066161789306,0.99268498267740413,1.0046170765747633,1.0171289225957578,0.98776223029507537,0.99904981274447568,0.9438690937870361,1.0069597933806447,0.98211454094982631,0.92871445734453928,0.97713015172611795,0.99365635520577744,0.94791894032722013,0.98104972928862066,1.0158352266334192,0.98545544430382848,0.97154758082357795,0.96371349023355057,1.006618190884836,0.96873357370306235,0.96327511617150208,0.9856818863182697,0.98299763572414101
0.94139064413158124,0.96574091711318844,1.019454898682203,0.99446450117902896,0.95091327964079153,1.00591423738117,0.97779197692008479,0.9667525629833299,0.94069499520696509,0.97596610117004445,1.0048658842710105,0.94749864422076846,0.98182914580751379,0.97845175511310722,0.98541745320256025,1.0040467567525968,0.9950364320697962,0.98146584408875415,1.0077385985268903,0.98728119167532946,1.0123008074762438,0.98645396561545717,0.95569623415986882,0.98911125746947182,0.98737964729252015
0.95376008343181806,1.0029691601178858,1.0410334246255926,0.93593309017119863,0.98953584446355525,1.0250225061098104,0.8993426424099259,0.99268180814085316,0.98334004076580395,0.99318120646029051,0.96083867426443514,0.99862266144617895,0.96795030320163644,1.0051746623523519,0.97630999682460351,0.98111414332185953,0.95292946327592043,1.0255386410607548,0.94596959058009322,1.0100691960953467,0.99350824759772671,1.0155240875379201,0.96527834554681602,0.99517004432129952,1.0160578675165499
0.95067605987309356,0.96954241767274729,1.0237543876206951,0.95317323569564039,0.98742265554009523,1.032246587346122,0.92874780982142513,1.0188416420910695,0.97871869595064598,0.99645606273167375,0.98929220836288723,0.98242751351343516,0.9878312063786916,0.99136093911392753,1.0313199427959006,0.97763095186315296,0.97487948176352968,0.98539424658858821,0.95402731221453718,0.97466457524788108,0.97699120229811953,1.0052452041060174,0.96051325355362061,0.98924364506965079,1.0238203484390764
1.0048592916503087,0.92307725745083047,1.0306247212196553,0.94292152847530741,0.96217296717511269,1.0045123735099635,0.96789542266319895,0.95307488759685366,0.97592904333201203,0.98715970422885624,0.99166733209514524,1.0093926824426487,0.97189073959051786,0.98826198291001555,1.0003895112423171,0.99887792383071805,1.0103773156696789,0.97926751417814528,0.97620195401479448,0.98571931683327274,1.0034572055521407,0.98534267553443067,0.98905391573505264,0.98223464157075346,0.99454907992778996
1.0127670561941091,0.98394816545996466,1.0243745178253376,0.8910556591769252,0.97388380865613877,0.95182884870996098,1.0043840306685847,1.0108524553745795,0.97430625662044612,1.0116243564320253,0.96809966260432179,1.0051261074440565,1.004171972898775,1.003299283533303,1.0022696260390773,0.96487611500132175,0.9917600785916848,0.98212962724909314,0.97566354125295007,0.99702736205362197,0.95814388663810268,1.0208978291866009,0.95985306427955652,0.99525240552178185,0.99810894188015853
1.0247100641977833,0.99168858751130329,1.029310398521363,0.95072295104953752,1.0332778978893695,0.9592388449760223,0.9861133228095772,0.98522966316269966,0.97872993130054953,1.0100000534939666,0.99825861126587667,1.0094556045371286,0.96269167368306563,0.99515209586355147,1.0032183030523723,0.99434145601087953,1.0155772410582249,0.9619196204095215,0.93708950160662741,0.99368277502634617,0.98031659219468725,1.004573702889217,0.97979241304366327,0.99658991613062187,1.0228967960397528
1.0166865301870642,0.99504908581611851,1.0400899530342409,0.96853466022127388,1.0136441054142973,0.96675678560831113,0.98065258545629219,1.0214505115000498,0.98508366388464674,0.99137874419256022,1.0066774939619483,0.98265829285951789,0.97017155692950052,1.0018080597811556,0.9922848787996903,0.97748276047271343,0.98106766551249192,0.9780111355818577,0.96806727836359707,1.0091860243177457,1.0128699691310692,0.98946893657711765,0.97910128433809251,0.98786486669065021,0.98973438314059758
1.0264100174086428,0.95998407960329002,0.98115519693947184,0.99800960877416478,1.0304983185559839,1.0057032653776019,0.98376616298525865,0.99753350994859491,0.99616642155986024,0.97521703238172253,1.0116503152089642,1.0283391917327576,0.94814985753621839,1.0104304851856891,1.0179488179515641,1.0012789465537959,1.0185778265268008,0.96692955055197793,0.98008285789442984,0.99693967696560004,0.99154823383367741,0.9836086908394025,0.96035706869152548,1.0049046580912118,0.98331088528088795
1.0043664967519834,0.98856524409451207,1.0471847149304492,1.0155853311114738,1.0088007563990418,1.0206139491875821,0.97166655239418509,1.0039075827630595,0.94471217011276842,0.99089952543691684,0.99736810092577377,0.99315472971177532,0.96629347230595575,1.0015288818213437,1.0089345568211268,1.0057620282842445,0.99982906912482594,0.96933930535373247,0.96981452449735439,1.0215532324951602,1.0249386829997509,0.98497565977462687,0.961250750027419,0.99832298231236183,0.9980401286594931
1.0142661715297232,0.93231359537801084,0.99818909871593242,0.9900551914041108,1.0069861641963023,1.0042017906330909,0.99501133755433468,1.0136996502418076,0.91297539724818,0.97673467726821839,0.99150901032135197,1.0165437462084561,0.98268028579855482,0.97812943499238247,0.99650532577825945,1.0011229668717092,1.0006010883669902,0.99043597413669815,0.954045151176934,0.99108350426228542,1.0222368578311147,0.94032376795770367,0.9767399402012974,1.0066787078193273,0.98336945398736164
0.98293278053030442,1.0022684656265635,1.031238608184744,1.0094433681735377,1.0082854197952731,1.0065418180353538,0.97678681742339646,1.0012412124927959,1.0016236153434332,0.99808596646337955,1.0047903197582535,1.0172465625109313,0.98370060488400346,0.97932222580618489,1.0322090705365259,1.0233047074254504,0.99537655180544204,1.0143655906565385,0.94594414884400546,1.0072055358874337,0.99873961836821901,0.97846704568021825,1.032639882496823,0.97510459015149653,1.0161749259812158
0.98791194856032771,0.97729445985331209,0.99461098791681291,1.0037790483751661,1.0242412816300657,0.95287670021976245,0.98386811926019146,1.0212095529679748,1.0179026779874403,0.964533860642797,1.0149544201457446,0.99560952839448069,0.99054621868702919,1.0182399835946372,1.0127900887615597,0.99936534231282503,1.0101474387431477,0.9813888443534029,1.0088338337292602,1.0063335689830759,0.96258038921232691,0.98667420676628625,0.99219444004265978,0.84194558682362919,0.99366795306515376
0.99608200643190059,0.96465338197495576,1.022391853815442,0.99287842120408742,1.0197768015307032,0.97274098681141319,0.98026056859841804,1.0292926536023548,1.0081551401025044,0.97592760055136984,1.0218062104898487,1.0128400939257893,1.0003471834094937,0.99859088361248072,0.99840679643315122,0.99652913619552974,1.0033286516444402,0.98071843254493252,1.0187589242742912,1.0188965178733753,0.96113888105804146,0.94498273601712435,0.98072673566760427,0.95326248420082027,0.97124951765799172
0.99132904346284856,0.98217756457161987,1.0371644058538301,1.0029725143270787,1.0228887640593081,0.96880371978057922,0.97700384916202399,1.0060412829416121,1.0068788925259176,1.0071121704723354,1.0235747356869056,1.0146154346160157,0.99058479069787675,1.0295553342766313,1.0030697698219733,1.017956360378194,0.99259385658391763,0.97469472778989219,0.98856946955738667,1.029037319781309,0.98999671556553714,0.96177048905407669,0.96874329943303028,0.98670182232569237,0.94804913176374517
0.98638917433664941,0.99213601889546454,0.98343918415866149,1.0356572033241618,1.0011900943812293,0.98926161939088642,1.0042352232502754,0.99200708466513032,1.0172709933547852,0.98696193747076288,0.98807648740930643,0.99707296652122557,0.9876528897988861,0.97283400333050174,1.0163558874980485,1.0110436798486186,1.0001033324384034,0.97173864338756366,0.97996456774814122,1.014096987833736,1.0320212785066387,1.026654035843237,0.98341929392210925,1.0060390844881599,0.96525044780170766
0.98011644984886204,0.96647608931067708,0.87570610395508264,0.99212663834502812,1.0019319340349859,0.96917682140389094,0.98055242335532633,1.0304969498320014,0.99000415680385867,0.99704747470773747,0.99174301902528916,1.0189950655932696,0.97917633791192016,0.98607592471670091,1.0109486928746465,0.99369771437063492,0.99163534173648749,0.9817507985123004,0.98638067084072267,1.0053283860909388,1.007929379572577,1.0072329679540637,0.99218770260543143,0.98472144750167079,0.97444958039456242
0.96353199083085661,0.98884361598110904,0.94873406111284186,1.0111481279313721,1.0210882689154608,0.99666474193312693,0.97404669184226667,1.0085380300678581,1.0113804647836495,1.0008016555752921,0.99039373568689593,1.0187352240827185,1.0057934555080721,0.98030303524661433,1.0024351041938055,0.98585722838567513,0.97019090059753477,1.0161472468118136,1.012833554100941,1.0052143791476258,1.0184169604283269,1.0003853270405627,0.98534269258408913,0.98811967352114627,1.0080759612216756
0.96985654847926905,0.98778745765492304,0.98258299153905293,1.0016011891322321,1.0244990226041928,0.99646073935863899,0.99397314989937258,0.98862780456204202,0.99438988112484039,0.97025179780816206,0.98880158457796496,0.98731497642262378,1.0255639588353278,0.99665133483537227,1.0091431239094162,0.99385393388840493,0.99816100775275018,0.97667873571306285,1.0031939489110782,1.0083328865771066,0.98088117453753143,1.0079250580476036,0.94900713018176475,0.99417006968882182,1.0165553797971014
0.97874445022503487,0.98294800913042257,0.96583749427169729,1.0017739777538714,1.0070029031902679,1.0089318532975213,1.0052366896251412,1.0059364996073494,0.94680052244652757,1.0100184399311589,0.98139120147510728,0.99457048838849371,0.9957519675349582,0.99660526433636698,0.9964189210332931,0.99645237085998983,1.0307507863234866,1.009105621021547,1.0035250798885786,1.0001485661397611,1.005293473713154,0.99275636947058643,0.99422252110933873,0.98583832650642422,1.0065513810931528
0.97870460538052428,1.0070891188440478,0.94145868688446577,1.0036957822753556,1.0144278483552103,0.99929645239133258,0.99502820514070445,1.0157955498853601,1.0213368638427216,0.98783483310918641,0.98748801676632258,1.0040869895067446,1.0101075412151481,1.0119778783430722,1.0095397294895752,1.0119114343661431,1.0252065429959134,1.0098122604024631,0.98532275082206455,0.98483238592875122,0.99367131862710145,1.0227220898704379,1.0064460233982855,0.96132871082328919,1.0157466308282896
0.92664041566676647,0.99883754876856323,0.98072273609727523,0.99667295163067993,1.0394845295573336,1.01390768980373,0.98697565586523994,1.0132357033918185,1.0102229283049815,1.0229927283278253,0.99757905691183979,0.99776678239076677,0.98954382662934459,0.99112630740765406,0.98721781899564698,1.0224091787403851,1.009442165593625,1.0029741537597043,0.99726634487874211,0.98920126002339526,0.99806350538805089,0.98588274529955,1.0048096033817586,0.96895294511035979,0.98770956535774068
0.99071009493204198,1.0330102554523948,0.99676857357956594,0.99021702035526882,1.0182913364591153,0.99369631947802128,1.0036335751857726,1.0218606146136038,1.0189984784297796,1.0070543938076313,1.0224625365117246,1.0073836161408647,1.0227741656280349,1.0092055871175334,1.0103505844184559,1.0256090112302592,0.96002234860164715,0.98412530301201095,0.98939122561293347,0.98805911216600217,0.99018903730670793,0.96582547135087815,1.009132925008339,0.99009234261342394,0.94414639490246222
1.0166853533744804,1.0204474319004577,1.0467475619665558,1.0100241020821734,1.0285624069923156,0.99486296371146077,0.96276619309241418,0.98906890928724611,1.029184390668354,1.0036149615661492,1.003298725406236,1.0147304879029708,1.004969870747064,0.99655773764907019,0.94520247841657812,1.0476850828171962,0.98766562160637927,1.0024362622696994,1.0126167738548557,0.9513945719020146,1.0223077879382916,1.0049433123321434,1.0143763750726822,0.99742834426836202,0.95687080051215068
1.0141288623357987,1.0216193374778622,1.0141811343416398,1.0119978434529071,1.0049632279396354,0.99139132952015119,1.000597604512417,1.0185182716760413,0.99316097179171747,1.0151045397788361,1.0045251110334859,1.0253038034821815,1.0210435760058334,0.99840023653499677,0.93284673107272076,1.0274204283944606,0.99284947838502824,1.0362807213595049,1.0271067333384922,0.995743774853735,1.0021278641386384,1.0163012903727446,1.0145827199326618,0.97025995589015779,1.0164940016796882
0.99804353401755475,1.0190183709250455,1.013704408689357,0.99722658654353713,0.97425463648925847,0.99210899371805739,1.0091496497822126,1.0317963490963489,1.0275402416463402,1.0181063181511767,1.026621402605068,0.99113912109919666,0.94188745269476004,0.99467150241215785,0.91969834421154184,1.0355593509156431,0.984380470624316,1.0228787583571435,1.014360253218678,1.0036535000476303,1.0052030193188084,0.96489847993388955,1.0243537195150059,0.95323616157774149,0.99577606504448157
0.99633383927044883,1.0258822664885516,1.0339399994186667,1.0102485665088494,0.98681643543981323,0.99796683253770235,1.0139339692833058,1.0071472734186906,0.98777517512227664,0.98315388707849027,1.0246540754655562,0.99105415509123262,0.98718372899234208,1.0026341291191665,0.98267215772607452,1.0488746113500205,0.98185344382348494,1.0350030394814591,0.99688416088758147,0.98440582945811905,0.99049673293533169,0.99930325083044735,0.99966750204790034,1.011129966754577,0.99084465262327481
1.0029757376183028,1.019237033714421,0.95097601931772602,1.0014613516676594,1.0008785608126745,0.98589815417432869,1.0032551279839552,1.0069513123463438,1.0154210386338298,1.0000419690666789,1.02846061044981,1.004252977654065,1.0082161108213352,0.9983500445256841,1.0019866800090313,1.0101147678498144,1.0179585514799139,1.0445503515298296,1.0089295765855941,1.0175929079073167,0.97854222810137093,0.99640810122516221,1.0021137610738842,0.98462844675903893,0.99792929435216204
1.0002167708085299,0.99606907954165491,0.97523430621721185,1.0079398123137326,0.97869280826561356,0.94999450580439027,0.98631771745271457,1.0139925746513307,1.0123058069324551,0.98309836627081582,1.0070512062581938,0.99514003028447384,1.0044469218792003,1.0004826810955882,0.99603743088081809,1.0151969999466537,0.98425966327615577,1.0213348929631332,0.94421077774437856,1.0113831592144535,0.97294768754337047,1.0147867527265755,0.99493334016582613,1.0053311574426038,1.0074691976946895
0.99329454447790155,0.94450321894170053,0.95704228205511177,1.0291056687816889,0.97939195903103726,0.95852208535417938,0.96893868411164608,1.0095089254348599,0.99769899433201092,1.0037795634193705,1.0253655190492219,0.99379208799052587,0.98261382115124529,1.0131322657782302,1.0133800111465197,1.0309451450725735,0.99572976690321358,1.0185364179097049,0.96328885789507457,1.0055399683110107,0.97289743379260385,1.0086556613990989,0.99868867807332096,0.99104478119710981,0.99956469758077993
0.98323667695967587,0.98592681710010133,0.99223841745966412,1.0021048833907362,0.93700755215864928,0.9852436534531569,0.89618489450286298,1.002734990796823,1.0410396813711604,0.97375238715428858,1.0015690123967138,1.0101006296791748,1.0253597334825115,0.99602273506825623,1.0064985253328242,1.0172422011092794,1.0019556299137635,0.99150589535504063,0.95701897604761466,1.0081469169781043,0.97078100752254315,0.99992159924825119,1.0420817755181802,1.0144171897134659,1.0248602633936448
0.9872307925378897,1.0097652375261683,1.0022789481599494,0.99629714553986048,0.97422933372287979,0.99360329361923139,1.004636714565045,1.0145745056371058,1.0211320877716974,0.98324348030597752,1.0070519476532285,1.0173811762548699,0.96500386518570169,1.0160465434660337,0.99945089592841607,1.032979333976433,0.98924019858194556,1.0282887226886603,0.98520986809170552,1.0040167812001735,0.97215793941492379,1.0027466311532056,1.029054977507063,0.99477506287745732,1.0122227670968547
1.0127645751730481,1.0031636995093141,1.0213005113984113,1.0117129368074322,0.97962488551007776,0.97644693053544995,1.0149534237170572,1.0313967788608254,1.0117902413474771,0.97428975597922962,0.96138142757893008,1.0058210953077862,1.0143092036296191,0.99392532173698145,1.0048831022906537,0.94604229331950451,0.99486464851198686,1.0355692152642981,0.99482354414206953,0.98635279960587607,0.97285539426900247,1.0255527200642069,1.0397234679857521,1.0076612809159757,0.97550925822153822
0.99572724154015457,0.97696530625298206,1.0036178590358305,0.99657853488407455,0.97414772191010646,0.97230583630583811,1.0267659859491074,1.0088739968079286,1.0166491399743969,0.98342985578241171,1.0300694850665659,0.99791097068373158,0.98798451018164724,1.0142315382607692,0.96261343055920556,0.99359240272322968,0.98365072264656184,1.0330116315896063,0.9930276560030441,0.97443221192504925,0.98451237338613562,1.0116405168103715,1.0177499408353978,1.0171593928704057,0.96990509935943447
1.0169486845547997,0.97846286791208481,0.99029117248455722,0.99462547164453641,0.98181287586886989,1.0190535205754438,0.96424068787451545,1.0204343804594374,1.0202091032162621,1.0053789860455242,1.0105214801589468,1.0020118710069559,0.99798535353153106,1.000546798101462,1.0146168816074352,0.97218401277658539,0.98165008604294812,1.0174713055780138,1.0106622623194199,0.99305107131429438,0.99821191146731003,0.98943199698294981,1.0371248765828627,1.0177045725053142,0.99690693367890004
0.98721150405184321,0.96908304771461828,1.0058075312822665,1.034809971257175,1.0190101560251101,0.98969466335358358,0.99872988730657664,1.006662774389109,1.0159544577867181,1.0128443895403916,1.0215222131684822,1.022699657496666,0.98504151834757314,0.9886984986355658,0.99768385863737419,0.96452678951849669,0.99751951235119529,0.99393962092270016,1.0097479246090606,1.0152183387113816,0.99554537838819124,1.0221657852799755,1.0179994982390024,0.97886920019985557,1.0017326548740992
0.99623688256613696,0.99415403893849108,1.0046744231335529,1.0128832710129356,0.98939250626299113,1.0106088354678417,0.99472095033385433,1.0242288900529617,1.0155162931779349,0.98403991907357491,1.004491652023725,1.0188668829429837,0.99709802886333987,1.0020954542978642,0.99731717344050574,1.006033033345022,0.99315942241431687,1.0184288116550144,0.99920766591442978,1.0096654771711755,0.97925448722963182,1.0101631853967543,1.0168496613964808,1.0044802188352302,1.0098300612509656
1.0077104494678297,1.0171809843291308,1.0077409703820861,1.0147882120890408,1.0034679569916147,0.97873841093040048,1.0307958070531213,1.0044292987247825,0.867621390002138,0.9749802385812002,1.0283266629934189,0.96912922969411508,1.0342277488596072,1.0081624705871888,0.96911571635047211,1.0151495203146057,0.98750145090270969,1.0391472293636059,0.98423740239757029,0.99955603622052402,0.99765521125888257,1.0443477553599099,1.004601805895821,0.99413882607887216,1.0021487668188636
1.0236511422694765,0.99739355899550142,0.9926127638761052,1.016241752310727,0.96496000762230028,1.0038143029187081,1.0248454831435176,1.0094382051266166,1.001344238730175,1.0164810249909728,1.0031049448360532,0.98894963724303009,1.0059319053333393,1.0237841321793439,1.0202345510641304,1.0007483835825521,0.9771629129196594,1.0124510264278586,1.0263558084447977,0.99611535006074159,1.0179376655240828,1.0034356569555638,1.0293851296783296,1.0127376362324538,1.0137219078099304
1.0249748130100917,0.95628794301773024,0.95894018227332667,1.0176855619446765,0.99396860890985184,0.99733231856172733,0.99891678390173777,0.99513376451623947,0.97451365149279245,0.96824724584467248,0.99355605679983816,0.99986780244715812,1.0137162413392218,1.0270876027082347,1.0194365641108274,1.0014672477866227,0.93611453040458825,1.0166014419001461,0.9916976665330357,0.99917146819347147,0.99162457297777229,1.0049346445809819,1.0121927452463237,0.97443062454413776,1.0091390810410763
1.0128276522335455,0.93172323554176073,1.0204291637141285,1.0311730598554698,1.0146630318882095,1.0142835811077715,1.003351029228394,0.99913628177125036,0.99761559426874147,0.92686292054176278,0.98318588954115382,0.99129626444715635,1.0235017228667904,1.012194771615667,1.0298554258471688,0.96691835042960905,1.0045612962174111,0.99686899160856057,0.98096251223095077,1.0310097824332449,0.98171605648339821,1.0203170257306919,1.0152975006390972,1.0287198001004896,0.99121107791250407
1.0080629946492836,0.99406410449068872,1.0098873262630323,0.99828081523780599,0.99267458240738848,1.0360498059709429,1.0101111292467551,1.0097193910852063,0.97783727706193391,1.0081152793609514,1.0111803259260372,0.99849587661451966,0.99805496278710293,0.99538991656459874,0.98698416342899098,0.91705540421926157,1.0237052847182238,1.0259499294030692,0.98959083048334839,0.97085502322777684,1.027651664100929,1.0495515246506266,1.022608758562559,1.0034524456510916,1.0103774058954602
1.0171774543725214,1.0209492536564395,0.99964656967232801,1.0276394286287021,1.0017436689073689,1.0228745544455886,1.0175217739726456,1.0202122945349277,0.9983464167866003,0.9819309458223634,1.0031424865777725,0.98733641575509878,0.98913090964736772,1.0028599400362765,1.0094338893197066,1.0128111740259269,0.99485661214714083,1.0420254548486787,0.99192522377504699,1.0052204700484233,1.0150144050007885,1.0408153870969172,1.0116283350611885,1.0089579985145489,1.0248934015748548
1.0170169418188197,1.0226840881907271,0.99127782862219704,1.0007271404939122,0.96650579968705819,1.0155814622790043,0.99766638924269335,1.0099239824170967,1.0166133054053665,1.0088872695182558,0.95983795323572596,0.96900437184367694,1.0156449222248536,1.0017570440344292,0.97889661291079355,0.96686598316255989,1.0060370152890308,1.0005307844348732,0.97885930154190759,0.97837626131174127,1.0023111040823223,1.0337856912166012,1.0252669500575684,1.010175357116494,1.0175323780452372
1.0229653754330044,1.0067333986467919,0.99833097915164748,1.0052393947548122,0.94524234520871764,1.0081555377004434,0.98464325693370613,1.0140285993307385,0.99775615982685428,0.99368467766834223,0.98198810582311546,1.0192183344280519,0.99947264567042826,1.0053732023587025,0.98890655440207798,1.0092246161315872,1.0126511679011776,1.0212183951654432,0.98275117059151251,1.0216680008210595,0.97587356740714037,1.038161172938862,1.0305758595738517,0.99249746291617957,1.0099367648433484
1.0163234093164928,0.99656947502396198,1.0078198213278617,1.0001939720585762,0.98294730186748835,1.0175773644474986,0.99368458026812601,1.0172286166665789,1.0201727616554055,0.99060285189006947,0.99180521259102083,1.017606997496608,0.99657829279683063,1.0093771236881939,1.0096436682269359,1.0324296686415793,1.0100555368572977,1.0116018601878145,0.96129746998921628,1.0032384368416454,1.0033143682515049,1.0323751958266596,1.0167385166793419,1.0095456174734463,1.0144930233258447
0.9894873700393898,1.0141390529484082,1.0022947672489197,1.0163399644267268,0.9823076345527223,0.98870707604653574,0.99598539670441499,0.9995596659940752,1.015777211618683,0.99764286721011053,0.99820391304213862,1.0183629872489295,1.0104399506534631,1.010170177246583,0.97750552322921769,1.0167572827091731,1.0012107122492593,1.0180004266869265,0.99417919501906515,0.99715427006410229,0.99373805392458536,1.0291307674488195,1.0295036206371477,1.0190228864032498,1.0063159138515769
0.99328126779006221,1.000031711072727,1.0013300513429768,1.0007543904314014,0.98946798503182842,1.0142026151919155,0.964874134856326,0.9836316602203411,1.0020735695285605,1.0169926800965545,1.012254421321455,1.031293489393952,1.012619839781971,1.0050388343254708,0.98412846710323909,1.0083227280546001,0.99496687890003432,0.99110509305834349,1.0086668820390114,0.96964318631870516,0.99551839173944057,1.0484579762883175,1.0108433925545328,0.97733768284161826,0.97770179076360175
1.0022711544625962,1.0170877268902716,0.99481320237168613,0.97288413949434038,0.98605465155092531,1.0222150973206072,1.0304389408657371,0.97840578670417055,1.0160339149180388,1.0082836659870393,1.0200649919675422,0.98845873411026774,0.96658084949328382,1.0345455435602677,0.96185776456453354,0.99958119396127454,1.0385517701444933,0.97529049131358581,0.97395690300604665,0.98112487829246109,0.9811759902384567,1.009833731058537,1.023976539841801,0.97837868290398733,0.99598887462418906
1.0006664154221514,0.97907042692514334,1.0213095795467657,1.0033826642545582,0.97659773583125309,1.0185341366120926,1.0024848269397968,0.98599193156073206,1.0224122462803122,1.0078362014145188,0.94173157655770456,1.0001035941234238,1.0169263403011028,1.017305204857164,1.020729705941098,1.0002251149386554,1.0062062498072328,1.0003536121784584,0.99893048602113366,1.0143838663630167,0.95996709365606359,1.0264027737435566,1.0260223733007947,0.99851416684534611,0.96250380004180247
1.016367438347068,1.0240181752459521,0.95343593458136366,1.0021149194661669,0.98796351768372503,1.0028354579800365,0.94719518024502714,0.99019998429044209,1.0176056069315516,1.0101348046641578,0.98712430859921496,1.0186170116648696,1.0109386316697748,1.0320808368941066,1.018311983259951,1.026169002995571,0.97745379030909996,0.98603710265819233,0.99300446073608728,1.0187056801606991,0.97091234780680358,1.0324710690300749,0.99073604628302281,1.0078658622305121,1.0091776835543584
0.96706264703825473,0.98275429092416244,0.98531511704173114,0.98079576803802648,0.98563531251983516,1.0073949950485528,0.90851718251640012,0.99308950663900453,1.0274657986687665,0.98185178333085299,0.97947661190912416,1.0161787308904968,1.0142259626431687,1.0078752347853237,1.0118085148995273,1.0157799211942697,0.99164835263475681,1.0137794685328188,0.98999331223329878,0.99268464118534061,0.9879140044597069,1.0343979958358192,0.98311070490169872,1.025492473030543,1.0129979101384805
0.99552947011759296,0.92265383153435909,1.0037167871357218,1.0094763950966033,0.98506637118934526,1.0052589590476344,0.98844585900029414,0.98020111799970711,1.0280915598490348,0.99049398399223176,0.99355318412897031,0.99471234395271169,1.0104539713173557,1.0280805642132251,0.99985044180924165,1.0329559257235541,0.99684304130832624,0.98796331968986839,1.0115707944645878,1.0086154307462485,1.017360984185796,1.0273002672557754,1.044731630165016,0.98768738500657671,1.0235108005631135
1.0123280393682281,0.96919263718489701,1.0042043620208534,0.94421491834684235,1.0061772719351951,1.0315196379614646,0.95026224245415725,1.027967288112392,1.005673698756816,0.98486899314355958,1.0010170525942443,1.0102868700182033,1.0037617300644441,1.0132286098897416,0.99908585091500779,1.0217234906712276,1.0328040343597118,0.99175989890291116,1.0078915657057375,1.0156420210937172,0.997215092396884,1.027417146405164,1.0266611978745963,0.99591319766547759,1.0023570822876644
1.0026163288688599,0.99947959859225199,1.0046176517714556,0.96438381030870324,1.002031466793083,0.99706878043512159,0.97518703696036069,0.97292149559390206,0.91950983062628722,0.98712318853651915,0.96271000695781916,0.98361238669735229,1.0154326625039969,1.0290611788487478,1.0026318619697738,1.0169644892195917,1.0148729141079145,0.97384533407375751,1.0168987003736041,1.002067210383667,1.0040350326663676,1.0136831370088935,0.99019865678932717,1.000247422726221,1.014936948467384
0.97338232902022104,0.99229460802320679,1.0173671840918159,1.018277920971282,1.0047374846257415,1.0374106906074758,1.004873911589689,0.93310838328928969,0.97634099463933222,0.98181317539117885,1.0153145228016991,1.0258579730607502,1.0233955176176521,1.0084647505321589,0.99178162893115707,1.032352147271429,1.0195276398327531,0.98288570108756734,0.99365689262373991,1.0120989047918689,1.0258310462025566,1.0102633319659604,0.99027079135419982,1.0161068551146006,1.0177238670755839
0.9699061908232447,0.96452672141499973,1.0328998820021478,1.0136871295855681,0.97230276412364636,0.9868991910970849,0.9804850192453245,0.97898799367474065,0.99190390864399558,1.0095099761725073,0.99961161891096095,1.009247490240518,0.99122465257828885,1.0164702885696844,1.0191862864461618,0.99718888418934859,1.0002848510294062,0.9692742460363365,1.0341740064320348,1.0003242067365872,0.97518718767084411,1.0125945203073694,1.0055025818913736,0.99445941751855349,1.0073484980580085
1.0320685713799744,0.99327076213359811,1.0086316362927834,1.0060347397972658,0.98435068237581258,1.0124282411024204,0.96855990200183406,0.98219274007924662,0.98876286583101225,1.0113159316452391,0.97677272027964612,1.0199788234664624,1.0005220815036784,0.98853233018548525,1.0386430397866686,1.0409814165029481,0.99126391845512807,0.98609885985331802,1.0371437711793714,1.0041380112474485,1.0379599121883951,0.99205407679521107,1.0163121111208191,1.0129765868451759,1.0309810732112297
0.99215584391123979,1.0016891878866176,1.008949495620415,1.0201589530820068,0.98872484972537067,0.98058957799863455,0.99484265614168721,1.0102313938363343,0.99574820609189629,1.0300937136051183,0.99293020832799828,1.0203318156008854,1.0323584765608513,1.0171667798922237,1.0177616089974293,1.0161594656935968,1.0319570213650253,1.0070087095600373,0.98551745522034706,1.0112084400681387,0.99548376142191464,1.0299600011155439,1.0259364369645187,0.99009202426272491,1.0058310198102229
1.0169382889993062,0.99649722362738069,0.99936081961243506,1.0113301233402241,0.94762203067294792,0.99587856662274787,1.0113366837951916,1.0090791623357449,1.0171881606738402,1.0036172293457695,1.0220747771157521,1.0235254195763219,1.0019783507221902,1.0373876508958035,1.0090273137394374,1.0181780134447243,1.0148192651483201,0.99450552859830743,1.0129846100426951,1.0010386181852853,1.0131975747745472,1.0279391304029066,1.0161571492775578,1.0089624632503378,1.0038951700945968
1.0116431091583118,1.0065999628450948,1.009261216295174,0.97648736888683652,0.944575986039071,1.0093759695839228,0.99816216321951479,0.99074574966480955,1.0032941041449235,0.99289456363927908,1.0214346925514173,1.0062577458742741,0.9993470613945733,1.008110694291704,0.99871064460548975,1.0143177083561652,1.0116748143516325,1.0238544398851559,1.0101947763538088,0.97949660371315916,1.0179301874487998,0.9674096146192378,1.0172518828353141,0.99945691464794451,1.0216806042893518
0.99985873120279356,1.0155399717711064,0.99118542501918472,0.97591477910222302,0.99212485161278341,0.99385767075848075,1.0304931249203035,1.0178761841823785,1.0110944635065331,0.99498036389076416,1.0157155726115656,1.0159271724449164,1.0113046272906667,1.0147110926537468,0.9960945705178289,1.0069725154695741,1.0209238198706478,1.0181919631354666,0.94429466829919528,1.0197676250635408,1.0263946486296063,0.99521967611438777,1.0184977024404491,1.0014905462230645,0.99866324904199655
1.0116972553741115,1.022716545199436,1.0100819546183724,0.99377231005564737,0.99795014149672912,1.0295673917282635,1.0186690771680713,1.0126037538506125,0.99482939152105498,0.98848390830813715,1.00221423395053,1.0492701729394582,1.0011857375593529,1.0284519728873738,0.97832254658465201,1.0240071745258141,1.0388191986728066,1.0103638605236818,0.95737847796341113,0.99828406801386149,1.0022934095088614,0.98266233168456607,1.0371082866828072,1.0071643185239816,1.0086465979650709
0.99679972032482833,1.0112639188174801,0.98375122545651861,0.99501337780968935,0.97848609767719885,1.0185893057158149,1.0150494490924022,1.0039812650000113,0.97406109114926109,0.96856325943289834,1.0204209398473343,0.99773240265981666,1.0350974634428347,1.011131792105074,0.97121609727678104,1.0103186088214622,1.0087389469587369,1.0287351835425107,0.86672819895663067,1.0329206527982719,1.0271278461147315,0.91212237568846632,0.98449687828844212,1.0086844253945062,0.98426024798068812
1.0104645218812682,0.99848408307355563,0.9747750393207435,1.0118773694264189,0.99210446626533544,0.99811114687269353,1.0122296698702391,0.98310398164057544,1.0077097322644979,1.020786925639976,1.0223289156557482,0.9708485138199473,1.0297681459187191,1.0226613599344492,0.96898720544664141,1.012977514167914,1.0107707548254006,1.0293138416483198,1.0093731364500216,1.006286211509138,1.0175637288868991,0.98575683718552487,1.0136117271870446,1.0355825993611347,1.0295474331502219
1.0180065482261724,1.0241394608021703,0.99745142516840324,0.99657075445300314,0.98536140846338183,1.0368382423863907,1.0132644086709148,0.96041588277384804,0.95762321010555185,1.0274287125750123,1.0343128142756266,0.94542459325664308,0.98777618906032993,1.0329998532267444,1.0047448736510065,0.98421698892545451,1.0069193409013404,1.0332260064350152,1.0004865785353461,1.0310099493690799,1.039411152361184,0.99877863335570993,1.0206908974491309,0.999393840045668,1.0219978172464907
0.96790882432861469,0.99328081182700656,1.0065487213440183,0.98138074665239072,1.0261635427500011,1.026081319514927,1.0131788510197508,0.99225977968162216,0.96967778992666132,1.0223335280671826,1.0049381760231764,1.011133363007841,1.0122002781027435,0.99029472607302171,0.97464554567920048,1.0233343490484326,0.99784174752502308,1.0291984048228877,1.0295895155531591,0.98940110910245216,1.0176254248596177,0.99542190361696237,1.027060767897483,0.98932473468586957,1.0110484622710487
0.98131823971563292,1.0053884206245138,0.98126007833241902,1.0396628844102538,1.0114009983444325,1.0146432189713026,1.0083150840453008,1.0019664745494645,0.99304492802159905,1.0108926973471044,1.0202687265457189,0.97408526112202265,1.0070279094523211,1.0064259676181535,1.0088023109128457,1.0189967282141685,1.0155515785701128,0.98167486134002657,0.97326325373905209,1.0044747194903458,1.0083474707749875,1.0048872812601755,1.0245799868487782,1.018699328647682,0.99767926967682385
0.98663608696611504,1.0240245036488502,1.0111664655137014,0.98712843945036211,1.0215247951973829,1.0218859735295887,1.0088408835737477,0.98371099259976746,0.97590859336979452,1.0230701694533098,1.0223215522719071,0.97561538143973092,1.024215241370134,0.98642061446251506,1.0060237145559476,0.98584991672938049,1.0168369773222221,1.0166943792780907,0.99533525696692615,1.0101032582803355,0.97879524301232157,1.0209969212707255,1.0263955640890166,1.0163140991928621,1.0256203843687905
0.98436750482643476,1.0075092039161764,1.0185706422956537,1.031570368498715,1.0359880974523465,0.99784314055972623,1.0111995325025918,0.98147060636677497,1.0046885890965918,1.0191125780220074,0.97250717928204644,1.0078916619535832,0.99229265235079012,1.0314902086410658,1.0198021903867203,0.9769456722457277,1.0266971149938566,1.0141299749310033,0.9994815168217277,0.97732323509577612,1.0409866791228974,0.99019339597832656,1.0378342065924995,1.0101449963140403,0.96657856839836065
0.98389745949424179,1.0139890715794897,0.98965837465877027,1.015962991475905,0.98880828497208229,0.99985930005634249,1.0119438354468013,0.98407197026671855,1.0301170587666448,1.0255852718067904,0.99858045601445977,0.9965359358686563,0.98900908603071191,1.0424767735819775,1.0000596605571161,1.0137634534873579,1.0017204132480468,1.0278271180780092,0.98949330162564719,1.0384771368832211,1.0167731866022278,1.0086661484594492,1.035244247906173,0.99938730950800003,1.013114820636706
1.0139728547046492,0.99429593610256939,0.99527787420566971,1.0191446459100002,0.97232418118559882,1.0178604854917896,1.0120684589998639,1.0135043735578391,0.98735757829760107,1.0323852654391561,0.99712124929021173,0.99167302815994984,0.99113474051967476,0.9989754462967616,1.0007154777976388,1.0107701142020982,1.0055272082553677,1.0151756789242503,1.0054658685648521,1.0162171838727758,1.0130321175414942,0.96517191345798459,1.0024731532238806,1.0069916100017777,1.015860597859582
1.0271898985094423,1.0229375922164183,0.98063466714558067,1.0356029278270351,1.0075373039228486,1.0064559090881648,1.0042271043491229,0.9977707664364931,0.96844358978853884,1.0241370470073179,0.99514573417786123,0.99898337103311408,1.008805955678002,0.98499605024557069,0.97834259507887344,1.009689023611011,0.99315348366383749,1.0239038819093242,1.0289835978774871,0.97802438674545888,1.0261193738826151,0.99272802966794615,1.0132769878698806,1.0093650271117141,1.0145323068200194
0.98309242805220476,1.0274463758054913,0.95479611151846111,1.008469296943955,1.0046815117267154,0.99301905841041549,1.0382029524437633,0.99848014041564037,1.0018204661643999,0.99319157280554859,0.98438812321720959,1.0062615769238596,1.0179074063160145,1.0106584928599531,0.92029620550998226,0.98622189650223213,0.99660633800474829,1.0222922413943625,0.99618764099881785,1.0397413829144733,0.97104989996804791,0.98260592022339122,0.99675043709926958,0.99626651278144029,0.98621489201235846
1.0128312360572191,1.0065011623735824,0.9954235981871945,1.0053868533573642,0.99169985870637722,1.0107361091904852,1.0065012474284556,1.0187034986797505,1.0278424999165083,1.0370856588683504,1.0015136874970163,1.0316482305601895,1.0057365004045777,1.0357660080707749,0.92341159154912311,0.99084374201472658,1.0282365806371154,0.99085292238569145,1.0285673276123755,1.028976521953622,0.94488799098859266,0.97798179670926455,1.0246333316059644,1.0170994051252504,0.99031311279246537
1.0272031884754245,0.97078512471655765,0.99236127595858648,0.99878491005086012,1.0149282715440613,1.0370154398061326,0.99694970865319565,1.0077457888693551,1.0000411370484212,0.98790420583577254,1.0017085796621152,0.99768097495737507,1.0076261964871136,0.98137690115175447,1.024830983189273,0.9716213207540394,1.0016102969106881,0.99618742749121225,1.0272225833788482,1.0028172195502185,0.98462528316710052,0.99895391479573414,1.0149443387470831,1.0047767961678169,0.98897087955723062
1.0165529248815752,0.93679273123781837,1.0016546510035589,1.0292529190213071,0.9681132288397154,1.0138848440079666,1.0152381472714036,1.0056055122044274,0.99487949521901375,1.014922233470009,1.0076081400466339,1.0321129426968831,1.0088998530177655,0.99926671099716624,1.0241687109989821,0.99426791057417729,1.0213958779564125,0.99712999506565592,0.99395757109457494,1.0328367572776889,0.94753116777031832,0.99862981425598574,1.0271690562111733,1.006110852355421,1.0194369713357434
1.024528086513101,0.92702481423297201,0.96903046864370479,1.0172916515593158,1.0251598402780131,1.0196441421532521,1.024778812447602,1.0077886563957361,0.9738097130956076,1.0178672851838177,0.98365920338840562,1.0015985247885464,1.0213824167300918,0.99121162920758099,1.0134209117156368,0.95439399808438685,0.99360559305720841,1.018421549515435,0.97743283882683873,1.0242872699729653,1.0002282083444121,0.99296752575351921,1.0199454516156166,1.0082595001482013,1.0290566074665835
1.0086926159480138,1.0081554637391852,1.0198288335342391,1.0028006586920439,1.0353156494842379,1.0274537921962597,0.96883535911430874,1.0083093058495518,1.0422071921075919,1.0121688618536737,0.97144147735841779,0.98146018888329412,1.0042201164762226,1.0367998173092665,1.013532364247496,0.96212295161163397,1.0105021109102319,0.98829739361959146,1.0391987207429534,1.0137530743251617,0.99696143685614369,0.98211179125099735,1.0078834176535925,1.0205082747639775,1.0001739499938718
1.0066614832147625,0.9806864757969519,1.0130782844354593,1.0075649517204155,1.0155903304556215,1.0231948326367901,1.0255553638381762,1.0292317614417501,1.0209275035460743,1.0391564185377127,1.0215587101953176,0.99130173826358059,1.0154984313895632,1.0266753369592447,0.97662420868232458,1.0021153483564862,1.0093298070890668,0.99595922202867837,1.0376326464116472,1.0404954691497788,0.99708437053561971,1.0103339397171822,1.0021844493148997,1.0156351768880831,1.0125971530664513
1.0243139364632798,1.0268518149754142,1.0146000319498378,1.0216513055272705,0.99089516608387218,1.0296066756443167,0.99481942536342549,1.017257283045268,1.0030349049556635,1.0353664516348811,0.99664993038492,0.97086297967024404,1.016568561684126,1.0288827650631365,1.0053338687361586,0.97805991260340097,0.99930265145585806,1.0286905703874649,1.0464767029180371,1.0382293567524432,0.98898970886131465,0.99483263758191876,1.0241067084667572,1.0097274558475515,0.97960905499813922
0.99176840587409121,1.0247834774649083,1.0062817190061246,1.0137264877794767,1.0378086166753133,1.0267137214646311,0.96244655841525883,1.0151514724215462,0.9951980205868447,1.0201701796191613,0.99193786717780064,0.98463602369307646,0.99421096258931319,1.0208699935507648,0.96033603293670933,1.005417462850061,1.017473615033726,0.99888138617707734,1.033302985358572,1.0236143184249549,1.0042824832989863,0.99372943800134794,1.0094741462270158,1.0045091822455592,0.99307292482729514
0.98665874805779985,1.0351549887935796,1.0199449269634633,1.0419298081947714,1.0200365407774614,0.98332523626964474,1.0094493992649831,1.0106175411634548,0.99794710226574757,0.99169446489496238,1.0007496808080167,1.0232433423705971,0.99109752686527697,0.98682978498003004,1.0197933494187412,1.053732231670893,1.0121885863815956,0.97952436913624052,0.97900666074823028,1.015868792900694,0.99156539366528784,0.99364216944502692,0.98978844605214478,1.005696976581377,1.0108055200294583
1.0435101177305512,0.98621304119583142,0.97061082316993808,1.0156818497519755,1.0344018673225099,1.0118497902527446,1.0065981359229734,1.0060230578066962,1.0143095407868947,1.0150453827405315,0.99949434566121664,0.98601805618037608,1.0059735224075292,1.0018905632976673,1.0268757224999954,0.99965772546176335,0.98176078034054326,1.0592968328905032,1.0218816106845219,1.0218969954458661,0.97314185961705446,1.0089313099997055,1.0253873683515475,1.021216414198078,1.0268796499523818
1.0353163694058991,1.0073702290374267,1.021580762271012,1.0145581839261868,1.0230299786511494,1.0103278762101926,0.99212324809231134,1.0259693536367853,1.0340117125261725,1.0022398580727963,0.98937016416432699,0.96142880588265234,1.0410910468548995,1.0031557236450082,1.018675041273754,1.0402152633934012,1.0107191370727346,1.040754351686124,1.0034734168004473,1.008908598589797,0.96986814430628232,1.0368078720117297,1.0262403435500793,1.0062907731627015,0.99642257698270098
1.0139652049317294,0.99405290009326808,1.0282276878343943,1.0141466536639312,0.98969281996464542,1.0025788007259739,0.98884244273810606,1.0141965762538181,0.98396567172905713,1.043835674911989,0.98464553090301155,0.98717634545047461,1.0251165054254832,0.99547321072931672,0.99570441838776058,1.0286559108974591,1.0147144972928623,1.0379704813623216,1.0229585126258507,1.0330177795976092,1.0162889577455765,0.92073598270581525,1.0324555240505995,0.99780676777823951,1.0147488280537953
1.028494918901544,0.99619829564871609,0.97743542078498302,1.0185029504480565,1.0180101761444158,1.0035518908360712,1.0063071724775536,0.99332272375943975,0.97509108279175993,1.02028144692153,0.97857278769845146,1.0094710585677298,1.0450778647386265,1.0243711477280821,0.9862129790823454,1.0300208435190741,1.0119191723196133,0.9899425438709536,1.0251015799977079,1.0263717382394293,1.0149692735652591,1.0173984033241807,1.0224881075733394,1.0173395279355129,1.0102653682731741
1.0207686141500538,0.96034000190640223,0.99106843295919433,1.0372078719701256,1.0366748203871914,1.0001596926068423,1.0128618411184096,0.98158032327431943,1.01086795905198,1.0197483483219265,0.97641323928915602,1.0084945955205498,1.041837451082483,1.0147455825296494,1.0012121944896941,1.0133611986498674,1.0077705918791457,1.0181113765605021,1.0207751474530256,1.0233112907645201,1.0071618446455588,0.99446074349279645,1.0178640827439556,1.0110035366399137,1.0074909905007261
1.0041374027272856,0.99650362972295004,1.0033756825464712,0.99485260274146647,0.99476228453507598,1.0026585797174645,1.0144315550677068,1.0152211596937408,0.96073751747363434,0.99303664744200559,1.0110189793267987,1.0149934121803337,0.99674697795082279,1.0339726372093996,0.99425047856805215,1.0163197985678194,1.0344523794553846,0.98937977205705652,1.0168323320892647,0.99724907629985415,1.0222772568321412,0.99448523660790322,1.0141478926534275,1.0284616975479266,1.0227731736900429
1.0225249408566555,0.96413273561943458,0.9913797124220376,1.0242403005103586,1.0256216300201513,0.98022422325195691,0.98288838932773559,1.012664752088327,0.9689950054008496,1.0030322659151309,0.98993851275130396,1.0235706537059113,0.98345406266350266,1.0180342957680188,1.0120353690901593,1.0100995581627608,1.0038123771520202,1.0188792991997959,1.0373837554409395,0.97160268835453278,0.98935279535228671,0.98767572868722686,1.0093078750993159,1.0117316405550087,1.0029926881985438
1.014053391472594,1.0428040975563559,1.0295780048903613,1.034575293473837,1.0166891479071212,0.98564862562150468,1.005123279159452,1.0245631990318513,1.0133816588536946,1.0355881617359584,1.0058673916596605,1.0274086113609344,1.0068323096333507,1.0284606782734251,1.021520719365913,0.98396423312132864,0.9922288225374849,0.98060680339918382,1.0369110982721113,1.0218783251279224,0.98565669131795386,1.0184912313742829,1.0144306876891829,0.97579325300484177,0.98037320286603991
1.024364636427455,1.005619999304735,1.0082435074351632,1.0355297974516302,1.0269268963461577,0.97219849836096084,0.99693786035971932,0.95624946473945605,0.99119548297433413,1.0347627717858474,1.0285417481893675,1.0166037835942061,0.96028157366063394,1.0331314281707491,0.95836131784854517,0.98141785762446798,1.0403373440128463,1.038460878695997,1.0179678951795603,0.99681106155130983,1.0051449058296746,0.97275505090705039,1.0111684128983218,0.98992509008221763,1.0081828541135938
1.0158485268644635,0.97983657987928863,1.0090263523443044,1.0165031284983843,1.0098990112606745,1.0030128792818007,0.9953321749528572,0.96946865440165764,1.0127824731326009,1.0548716937944445,0.99987666621665627,1.0161337039826495,0.98289366196721417,1.0273230816888814,1.0035782284512211,1.0259156854854037,1.0325753614803945,1.0168012529454442,1.0097216449759996,1.0328888953523536,0.96334058933447109,0.96352356799707861,1.0139574260355833,1.0113444664593214,1.013790472563745
1.0451255980765821,1.007859499945148,0.99238786596909478,1.0159677867004551,1.0165208367640526,1.0188546638136597,1.0066007857792865,0.95003314325927646,0.99543156453667148,1.0086630673446784,0.97533136719762492,1.006684048471234,1.0281343345931691,1.0065085805424194,0.98949481549045837,0.98966835738117886,1.0184963559739364,1.0052423558048735,1.0083289240142048,1.001718953374926,0.97073441699798335,0.9939197593055622,1.023301175126577,0.98851745679839609,1.0259555851468127
1.0107633111434784,0.98819234778858578,0.97790658865484992,1.0331957799383067,1.0071705099867279,1.0089542529285749,0.99999262366945429,0.98147253701645554,0.98664016003001231,0.9966706268660942,0.99727227544776309,1.0147151883317498,0.98544240689947327,1.0386896066953328,1.0391637856256724,1.0094065268040529,1.0213613962695056,1.0183475700931115,1.0043225598729526,1.011678690068238,0.9745056883498171,1.044128893224374,1.0336842623156506,0.97940622365431806,0.9983962116653432
1.0021954899700596,1.022680997577798,1.0283167319094861,1.014590377951039,1.0026351633594528,1.029973456306233,1.0194151480795459,0.97094384807664891,0.99973468372010266,1.0307149947134735,0.99394874706509517,1.0234395622938226,0.99122061564993136,1.0247313849912207,0.97825954277970828,1.0344103590530109,0.9788508081451599,1.0326020526803963,0.94965028471463897,1.0265843033664663,0.9926710292532579,1.0258024028333039,1.0211281830161669,0.97672102205936839,1.0274443827322735
1.0199382177531819,1.0377723576267543,0.9994235981153563,1.0033808401753481,1.0441325057357962,1.0169384108269433,0.98134431925621501,0.96169366448103866,0.93610149684028221,1.0228392112200544,0.99376874537307003,1.0047093070624691,1.0193732320436291,1.0316963774571053,0.9789143473685924,1.0442323807625458,1.0240047027622994,0.99737284893585187,0.97085405220986687,1.0084257719870826,1.0110298089890537,1.0363194324546023,0.98700163381255734,0.97006699319496192,1.0222966476387372
1.0078042157570635,1.017250289107956,1.0222212077216015,1.0407857654278827,1.0294813656923505,1.0170812342918665,0.99098273526177239,1.0273798354676205,1.0131077477768133,1.0230867673667539,1.005862125242359,1.0256000451600575,1.0204344998220005,1.0313722064800361,0.96251708090526844,1.0119894747100464,1.0145324732296426,1.0174933917111872,0.99334422488485474,0.98519414946472228,1.0070324355866187,1.0315205012490494,1.0291266404208352,1.0171442915855626,1.0208103012134704
1.0526007655516485,1.0029171275184972,0.99061603219048255,1.0207710591455739,0.99677143233668042,1.0032788101650525,1.0025687405729029,1.015969004371716,0.97837313041122487,1.0126717331405202,1.0404428579831897,0.98640801277971868,1.004675519421836,1.0237957848592054,1.0016198568354213,1.0203988112107187,0.99326751970330718,1.0064374558366833,0.94092587508772407,1.0140239406391613,0.98438179910485946,1.0401645619693138,0.99781897242952078,1.000367106480933,0.98484598963182302
1.0238927101006345,1.0018252749276098,0.96746793174998214,0.98581868803055361,1.0041620090997552,0.98581559293136201,1.0058850633176319,0.93706959880345353,1.0108806810414357,1.0203954292478861,1.0299382293004955,1.0072864183322769,0.99644732351354459,1.0207951434339506,0.99395172306313828,0.98678031999504379,1.0023139812481869,0.99551264201933576,0.94342423031760958,1.0348781500510642,1.0282950268975282,1.0327417549312008,1.0116866240017528,0.94648485575373043,1.0189943403766022
0.99533626908922945,0.96388798697770672,0.95696976157835734,0.93375426155425634,1.0296888637779038,1.021924087686191,1.0170973543922555,1.0037825909713818,0.99100451520157751,1.0214642488803611,1.0248764177373431,0.96793750761872899,0.97816253700397005,1.0256275416724607,0.99690796868454523,1.0035734706472355,0.93476192759505183,1.0352452629443367,1.0222552969118344,1.0178939789898107,0.9418569747512584,1.0179353059487009,1.0290125551168066,0.99530105150782355,1.045892170938018
1.0478444452517384,1.005871821210746,1.0130507287132704,1.0024398313332505,0.99817296437930936,0.94591288412050101,0.98101812027038671,0.99416457054677898,1.0251471868082032,0.97374376542029895,1.013977935314927,1.0083061071718431,1.0084531006700517,1.0018623730066165,0.98761369010381406,1.0379691330491292,0.96951408545651463,0.99236870374963448,1.0078479478006308,1.0188174932464396,0.92670609009811133,1.026977425066975,1.02321772679557,0.94758875291740774,0.98037205243342851
1.0307564955349482,0.95721825633172641,1.00705613120958,0.94510168409056794,1.0464737615496078,0.99812217243644152,1.0106563280715337,1.0260092866403383,1.0078738833216596,1.0138806801368005,1.0021351609128049,0.99777639115632832,1.0003895669406262,1.0279204096952912,0.9895994888657067,1.015738612733067,0.99680303494393907,1.0196220182975446,1.050973904079191,1.0016247983436948,1.0040980480535386,1.0290709206831747,1.0095257392948325,1.0114331733947728,1.002554197586768
1.0526719001345488,1.0230705205645421,0.99656906433160042,0.97626540438235909,1.0433187753466642,0.99477812182661729,1.0232543265831588,0.98545542327954605,1.0257049900750808,0.99160902058235356,0.96882980926932249,0.99638979229405999,0.98239966743418394,0.95917601582329926,0.98244281507086129,1.0185555018498416,1.0196612241742258,1.0040333268514268,1.0573592184710463,1.0239196111580025,0.98521435052170514,0.92477022832743683,1.0046880800950941,0.98517824663651088,0.97633871432728037
1.053821081103268,0.9870031664204505,1.0351439246695076,0.96373388121850923,1.018016554765939,1.0025374686496742,0.92586965220025519,1.0299151684691716,1.014342543498659,0.97434854335440924,1.0034509153199869,1.0042950016976553,1.0045024767678805,0.98637712039831704,1.0138639417580957,1.062547782193749,1.0115708590008554,1.0141061197643275,1.063575998766904,1.0187137449434336,0.98225147708486016,0.99201604927680953,0.99726601628065314,1.035126273680381,0.97531132584786628
1.030212910305889,0.99021777198849892,1.0137395990899125,0.98030112157940863,1.0226455470840652,0.99782079424965575,0.99318353463598563,1.0471680924797302,0.99721675500563467,1.0208626627263717,0.96215813214571499,1.0015628319007843,1.0087040837492196,1.0107542641676763,0.94616337838321851,1.0304585144447447,1.0263911226187121,1.0349269056877564,1.0382410065718775,0.9832360969732471,1.0025988038599551,0.97978907962127326,1.0214047382606488,0.99359438114037624,1.021510418852003
1.0340245294223651,1.02154928635909,1.0373000922923432,1.0127324707926464,1.0121594456800134,1.0109742550154179,1.0059461788876753,1.0375135046880717,1.0194909603798947,0.96474142101871108,1.0208822858643509,1.0171659044618164,0.99919940622802073,0.92716315161011986,0.96825694817370966,1.0270929660002535,1.0635927762017483,1.0083384896624685,1.0354126483792099,0.9950163520554629,1.0350935501485872,1.0075097863903104,0.99123336957365504,0.99522481576371802,1.0413509021666851
1.0346390242692498,0.98905683861033344,1.0543276579921226,1.0109231882915297,1.0220278506462066,1.0070755217712826,1.02206253222235,1.013669168837007,1.0076809604569155,1.0086195432696485,1.0278500761782603,1.0054805755616028,1.0112952322569355,0.97858772973009511,1.0121344320327548,1.0046344230105428,1.0401164852865541,1.0014035839386481,0.99879065932576994,1.0213488023150505,1.0361500761670448,1.0224993443798158,1.0046659316301625,1.0215043765008414,1.0394293373628714
1.0615905263533103,1.0093782972858898,1.0540019412382733,0.95402119238888561,1.0372948828354773,1.0175408399536243,1.0169784116887246,0.98201906179516707,1.0141094824956653,1.0185901344383597,1.0013883418371821,1.0388647830840974,1.0098201288660402,0.94292834716705298,1.0096790083837284,1.0222444026737556,1.0036569988747954,0.99405362796381147,1.025384065900518,0.98783425973690298,1.009631386011649,1.0006446689933992,1.0081155600230587,1.0029516316856866,1.0187081677228205
1.0446098654722795,1.0056985447369189,1.0233518916270432,1.0240480787060233,1.0029675658731796,1.0285844704580238,0.98463553500771439,1.0213783127434055,1.0300478539870381,1.0139754516281547,1.0205954778507373,1.0178652808791016,1.009397503180723,0.96025243840297458,1.0004601474644663,1.0286933089971106,1.0276083839262113,1.0284022646800084,1.0190481535672882,0.99592256323831574,1.0274453272380792,1.0000590143111172,1.011235808130488,0.97047285650305537,1.0417715036200497
1.0356970527913636,1.0228789707940278,1.0330083480048442,1.031105311169789,1.0406974889541316,1.0204243947375775,1.0366015824965078,1.0170915349674294,1.0164623142639888,1.0032304528088294,1.0266191285682853,1.0382663363881754,0.99676050103820901,1.0202927548133691,1.0331727989137423,1.0181121286395112,1.0322285809803677,1.0200837362111865,1.0423852564372582,1.0633150788108094,0.97393565356585032,1.022416830852217,1.0197600176091348,0.99720661239439279,1.0345067829420094
1.0436298390941152,1.0177727807266956,1.023505789799086,1.0394153055145738,1.0297797192313614,1.0233355587702093,1.0251590971037423,0.98516139874852782,0.99693811292545276,0.97444787267832289,1.0112845892373363,1.0274770778924456,0.97531427935116,1.0285694436910815,1.008861411915899,0.99307747294994564,1.0263868681731041,1.0425323905618282,0.99675850132542476,1.006753580863526,0.9278276286776489,1.0482975594046051,0.99173777580594147,0.9707484284521698,1.062121010949683
1.0314275629495293,1.0216048469389634,1.0293690657914125,1.0235925092290059,0.97774789205944357,1.0235084342270582,1.0049885726684777,0.9944513993997155,1.0672129684886471,1.0322041455532098,0.99631316908904999,1.0247910700402567,0.96387008191472967,1.0181080818520383,0.99423977961312937,1.0462219040890068,1.0313502236048948,1.0311554524621862,1.029549937256844,1.0084956432545362,1.0038811443891824,0.99613387311627377,0.98507989518774808,1.0112490452415601,1.0226166709331403
1.0230903850769169,1.0251557842004244,1.0190316171277911,1.0269541252857508,1.0254524949435542,1.0290961591851018,1.0291697843449148,0.97907804071075988,1.0030763455135203,1.0263332077445679,1.0144011070074461,1.0270315661963887,1.0079731528276947,1.0273252863103799,1.0209526605156645,1.0083003269058068,1.0328994462266008,1.0360535151916972,1.012093921857637,1.0542255321650569,1.005441027554246,0.99031212789079237,1.0197542069230774,0.96336400579126924,1.0096254627263526
1.0209216648785651,1.0130415597696341,0.98555229615788731,1.0571421425333665,1.0364802522803418,1.0181061307297934,1.0284618179748752,1.001939513079646,1.0199121775127988,1.0239104596185296,1.036026031170806,1.0531755358996033,0.99637374182896643,1.0144924762519949,1.0133213037218007,0.99191599966732857,1.0348139638175766,1.0552073405337596,0.99211991431716817,0.94683948083851943,0.99384000222029523,1.0037190196175529,1.0037882805668301,0.95782789931021084,1.0324925418576565
0.954490047308719,1.0021340643497323,0.96782392847226351,1.0524797691468801,1.0407670228955501,1.0239203031045914,1.0050167783536748,0.99745229011248082,1.0215964692181243,1.0160861397591598,0.98191083165845172,1.0439695795914044,0.98253969040328459,0.99701419191414931,0.99871449577841975,1.0355829708082547,1.0221529475975517,1.0188249304716845,0.94130138337253755,0.96235872330506511,1.0090112860845153,1.0152991205826558,1.0353488675696958,1.0178725728425859,0.99610123623474844
1.0236348347922399,1.0149859814466531,1.0086368495956197,1.0517606397216814,1.0254004739697848,1.0182547348897464,1.039895580616093,1.0029134305151208,1.0395504216604998,0.98156154015779584,1.013145661331015,1.038835174397738,1.0210675143067989,0.9870756314479856,1.0287676652588265,0.9717664317804221,1.0349444294194561,1.0754912356700586,1.0237798598455907,0.95239615064761018,1.0219881569309865,1.0219735431220032,1.0220869327014201,1.0237108563937596,1.0108371559429548
1.0237323339066589,1.0360525479812084,1.006282347741928,1.0322490992164115,1.0153237361378087,1.0010490722312571,0.98516163097337373,0.98423108766816558,0.94872257519887349,1.0020556942280294,1.0091607280841246,1.0213138824493413,0.9833940027221918,1.0023385769572764,1.0324573864048145,0.97981435699922481,1.010513503370374,1.0199210818921325,1.0341196113284703,0.95750641018759786,1.0236410954219246,1.0103249970031425,1.0247688352247253,0.98169067579852798,1.0312136620580568
1.01008653247904,1.0234986584085717,1.0227764277270024,1.0264514687618558,1.0137778784020952,1.0081361041020864,0.98900158989756726,1.0001092467906383,0.94827686436314629,1.0035560217508488,1.0220632885404246,0.99592607372413378,1.0202404564218761,0.99897595383552384,1.0124240296461522,1.0128542864710384,1.0097146947968418,0.99647016404423561,1.0077591569992221,0.95391635574569222,0.9789177463876142,1.0347067457100096,1.0249863491519633,0.97518664538955568,1.0223158053259951
1.018640827648656,1.0027382955893525,0.99810774868855456,1.0294033332417163,1.0013211085073259,1.0397842538850959,1.0194217816200131,1.0201153147790814,0.98259390171615768,0.99228984687722144,1.0216700886040153,1.0079612813695549,0.95444242747475661,1.0145083336478053,1.0187788984782098,1.0303077583742108,1.028095456674804,0.97060270071348653,1.0025320441457841,1.0234142698767557,1.0231206221107998,1.0435334810060599,1.0398084444896585,0.96171003973807678,1.029462109304456
1.0474730892924675,0.99943887193683068,1.0023218638424061,1.0527047986910261,1.0335324248108133,1.0508779232758012,1.0478038169355965,1.0175131158785604,1.0093029885178006,1.0143533144039669,1.0267469649544336,1.0147521714982644,0.98423261523774186,1.0113357428947851,1.0162971685627815,0.9955237897609085,1.0454853964783495,0.98783391490189587,0.99459629336514577,1.018996983920871,1.0205937419997679,1.0265609590636591,1.0145645540364538,0.99924901117392573,1.0070392301758959
0.97533229380670894,1.0407930633494729,0.99623422911880199,1.056749522230205,1.0314613079571342,1.0392648006223484,1.0248298250785637,0.9845291762285231,0.96999669302066127,0.99878493714541072,0.99995426078919303,1.0173513540962444,0.93694780217491247,1.0132417494478485,1.0373062309022454,1.0130193640710801,1.0301080654780943,1.0069990154783728,0.95627258494800826,1.0146012035853047,1.0274349591009306,1.0235047362197371,1.042862621418386,0.96217710726969818,0.99853136882089943
1.0057996328338241,1.0166391027017494,0.96585100888404085,1.0477414922835215,1.043513130463432,1.0283418773242172,1.0002601260822883,0.98988474579059582,1.0053002377599243,0.99140740193442467,1.0076646228839317,1.0429856174789824,1.0278552626844293,1.0168512876372382,1.0373029801530769,0.97289456020296217,1.0336284734367533,1.0263735690787157,1.0023133624711806,1.035072401194582,1.0400133870990085,1.0212739746696473,1.0419227558198614,0.98310877736388902,1.0578234178816037
0.9877471402725807,1.0179981686370312,0.96182240782797135,1.064207748108557,1.0341953572385274,1.0424798676338818,0.95720217139765329,0.91565641517411533,1.0002417684185863,1.0162322016462866,0.99186262537171932,1.0218128797268107,1.0239825113005696,1.0329501308036266,1.0227747878620477,0.94967399941234376,1.0545527377870163,1.0000650066619816,0.98293706394373015,1.0167691424845822,1.0178481654273863,1.0231314724827769,1.0061140078355635,1.0011385157765045,1.0613737872964208
1.0113305796829146,1.0173732064322849,1.0539024615251036,1.0337944071438869,1.0252591222472514,1.0369935088683417,1.028828082637032,0.97940283458992838,0.98100944424546632,0.99148439746798478,0.9104809641736703,1.0257959380719692,1.0186745944538589,1.0027505291097594,1.0343669543032505,1.0391540323198742,1.0242619721084723,1.0246213780430777,1.0392730449622918,1.0117377386999535,1.0236953910482107,1.0212873279625632,1.0055106705120114,0.98891174403106552,1.0270729670440621
1.011116245635632,1.0178653512683711,1.0382794977636707,1.036351865653663,1.0253689832817174,1.035890616986433,1.0099755347375572,1.0233351329586278,1.0081648039430129,1.0150766797948914,0.9605574305746416,1.0413960615379956,1.0110762607167039,1.0286340502001319,1.0198186001647214,1.0260742784331645,0.97889776250254368,1.0424499033870873,1.0200667114561213,1.014607452221908,1.040456414177122,1.0178137940610341,1.0183699846149177,1.0288954594271049,1.0246324263698647
1.0112605333067495,1.0091375461372256,1.0334436071277713,1.0508040986146889,1.0544423234507065,1.0498446748372796,0.95752898521313612,1.0397819782616449,1.0317663804425226,1.0181577027030302,0.95840023342026104,1.008118388956204,1.0220835843599951,1.0248480060133822,1.0089111479674009,0.99254421022438788,1.0258501093491583,1.0336603933516419,1.0252524096510061,1.0160949781126098,0.97096392474307291,1.0021272735994737,0.99639395056599633,1.0379040319548225,1.0164135169696085
1.0263025526366549,0.99907437644756125,1.0300797916850137,1.0324768446626302,1.023921828895155,1.0470445432252073,1.0004946095980958,1.0164810947168172,1.0194818322169099,1.0226461386452561,1.0009384274951822,1.0133928025628569,1.0209652342892035,1.0128487193288869,1.0027710493366984,1.0085645948680284,0.98789400366842162,1.0262009413417024,1.0248807228651018,1.0259262355640837,1.0374449869441356,1.011533772297931,0.99684000009668416,1.0726140344484836,1.0634931841562565
1.0152879382575226,1.0113972372331492,1.0351106624377158,1.0546149777015514,1.0524036594966999,0.99691618663710369,1.0312444552014985,1.0380711766569282,1.0484516694759076,1.0199117780651838,1.0416018097920461,1.039216039611405,1.0484231636780219,0.9856887174974448,0.95970385044690665,1.0067652907734301,1.0403762966690173,1.0197172701687653,1.0296411748788055,1.0327566013113758,0.99416293460541338,1.0366248454897293,1.0113300999358152,1.0386734315732284,1.0437093963831554
0.99077218021099511,0.99848788905836949,1.0416627369075775,1.0156156023292264,1.0459671522526459,1.0190359890715741,1.012345019944684,1.0420315973212815,1.0170430399490378,1.0307175607285513,1.0076552194828359,1.0252284827008129,1.0539274170550521,0.91704054204819696,0.9690558752463978,1.0248080504496835,1.0381932201075983,0.98590877456061954,1.0581245443210088,1.0206072400141835,0.96821641117295398,1.0197074878127115,1.0016752657255845,0.99447458006061007,1.0223077143904287
1.0095697992947215,1.0424436892595608,1.0406754877264175,0.97600506822716759,1.0133027389631717,1.0267815806897764,0.97468244447533448,1.0483803427521308,0.99248783801340235,1.0239870610002157,0.97213646518721053,1.0293903463249092,1.019931348067147,0.9852026307263092,1.0178318894021376,1.0145510481186648,1.0320013846640805,1.0384823854627865,1.0228709585116873,1.0182583469999431,0.96197325642151932,1.0421929322555243,0.97621150086610697,1.0021735414578503,1.0166280585305036
0.95196995420253794,1.0496404596035345,1.0395318858071001,1.0151949428850902,1.0269940688200316,1.0061570758901377,0.99541626438094188,1.0359378976040952,0.99012338668764843,1.0246389876329187,0.90023356034153601,1.0365397268916403,1.0334898457514532,1.0303070789926687,0.98971641723828241,1.0291061304303533,1.0310350821513947,0.91792729764845238,1.0309366347485245,1.0306261530070189,1.0009399404058537,1.0392111488966465,1.007501684056342,0.99938060750109781,1.0417234780975904
0.95078267976171771,0.98371346790019631,1.0336922668894828,0.98731497097858933,1.0275090054071181,1.0283796830046403,0.99217111381891654,1.0528520343217385,1.015788793200217,1.0325825394664401,1.0124495459735185,1.0356206505051386,1.0370447220006556,1.0135055313153039,1.0306178342222336,1.0157773707879925,0.99540992085887425,1.0119484694779219,1.0292376387613538,1.0145719190280669,1.0224953882636512,1.0283840235432984,1.0048776821825758,1.0319175425524998,1.0090916272396364
1.0438035729033552,0.98643953856851918,1.0554756974185713,1.0344369141754486,1.0383045033814644,1.0138719056105983,1.0435152711353679,1.0548359358619821,1.0132921390666103,1.0155805395359716,0.98172257252229189,1.0493460028976218,1.0495188270267275,1.0237433343239002,1.001219130079968,1.0468523644964658,1.032516338748461,1.0012556061345965,1.0389615751079906,1.0453003418974844,0.95884469800238215,1.019764633641062,1.0419621464305973,1.0201530330855477,1.0184112702811929
1.0268023080620081,1.0266499869755707,1.0245587678200314,0.99885197592762931,1.0572975052301894,1.02540534124264,1.0688073742554616,1.0241003307658656,1.0332060265576792,1.0223006742543221,1.0290316029841799,1.0184284231295584,1.0167636121465602,0.86340498729692827,1.0193037797939963,0.99729663941718905,1.0342687699412476,0.98834569940610761,1.0340845745922727,1.0561408755636594,0.9836489641272298,1.0223455986487517,1.0157426250509871,1.0026270865799265,1.0234836754625534
0.99227012988969054,1.0199190556286346,1.0254496038637577,0.99469320732402644,1.0394986657103769,1.0114231732556622,1.0417352706624274,1.0527839752892156,1.0417544860979475,1.0221396876815847,1.0076883030484003,1.0338397946197209,1.0617902266993093,1.0100140812218266,1.054339078381564,1.0070703668629355,1.0678905144808433,1.0196671621971047,1.0066256589122515,1.0330959571377629,0.99482547691696044,1.0336861991737585,1.0097477197652116,1.0279687921164682,0.99533024244426493
0.99343647232704213,1.0253063353906584,1.0357424588202768,0.90429789822466311,1.0342851035758289,0.9993830470504671,0.98073577850094684,1.0332716188965185,0.99905760524302933,1.0251205660840461,1.0319611735962164,1.0351162161268042,1.0526608111328015,1.0549503866683771,1.0362051543478221,1.0375598560064136,1.0390813855315226,1.0473989349988204,0.97696168228276925,1.0318560376057986,0.9789339836687232,1.0071385695158575,0.9989893506311327,0.99596955310481006,1.0017561614953034
0.99351835430993374,0.99440697276019396,1.0551741541142181,1.0310252613539508,1.0453857971105844,1.0220292557261785,0.96003263120868698,1.0333298114214422,1.0310333002250303,1.029093966906401,0.98486492862773289,1.0416002280206711,1.0004014968218822,0.98886558027727589,1.0345288463922444,0.98687908229777055,1.0273216661396103,1.0462711577797339,1.0132635294749506,1.0438665485611534,0.99457560121337285,1.0418328008584485,1.027380549596481,0.95500123320242947,1.0369279077395308
1.0078202584720939,1.0100346978418402,1.0273963326791273,1.0364632551327178,1.0556625773010166,1.0047637084208745,1.0287749105501178,1.0057869043553067,1.0118939712222352,1.0043874355131091,1.0289416875116888,1.0239331389746891,0.98892529808254137,1.0186512000740848,1.0309725566731691,0.96100002372884574,1.0544546020896908,1.0192959254300349,1.0218821308491273,1.0446230411383901,1.0298592397182529,1.0120974471557993,1.038869236332429,0.99466988678607615,1.0197533950052144
1.0158198302736012,1.0391006101582025,1.0243905293844688,1.0348459074470662,1.0600488118554259,1.0174852200152085,1.0174052065701009,1.0014404684410929,1.0053806049324137,1.0156011590586214,1.0366787083945903,1.0318094503981849,1.0181438925078405,1.0316182880742526,1.0088496706224788,0.97220301284060284,1.0442348465483979,1.0233088574201652,0.97757677941289078,1.0363561856893087,1.0239958001871343,0.98838304170361913,1.0488006019888358,0.99104354935558159,1.0127176032899114
1.0244716487362666,1.0220839092078715,1.0332516632976629,0.99887485653536068,1.0162181468157259,1.0116564057033421,1.0215511378480617,1.00987370770489,0.98753560494475257,1.0332706195387344,1.0093917238713952,1.0296928554706057,0.98986505877175268,0.99795390774154313,1.0474403945090043,1.0453941191001399,1.0625209720247133,1.0046172917616356,1.053570620635802,1.0200628088807837,0.96438483259950269,1.0085137837959031,1.019579102685974,0.99715617023697456,1.0570016114225347
1.0291518917335694,1.0458517293478553,1.0439572435704667,1.0185318283603346,1.0243195072001083,1.0222873789784004,1.0255482004064107,1.0205689459709684,0.98277517962979266,1.0051566380281756,1.0422277493055854,1.022269795534293,1.0302187447010946,1.0140550620549762,1.0348034739831233,0.99388123361953395,1.0495392147598315,1.0181274052069322,1.0280314193230398,1.0238480221902633,1.0244733117465465,0.96345488052656247,1.0567024661141307,1.0335046309004556,1.0207134356328147
0.98388720908607419,0.99181628989945769,1.0244309126523852,1.037773363791388,1.0606384380304115,1.0483370206293712,1.011507416920026,1.030535981299209,1.0243353220607014,1.0523128869134575,1.0401112886757549,1.0413921263729393,0.99827993786739899,0.95223441638291872,0.99099425397502583,0.99096525491186238,1.0507953951057176,1.0255768834355747,1.0450117567525765,1.0538761077728882,1.025269088916321,1.0334644851090742,1.0342825605485886,1.0428502613560156,0.98788047491513575
0.99128717893665685,1.0557649546847019,1.0324894485332836,1.0292188422082993,1.0540231539304352,1.0007461384028964,1.0026432689431017,1.0308344422911835,1.0353188729506213,1.0321812822842344,1.0284448793241725,1.0377442820013636,1.0104057122041823,1.0286755366740792,1.0226928350314866,1.0231620361655078,1.0281270333294057,0.98632695372291224,1.0201130701466203,1.0314502572580393,0.94854318705336915,1.0102152098862573,1.0339295933675816,1.0267794041533671,1.0538743223727389
1.0033671773254174,1.0410910293697455,1.0058872640210801,1.0462506368398918,1.0423803059206207,1.0366532922918685,1.0361489441769767,1.0511052602919218,1.01527505672406,1.0078171263106133,1.027218776584933,1.0312303078813423,1.0099604356896303,1.0269866942247823,0.97666669040175169,0.9525729616366907,1.0551712968565208,1.0332576820819748,1.0099154229555354,1.0234074413803085,1.0109343669669895,1.0334469505755677,1.0245868840285497,1.0346996976725362,1.0250756487141484
0.99467735830929582,1.0136455367456096,1.0312509860242121,1.0274083865974266,1.0529247008202447,1.0414232875014695,1.0316842842458294,1.040839105919436,1.025984232643576,1.0522821030153597,1.0656371147474919,1.0509034984957153,1.0356821533387808,1.0459293420758924,1.0026866529795484,1.042423275757536,1.0323460737008618,1.0073515436854106,1.025039167129375,1.0319663934856398,0.92617248604438274,1.0399896637864943,1.0096095348820022,1.0347051340399716,1.0119734338610757
1.0006201498024678,1.0235850133085449,0.97197777777376793,1.0327535421609932,1.0043415271276952,1.0328740108457097,1.0217624722728895,1.0276327560044178,1.0275704987175527,1.0411248874894972,1.0151927104931255,1.0224735677353958,0.99314080350281519,0.98382828322592741,1.0253449603629576,1.0486676555874188,1.0395758210567907,0.94137711788963874,1.0172502425386176,1.0093527492432577,0.9846569625163708,1.0232859797530476,1.0558530144706919,1.042321594965645,1.032034613923442
0.98287520227299985,1.0009264870324053,0.97107516649710579,1.049207162469036,1.0071328345592616,1.063056576250015,1.0405011092236049,1.0108605268206252,1.0092755062408345,1.0180039875987454,1.0220702510860231,1.0531217707529563,1.049361470984157,1.0347645590613705,1.0417869421455577,1.0176358636808667,1.0477198831481014,1.0362640502627538,0.99045810281452007,1.0190995561568772,1.0241199489022701,0.9923422984312501,0.98975392917213434,1.0674187116681455,1.034101629812727
1.0256752449629025,1.0075564249166562,1.0250474718936737,1.0355190028990036,1.0748961207784813,1.0238659980116498,1.0573441689025747,1.0032557454785282,1.0128822564703737,1.0170033773455853,1.0216249639527335,1.0490146887801071,1.0456078253850511,0.98355803302470324,1.0178278907756644,0.93632982518581687,1.0294514224843099,1.0528589652063312,0.98494014926369589,1.0130768761305018,1.0152783143852782,1.0198057114085834,1.0103803197599057,0.97725966733695369,1.0075692427460938
0.99543548579978269,0.96993165308961216,1.0357940896154003,1.041616374156012,1.0728290427805802,0.98619859403650079,1.0465116895389255,0.98794007843358755,1.0309125644416288,1.060142564926255,1.0159882405612108,1.0418912295488107,1.0338116753196351,1.025752776632193,1.0129784356397078,1.0285176982608373,1.0276838111463662,1.013984907386011,1.0329109119992916,1.0294825684588911,1.0355858275320811,1.0549722960061199,1.0013291436330438,1.0187710201751008,1.0217462520655252
1.030152438662711,1.0298452387215051,1.0625516172234726,1.0238390481144373,1.0598420901950565,0.95873507038730432,1.0327834651538708,0.97252951408162813,0.99898217251751831,1.0501061947489363,1.0209031722125685,1.0534126641827044,1.0165742947559924,1.0548259860539391,1.0432041022456662,1.0263345384446638,1.0316733481765226,1.0186442302658107,0.98957595715217628,0.97496444088888279,1.0243697712009656,1.0363447067146512,0.95731239886044983,1.032490536490184,1.039588604712816
1.0335864928191236,1.0354229154059602,1.0159436274317064,1.0525938777770842,1.048636631584106,1.0190860375059971,0.9556090531519873,1.0544671834232362,1.0384521189049583,1.018774431912385,1.0158761139706891,1.0305250173523723,1.0315588166624681,1.0441986597828612,1.0158410304394874,1.0513275115225895,1.0571082121759696,1.029072770252587,1.0407281618580961,1.039170991280741,1.0282741129170929,1.0307320015480297,1.0199475268119313,1.0100767310073535,1.0059786122562571
1.0099747221295441,1.0484929830676901,1.0748710804889627,1.0008076332308629,1.0671595491671211,1.0344809288166357,1.0432875465580267,1.0204888777535179,1.0138637834771858,1.0420215492873415,1.0097625633865281,1.0219974590189054,1.0135794073958155,1.0554770430201514,0.91947401918422156,1.026427665178741,1.0176578993053345,1.0142461410288766,1.0551932843364067,0.98757470310261353,0.98151221397449484,1.0293869840947409,1.0331909782463395,1.0255326657737482,1.0267768202356544
