0.53396870002512864,0.90166890158574498,0.76675985553139192,0.83788858846304926,0.88229710814595042,0.82701607208223016,0.68515399331092497,0.85231908541466539,0.6824116177104792,0.6945635588100717,0.8048697974194845,0.63365198785910892,0.71609783330068932,0.66870376612496985,0.7204908553741417,0.57669262062898063,0.73892228837083074,0.80920683011555183,0.74091966669011666,0.74903252444277291,0.69817906533420382,0.83737846853706532,0.87750654241613879,0.63516563398699222,0.73740307863609389
0.85256978952174212,0.89229195067800615,0.72658395542585963,0.85488058434173464,0.92050656789811458,0.809367226113897,0.83108870897839071,0.83953563552233879,0.86712689648004759,0.87829620420009913,0.74006248608021707,0.68846831435962685,0.74010244100062261,0.73079396313823886,0.75034838433940498,0.80567286224757662,0.7317869523818431,0.85098110194767718,0.72722293992399112,0.80319170543706475,0.72444733137231254,0.86316132213218288,0.8591875098051851,0.59149332185086057,0.72245766524486454
0.8150043927233025,0.90742352336840182,0.64720587319357381,0.82871888092204105,0.91704752461573968,0.82028539644216125,0.86315332992255489,0.88514653095005691,0.91275666266119893,0.92364268589904697,0.79256453667046034,0.67158612737154899,0.77392457230347633,0.80295166727907541,0.73048387889262634,0.82528435012200174,0.72734713431103415,0.83217411502121541,0.71496792657509856,0.83442885818250379,0.8211523209495416,0.82929794502786769,0.86173060777902,0.46908028331102286,0.61569089851021974
0.84897165996973223,0.88766702437270617,0.87124849543915395,0.83857113866266564,0.91189542410648061,0.9099520288705184,0.8444394287732695,0.85813642131693557,0.8950056014274953,0.90692438204533565,0.76529370163547372,0.8548554304421071,0.75044744013667275,0.78416308652754385,0.69552404676630641,0.78142176389091456,0.73348556153249933,0.81014620568165874,0.76170215857604773,0.82146378313632218,0.80833978738650958,0.89652488998003765,0.84328618230816144,0.8135229386710271,0.86491004306378461
0.82824324162089669,0.88690531524329375,0.87590751853414195,0.83485785051242645,0.91517899307095063,0.89729905928011966,0.83725270847494282,0.85036668178015784,0.88031882518200311,0.8939002481073306,0.63756938062700752,0.83412729453695367,0.64006165014319671,0.81029039015836168,0.93347463231597916,0.89069386580506327,0.8852909768221543,0.87118903626519939,0.8108507950709426,0.83789676195207063,0.80214478824555968,0.89228174765506418,0.80212814683241318,0.8151578855842182,0.79816495063957638
0.82625832015336453,0.88544089416483696,0.84332748659258483,0.77780557445863086,0.9424770770618921,0.94019705978989243,0.81950606563725847,0.86806155786014749,0.89697308135143261,0.87843031836272523,0.59863623354708995,0.87068352361296741,0.76379639957167278,0.80374655665598038,0.95135598430731416,0.87774502258456255,0.91784625057475966,0.83046167034393725,0.79550328066507514,0.85409519383650878,0.82889694280048076,0.92045960554030593,0.75012134057871815,0.62534227379229756,0.80960480145214953
0.82775129210554543,0.90182607783193947,0.86008699043031578,0.81781874297550794,0.89030819517849236,0.93359380692345773,0.80069751718691518,0.854888395059201,0.91403670649481572,0.84822620343609034,0.81547429106857661,0.84160747213303899,0.81848783302295602,0.85225603869756406,0.95680398764409458,0.87076723121640076,0.90541274352440482,0.75413150056871625,0.84866613403266633,0.75198708822521765,0.8028902447417372,0.89413647917753347,0.70304251714838994,0.8187734461159536,0.68801423726573063
0.80659687398535718,0.89605599086825938,0.86166326007498462,0.80950733428008348,0.89533808175850738,0.94002898363167042,0.83178608433186196,0.87997992741125497,0.85467902848105737,0.88518109506220788,0.88012945777472151,0.87293601539425569,0.67239788420388302,0.83921350431000752,0.95091955477001666,0.8769090822947776,0.85274190005151518,0.70185484662744135,0.83268523927438531,0.79036573151421019,0.76809668506379758,0.89363544135270156,0.83170965760651083,0.81619332889122564,0.83574534020020497
0.76004206516189021,0.91434519942232229,0.84040016348354885,0.8114305656640235,0.9405414789505484,0.95215285942099692,0.87955877194771226,0.87915866401623632,0.87690186658692082,0.85117647504170568,0.87402277137780526,0.85982000406933234,0.77312892100888475,0.81804903233385562,0.94485020172411516,0.89342731678496556,0.87348385160026276,0.73536826964278135,0.82836932198839264,0.69893669178450013,0.69070772690741356,0.91983352243602368,0.85783385992961469,0.79534641194542821,0.74918448202070975
0.71405986063863036,0.87996329059358258,0.89228147635945909,0.79282728401483527,0.93550646563662176,0.92270939786688677,0.87353729159045757,0.86515145336145372,0.88640096199370433,0.91683425043092859,0.88612074572400745,0.8448420048927352,0.74354292310583714,0.80315583891630404,0.91790477995907649,0.87187090758413732,0.85984850168844029,0.7788846542897665,0.84774737860404548,0.79113113617456909,0.75129232774848764,0.88451448311070568,0.8326904182710555,0.81612035900770064,0.53616610814355026
0.84194148220560483,0.91425741966786611,0.88980134301227598,0.81966689956615679,0.89714544340664892,0.95628242764888904,0.84196547485110584,0.93189709815006194,0.88057535120429242,0.84436431022667691,0.8955949088013434,0.89258465548579635,0.79187164129857346,0.82573259784752839,0.95008014027092957,0.88530163561944553,0.88239803686452611,0.82788846930289928,0.83097472772923109,0.67508467185176979,0.8187293454311203,0.93471768969416202,0.83812057614245761,0.80350375183630007,0.76393588484401853
0.76195478602363276,0.90472391851109824,0.86144317110416002,0.82545388985349033,0.91840372430706085,0.91707155352827541,0.87451529656056848,0.91995777864642703,0.82231434429078432,0.81822620115225486,0.89574779791471937,0.86509726207425663,0.70460687037116698,0.7966852972133196,0.91206111652482103,0.87851659704877416,0.8760167892518842,0.90962960917881652,0.84155712077475209,0.8194525943497476,0.85650534562948943,0.87324849607233024,0.84509087796172899,0.6628715764363996,0.85903311249540726
0.74252917224106396,0.89584274325598634,0.88221346007777501,0.80345179411352385,0.93171719448365342,0.92269510742793415,0.86731022152600457,0.93721512207187785,0.8740208282756966,0.81798041289019119,0.92108362626319329,0.84613720033828754,0.72423378778175951,0.76473670005953553,0.97267541298000904,0.89890653440478019,0.86788697419503447,0.92305336364351231,0.84995816394094237,0.82650644965372433,0.92593634712829609,0.90559853326429463,0.84540257717689415,0.9633350881499616,0.87267835736237032
0.74160837053657169,0.86687647306472193,0.88070341891923387,0.72065785379264835,0.89947588283039737,0.93882089412693603,0.84701855982020224,0.92104807775925279,0.88621290182349066,0.84477883987059188,0.90473247382778033,0.84764222996697558,0.83408943570589689,0.60411173567957865,0.97031366222180981,0.88445702080983279,0.88162703615704174,0.92906241599648565,0.8433468068097385,0.88746266345205216,0.89007055435100269,0.87743156447867454,0.85233800386133574,0.98273251755518221,0.93263726737635533
0.87109410147745414,0.87682481399146406,0.87050520165235645,0.89743464562076969,0.94700366226489718,0.90934944365590686,0.84104168423839709,0.96125381961744227,0.89890500155079156,0.86241901319172876,0.87974730318174221,0.76300409275706882,0.7548272031224369,0.75775092062689708,0.95233556244535267,0.84636095424051372,0.8437962159638781,0.91979630025369286,0.84143313306622858,0.79994931428959726,0.84808892006750558,0.88609737750653894,0.82343113522035238,0.93338876681856175,0.95354090961914451
0.85417661373678055,0.90754796540741689,0.87239812493138802,0.87000050257454842,0.94269049376945435,0.94569221963833339,0.88257750943357105,0.9379733042502939,0.87445921927701908,0.83658529756715538,0.92050556919503601,0.85620557869673775,0.8015890553302959,0.76947274754593564,0.98758681737059784,0.77909533610160131,0.87757262341522402,0.89379966348946716,0.84011242630981819,0.80554815783005274,0.80148923723265308,0.91599292499410745,0.88193349564747525,0.90712187978435666,0.9406346619599556
0.79045763449410456,0.87234912173369883,0.8583268918764978,0.90483985392159083,0.93920627815944058,0.93505075804784588,0.84596982922765951,0.94928167981391665,0.87751767603817332,0.82521796344697862,0.91803826501371344,0.91156092716248593,0.94912724736637322,0.68793447671765573,0.96284565725471982,0.88650880428664014,0.89399050169152172,0.93640951809926576,0.82224748920058044,0.78495173309916855,0.77064114555007313,0.89391902053202843,0.86194358525787806,0.96803598658596934,0.86496755698683525
0.74812656244785913,0.89140847589628236,0.86263233757850144,0.92421035355419778,0.89631720435383455,0.8967858285057565,0.81848352291761506,0.98718438346324677,0.90833370472075559,0.85482605371046749,0.95200058383236918,0.91056667659697554,0.96783479040810139,0.76907898997269286,0.94297181221864934,0.87031713798132415,0.87239960491639368,0.8933552520725333,0.76189420064873414,0.80098552078918317,0.75834299446367626,0.87391656978980181,0.87377609157336655,0.93112558840125448,0.92101159696091128
0.73636539752347863,0.88991181841382572,0.898132414938002,0.88074443512527445,0.8960185637645437,0.94865407883554442,0.81691002720059702,0.94604470262293827,0.88294862908018501,0.82240771324868511,0.90825190255836319,0.89054290473160125,0.9467279398526407,0.82989532656654541,0.94217725826029064,0.93635597394337233,0.89255534121778579,0.88901572623243375,0.82699423314688236,0.81263834140357383,0.80933731533355857,0.8761896554641686,0.88300441421387232,0.96346492062945799,0.90386110353120164
0.69436983853597534,0.88875793508892786,0.86983157295862168,0.88689395438451935,0.92025278656715093,0.96683094211137577,0.7529706932466852,0.96302606418891223,0.90968001554524169,0.88459467387607116,0.86821052927651066,0.89586960429204532,0.92779338915766352,0.93246120202224836,0.94540429626309475,0.93246240533993263,0.88978645725104499,0.93951649068590881,0.82946279143710999,0.89351131737207035,0.88418505144218251,0.88166003297097328,0.8004138110509641,0.95769440601103795,0.9137826320317326
0.89119737083550588,0.91212971830859035,0.85537780032650479,0.82845428061553816,0.95439292604137616,0.89864849246704892,0.9385346374777761,0.91095856977493561,0.91874858443970187,0.88935551307655547,0.74552156261081803,0.89501143545148176,0.93813578327542413,0.92388507315596657,0.9591550064119726,0.92006700335875535,0.88836199457609544,0.92937154629514429,0.73783761989739238,0.83918512879655083,0.89569113961548941,0.82768131643759624,0.71718761843272738,0.92271820761007306,0.9205307992330396
0.85991795961693773,0.87771259468824381,0.87439875978378312,0.77269391063339199,0.90129235923481854,0.93994555203111951,0.92527587481911733,0.93840096766727932,0.87280456994885225,0.92330384225497386,0.86282957346356493,0.89554180643187586,0.9598002147311453,0.94885790886309129,0.94506430413967735,0.92844458382765915,0.86712858657099723,0.91246136170374725,0.77193910470946914,0.94578148578010235,0.90382926510857164,0.73939969234161929,0.76709876315741565,0.92899583633688854,0.9216157815855115
0.90532321792769044,0.88267470910034895,0.85973890925157859,0.83204331414695243,0.87821973177427992,0.96147179570406427,0.92918410633322202,0.92486301277568184,0.9127929112667641,0.92470186468892146,0.92903991497554161,0.90471853141606451,0.94842730458216329,0.91889729048101587,0.97721104051006702,0.9209113927533692,0.89728911749625506,0.9410025277634877,0.86007224841189511,0.94582551569744022,0.8686835189328731,0.92451977778979288,0.82388927390875866,0.89250831458003643,0.91421468754940272
0.74821233843900969,0.87027493015121649,0.75412585092468787,0.90559464865233463,0.93425237708067654,0.94140109494268009,0.92921505370573287,0.9798041279066475,0.86678220734086175,0.8937642935869462,0.83758422388356024,0.92145238468371005,0.91669921236558005,0.72474189034243752,0.94794728699744568,0.94025435400760293,0.86179969370663978,0.91609735296334915,0.78856162898422044,0.9412279523598962,0.91249475937978042,0.89867652224268735,0.69139621539561535,0.80998990702598206,0.89925590339901473
0.83644238897601086,0.90929573470472635,0.88712322826003576,0.94373557673676656,0.90802400174733744,0.96629534640058579,0.90867230777856878,0.97552558369970599,0.88804143166085259,0.95645838118905036,0.86534724817191211,0.8952826020562189,0.9553144732992932,0.85296234106589608,0.93187791967220457,0.92880638236756319,0.86849585756164061,0.90877167863411179,0.886015766767421,0.90008781731472853,0.90063523469458995,0.86268634773038955,0.81593564204992319,0.7805023795111663,0.90115234875765227
0.82027839560904525,0.92683521410584158,0.86328570715673902,0.84051884462171189,0.91228909698933192,0.92441715192790219,0.94917539842967058,0.94240132553674305,0.88523827923694165,0.90812799249523601,0.91290035537940128,0.91082333201024124,0.94904526401845257,0.83580861018569996,0.94855954383084429,0.92091187474522163,0.88578183258779075,0.94463316549788823,0.78145779981422436,0.92394438951545022,0.88525981208761484,0.7964878526506266,0.81129946506117101,0.63053141465610574,0.75221624150430022
0.74312911967984407,0.88416542765009731,0.87954810537948513,0.86875706728693214,0.93169276054745764,0.91893353913548326,0.93703770553500154,0.94836946604879979,0.87357751975756281,0.93971539511011504,0.93502933044704895,0.88108271639616442,0.92980865344151409,0.84350361605933921,0.95168302579393849,0.92231927208304232,0.86914441335530446,0.95662827711415965,0.77500661379839264,0.9489287707723586,0.87830289336510514,0.76223698760962177,0.74215362602919699,0.706090686710801,0.60494942899977189
0.87183937880495233,0.89777672542677978,0.86623741310991553,0.74571827554625003,0.9255137033500781,0.94924395265010819,0.96248725796280876,0.93920281939494876,0.87865055238227752,0.92713268755210254,0.82733972498294683,0.88758387967137153,0.96705865971796723,0.83660148287942282,0.92875828013398309,0.92534384929593871,0.86941203237513032,0.91623212037636625,0.72117695011775673,0.91125032546744344,0.90350845911315192,0.75443710187214785,0.74734331081545746,0.80098679616173629,0.79615868389905853
0.86978429594971363,0.90153019001430812,0.90128178377378954,0.81344003980129398,0.92665755724334942,0.91216507631618882,0.95911281891285227,0.9490471629999796,0.88212219139444814,0.88796230277465804,0.85307074614146672,0.8810966304227108,0.93373731089426026,0.84694380062956864,0.94252971375919092,0.92532351073540431,0.86118457255224568,0.91612197364012959,0.71071866276462181,0.92665477132338492,0.91637953516961157,0.63941213047856749,0.74960701607001867,0.78660684170831852,0.80391703935538483
0.85319170492371033,0.88934307008168278,0.84235864023206408,0.85431249634568096,0.94442803029905875,0.94751339295605708,0.87806533949496801,0.94965804724956016,0.87744147921625459,0.96009688917806701,0.86200946207823814,0.89634435760275899,0.96603178127909639,0.85403352450209569,0.93411856588902253,0.92893372673267327,0.86743768718363845,0.89401063094284328,0.74667296670194894,0.91673484238088665,0.87999171515222518,0.55390814071338002,0.73737866415433406,0.61532197762527308,0.78034090195388439
0.84813532699045246,0.88262446023038954,0.88862051313320389,0.83060224878514299,0.92205073280600969,0.91674741095879142,0.92244267811459579,0.93567572788904552,0.86234684848384979,0.9375282738743278,0.88423603019619268,0.87768072378110551,0.95912278230245718,0.86061542649490252,0.95537502348806025,0.92946818107757534,0.85257136477561568,0.89889441642466261,0.79895840181764988,0.91185189804118083,0.91592579538078245,0.75668474545879327,0.76124064178241169,0.6847460454469616,0.73266751478266823
0.84004782862818361,0.87893726291301677,0.88852278067213175,0.73326350831878095,0.89823832427772443,0.9471273333778828,0.9274590689272969,0.95764720861381136,0.87569793072795887,0.94628984504048763,0.84836810984534106,0.89526115451229749,0.94266698665895143,0.84271193975872238,0.98565810927469655,0.94479942997896238,0.86914731293771086,0.9089143666895052,0.92215773658056155,0.9393670411790308,0.91253724204134146,0.83840550945783976,0.62197101668667354,0.76219923132133205,0.82624776854479665
0.80988196364602039,0.89205621045027683,0.85348761670646489,0.7464276941797009,0.93647766537232502,0.91516048472909739,0.93275636120172878,0.93527098966412259,0.89655465683580682,0.92183185783306887,0.84870647796265486,0.89095060198047782,0.97076614730933419,0.84693217084844308,0.96669381958479073,0.94524298409091323,0.87775766917474163,0.91105754245365855,0.84006549596053759,0.93024930794738836,0.88504363054022661,0.8369660997544921,0.83941989745874335,0.84363569780021808,0.81228461346776848
0.73022165859163923,0.88489634420350982,0.80845307616355344,0.72959287373396642,0.91222992241366829,0.83781910989455477,0.9045707723752292,0.94571814792278541,0.81661086824292506,0.87701442497840487,0.84552219978000198,0.89642440743952823,0.94961321186674252,0.77888107300541887,0.94792922553709968,0.94502068742236878,0.87389913708400013,0.91753212520856531,0.85623475276955596,0.92082217169877412,0.88974139727682566,0.87413232899102988,0.90307953086377335,0.87996494193376251,0.84337834848203241
0.88378952055024018,0.89195559937324498,0.7391745903545236,0.81339111527819941,0.90489711694226826,0.85938067877072177,0.89775916733821315,0.93329569754105268,0.87899469240252492,0.91272199851308977,0.84506701131470907,0.87444485791674287,0.92077411908761564,0.81333094477300472,0.93657754078505151,0.95035216373248343,0.86024583735669302,0.93371820784896276,0.82392063826366213,0.98495045377515833,0.87182929495771866,0.72919220511873273,0.95505603360443869,0.85974747354291825,0.84305566848675229
0.86249358330860093,0.9010466094330829,0.95076181220067524,0.65733208372530127,0.92811294278857193,0.84116672056977804,0.90929740117082436,0.9397156145334401,0.88248824207412868,0.92736144416517885,0.85099913162909424,0.93987596068711188,0.9684358391757335,0.82575199101045837,0.9521292690060088,0.93978606453305025,0.87414367856477271,0.90826934232033096,0.82439106764912118,0.93027000729911891,0.91095026776427956,0.81104569548683403,0.89146669133714418,0.88617195141539162,0.83366176660683899
0.8614460162890698,0.9043756510897325,0.90114943161309924,0.77001593467945006,0.92200352232680693,0.72213997441717481,0.90707857864293784,0.94751352756430907,0.8932812546330019,0.93569144214159772,0.8669753864414278,0.8722918712620521,0.97380722689762456,0.76660531239690266,0.93288422913936531,0.97207393536259035,0.85089168381181324,0.92363158296432712,0.86560006621977004,0.94885666019529125,0.87097754318589016,0.75682737337842443,0.92424437252426395,0.85124000465425698,0.74910209210742407
0.82035006163220703,0.8756172996936914,0.92325079145793976,0.83825625838582096,0.87835008240242352,0.73101118393741649,0.87927827262077529,0.91215149125962014,0.88564569995676901,0.924379784537114,0.90917982162340283,0.86396509392951304,0.95675926930840915,0.84707574202788416,0.94468366885950428,0.92293054051948353,0.86813588226787786,0.94492613958750493,0.77812431371821478,0.9235281666525933,0.91589734732900063,0.82088980307247517,0.96382875027133375,0.89651119075506791,0.81667361528906413
0.89868486483557919,0.87936450372493979,0.90182424805446526,0.85221250156041206,0.89104824213046774,0.70895740606332602,0.93797614954057962,0.95946197666689848,0.8819520735686841,0.93337388534007826,0.89983835281069324,0.86460343011164587,0.95043036056200136,0.79425308641231251,0.93834355353479693,0.9248647174249256,0.86904039717951942,0.94569687237928468,0.77687498697347768,0.90337275457752841,0.88877896587029881,0.67533105521538694,0.94111758923912248,0.87140666638470998,0.83668441873529653
0.84334962326341334,0.9069506886753006,0.90674895029613523,0.84471823299196436,0.86952066670888306,0.92318162496389033,0.90862284062701648,0.92209240780756008,0.86354857350306924,0.92667788737688728,0.86501351950609096,0.8825579159540653,0.93078689042527152,0.92091318429409785,0.94248445489053012,0.93988501267685776,0.86838135004719086,0.92651972288480045,0.70724064639976292,0.92644576469152762,0.8915712187012752,0.7891758863921956,0.92011124938379707,0.8713273280269469,0.57629096708793914
0.83679791065720355,0.8933309777271784,0.92176820173653151,0.89288560631131375,0.92801907015769847,0.889391747389215,0.89339389497560773,0.92744771718588814,0.90563151920863327,0.8845940294285578,0.87798873677361255,0.8860730502302564,0.92149228281883588,0.94656657030795588,0.96213132685180969,0.93614598872730914,0.87785582690210218,0.93867093149780101,0.81894458533289316,0.90924131386122797,0.90761085637679539,0.74715720637878735,0.88934156727270852,0.89522346436220213,0.94066020089788416
0.76021436840049084,0.88163610758236144,0.91126328329231709,0.89034448309282066,0.92163520279406308,0.93389938897406422,0.9551646482302325,0.73150692440015552,0.89473014063340639,0.72923066835569406,0.93975043956616189,0.87925878784315492,0.93791787470790289,0.94923205211142636,0.92561814334331327,0.91644548632408063,0.84585024452695756,0.92188517900304101,0.71973409080409012,0.90957772584065888,0.91252512373819583,0.84018108319063567,0.88400977966642558,0.8912041976476528,0.94664589567669166
0.82418044909113919,0.88448786597347062,0.91689942932881119,0.90163647016154758,0.92752714185522456,0.93437578483801476,0.9344531385596806,0.80456981278521089,0.938567801201452,0.68188085192240644,0.95395190476420877,0.87619214842623516,0.93016166140465506,0.91346434303260771,0.95125192849175522,0.93715401835448242,0.83993316929115158,0.92434093330410916,0.83773901403865458,0.9056738852198134,0.90586742316443569,0.83919216412201336,0.97129343492407205,0.85796707491372004,0.91493096331431067
0.85435683104688454,0.8672645901584819,0.92145080396289203,0.88842087239209999,0.93892426944328966,0.93019685396607399,0.94855459705776102,0.83375694506590825,0.90668395396187929,0.87754458272894298,0.92908814066426237,0.87221048617898433,0.908856420726322,0.91407345738954582,0.94683247238072443,0.95028978770599404,0.78765079217201739,0.90630779941330475,0.86094103063710026,0.89989571306705018,0.93014115747700477,0.88099802300597008,0.95395960452450879,0.91440870233236848,0.91640066769263373
0.77178808853879599,0.79952117865920402,0.93256769560926533,0.89910996431097989,0.91466939055136742,0.87896627866752852,0.96726072734779212,0.91808453383155686,0.9078327236112963,0.93575232497492722,1.0058379468029235,0.86025942912587106,0.94175206949568413,0.93859987300364633,0.93758828580114928,0.90154881435506251,0.7295733353463052,0.92965618291150343,0.88019240066803284,0.77024586537880002,0.86421251218514994,0.83557403762943561,0.92061616422263171,0.90154601374690113,0.92936485517538903
0.76431926286662422,0.84438764790020904,0.89711698666823103,0.90030990347347362,0.93975458406175449,0.90606317481070631,0.94835273460981662,0.91479646243706747,0.9058005345145036,0.93316945977851351,0.97906736381755211,0.81781954528653877,0.92228632750350326,0.92403725399588432,0.94703953238767802,0.94440237381903636,0.83963212622967276,0.9408556796007983,0.89279467685040348,0.83414234440079971,0.9067509616608308,0.93769436366366377,0.89953597255021667,0.91284852482511325,0.91498310200685373
0.85950472003354061,0.87781468963634224,0.9255345260915443,0.90688933335114097,0.9393685121734735,0.93329074069946349,0.95640317266098795,0.87178259580159134,0.90472534045735087,0.94809743987040018,0.9543133322231081,0.81997151957965064,0.9144267086242307,0.90424098435865408,0.97005641309338286,0.93137526969030127,0.91672811970303036,0.94413433089534848,0.90413527400097304,0.86478219630125741,0.91765995341037399,0.91559324213642579,0.93423894449513134,0.93022405835232702,0.89505070045313495
0.81947520848029942,0.89611966471488591,0.87646997836813867,0.90713864902128216,0.91981655031496201,0.91322807994033328,0.95744495832036203,0.92021183938480833,0.90372569427767435,0.91417919722551766,0.94347867118425488,0.87160354375561488,0.84571860174681746,0.96464276542843697,0.94512490045707787,0.93869224607021162,0.92911604117849167,0.94708929823802845,0.89051690292515084,0.81842806817902092,0.89270193883002558,0.90952587208969826,0.96537065907802933,0.89361430214088311,0.9256267172722924
0.84336313061274526,0.91344949469109338,0.93160112001526008,0.92122643877456656,0.95169277795492646,0.90030250927349709,0.97141684580545473,0.92414471710252488,0.90693227477427907,0.95563472824456164,0.9548521112036521,0.94001349324964345,0.86151716506061438,0.95282261334850515,0.92701796040608631,0.93293798314457865,0.93160971961530514,0.90451000328242559,0.88552180941501346,0.91005468771606779,0.80427653908013508,0.92320268176538711,0.93070275649108614,0.92481522109192471,0.89874679792834644
0.78628130725215306,0.88119311565274949,0.90413888025570688,0.92705940269233356,0.95243706126785699,0.97262427268663998,0.93142178262923747,0.92171701623512869,0.91578116604305404,0.88726564752690551,0.99905136755842483,0.94771176358805886,0.86712454385177729,0.93948049948349932,0.95216767808514635,0.91025757638989724,0.91301832896181156,0.81421792338381294,0.82961725436738165,0.85279886134576433,0.893965837646718,0.89555078934116206,0.88332479262070707,0.9776103562850148,0.94663689586726152
0.93844304290306657,0.92375663870099933,0.91474774150662941,0.8770917828722401,0.94584662836521016,0.99127335798109173,0.97298735819384063,0.92104250915329144,0.92820502731437338,0.81236348220093457,0.98384536802074041,0.94529687999446788,0.91658174726493691,0.92618264457941779,0.95503156235972886,0.93522420909902215,0.93225248795038418,0.77286466944882382,0.91335870748015124,0.82143135046175897,0.84086566215061276,0.8790619786199193,0.96613922491709048,0.93343542296631032,0.94009807652081523
0.75162478592046944,0.93841795743315426,0.93613821852277446,0.82590463343320641,0.96358975154193671,0.9774191588173714,0.9518294130803493,0.93895104900774207,0.87138650120337469,0.91993325392048109,0.94478496168968473,0.90733898799503232,0.88048500313243983,0.91476608970467799,0.91460918830861515,0.94876403334167825,0.93238714941100298,0.8487479110960221,0.84452544483738101,0.88804707157646245,0.61988270695895209,0.88150009950331665,0.97103081276322711,0.95135077986399796,0.93613947159700339
0.87263606802853644,0.89438240416575254,0.89551550237411537,0.79143260217457179,0.96656884031825996,0.97030950696627061,0.94249342830785987,0.90343725908555084,0.8118713697417127,0.8988788405817314,0.93343185641319382,0.92378399960157376,0.87811515005473506,0.94198702497367293,0.9392427818546113,0.92880801237336863,0.94041726909374879,0.95206031860927298,0.83522099712582332,0.88149259995061791,0.83850934599708959,0.92017646337176584,0.94847175562480668,0.92012052724397131,0.92771035574123628
0.97159952130377103,0.98110867913759048,0.94269095812977388,0.81709465165807438,0.92621505577007945,0.97657081211106556,0.96350854518336271,0.91535559739731387,0.84739587119805337,0.93059020943327087,1.0094211011170038,0.94140703852981789,0.86964128691410181,0.90866623908738786,0.92789535521711852,0.94399188328439687,0.91959289268752142,0.94461511259687925,0.9428549379311697,0.9081973592900402,0.71281972967318619,0.89790207977074998,0.94560559064122462,0.94504586553990333,0.94749854489216734
0.97122939071336833,0.96646681737741968,0.81835562528594408,0.76494385433342393,0.94106631722825074,0.96539411148517273,0.90538586251874487,0.93197134219385536,0.97477513970599383,0.94549158089291319,0.95329724516893899,0.92796930194569882,0.94506125579975164,0.91394014327643369,0.89651226004868345,0.96344889108794518,0.81522388496047082,0.92919350572719039,0.95042577074583567,0.89707977293814134,0.93297959363233418,0.97127882886412109,0.98063284721395316,0.93729555915537643,0.94605889848197511
0.97841478804572457,0.97544069476364192,0.88264510122180517,0.85109485410425412,0.92429272042971278,0.96613058129643092,0.79048748295775007,0.93586123279945976,0.99888274098166063,0.90244374944342631,0.98736157606437869,0.93083880767549909,0.89788104793851886,0.9139458212504703,0.8053625674577376,0.97240715937242017,0.80392462018432598,0.90842248927974178,0.9695210386979819,0.85779511932611174,0.93918220038422373,0.97423774114170825,0.94874730879273794,0.90615939131178769,0.96199938402318785
0.986914498123038,0.91860363307910697,0.90582418241614504,0.93936548467343428,0.91181880443370478,0.94664306530738429,0.87635238320974951,0.92598527005130882,0.9632204142195735,0.96155381846236365,0.96464330020604516,0.96481069109071838,0.93071945227946928,0.87706705634980009,0.90047167855657761,0.98723066284913708,0.77919585814745151,0.83312186311130387,0.95979856838930355,0.94252844589549756,0.89958942408263576,0.99141430718549806,0.99631903826731671,0.91918195544487735,0.93303604004956875
0.96035917328429643,0.95163892284136475,0.86622684768247737,0.93078167368051468,0.93886901454558103,0.97195145432678887,0.96548343051226038,0.89036908301916207,0.95981552795386915,0.9141682733299733,0.9601298488269896,0.9264493893390362,0.92273717495182317,0.74334505703519582,0.92795126276382411,0.97977242159747346,0.8766481958352933,0.92845298210800498,0.9817530826460501,0.93836134711323482,0.83874766630904452,1.0011916493127486,0.97585962350950961,0.92198479799206412,0.94392337077712585
0.95694963014087486,1.0016685692634717,0.82817143448555941,0.93262416178311991,0.94708638763570774,0.9896995559796965,0.96900020070299753,0.89334291009105649,0.964667735115325,0.80926397510303083,0.88330897449822043,0.94776342380602563,0.93236775592514631,0.98672284630954177,0.98876831129174303,0.9601890151142195,0.90105014002617811,0.92806403884406685,0.96873575328038597,0.95580974619695946,0.94706217869216724,0.94488596008812964,0.94276789509035208,0.92914887506529142,0.93063277153462498
0.94927506048959331,0.96552558964406976,0.9356300813870535,0.96359264472514616,0.94564389967226192,0.95189906230743726,0.96058771561387624,0.94226612456345127,0.9669572469000266,0.87118339889221785,0.89707710296652177,0.95644771812318297,0.89690731244782784,0.97183323437303271,0.94598445082054816,0.98555825190849322,0.93104886722993518,0.91793772740269197,0.96374413777652956,0.92396560905802649,0.98245081617021723,1.0049101647207181,0.96649529327041872,0.91772447070490948,0.79409289174329378
0.94307556451878705,0.97193007959756073,0.91845643971858715,0.93793123707678638,0.97269514297224524,0.92261974757534226,0.97665397024942102,0.98386016469181747,0.9807058646599579,0.95368186470242722,0.92848663763248596,0.9741087481549302,0.95638402544049539,1.0114734350266983,0.96022565968332241,0.94232169688323375,0.9050980393405661,0.94954145234924026,0.95840257453081945,0.94256235623980233,0.96763933585174555,1.0249716251898831,0.96879058840632692,0.94616097981974157,0.90517085111421625
0.94196478171763176,0.95993509591190784,0.95321672154616999,0.95025141940879099,0.94617718247513172,0.97468238198189994,1.008819263184795,0.94058204497058995,0.98928887404595123,0.93028982161187579,0.92602212772319703,0.94637245671289238,0.97698137476126745,0.99382638178383276,0.93844881368413147,0.95006609493752037,0.88897751884073917,0.89677121811866367,0.94596662926831887,0.93292493407420174,0.96550998051192372,0.97889481206624906,0.93446301431668966,0.95308949392365594,0.96250837046757232
0.91440925349980939,0.97715113294258515,0.95533129972996556,0.88721059934210622,0.96252667024906169,0.9477600466949414,0.98009411257426493,0.96969954168996375,0.97676928769478655,0.94585746492876988,0.90572233336641694,0.94664887071416381,0.98837597214539996,0.99888528912109442,0.96004467112502434,0.93857334917483648,0.91659820234025591,0.88653780244875857,0.93058006725640319,0.94291707419280391,0.95609816329785935,0.95131876996665754,0.96490960888229527,0.95910837649077574,0.95727184077313521
0.89086319810237469,0.97147746472732166,0.99599757903041286,0.92985009325350232,0.97551125461794019,0.98164071172226897,0.9998553123012941,0.95199650590650198,0.98859757561377037,0.93251634897799995,0.95091413374936173,0.93140817430722878,0.96193627076471466,0.99242485164016392,0.94139919613592082,0.93563209976629647,0.93245081395350116,0.84304615301955332,0.88374620132005866,0.93768767381610219,0.92308213512976567,0.89218404880341917,0.98934440385078659,0.92816779977802755,0.96589826727505879
0.84298090033625495,0.96060532140813182,0.96926571574304843,0.93677431851295945,0.95501283019194916,0.96982608759357736,0.96906223610282904,0.94763395797056693,0.97926541740319095,0.90419471774689841,0.8560475218825605,0.93315142150147756,0.95651918921430856,1.0043534622498027,0.96084720893114417,0.94457285939606594,0.91417615764993021,0.87471961469682147,0.93598821272938881,0.91726617487800166,0.96419198307871024,0.95437886974386654,0.95128205469633154,0.96367566793805082,0.98117683249013787
0.85055732994274313,0.96341676770003171,0.94412786833764784,0.89909955341559977,0.94491525994904135,0.96762311721688132,0.97856040367270147,0.9777136385584535,0.97580261868783602,0.94041533878978434,0.95750937618625953,0.93472674936021771,0.97206758484779043,1.0058107904523956,0.90655942386223054,0.98583632541123412,0.97110530672464801,0.90034127553521959,0.95349876422184665,0.92546909134158162,0.95902429890010621,0.82251068050392995,0.9520745833474179,0.95724141110372196,0.97188332864596638
0.8990823844021415,0.95557140294987308,0.94854520157993172,0.91123127934684167,0.94234672034541578,0.98578697578511576,0.94901505361516003,0.96785927139826478,0.94604122611713493,0.9570612543349426,0.97175413500004992,0.94232761251935959,0.96998044908230541,0.9435960488965347,0.93331040632075946,0.96785815459997915,0.97260128741768381,0.9593203037182807,0.94330356439275831,0.88072566363172589,0.94835710122730965,0.88775920009076448,0.98414902738634524,0.94479815300462122,0.95812292557621315
0.91790226572802802,0.97895869600342134,0.98697622295193066,0.93973453649644756,0.92487012794423318,0.9770691753445192,0.9801511560049726,0.98645504149784136,0.96143224471436628,0.96160040450773443,0.97069544586966783,0.94566782347680567,0.97575278039830315,0.98623419432242798,0.93254831218149048,0.96867833649162194,0.97407418729741402,0.94240985557512147,0.85484392757959027,0.93657800372560329,0.97335378895836122,0.95860053968221925,0.95488720229191515,0.94579717017864973,0.98319054767042358
0.93598502687511331,0.9464939705146328,0.98381925112643376,0.94521857080011906,0.89759361608651955,0.97305599180776792,0.98975369907192978,0.91086573473887911,0.96601512164600423,0.94256194334517418,0.97523405516901251,0.92731196010626071,0.98004246633016778,1.0057477094033882,0.93587935043087622,0.92962264750439694,0.99946820573004103,0.86347734500073825,0.92441937723941803,0.88499601681287754,0.96543274739504681,0.93614544469156746,0.96264882868094626,0.92804558103492685,1.0013742123520601
0.90453372877544003,0.95051100194340288,1.0006724773031768,0.96205692703753887,0.97359035429800944,0.99134702535530428,0.98301211882184369,0.9455605692960749,0.97543307624065512,0.96266129625655272,0.96720395385748692,0.95985891670330081,0.98339332673233237,0.99358183103071529,0.95495236230432423,0.92352733728834846,0.9758125971716709,0.96148145965786391,0.95182987954808707,0.91524363844877654,0.96019403032329609,0.96891001880268546,0.95626883262763973,0.93057100949048088,0.96478046488115898
0.88384498351275465,0.93769895197222641,1.0084033924701445,0.96296435473023057,0.98444124207686723,0.97545505220625583,0.8965028393583313,0.93129021252061561,0.97266577956193145,0.96817651811804628,0.96395008066219579,0.95081836562572808,0.98962155320654688,0.97874786473995101,0.92738120901175436,0.95414005243997846,0.97619014182249453,0.98364887319407801,0.91306560116078028,1.0048018742230649,0.94908827407502672,0.94871182163412349,0.92649387011879136,0.93659921306968075,0.99447170967353404
0.98661090912177807,0.92307608299793642,0.99348776233990532,0.90686272590377259,0.95022930675803052,0.9660997143171679,0.93044610025029595,0.95452521966388759,0.95369168221662315,0.94708291789216859,0.97039833604479975,0.94075327606701931,0.96595467370798338,0.94678019899153543,0.90846419779261145,0.97933198971736923,0.95404324887347303,1.0183879766291102,0.92049571524840179,0.88587796483550862,0.92944602012691846,0.96690683381111397,0.94928623357663611,0.95364591070950411,0.97379169987212255
0.91062973701034267,0.90641243896033452,0.97244152389766647,0.99001172620617894,0.9801460128217343,0.99178649445293887,0.93117083863812777,0.9689932412535015,0.98249970566920775,0.93877865831324514,0.96313883755887775,0.93710786638974342,0.95012621551420806,0.87025028035540497,0.98353704962324695,0.95700204928935773,0.98703192787471572,0.98314856848803223,0.91552339503971436,0.93584921720057634,0.9603807278464539,0.97491114041837934,0.94989278831440693,0.94251207429524542,0.98329420731851691
0.95137451943000229,0.93102162207743422,0.98973134872639501,1.0050337927786337,0.9631620967983987,0.96749300687354356,0.9281272233472958,0.96612890014650976,0.96147180388024367,0.95962735125476051,0.91611669345454239,0.90863382914211954,0.96613728027884571,0.99433132857076323,0.96677456611574142,0.95262524374444668,0.98536525846705725,0.96942624589323201,0.97609271316796498,0.93047550920526478,0.93865965427068576,0.96781301519091489,0.9599431337237343,0.91703824265090261,0.99900834342252687
0.97276531998357374,0.96344207410261828,0.98447266971361391,1.0025498548999112,0.96679692864800448,0.99275110295925206,0.95956454490986565,0.96595584370082399,0.93865863635791391,0.97848130100131336,0.93905304157448477,0.91189038905458741,0.96339050442999585,0.95881893934024809,1.0136548407323824,0.96015279747142612,0.95272528908774079,0.98803580015020109,0.97902184788814561,1.0026582801959278,0.94819466847914424,0.92433293544397466,0.97609981027580695,0.9560065095096385,0.95902676969113354
0.84084515014198646,0.9568101241506588,0.97339687527838725,0.98611584349582992,0.9552447512840172,0.98396689458639652,0.97244656722369549,0.97718465665118759,0.95246677366458044,0.97410752297340319,0.93439265925027915,0.96814480129740454,0.98427215848918603,1.0145002095300559,0.96221558786120576,0.954376121602311,0.90318579300904456,0.98006780713106756,0.96121828522715247,0.96106014592780997,0.99964699897138432,0.93368780878746138,0.96822743837146574,0.93609231583737285,0.98556920791276903
0.89120063914264469,0.98377343092398351,0.99617821809245566,1.002841689803281,0.92929999908208283,0.97012630703300073,0.94230120312496335,0.97340773632781519,0.91293757406712861,0.98813957822881759,0.96875331438915646,0.95040441099885309,0.95785628283627422,0.96873043272793313,0.94630926061305132,0.99275779749024573,0.89565092272115054,0.99171417316991806,0.97903183933102744,0.90744715819382149,0.99635396934028653,0.9534670433191974,0.95178688868163819,0.87399432767693719,0.95592532413006259
0.94929310011459234,0.97201590436280116,0.98426619575219831,0.9932982616520819,0.97603684399937707,0.91640245924468067,0.91091245131236931,0.97909163140261746,0.96235846836342998,0.9706449922282534,0.96976044959405461,0.98486371100646497,0.95098036222608473,0.99656964867470221,0.94032132843548999,0.98121402566095761,0.91262731061190638,0.99522489888979238,0.99149111682734459,1.0258806575148891,0.95473319726550621,0.89568467797393336,0.98004510033461789,0.96663109040553552,0.93090683671377028
0.92368059965491967,0.93355407668322665,1.0096256863972097,1.0030239961020804,0.97379129748002269,0.94212621327753787,0.99114558964433108,0.98397082097985555,0.97360573966413066,0.98042855606743207,0.9434771603565858,0.96839456987969108,0.9638314260516837,0.99297330645797499,0.99138004625884779,0.98114432772013827,0.94164087909711436,0.98926143857183424,0.97757446567897066,0.96799818365424994,0.98366569542437143,0.90162287772623739,0.96985813289353295,0.96763501677846786,0.9807028125592161
0.96164661841051946,0.94525197040849784,0.98638449721778199,1.0079527860949522,0.94878888941898543,0.96812757921470605,1.0126557128143925,0.96276322459479025,1.0089947720789096,0.98351299809931825,0.87464124933848242,0.96870098975780805,0.89652937288001755,0.96878295937499637,0.97439980867914266,0.96612010231712464,0.95742604365437334,1.0086983265762359,0.96072283738204811,0.90600993416567988,0.99699243631822476,0.94136902517156762,0.97957808193015627,0.98215308919583122,0.95433404232051466
0.95781387656080574,0.92483414297696853,1.0472221613652324,1.0005219224043913,0.9750438821827232,0.97106919510796497,0.93655373625999827,0.95525802092043888,1.0183089401024419,0.96029626629594034,0.98213210828138853,0.93550132428432498,0.91633799510423297,0.98724020173455251,0.99095277567944484,0.95662244286978992,0.96120169788466081,0.98878534428774723,0.97941322063156244,0.90547680410089226,0.97505423425277848,0.93340390250464278,0.9760744491268285,0.94398921890305387,0.98403244098806741
0.95291163796731604,0.91451523807404622,0.99367758783095284,1.0239281922751819,0.9192366092163593,0.96775813457432402,0.95388235213781436,0.98147510542791427,1.005709461928024,0.94850011961226022,0.98159338508947125,0.9373847630971972,0.90322980946006259,0.97579720221581412,0.97614008048455747,0.95255725241909595,0.97254092490093202,0.96037995910770779,1.0080029473506698,0.91903106373906696,0.96735867248930485,0.93756252650102267,0.98062225849136941,0.92981406724955395,0.95967460817104233
0.93625919710554095,0.98934475819311962,0.98445785399155916,1.0179539272544078,0.96276963626074952,0.97241279040247686,0.98715538792145918,0.99315048670129669,0.98744292623102059,0.94594167442545263,0.87841914739169613,1.0056817537465796,0.93612079693116779,0.97906284599364368,0.96286916816632817,0.93800580678152201,0.97130934711376449,0.96103910528679293,0.98260380563758554,0.99615188973545221,0.99871618092993375,0.93840416756563405,1.0005572281225228,0.96376940084575535,0.95955696010194702
0.90444733114048903,0.97339479853641009,1.0134604546720078,1.0047094221091826,0.99769464640597083,0.95640581301757077,0.98140065804638599,0.95001329512484878,0.94497566522232501,0.92382384655734651,0.86873697421250617,0.98738400436496199,0.95313560467313252,0.94016485336070044,0.97579948759516244,0.89799405615461536,0.95417537276410047,0.9595927558577626,0.96881548917406168,0.97143093427165617,0.97660011516583944,0.96918832110580033,0.98783695024003826,0.93602498938086698,0.97211193878810787
0.87183842076933826,0.99473462667834511,0.99199856016761867,1.0041396244693039,1.0209785636980233,0.98052768101980647,0.90500376804128435,0.95567027182117192,0.96026597076477427,0.96274267556438364,0.96718332165643262,1.0039251452881495,0.95103548436536867,0.99439906484422003,0.96586138612335348,0.98921489760426395,0.95402266516879164,0.98306618983545591,1.0019411649119783,0.97777466183603867,0.97500453076849714,0.98302909209168188,0.99102473783073664,0.97209297620779977,0.98763691642077389
0.94662040737247644,0.97700503187094634,1.0377707556936255,0.98350813040248486,1.0012138835523605,0.95638071611643016,0.92844172862646956,0.95384746701618695,0.99368607304693957,0.93368007802342712,0.93297911727818794,1.0226027451951907,1.0004551515117739,0.94554248391003781,0.94983479445034202,0.97045766554942148,0.98426134185131509,0.98975085646007199,0.99491044613649215,0.97006125128404908,0.98942345177128299,0.98735212223405944,0.94491214941238555,0.96979378884852518,0.96659079514876989
1.029400282125039,0.97894740179842266,0.98948384821753488,0.98167586491070002,1.0020845751969338,0.98723562593509995,0.94710283355003555,0.91217900339362068,0.97769088695277051,0.9356560002271449,0.99315209384639336,0.99270934550037004,0.9390914293076752,0.9966277697899506,0.97223049581048715,0.99068141960957623,0.98184506013636619,0.94176666358743399,0.98016878772616112,0.98375330841731934,0.99782767480058299,0.98783705367961983,0.97037124794706964,0.93345464113340959,0.97855469178205556
1.0056175107466554,0.97647481880377229,0.98898915099284357,1.0276269824442745,0.99183856099750023,0.97781584071138428,0.96992923847038293,1.0062885174990668,0.97118777672379619,0.99168887150589091,0.94793775836112237,1.0002615839420224,0.929728517503009,0.99252950666175976,0.96687833453803007,0.98169261630077465,0.96100575451518289,0.90832938164871269,1.0224321738919533,1.0028385887255895,0.99038018747765988,0.96197525676597906,0.94873845956603731,0.995057366280514,0.96435113174641607
0.99585280058522463,0.99871518464124487,1.0163701734627442,1.0089946669187497,0.97582667874630047,0.93708161200867091,0.98196568033812481,0.98652292200944325,0.98379609706007964,0.97687577394672165,0.97320013078576895,0.99428585632099575,1.0067942240548118,1.0052806044668696,0.9681800415398587,0.9579915658823307,0.94325676131966196,0.98215156619601662,1.0233926821179635,0.94412233550616775,0.991760536116013,0.99303617902616215,0.92300828876954766,1.00505767271642,0.97715668451074433
0.99704232307803864,0.9537438438407233,1.0008457871686676,0.99818418155115995,0.97732072477088061,0.97386165567580485,0.97972380717779117,0.99240002424278884,0.93996333070684557,0.96241358623987894,0.97936470996301295,0.97495775876456536,0.97335168295954588,1.0204333190450181,0.99107013777969755,0.99612526251424505,0.91213789323873495,0.9643491700918646,0.97801497060538156,1.0182802644351012,0.9753436815825931,1.0144942300900699,0.97913872082741515,0.99512395364945017,0.98281898979552884
1.0215177348079336,0.99963686784478578,1.0074174232884785,1.0237790747092634,0.96188432159763071,0.96019317858167763,0.98337897247340256,0.9998716437810794,0.93287621388344444,0.98141704222258708,0.99166682335224676,0.97223634148272464,1.0037038744727698,1.0253921631480769,0.99111002010599158,0.9640707831616051,1.0026599355717882,0.98112278316211388,0.99536752213253998,1.0319482161578637,0.96295962808390068,0.96239781366902499,0.96611665240455136,0.98865847389174899,0.97224596859506696
1.0254722120409161,0.98506119814876736,0.9977067500107516,0.98838579776896451,0.94028353807343612,0.94911090515668317,0.98965098403184559,1.0050705628863597,0.99400607563823962,0.96763439782735416,0.95596905507028018,1.0256047548986296,0.97257186077121272,0.98725318998462896,0.96392556896374582,0.97190445643486501,0.98057548295167374,0.96544028263800841,0.9850713179844427,1.0200479269895377,1.0111222627721592,1.0113309038648515,0.94274965118814114,1.0044739364867759,0.99687221453276487
1.0216937104359156,0.9951171030803696,1.0183649687872045,1.0006075048596901,0.91272711839462051,0.96490788672753669,0.99478663182561677,0.99243056055810563,0.99606941465380938,0.95933763213260281,0.96596676234253298,0.98787570184510276,0.98322535463782468,1.0132898743993657,0.91770674184915113,0.93995225827900863,0.95832646316962689,0.94880061931462223,1.0186321478460802,1.0371862894916939,1.0061768260641957,1.0007939931938046,0.98137782475270874,0.99046947789688544,1.006533302347473
1.0272622010324757,1.0043322307636926,1.0130226356830181,1.0000940758482557,1.020809570424146,0.98625868684680551,0.98060867027980614,1.0002203399754439,0.9926628007783227,0.96313884750029333,0.99184715852114613,1.0161444624964671,1.0276484173977389,1.0037717230328187,0.94780456845938521,0.92538230409300903,0.93759361829145793,0.92832840316145981,0.9971358622794797,1.0206931760056825,1.0053126748331302,1.0216117474605644,0.99093383313563499,1.0071692926932498,0.9837642498069944
1.007744202797473,0.93756145349228304,1.0080358424000413,1.0299441321343044,0.97873242234154034,1.0070859901815929,0.95491167201269778,1.0061883787995538,0.98735529754021067,0.97443171694198849,0.98786176263794401,1.0033331191521402,0.98528578394346533,1.0067965783443651,0.99389882972207211,0.98545617040210931,0.93925898540558528,0.98046890153968469,0.99255490623747966,1.0097672536479836,1.0062085768129638,0.98226701220874535,0.98568378907123033,1.025396506653945,0.96029511890465913
1.0153123798060608,0.98282335707351076,1.0050413504442903,0.99872424812780813,1.0208335749530879,0.98787313701517643,1.0189256023081716,0.99052710913164888,0.98546882268973301,0.89005447577167152,0.98165552067511608,1.009469699727916,0.99741492153120392,0.97547494371579524,1.0117299051980313,1.0124288744530534,0.92836669604379285,0.96985807636368759,0.99225793200853885,1.0339757769738365,0.9672075809641979,0.98012753020456411,0.98387630455628272,0.95641609920327786,1.0119044392885148
1.0109015824046965,0.99887277782616413,0.99369332761231932,1.0177171165514896,1.0220783909506328,1.0123217456134888,1.018392261810551,0.99968876478005553,0.99066262533736271,0.9899404470796539,1.0046426493419851,1.0195988140011709,0.99603572584976463,1.0283019044562161,0.99299408869760886,1.001625633116336,0.94915146344225831,0.97705362918869931,0.99309261430424189,1.01433702400111,1.0157731927236331,0.97775679714531616,1.0011153285461258,1.006303937208024,0.9551331185775378
1.0011532579208033,0.97789318538478609,0.97938059659945997,0.99129530021306334,0.9988864099526189,1.0109320524758907,1.0234348416287466,1.0008851447578666,0.98787325721265395,0.97524348927087123,0.98394525610327455,1.0161849753561298,1.0257923476547401,0.97897202760452673,0.9872432878666173,0.98603681082009609,1.0000085477233691,0.99449635582811713,0.9832974439183213,0.99787502567425912,1.0260875396871267,0.95987920013147532,0.97024208514515753,1.0177211832360922,0.94684751580412974
1.0084764954394572,0.97950592001318915,0.9999627703929721,1.0188940485368432,1.0191750450196699,1.0012148399251037,0.99715934185260513,0.97773984590603713,0.93077089989924788,0.99650785665624042,1.0062566819480467,1.011570898999643,1.0001526467369051,1.0405055766211895,0.95258896718361918,0.99025636323948962,0.99468159162472369,1.0045520178332359,0.97194475233680311,0.98400303623469632,1.0144169866233759,0.96695937164247558,0.98226176468315962,0.99319303392147207,0.99349544656408495
1.000019258688629,0.95903857332894771,0.97417494541178762,1.008138166758346,0.96917032334218167,0.98438117996845553,1.0220382800340357,1.0059597272267118,1.0109173930036208,0.99396633448477911,1.0056756709001613,1.0004943149054677,1.0059571189488203,0.99594097905111423,0.97365787610209675,0.96373603764690741,0.971228871645063,1.0028837836178381,0.97525476234673603,1.0332691768080791,0.99025936176732776,0.95515913037705047,0.96619223279382782,1.0139289699364993,0.99142460550873412
0.99227007937646827,0.98457452843580651,0.96250454618293391,1.0476092959324512,0.96645042201885201,1.0182414277359351,1.0227923645245802,0.99761057580218893,1.0051983452537969,0.96920008436020189,1.014978376383542,1.0053808873678123,1.0088970657993526,1.0136145898631288,1.0030922706333032,0.99072659080691472,1.0126687017847233,1.0086054125759707,0.99293207617498136,1.0129073332867891,1.0183537492547776,1.0091042366105243,0.97752894714750549,0.96416082264219394,0.98380183494401452
0.95178197441525991,1.0086165424969684,0.99957643616916925,1.0319129661678175,0.95954112165742089,1.0249312758766169,0.99651269162417622,0.96694002510210131,0.98034602483628486,0.92052753669666243,1.0099319538260654,1.0039491932452489,0.99924042155313231,1.0143876428079672,0.99058520540056427,0.93635048719532188,0.98382930950553948,0.97627782316905953,0.99431375871854699,0.98321280836301239,1.0145951405201481,0.99041318804742295,0.99526916167334567,1.0211298987916724,1.0148548128132289
0.98807214977019242,0.94471107218829309,0.98094421969059842,1.0053156645835741,0.98839096561409634,1.0115022082596774,1.0158316986356812,0.9628542975667318,1.014754941543849,0.99871251417664553,1.0003351702098546,1.0076219692373332,0.99893812749441735,1.0006063451810423,0.97417026735460965,0.94460707560742396,1.0007725547792836,0.97828570553274974,0.99466835600430437,1.0490245852103564,1.0001995550531575,0.99740558380727984,1.0157203100493517,0.99554733254949335,1.0140332985799958
0.99069919375086579,1.0140522974733024,1.0052163688686999,1.0253923131961904,0.99713809160385947,0.96925775074724985,1.0218853541466755,0.99057084866117229,1.0052629056945468,0.99547044266344187,0.99653256494152298,1.0097121272791665,0.97540258301172034,0.98711025763688776,1.0118626010922864,1.0129884063842076,0.99743111355317815,1.0028216269707553,0.97728258276126467,1.0276552039238283,0.99114596408943523,0.98384516326864502,1.0102883746564548,0.99715669605354407,1.0307238199835556
0.98440925001996382,1.0192007708506174,1.010664416044547,1.0381891237588161,0.98706353789127932,0.97156302604614952,1.0081821786247991,0.97864938014020941,0.97060885954245124,0.99778304873158763,1.0109015606534906,0.97750162991611422,0.99137801894878552,0.95380352444336058,0.99119333647541374,1.0292316452431316,1.0132043251284146,0.99243689820199588,0.98732321075633334,1.0108775088092301,0.97555929584344048,0.98995633335473476,1.0078949655980765,0.98967059803788426,1.0261245861540287
0.96459489393685749,1.0109127765850912,1.0094293603611211,1.0177126011580566,0.99707514536343256,0.96779636808947644,1.0020876930392666,0.99106179273366668,0.95817514830221162,1.0028266587947718,0.99328488035839713,0.96960137653836764,0.99663248417934824,0.98960731831103155,0.99040276698981222,1.0305203498090441,1.0148399968072983,0.97326780648114664,0.99093934978310005,1.0180488063834527,1.0254321047189641,1.0236114338820328,1.0014807621928186,0.96006221884886933,0.98430748060374418
0.97115396046322244,0.98915194001130935,1.0203949545257762,1.0023178174780281,0.98574550338316136,0.95662395665811129,1.0026413813455235,0.98397223163667114,0.94054553931719687,0.99893132506732019,0.99956752144423666,0.99257265385069615,0.99004610063770215,0.96590114155038731,0.9728693476062541,0.96801530655546741,0.97204368476003045,0.98728773569273764,0.96926488504607122,0.96985312364312037,1.0079367872073732,1.0042217194732981,1.010798847046797,1.0007100416973815,1.0393734613528822
1.0041052195830227,1.0041082718038201,1.0386904130674133,1.0229522260815271,0.97078474838730877,1.013439939043441,0.99033750806083365,0.97143758379997058,1.0087486803857875,1.0240579016131801,1.0114354513360428,0.98835971738021411,0.99906639699510935,1.0127633280357957,1.0020128365651568,1.0058851084640155,0.97246020563599722,0.98518617658084284,0.97492119623716511,0.98510891505447007,0.95959697142786704,0.95755787939365145,1.0092182850372651,0.99248598523644893,1.010379768615578
1.0158948103455507,1.024717950523,1.0366666548745547,0.9625031655629428,0.96732583492880864,1.0232068637471663,1.0241829325053138,1.0173563571973794,1.0272348641108398,0.97067968661743642,0.97327733473211853,0.98691865798027767,0.94564151960839615,1.0075967658219678,0.97538072371782047,0.96935606286143572,1.0284754921817216,0.9726894244031945,0.99079352621016759,0.99674795782431658,1.0213031476585646,1.031706578816566,0.98101783726681291,0.97928798233701286,1.0114557727335038
0.98116176700571889,0.96966946797207731,0.98931754492679291,0.99733689865676578,0.9977314195058945,1.0182052203407288,1.0231694780376597,0.97829282335886925,1.0017454132072254,1.0081352421219654,1.0060447715144147,0.99081952852219679,1.0069349542100534,0.969002144506803,0.97136983482498274,0.96970790128727813,1.0032786829652649,0.9569463515454617,0.98821189764343287,0.98507104591878036,0.99099563477852215,1.019516834375974,0.97965090192428395,1.010397440672502,0.99399096040178048
1.034969703197667,0.99573493539735292,1.0324134403888947,0.95978802810552954,0.97512785505461952,1.0143161614944325,1.002252452241793,0.96774011832330065,1.0173245038603935,1.0001201411639999,1.0102159469271683,1.022791695980495,1.0255675265421711,0.99280766231417872,0.95516702688101085,0.95990330797610457,0.98475006653189578,0.93745713317646306,0.9713341176846112,1.0014344398149708,0.96639342872298173,0.94120882027100372,1.0116441253672368,1.0060171272260745,1.0217394563202737
0.95732776461594227,1.0047535385563333,1.0212163002738548,0.98031359853813171,0.96030526381832004,1.0136149269209764,1.0336912633203448,1.001203687646784,0.99103487730115281,1.0304792917148848,0.980671941822434,0.97529765470030372,1.0367296547539122,1.0100614865132886,0.97323159607972087,0.97992505006619079,1.028561254646988,0.9900391969356489,0.9784503815462593,1.0002193311271963,0.99092942443902221,0.96771103984493212,0.96803256598669718,1.0175232232926317,1.0021214701221024
0.99042849594552429,1.0378647701319386,0.99488397853463084,0.97382777555045652,0.99006106161928631,0.98825934930178005,1.0108371821396109,1.0092962746861791,0.97800986258209754,1.029089387923861,1.0172830302851423,0.99121478957950837,1.0508390898571685,0.99351405269565796,0.99541758135774994,1.0005047998621228,1.0111698988980664,1.0110520623001022,1.0027566421914709,0.99908996548378992,1.0067300431970496,0.96631931680361249,0.99503286726432028,1.0147579727183695,0.98995716040754411
0.98417499924625351,1.0183611903691967,1.0142721206590273,0.99958274394092361,0.98515567431749629,0.99241209743193814,0.99105020334734117,1.0340082497764831,0.97226427907417889,0.99282974369496291,0.99377345218039026,0.99293705342956706,1.0123481559274903,1.0084373699373679,0.99731139362917065,0.98584911503764905,1.0031737999665673,0.97799111239806724,0.99869599157856537,0.99717043736252975,1.0190887083615094,0.9748576626597788,1.0091015978529088,1.0157895158320149,1.0033066666639405
0.99182115176651464,0.99826046614586395,1.0050597342694967,0.98429398958393088,0.99769147315704343,0.98016788886469797,1.0250187959516719,0.98949765498557729,0.995535721940359,1.0096779695545712,1.022920000994004,1.00048715563909,1.0167998655570425,1.0276827480904416,0.99913191364195508,1.0038012940459009,1.0338335174918314,0.99582618711997273,0.98300463016323647,1.0060541735379094,1.0401027369070643,0.95996789467203247,0.97852248009489684,1.0303945071421277,0.97139963598250123
1.0030659341346861,1.0215308646080576,1.043618722457776,1.0175152165429724,0.97235916617479146,0.98828718957906492,1.0086926692048093,0.98513665739844813,0.98738430184600112,1.0258489271675904,0.99063728241949023,0.98038613404152186,1.0049923076487466,1.021718129877083,0.9616510906262058,0.97552511466966185,1.0372458515135496,1.0041956576491733,0.96168347139682064,1.0163298830317984,0.98463757664088647,0.99623838861143543,0.98749024734012514,1.0021269414982574,1.0198714175279471
0.98764106512611705,1.0109159058626673,0.99397383377314619,0.99134644800002758,0.99680192158128544,1.0084747079564045,1.0047797528589932,0.97949536448433705,1.0310297313606169,1.0100268820362583,1.0135828523631296,1.0263700738052435,1.0116063372404835,1.0034208476754711,0.9859274560666258,0.9729084697815783,1.0176646739806214,0.99412521441444812,0.96308416644960004,1.0255072393387974,1.0096013311410326,0.99212186930866741,0.99375922355723134,1.0134454978687251,0.98989580340023486
0.94492852029139907,0.99856156691340237,0.98908443973951443,0.99879415666417559,1.0107857735624033,1.0075376348144933,1.0499797141991511,1.0093284559221665,1.0134248449430903,1.0344988676439413,0.99342979102316509,1.022802543464189,0.99392201204538266,1.0231667795578512,1.0133524087980039,1.0170795884950818,0.99410095749617367,1.0121226467114808,0.90244305229073474,0.98765207160397184,0.93798978367307739,0.98727505548594752,0.99990806926108977,1.0155646572098267,0.98390627012091447
0.94027115737143296,0.99825349112285777,1.0013116239327977,1.0353749926223486,1.0001593158116495,0.98548717381006257,0.99443795769489873,1.000584745621605,0.98626000986483842,1.0228159133089851,0.99594099340058551,1.0098738871934478,0.99832846778558659,1.026392806719262,0.96528580659571539,1.0035128500523198,0.98617997589106987,0.9637828726787151,0.98903603281524521,1.0118546528241152,0.9886292160624961,0.97055773802287493,0.9969361384570683,0.99969624277825553,1.0241835790792897
0.96809161057111448,0.99857467046704962,0.9923707341980843,1.01299955390314,0.97629221051284609,0.95268946150644462,1.0284162161123356,0.96778633483163268,1.0121989795049502,1.0466934708482409,0.99929921065915128,1.0220577489030165,1.0218396837141273,0.97377639764407975,1.0101420097004061,0.99339269763453775,1.000630573458247,0.98217634366725581,1.0036023453046123,1.0002435412756419,1.013058284399168,1.0022395237245088,1.0230853782639384,1.0174680202931079,1.0285823851304778
0.9800075744066018,1.018658745352603,1.0085266193136422,1.0034920339845048,0.99114260712888136,1.0229038618230337,1.0266240464594529,0.98947425897684893,0.99994877676853144,1.0495669099621461,1.000150383816413,1.0299678240944941,1.0195404036333693,1.0010945683788119,1.0030445383382638,1.0208234560825713,0.99826216288380953,1.0204399405989764,0.93522524022206577,1.005529909368192,1.0079960780704882,0.97542133625518379,1.0083825041081533,0.9985126417053044,1.0318638601851464
1.0148381379908502,0.99539097537435728,1.0111654764277627,1.0031646209184522,0.97564661718861478,0.98195786440055766,1.0235672489890837,0.98898820230575457,0.99730471988521718,1.0477076759234518,1.0042815283927748,1.0606289177825761,0.9995896371920302,1.0226502104040627,1.0266635093570784,0.98773689161935263,1.0347079134360015,1.0286204926894174,0.97054044522522731,1.0161212341879073,0.99670329980245487,0.98896112237129552,1.0001728437293185,1.0194572313045056,1.0335773927057077
0.99173848883066384,1.0350761277480387,1.0073580367290698,1.0013716361615126,0.96979792119688812,1.0170004256238652,1.0087488784831573,0.96483516217825638,1.0403699749500406,1.0492093436160614,1.0137553979256684,1.0150870349602812,1.0185154189710224,1.0058319282362398,1.0155928394803519,0.99397274163878002,1.0241468514942142,1.0098309057991581,0.98151470882724323,0.9989661985970627,1.0097515439129296,1.0146602562466613,0.9835076225688002,0.99847021260447233,1.0049651112875053
1.0510256980059822,1.002558278857909,1.0064114410616374,1.0055248565890849,1.0174891493997731,0.99951188601107488,1.0238844114773618,0.96529442534237075,0.98394386139787171,1.0386576474394409,0.97136158923021354,1.0115061396782907,1.0105391363332801,0.99263279756922662,0.99939843318364652,1.0258069051959846,1.0372610309947141,0.99920574747444957,0.97722421617575916,1.0006676783776811,0.99495951682011852,0.99503561522242723,0.96499669281812017,0.96534243366815187,1.0454617568633946
1.0049668827780842,1.001270215160025,0.9747192304969402,1.01855563515313,1.0030900888542285,1.0002206408839216,1.0195698827593096,1.0321392090157564,0.99596269875447496,1.0299842393966185,0.97501898665735887,1.040072989230743,0.95336777843119092,1.0141333018699468,1.0292952933972075,1.0119393037037667,1.0289451556904623,0.98254946169297197,0.99745481985334417,1.0426166069055851,0.99608736421364807,0.97633301378068515,0.95858788786458882,0.94557032365207894,1.058316012553435
1.0182101018977203,0.98656168021371715,0.98072992069144038,0.98904940531889396,1.0164155417807239,0.98393360386046336,1.0196178221070624,1.0208522598362706,0.98028272899728575,1.0176404652581847,1.0053660906156996,1.0060286356662886,1.0013553306579257,0.98452110496985934,1.037771174962024,0.97643974926527743,0.99433367573927411,1.0178116348284454,1.0131870237105598,1.0194345410470314,1.0238733545997991,0.96677929812922592,0.99528819956104775,1.0127710329578874,1.0216595973739937
0.9975730164437111,1.011845171178849,0.97510946420334133,1.009331305264096,1.0225828709707967,1.0071088124802865,1.0116622745956976,1.0246144425001653,0.99003173571386704,1.0296645937996229,1.0075200622608391,1.0315120673674807,1.0086409984218452,0.98973623814462897,1.0129683707645243,1.013670726677885,0.99034265032141766,0.99573559205704743,1.0026608884270356,1.0151758833373061,0.99904427371634108,1.0067615680941711,1.0175364322856231,1.0189241893326944,1.0335650887794787
0.98055879886649544,0.98026105542096498,1.0035445306082982,1.0334847769523312,0.99981155853699799,1.0292445403570787,1.0303037549513432,1.0067986110174392,1.0132748048654356,1.023720349227462,0.97651227741147639,1.0328404765660335,0.99322925289419672,1.0008056967986181,1.0055033302116139,1.004753377698981,1.0039193007342986,1.0149746388908205,1.0017389872369931,1.0139345967027271,1.0169769090070504,1.0057780761984119,0.98625178759225007,0.99969701980499648,0.98461985361633153
0.96267807484088441,0.98974297322684468,1.0090066144525651,1.0248475340902965,1.0452301554825354,0.9857679299637252,1.0209207001415681,1.0142746437669363,0.97762106490669254,1.0487723260821646,0.98316071667520277,1.0324476942801943,1.0330709928044748,0.96758283756494512,1.0039620035908097,0.9938643525936065,1.0160013091828684,1.0259697611786218,1.021904337341792,1.0053410572147157,1.0086026844754588,1.031068200602385,1.0196451875721135,0.96896474827069601,1.0399247661927924
0.98599135155240725,1.0073072159915868,0.98319346857962009,1.0051391499159592,1.0295594104589816,1.0509367565728438,0.98888847419674053,1.0101694829178167,0.99089665387399029,1.025801232250338,0.9881852017350683,1.0319888457157722,1.0247995009721134,1.0109311894193671,1.0093691481827056,1.0433481734788828,1.0046111241040747,1.0064332082610328,1.0075687250130188,1.0384724897857867,0.96331064773124331,1.0161351249649002,1.0058770547603402,1.008454164493918,0.95513245843885763
0.99532188925667309,0.97893977370932317,1.0028535338481754,1.001710223794505,0.99821062894201373,1.025214235496972,0.98586645072294643,1.0248128626821997,1.0279418862187368,1.035349430277106,1.0333280327165284,0.9665949119001026,1.0414269560690097,0.9990439747178258,1.0160147078536024,1.0471681238095911,1.0061102354152016,1.0040651140394088,1.0111374792720729,1.015427202752968,0.99775081582907066,1.0015819429014838,1.01398498101596,1.0328193511344526,0.97688632606947357
1.0088624433624551,0.99303689442070497,1.0021974933894098,1.0097822021432812,1.0000117500278847,1.0271957036228838,0.96346999819023749,1.0343285842633243,1.0102819222971224,1.0395077158244146,1.0193936339977572,1.0049820041641393,0.99668092311720669,0.97443309804590406,0.99699536512354281,1.0125560991238951,0.95491989639330732,1.0051836391405118,1.0136708065506936,1.0190920351066632,1.008031819462363,1.0248944253688763,0.99702704275471143,1.0177019508568159,0.99639191170043329
1.0181816634042877,0.9760136810210851,0.96984966950048768,1.0407890514363898,0.99289503726788364,1.0446303059803823,0.98834062961821534,1.013741893686376,0.99423118080295025,1.0540460299831576,1.0007115367116532,1.0087934445425297,1.0020057395362207,1.0085412727254306,1.0360186096083204,1.0350037085669341,1.030486807215655,1.0047054953093963,1.0211843606652482,1.0469467318171475,1.0179439731369793,1.018424704362586,1.0125230795343569,1.0086307205751814,0.9610231023247795
1.0046599525238598,1.0196028886117603,0.9747481950991066,1.0287593996054927,0.9737945251977892,0.99753623713633854,1.014743569347879,1.009372983482614,1.0256338453860172,1.0200470312369005,1.0004776007147318,1.0030687854905573,1.0204611314760799,1.0031573741421071,1.0231673822938103,1.0241543129461594,0.96933578713758972,1.0021665077661603,1.0258476433617945,1.01984727578875,1.005125021833237,0.99877450873057072,1.0062917538728986,1.0104252134455696,0.9362982683561043
1.0197242657120347,1.0202381243142267,1.0062791620808491,1.0049737232497669,1.0262159169406964,1.0054344835485383,0.99317922701223771,1.0304579177487605,1.0181862537297399,0.99117783958062,1.01716974286043,0.99381213987915418,1.0063256038736736,1.0108282984322046,1.0044028148473447,1.0302524533369521,1.0132986907227348,1.0101386962246381,0.9861487573631561,1.0233821474141693,1.0030067989483511,1.0109750189646607,0.9749927952898837,1.0290440982334343,0.99489028166075955
1.0008907248193251,1.031235747742163,1.0001029229555944,1.0023129833650573,1.0096800332819547,1.0274815168507381,0.97781928421198028,0.98972384155715587,1.0102045448870276,1.012228542384273,1.0014421267690143,1.0149996645031989,0.97620183361012203,1.0049418618523025,1.0159846000495765,1.0396700273472632,1.0475057443731666,0.96904833749196162,0.9817249467800957,0.99774697941725787,0.99977197000651519,1.0005038534755497,0.9785872567879822,1.0145517557090395,0.99434109310807184
1.0061141015938999,1.0170901143219127,0.97977353516189425,1.0380209325811536,1.0008186914364932,1.044767110344643,1.0159425197670042,1.0450514778191671,0.98532529743117803,1.0313475173262154,1.0000392549874801,0.98616328196385383,0.98978525400546835,1.0027898361067664,1.0307555455444664,1.0369139746902791,0.9915628100398185,1.0079786184461055,1.0044433813403675,1.0378633270267155,0.99874130747294076,1.0145682141415893,0.9789095050999983,1.0288193166871242,1.0338140478760762
0.98709945285809886,0.99430862420891453,1.0036739699579922,1.0236968804664084,1.0104311890323079,1.0182121594259483,0.95871557814330144,1.0174205875816027,1.0173714605782769,1.0089861049719648,1.017623010279926,1.0055594955997986,0.95799321991679542,0.98908031748400038,1.0005818333099181,1.0259495583036007,1.0004285802499058,1.018255194826803,0.98051172476233206,1.0269669181308863,0.9747445414924274,0.97393484579400202,0.97218127518596376,1.036379872456733,1.0293451483981197
1.0117494739693376,1.0205393650172925,1.021425116375128,1.0272745372381802,1.014507610853618,0.99945034899724228,0.97193274511241112,0.98227593845799266,1.0227929892830221,1.012564748594879,0.97668083978858466,1.0003930669860603,0.98805982546625148,0.99149566712284731,1.042011336852412,1.0093136491708778,1.0453344938078217,1.0090172842656808,1.0000054317009284,1.0343966578451345,1.0171647525870935,1.0021746424914424,0.98974777708255113,1.0278357976181165,1.0335019946056747
1.0002516252589271,1.0326167496397824,0.98918734831488864,1.0090866449010707,0.99715305319417213,1.0280695100167982,1.0234466238980509,0.95680504131306909,0.99376709416976039,1.0124063085527304,0.95465923035170053,1.0096991055335578,0.99730384518183468,0.99930566244438968,1.0363040060684749,1.0421208277365128,1.0081432068791178,1.0309430165305393,1.0088255247367399,1.0253178889305168,0.94522346537974544,1.0099579032295964,0.9915367073860184,1.0327055837422006,1.0021693400143612
1.0094665555284532,1.0141864012776804,1.0065174116838931,1.0231560292752107,1.016063021854581,1.0191762605181669,1.0290282603589611,0.96379256182216377,1.011586478005345,1.0131560958836576,0.96997235627103839,1.004370184218921,1.0015762771423138,0.99501956897635357,1.0249135808409433,1.0016638350842089,0.99696059342303966,1.004273630581519,1.0162130883377398,1.0144146682461874,0.97479516693735691,1.0270012915655076,1.0022743456766565,1.0346701859390108,0.99601724373247791
0.98184856975388135,0.99842102046453962,0.98785038259403135,1.018122892202028,0.99889172161362116,1.0202141133529539,0.99124011574767135,1.0039290236703764,1.0346061451661872,1.010329616289755,1.0033463053371765,0.98843762326025864,1.0054651826797327,0.96451948761222317,1.009783027262998,1.0245705603810971,1.0165280864805448,0.97802279496408184,0.9619812827660682,1.0269110032184163,1.0128124697285548,1.0077267080637944,1.0007444341885028,1.0328336764421164,1.0176233751542123
1.0131383206667275,0.99236001579428101,1.0075689403204648,1.0070839895465806,0.97569564686144472,1.0140659346339376,1.0148040630231459,0.97616917714983453,1.022454011974087,0.98930533900431872,0.99709044237987809,0.97325237276462928,1.0021859766605712,0.99468544847769635,1.0413739057937976,1.0364807247766803,1.0019593893773584,0.90398137017228641,0.96979365809569551,1.0299797997217364,1.021639947443205,1.0011869456503164,0.9952133760284072,1.0202580078753489,0.99664189237296197
1.0017984665450341,0.97633092148572564,0.9906177302731124,1.0215715074526905,1.0090627733316631,1.0287585620771462,1.0233682022894766,1.0269492125008342,1.0127047851117026,1.0013525698619992,1.0320576809881803,0.98275731563528312,0.96704996957544487,1.0086734490604046,1.0040864805860363,1.0229738228120209,0.99060671573216885,0.99681977518061415,0.95368577442237368,1.0434141865775588,1.0007275148831158,0.99412113556254866,0.98191928981785492,1.0198504455784145,1.0101788783528096
1.0076743769746148,0.98088700488078406,0.98255676756928378,1.0184376004928162,0.97962556593974437,1.0103371864146524,1.0144557446165685,1.0042907645093861,1.0079678470889213,1.0003529989361672,1.0153464358251676,0.98525076251115462,0.98260600299778988,0.98694895033671537,1.0722781008872251,1.0259300975035563,0.98819036901996204,0.98610304048753861,0.9878883575726165,1.0013392622024571,1.0433543260674727,1.0067050424076582,1.0290013330697232,1.0453594991939863,1.014327285151633
1.0093194935806178,0.98334202130267112,0.98287040476545862,0.99827604675465575,1.009383576198122,1.0104778220805541,1.0163193478322985,1.0192940136127977,1.0195038685776103,0.98208572761584112,1.0042885606303078,0.95246105963930183,0.97646986586653484,0.99585054885138458,1.032828936672525,1.0323925591056953,1.0285051077276997,1.0104059068523763,1.0166824374539203,1.0130493106016794,1.0265543858010273,1.0298169032013635,1.0137493445774841,1.027428259350168,1.0247315733995621
1.0049783889695774,1.0137103683647977,0.98743195036385778,1.0038497851830757,0.99556820713514926,1.0228859659711624,1.044908351025061,1.0396112735613483,1.0201498709141521,1.0253310244980862,0.99966931658655389,0.99764113628495421,0.99317413416012545,1.0158495362461899,1.005281556987015,1.0077664776735196,1.0087148760113041,0.99888066547103382,0.98234281499373544,1.0389246163545873,0.99678536908859261,1.0143652997133956,0.98907311965969569,1.0256859214929788,1.0302568153498226
1.0298511674787372,1.0114902248697888,0.99203441007912641,1.0012223938023592,0.96462099550388158,0.98194498914690798,1.0038160958094169,1.022090170326714,1.0252336910241184,0.99241187386691188,0.97266073831863697,1.0207885188692021,1.0224603840196373,1.0051468474057139,1.0158433494475363,1.0335418049289209,1.0182818026198723,1.0051766262330952,1.0347762093868715,1.023156973836219,1.0257141906968728,1.0141341731740308,0.99615862094866825,1.0282849833740537,1.0020225125515942
1.0018123170271589,0.98855881821831093,1.0124064568711091,0.99992893641084246,0.9886892276837953,0.99209175433785679,1.044209537235169,1.0182349117622891,1.021979776725751,0.98757126909659609,0.96756630232130991,1.0226398739870415,1.0338253803085007,1.0195277768306272,1.0445873021186949,1.0092658990843564,1.0252453153659935,1.0069076785830415,1.0221040226099773,1.032407205819349,1.0320741977125227,1.0014750109451516,0.9986489182225452,1.0236113396474058,1.022473957659068
1.0107534286952506,0.95956786206795541,1.0232578193206976,1.009769074459161,0.98540022901852264,1.0034643981012554,1.0101358511112342,0.9396845018100245,1.0155668468778505,1.0339175637819547,1.0204558273596644,1.0019268033252811,1.0184142431702767,1.0065720215990435,1.0243455493695683,1.0047063195044017,1.0039757433109588,0.99800167516854921,1.0296146908572654,1.0362861161304378,1.0126858343193335,0.99661658511112206,0.9828580544434794,1.0299512574876373,1.0149838684334289
0.98485875248350541,0.95147660849946014,1.0262750328090307,1.0202110775118181,0.97761686664638436,1.0256294215165396,1.0431308954652219,0.99973474327412548,1.0233459342800857,1.007352422286496,1.0161497854249604,0.99197414199476652,0.97802491794556878,1.00281542160003,1.0022099515902756,1.0027910260455462,1.0261529608188646,1.0100565613201744,1.0040599893098552,1.0414528581866942,1.0154895121554153,1.0000382462720472,1.0114271664109087,1.01238495451962,0.99451361781544789
1.0126912427451786,0.96795089680347779,1.0103270908979085,1.0056820963686679,1.0160526408304533,1.0369885802371088,1.0041259073689142,1.0128277719436718,1.0102298174762547,0.96673560024117389,1.0149709865771175,0.97329063593919118,0.98855832097971419,0.98969893549916654,1.053055159940159,0.99048920642828764,1.0111956642970783,1.0183579188494243,0.96173917399733266,1.037848225274405,0.99422235666693148,0.98816675827723788,0.96099020513567046,1.0412250952090616,1.0396617476998473
1.0091359761628311,1.0505049883366091,1.0193103569025836,1.0087423739432775,1.0184588879033309,1.0358205313282174,1.0497421604091135,0.99109807142046169,1.0305985451442652,1.0565716641934333,1.0204397608877813,0.96832855310265487,1.0006547571801621,1.0307713622563253,1.0119827731403626,0.95162372014016972,1.0040192608872853,1.0018207667848267,1.0151419895287068,1.0212788658336798,1.0158704880987506,0.98469276447149434,0.91970406479596511,1.0172087430258585,1.0132820523979775
1.0172304035610522,1.0310213057933293,1.0016695504617645,1.0003708988636906,1.004285608896893,1.0431262789574098,1.0266241660854685,0.96445244864291035,0.99022051123028698,0.97251923249390582,0.99640039399408198,0.95666045355768903,1.0197751936184403,1.0064637050123553,0.99279255319085147,0.95974700496844245,1.0439049306536112,1.0056838082406008,1.0211032321016342,0.98050961720604546,1.0347194568841926,1.0048471394044913,0.95891254180932761,1.02805402825437,1.0309574527542564
1.0114346516649297,1.0029617336911143,1.0178510223508888,1.0038912223334697,0.99193141101707383,1.0336801504807986,1.0102312453774303,1.0075757126543365,1.0216283411765463,0.96025301534893026,1.0385954691786687,1.0065874507678054,0.99914043340997072,1.0137374288094687,1.0282280911737405,0.97167042645674939,1.025284291829051,1.0098024020215255,1.0121371633165508,1.0301414488599876,1.0193572836759264,1.0116009587953749,0.99773436038969476,1.0018694071489966,1.0052947974886102
1.0153910617602011,1.0375639007286828,0.99755146415973051,1.0214180007941611,0.99298946883216621,1.0364945630874263,1.0323881955607483,1.0022351453320546,1.018049078032089,1.0006825571626188,1.0067863094039622,0.99109216703203251,1.0049655604037244,0.97784867573380441,1.0323379822831724,0.98787099086023056,0.99597659898436997,0.98661628340663476,0.99979244525458866,1.0342114773395756,1.0094701153667354,1.0147786110443442,0.98812963345597382,0.98575018949316828,1.0278794747955786
1.0016817063932042,1.0040979118930713,1.0250956506576079,0.99608587468125942,1.0383992156634305,1.0274818767982907,1.0117928899557105,1.0181170991158659,1.0311914836719365,0.97367928788738101,1.0071664155833919,1.0025540483163313,0.98633510822580095,0.99652976791892056,1.0359827647431457,1.0099063268844151,1.0309619076801912,0.96492485599250033,1.0284356439201192,1.0096305603329903,1.0023270783291429,1.0235321129082009,0.99281215738114814,0.94119780483133642,1.0142622436403812
1.0390061713386067,1.0304047873224671,1.0045097675655867,1.0228319588403159,0.99401368886741737,1.0281558795133601,1.0278940274344557,1.0286221909683164,1.0262570762954355,1.0123948932015916,1.0082078587665602,0.98452257205138882,0.98034624451839592,1.014852060320613,1.0438359275186881,0.98906440271323803,1.0276516771697366,0.980188432483454,1.0416329666305431,0.99186050803809322,1.0080643845099966,1.0179791629940251,0.99675686628657667,1.0105608605314671,1.0066106813837818
1.0424483423355786,1.0119590718456271,0.99797708139663754,1.0056524635542168,1.0394498551831,1.0053434585680938,0.99498317921229884,1.0190064651954582,1.0195550973321108,0.99373995299180828,1.0128930413617907,0.97082865738263591,0.9970144683941784,1.0104930527034421,1.0432426399599282,1.0427895324906995,1.0492489742424853,0.99990396238320245,1.0438354708415927,1.0364793967618045,0.98899748581037594,1.0380384543372088,0.99042888443138044,0.9707209131039698,1.0075417424691779
1.0247403187664081,0.93658338102891958,0.98633772795337449,1.0127758063402299,0.99521170144526483,1.0338754647383011,1.013405748741625,1.042591717411252,1.0188258281351217,1.0165835398253302,1.0118368774517199,1.053374944696116,1.0449945014289475,1.0215223037724532,1.0378864568755684,1.0113451136716405,1.0276758611597923,1.0104884452154035,1.0289520479575887,0.98044753104152182,1.0009867342310663,1.0199762946344315,0.99509351703061599,1.0132902298617485,1.0398012525852276
1.0319881238918542,1.0275715352078794,1.0256592536819313,1.0082950384616927,0.98797395354175188,1.0398063260281791,1.0088379032496424,1.0287045834078443,1.0057419846532112,1.0142725443806722,1.007971515270659,1.0370366016924404,1.0273286532233159,0.98799242696833056,1.0634108402954143,1.0568472363560724,1.0237173456422388,1.0197546213541189,1.0052704343781889,1.0160460033379597,1.0064525720005579,1.0142317570158406,1.0045982724313662,0.99209156394853504,1.0176750046856105
1.0379234505495962,0.9903560484698567,1.0156421788184431,1.0048864182181665,0.98463188862211759,1.0229162443684463,0.99561833368254216,1.0179905531601283,1.0363399699185067,1.0016094568599716,1.0131041977881321,1.0308315639510774,1.0026434667585737,0.99598993660940405,1.0485381390834887,1.0245311202162841,1.0281514735942361,1.0144931459660385,0.97391378546292506,1.0340226503069041,0.95895716776962692,1.0163453288145945,1.0134113554738728,1.0220615159336262,1.0325478670721147
1.0594884124321255,0.95258987935326311,1.0030255303054021,0.96920628245033014,1.0362420504849783,1.0329730469063703,1.0028618292459839,1.0098809706182323,1.0090541239719848,0.99399942252407414,1.0369270753037301,0.99551533311910989,1.0030215789784775,0.99376711794617101,1.0097797176368921,1.0195696377213903,1.0211557015610853,1.0300239097252233,1.019239252658185,1.0369047080756064,1.0091194928981133,1.0115433246449532,1.0073967656387839,1.0071813026362084,1.0188977320415196
1.0346667501070896,0.99097354392791914,0.97424943076585113,1.0162070886090104,1.0095332463966336,1.0249370535505147,1.0100052500840604,1.0269069896608702,1.0120840177601107,1.0147652813332848,1.0500338658363384,1.0535436579905413,0.94112235232791996,1.0373445326199464,1.0295118827547118,1.0454332122714203,0.99829713206094417,1.0203404499449782,1.0200535093388488,1.0010814724847692,1.0093414178877522,1.0214946506023912,1.0171650307402786,1.0423174541253266,1.0087492948454488
1.0432845175967334,1.0170046248275129,1.0224281320017341,0.99992600633604523,0.98165301965505669,1.0166911961943299,0.99371526802781185,1.0315076214802472,1.0518673120217159,1.0330668433047823,1.0140635317191622,1.0338645034588716,1.0132124828334663,0.96422550687648934,1.0469119507240079,1.0624848077465094,1.0110345136384749,0.99482796544749308,1.0410055749998957,1.006861977862477,0.9905541094949426,1.0228097449235241,1.0126953442624023,1.0064490394037293,1.0021324898426105
1.0443203383692106,1.0075005773015346,1.0100322744297054,1.0090275109865807,1.0318229102292571,1.011815185991221,1.0356638369143818,1.0176027345328214,1.0111944949175602,1.0140813583644024,1.0300995116956417,1.0436578259117313,0.99613069656799724,0.97105749375093076,1.0346732885380654,1.0156461065207507,0.99338765322169453,0.99152293087772903,1.0072263266505672,0.9947476217251402,1.0307339205681509,1.0435167105453595,1.0262549138071269,1.0059685971324881,1.0129255970359754
1.056600934835406,0.97203940744136308,1.0238354042186384,1.0234565583553468,1.0562174946749887,1.043017052865536,0.98658910555242818,1.0308170737612425,1.0109592204559508,1.0308268201819328,1.0098390244875859,1.0485417508366741,1.0066122240334185,0.99320028439975394,1.0372845337139265,1.0507538581960927,0.99201804834876861,1.0587166343561387,1.0413115420816366,0.96450668041201726,1.0598313050228771,1.0423801035981324,1.0195828950802999,0.98614165459106695,1.0289576912405076
1.0391723778355866,1.0128228960423329,0.99497086989031336,0.98244147810319093,0.98957733409930526,1.0379895441114764,1.0046165427039855,1.0298614438761531,1.0160696021809337,1.0389218296206344,1.004513055193567,1.0555815167101601,0.99586372343028007,0.99556093739503426,1.0384186943732714,1.0196734673694099,1.0270678643455349,1.0186851177898455,1.0361844815516965,0.99197222576496713,1.0427027873845258,1.0521539130820403,1.017346585242312,0.98672757710821324,1.0049600176971611
1.0416881506955065,1.0213063912209106,1.0143488737124748,1.0258233618338195,0.99209814245085748,1.0280584883497852,0.97722983124690421,1.015440036159442,1.0101572324372905,1.0364990070295339,0.98082645980998651,1.0253955071493766,0.99986287490171211,0.98139060933828803,1.0524076802421292,1.0363850687152754,1.0130184158612165,0.97366712577441417,1.0028437285134921,0.98944333550150165,1.0298513671852718,1.0763655258986702,0.98572446016787296,1.01400093548742,0.9894489957206708
1.0140601837857679,1.0237137143710962,0.98448161590097083,0.97124045782519541,1.0367670702199279,1.045231610088041,0.98574665304185116,0.99486263297532707,1.0379366637938021,1.0415829748149201,1.0026294231205259,1.0084526648997112,0.97671819248091518,1.0210454032599192,1.0293679059759813,1.0391997600488254,1.0373567131094417,0.94710658877517684,1.0229930571519519,1.0064687368485579,1.0552083392897191,1.0556669751580543,1.0210825317725511,1.026702317304153,0.99220900379341359
1.0190845372132169,1.0036990824421455,1.0006180881054789,1.0425342059425196,1.0261411169298547,1.0325450086175514,1.0093327504178364,1.0119213231960194,1.0039352984579932,1.0092236148432838,0.98959291528105753,1.0001754842763517,0.97579517192803888,1.0118696838741466,1.0257854988502879,1.0396841486955026,1.0222650805192777,1.001956627076132,1.0534237902947878,0.95172848391974474,1.0267760031039992,1.0424435293072607,1.0274324158229655,1.0158896658131267,0.98276869330130379
1.0384670960144806,0.99129036301292617,1.0145684610659909,1.0156504567003157,0.99243680204984608,1.0236420881941342,1.020411103320606,0.99285627478099936,1.0205672783911321,1.0411195925763119,1.0156326965017368,1.0411362838548126,1.018077539570746,1.0184229153570046,1.0514406133261882,1.0646349483066595,0.99131527442802814,1.0435772360534004,1.0289189339028231,1.0141129840455727,1.025544785331493,1.0320946597683802,1.0108386703929046,1.0050458888639855,1.014552251103142
1.0383052120240526,0.99097161250003918,0.99351398291462878,0.98836816500328539,1.0098274076080813,1.0224052191899666,1.015517184959388,1.0027289817848242,1.0009929846530587,1.0072053969871846,1.0107401430594398,1.0374548076490773,0.99491134359956412,1.0074867684913682,1.0449616590252331,1.0460776937385345,0.94962331839250935,0.96509760707698189,1.0179404116917896,1.0043514161184579,1.0254898805539958,1.0487347872727215,1.0013815349072335,0.98416050559433699,0.97127027327859028
1.0268088462807676,1.0205811335628594,0.9490658700615574,1.0297430004415431,0.99581708428224958,1.0096934388016963,1.0263452601847434,0.98525529990378735,1.0065049733629117,1.0293043839686931,0.98741298169865444,1.0473628641350337,0.95767549712975952,1.0082240489180752,1.043062801309659,1.027083007777561,0.99969174180357689,1.0351702489348649,0.99570788299440127,0.95424775484602053,1.0241171302957033,1.0360639795858888,1.0250827138253604,1.0036730344690155,1.0001656618094148
1.033283945880817,1.0308614801111247,1.0390895736549277,1.0180151754886766,0.99467517191462218,1.01297957799662,1.0347029169411843,1.0204164734994103,1.0303922415286197,1.0125801061702537,1.0212587205998536,0.99814755743127559,0.98275302547555377,1.0370018304112836,1.073402836775998,1.0511215570107733,0.98991030236161504,1.0205462963884218,1.010841177726953,1.0462420832712811,1.0452093253629957,1.0184647056705969,1.0294061120851306,1.0118122578986468,1.0001104550641093
1.0209363285332396,1.0344501972079205,1.0267263235353961,1.0017110437094265,1.0092027969634665,1.0395325078860365,1.0086767434314887,0.95906465691806264,1.0287269147500528,0.99631433975039108,0.9750714334866174,1.0140771597057676,0.9888298930703745,1.00437343748548,1.0174510449194216,1.0647981635129253,1.0005475677797016,0.99465049800241978,1.0162277803672071,1.0263875240320213,1.0240201503281732,0.99937298737375679,1.0286307525492084,0.99097405245067682,1.0220964281074294
1.0229328489858158,1.0275988604355701,1.0019217552076296,1.0183702555052727,1.0035856027842449,1.0393174178276032,0.98936884020041382,0.99846845280006691,1.0000124292287045,1.0242821397659796,0.97841952143805511,0.99720362154360942,0.97657995667733566,1.0196958801092479,1.0077524433871754,1.0302959458632026,0.99916775276236869,0.97871413364044679,1.0244477635854854,1.0356124719199153,1.0390664210481044,1.0191404286295687,1.0104011865133784,0.99091061105937595,1.0172319375739758
1.0353311992989349,1.0113531284974877,1.0150048185638745,0.99721584089283666,1.000637596325981,1.0326418560021711,1.0113093362339092,0.9786378113035068,1.0170211325941683,1.0234561433237359,0.99209562512457172,0.9716083156355988,1.0009514638411636,1.0229119725088893,1.0656813684446875,1.0485830488964696,1.0318213142575579,1.0220566343236999,1.0292694473172777,0.98443819606614125,1.0217836509955625,0.97764282162730431,0.99928346169702265,1.0114618517019107,1.0197200110377358
1.0374043388593412,1.0327188503447269,1.0174597536121048,1.0666368245504048,1.0481782822193895,1.0231821614295531,1.0243348479100798,1.0036452257454602,1.0172072202181519,0.99959238581120291,0.95696645265521352,1.0084303601062146,0.99512448248909524,1.018712366313111,1.0053324383614926,1.0524501965195094,1.0440615412923686,1.0339197532225075,1.0070827015480708,1.0070502711320239,1.0290861872445143,0.96574524042358834,0.96524046546557352,1.0137167580193773,1.015966384878789
1.0412130449485484,1.0305684381184586,1.0172296627984199,1.0112227664186018,1.0159666416855828,1.0081327435450518,1.0086263447149486,0.99546362170636715,1.0244730547699341,0.98750249571247972,1.0174097721991069,1.0059918627945379,0.98956711885173987,0.98216691594706707,1.0178222912023154,1.0229777172498233,0.99702988209114674,1.0208861355377186,1.0251520568980752,1.0032893899321407,1.0404956510264236,0.99367031608685996,0.97754450502004742,1.0078485975240576,1.0298274441815569
1.0328519507682428,1.0379568707846512,0.95932383483322969,1.0397602285720307,1.0018422835663203,1.0217151965333424,1.0277481210931301,1.0005225233101309,1.0029010381935379,0.98282200215077775,1.0060255742483781,1.0197329464842921,1.0277838950726998,1.0183514702394534,1.0208396525983723,1.0339614186868171,1.0210639164050734,1.0204215532752503,1.0188082946227517,1.0343054459019725,1.0041085621232109,1.0354001544878666,0.97876762115314142,0.98292376485739286,1.0190022062034134
1.0466340484068581,1.022744319878482,1.0486382580051388,1.0070786544996688,1.0264526781029504,1.0304154549554636,1.0146097015573559,0.99940458200833249,0.9951202417301408,0.98663941629597307,0.97226887409059204,1.0516622037195673,1.021829287518121,1.0257872739496667,1.0547058290054023,1.0413757632572875,1.0287521946456593,1.043463218108976,1.0254685345750059,1.0087689138660112,1.0243447947928361,0.98998704177130636,0.97601305038512698,0.97622369291622535,0.99402053299567472
1.0280733355455536,1.0294770829970339,1.0340562436643697,1.0019833248058925,1.0138116068594567,1.0261204929534633,1.0244468900788393,0.97637859887403633,1.015913416831661,1.0528622799760661,1.0065467495420113,1.0167882845559868,1.0425708219827581,1.004726541343351,0.99664860440266323,1.0195348229903478,1.0111717800010271,1.0281836324164262,1.028969783171668,1.018141249394154,1.0216553484987159,1.0144154653927857,0.95002326171991969,1.0124032441694764,1.0207781025998748
1.0297791823157434,1.0225661486894555,1.0215886527092299,1.0019637786816467,0.9812732999173619,1.0170282397889649,1.0317945002719602,1.0264973164584585,1.0231843301563888,0.99089676489910372,1.0132446760053295,1.0082242581651168,1.0021795867300531,0.9861882700957314,0.99819082775254842,1.0117946301492211,1.0127122790650427,1.0292566884199976,1.0412262710112246,1.002783291381083,1.0353688472902485,1.0231192641296631,1.0002386482386145,0.98404578122421427,1.0423449539160063
1.0534134638321118,0.97987916901271777,1.018920867003293,1.0079492682055722,0.98454084409200715,1.0024900861841453,1.0083086249997582,1.0084289307795509,1.0156582512570189,1.0311556238071355,0.98169104584883837,1.0195415566819124,1.0094295610367821,1.0264830417940509,0.99419860071144328,1.0246309437273797,1.0241720607617575,1.0052461821200749,1.01440962673218,1.008058094327908,1.0178365052769247,1.029942342757828,1.0129974477527819,1.0358319609237376,1.0099758458773256
1.0411897262616763,0.95969933970438215,1.0104582797547479,0.98110050679600824,1.005395051109365,1.016936450979385,1.0319194916015102,0.97988537912155915,1.0208805142144188,1.0334480981798495,0.97594659351387758,1.0303905217447304,1.0124192134204613,1.0132012219182698,1.0090893759260655,1.0237217766197615,1.0390605821416257,0.99997355829276335,1.0233187646980806,1.0302118352554588,1.036069829090503,1.0226823124701316,0.99899056752401971,1.0030463393541842,1.0132622612579867
1.0273732678890521,0.99018900836672641,0.99123819083387144,0.98646591804556893,1.0283075557870629,1.0010227054972172,1.0409711687178074,0.98216471238204694,1.0330306815546868,0.99466823959933404,0.99761481238713678,0.97852509306642177,1.0378133115477228,1.0339075209177493,1.0081433200184742,1.0424547540092168,1.0385777827241867,1.0116519750429716,1.0009831953005002,1.0269305316262503,1.0286293171539747,0.9960695570213991,1.0192439467412662,0.99537071424145918,0.97149144467296322
1.0117198939480123,1.004727712369897,1.0093154747442343,1.0077980259301718,1.0043092637741264,0.99961202232196866,1.024221738652302,0.98327434259260382,1.0238643335321262,0.96696172052606122,0.98215715192213215,1.0471752216785273,1.0415235999589914,1.0471759138424497,1.0283846568072734,1.0139455594440923,1.0143048340880785,1.0218280269787698,0.99305342569486221,1.0364627216430484,1.035597286200455,1.0186432965556156,1.0068036261176401,0.97637333692724437,1.0383293164698686
1.0580908091329408,1.0049342713712921,1.0012952270624231,0.98981380101997718,0.97116554798361709,1.0105533399882189,1.0555612094502489,1.0152588220038012,1.0213975181105557,1.014676201364854,1.0151063559949982,1.0290600609155511,1.0105864744054864,1.0387968381940789,1.0099400816695008,1.0231201105161718,1.0281441871985075,1.0566692563070079,1.0258398720630695,1.0458838063965217,1.0601636949323159,1.0163230827342427,1.02477679544395,0.97923376104469972,1.0149977247097004
1.0362495523713593,1.0144111197747037,0.9966663352802303,0.96750007242535097,0.99353015146620383,1.0025976284799698,1.0366873702985819,1.0166458477134723,1.0377981183734915,1.0109132523717408,0.97548188787404699,1.0346075253536884,1.0027885075364116,1.0346556154032627,1.0133433486215375,1.0430108948543584,1.0097943359459316,0.99484293887647657,1.0032890557745795,1.0382676857262652,1.0224899621067833,1.0143369977094541,1.0061261092923732,0.96566810423115446,0.99602453974878347
1.052365115463479,0.98003074296618764,1.0206279707854107,1.0045670424377855,1.0010556187435393,0.98875223827647551,1.0382194917118375,1.0103287365064717,1.0389618869283337,1.0416867091887785,1.0368618486675072,1.0337214434951316,1.0502211800891281,1.0475754288102768,0.98190396080821374,1.0486748697996178,1.0244501036711526,1.0196282186796062,1.0136360228578514,1.0372776980612735,1.0313289895017055,1.0310936367640839,1.0064356161443715,1.0318440594256497,1.0113011580555398
1.0256663330404199,1.0144405942384114,0.96858537674104916,0.98647975542497335,0.982790184078986,1.0103494238453596,1.0341332323744898,0.97978485114784641,1.0451426951847529,1.0148779833661945,1.0270824461462247,1.0253907620719322,1.0298802928112902,1.041656271333361,1.0133503463724991,1.0391021609206461,1.0416044601771079,1.0122648006389143,0.99208889765645414,1.0200405847711147,1.0005139449219578,1.0236110316136251,1.0245565197766149,1.0400264899477538,1.0277245074243584
1.0297216065720025,1.0074437188853154,1.0074864042834333,0.99131961403992908,0.95468267016695618,0.98675943032430569,1.0294895823133794,1.0348887557095152,1.0187121516291413,1.0452241365222099,1.0503740596476658,1.0235410215253726,1.0500088007987347,1.0091868671451387,0.98806362298761641,1.0386798932776651,1.0246512958526393,1.0095912470484179,0.96689272512897562,1.0316823307519951,1.0525383262941053,1.0156906222554856,1.0146975459290482,1.035089824435889,1.0274443909505155
1.0199964964378601,0.99668472158220156,0.96861937833027834,0.97622293435959695,0.97043089119341541,1.0232905423088299,1.0370553349220206,1.0133121253806701,1.0381534983135019,1.0231986960631678,1.0170331587070418,0.98871459801762107,1.052873338753781,0.97923039990949501,0.94039159043632714,1.0284363109565648,1.0119071682807341,0.99052837025811169,1.0297518619459927,1.0451120151959599,1.0412502343523737,1.0188467766419709,0.9856980677595194,1.0369997176176142,1.0142580467592215
1.0465179941984113,1.0397910318727051,1.0206984663541434,0.99852277219898322,1.0280668873164829,0.99215163434602593,1.0443483370788451,1.0243218484081378,1.0281506216785479,1.003296863723772,1.0405134479335938,1.0208605203486918,1.0391139493099022,1.0187679891960377,0.9979014252595011,1.0159691212057991,1.0087918399170757,1.0303447896112918,1.0166515644850489,1.0396627552131208,1.0186908198052802,1.0227153994748122,1.0100797333752392,1.0241007341060144,1.0063875161079245
1.0371460067014966,0.99497798791040826,1.0065219829724827,1.0002980194105293,0.99683956843657107,1.0375837540165032,0.99412517517460175,1.0096524264541282,1.0381234433512494,1.0361050505290679,1.0323974899631565,0.99398114467382537,1.0523547849287451,0.99696135651291873,0.98403819422095051,1.0207001133968447,1.0377469224811895,1.0260426573324577,1.0422858288397163,1.0342665669149549,0.99133176887896557,1.0034428577257608,1.0139210706551813,1.0263436157056174,0.98549381571981953
1.0416649169373213,0.97074375038768257,1.017215494459863,0.98594444361382627,1.0238973902443698,1.0285151790610279,1.0250755862669023,1.0276141551194733,1.0203302122443927,0.98249068917714688,1.0317947482540473,1.0213852371779235,1.0210047977778269,1.0087274804751079,1.0496903616877391,1.0071903853829154,1.0290217402206003,0.99830605895431268,1.0198289949656694,1.003717418350083,1.010678232277219,1.0014372807465091,1.0333632860199773,1.0338858146606797,1.0316366200602878
1.027159739264732,1.024818975109576,1.0141251237783178,1.0289130798662518,0.99823999783998774,0.98924705105670441,0.98234916307815956,1.0295500450929058,1.0272556947793583,1.0177199052236723,1.0499163067620778,1.0102866738810043,1.0365963850382167,1.0228968998605628,0.99433830700115511,1.0424550435030537,0.99823233634405339,0.98197397432439626,0.99425695011453574,1.0012525720367531,1.032772427048491,1.0355648507976607,1.0132395731629851,1.0276671025712478,0.9865690302159158
1.0402206072337443,1.0161844907821043,0.9984123471923062,1.0040985491022836,1.0293630345796367,0.97384249322240357,1.0230612245584008,1.0194840894201775,1.0196078343034813,0.99350795459609353,1.0267244542989427,1.0236781062103095,1.0377030694934972,1.0164736773573624,1.0247874396403096,1.0177965827497604,1.0124443889792085,1.0258676614080597,1.027488964434214,1.0390491708060887,1.0079819400134755,1.0197077396807734,1.0413882915617549,1.0411067080370848,1.0173220084806869
1.0361263952030888,1.0087213413030167,1.0214035225081624,1.0036016996526531,1.0476575339879424,1.011260632201906,1.0211412215902167,1.0365122889551115,1.0358319422352076,1.0105259712575363,1.0410782392320577,1.0026101636775615,1.042251470256643,1.0234056929504434,1.0171033434129599,1.0119203141162596,1.0209307713271967,1.0290374593584244,1.0417629385281306,1.0133057072159355,1.0057372358941419,1.0202721827773293,1.0129398330018751,1.0132533803748165,1.037937854661743
