0.76569065998169228,0.58601393428410586,0.71474689644996725,0.77263465885534366,0.87343275929563813,0.69302531634906794,0.87855603602039212,0.7596739169609763,0.85999248102656489,0.71856008914430536,0.65382895718674827,0.78261286404223784,0.79828252418848722,0.73383467519356993,0.73801448393850599,0.75280608567511276,0.50932524224462272,0.74711947445579896,0.70458382281967735,0.78698533599118836,0.5836024110962309,0.74205320284197196,0.74775992310502093,0.68874553800476213,0.68785121239028746
0.77742270556285331,0.83205030904948529,0.70203044685732152,0.771147436645923,0.8734651357446146,0.74918446676757444,0.91706371279494192,0.74188104054806103,0.86955010750636474,0.71749874096200617,0.64249944068249065,0.77344449832617868,0.79244240902049778,0.72287726400982188,0.85627932807184171,0.74976661639669873,0.74109089034105302,0.67995086735254662,0.72617736070054839,0.79051524810791118,0.71183527045604023,0.79434592646648072,0.69104424641901807,0.62045699795125009,0.73911394045413248
0.76532257127191816,0.84734867142181614,0.8665633371665149,0.78226314126619589,0.86055151485105597,0.75652729632836602,0.88758902972616494,0.73655805223651505,0.86007557791610156,0.70928041577398759,0.74941970612717501,0.81979532255557863,0.74741095732545493,0.70200176690537208,0.92553904462718373,0.72404522544349126,0.68075129800779854,0.86429471217250042,0.70885165640392012,0.90500182618679925,0.76623497791405148,0.69591739411256304,0.68915545565202707,0.75111540408055444,0.78372607493495161
0.75940033122107675,0.83817938902959432,0.8592192306097326,0.78526315840062899,0.85553011412766744,0.71670855497323915,0.90066197278342697,0.73117935672315026,0.84966387131662846,0.79565161316740596,0.75406879826891937,0.8078383430671543,0.79684967115872152,0.67164779155758281,0.89219302842056136,0.74798647990061129,0.77716990169085831,0.82355455049297899,0.82016299024361428,0.94521872428186882,0.77255693896429467,0.65048675390267885,0.74818646192310001,0.75956001936732853,0.77574474073433175
0.77933621657098473,0.85587431741731801,0.93709994473053138,0.71024186427988567,0.85356857851980894,0.85542322379460667,0.90577206312887992,0.78084636388759843,0.84183866234609228,0.78574982982620456,0.80110196847230031,0.80649113705752751,0.76905059728485958,0.62875643245223278,0.88893624064264332,0.89686113100127818,0.74199552748723141,0.86774944871986215,0.79573392420668199,0.90688281356173761,0.75632303691669245,0.79328757896229707,0.88380910099647259,0.73385667082738693,0.78963939065328836
0.79439693449576643,0.83711986367358038,0.8202715929258928,0.75721778200330991,0.83836503892716585,0.97238710799584804,0.89196104751929695,0.77001800910009799,0.84639397606767319,0.80635295083164826,0.8089532272476947,0.81889477184441628,0.70195511681148204,0.79356175708439702,0.8804016794971572,0.84649404585411647,0.8642057699419663,0.89438698437709407,0.88154672600049844,0.90489697246240697,0.72409616535241783,0.77814194248039692,0.88840658375789028,0.71545691698488512,0.82488629989606854
0.76736839796065137,0.83999901111287756,0.94838819096649296,0.85977088005340829,0.89108598760057667,0.95299794363227652,0.88194634041252462,0.6931944497866922,0.83958882253017242,0.72036686588043353,0.7520904385711793,0.84855875232203448,0.85071159520999606,0.78437142721874942,0.89929117681819914,0.82670958472888145,0.87636653511430895,0.85956321901457566,0.85870161724215344,0.91090216264639401,0.76479236011034302,0.80527477866842279,0.83994995487710256,0.72148929290559716,0.81645289918011055
0.76928608061778325,0.82962344802799415,0.96586286839968327,0.85642844015927977,0.86460585096602616,0.88331319504835859,0.90677639339338245,0.79376498434487319,0.87830125784833035,0.83860174189359105,0.71991839222474374,0.81287524623678675,0.80496584145428762,0.77175756756150837,0.92123236758743055,0.86725607070240318,0.88219216956072355,0.86680444965272985,0.93896556393577058,0.92566374950252017,0.70251639028837864,0.80210416358198477,0.91936306753335661,0.71191217980186461,0.80324983777446102
0.74412978575041033,0.95166259410225584,0.91538083514298951,0.86460934767575548,0.86643197233326497,0.94356337677541702,0.89099262850220451,0.83046818226426433,0.84193787005613474,0.8405079799281463,0.82485160183520589,0.76129517896013243,0.87989200006656176,0.82136516561701856,0.89517743456409238,0.77606407540479927,0.8376441040453626,0.8842275458356158,0.91394921466383361,0.91496585130632269,0.76994601112566752,0.77871140301958841,0.9350164713851401,0.88881016663045187,0.89892061219484309
0.80723049030221772,0.93408334142747163,0.93104283814321576,0.85852213691381241,0.86461081270204343,0.9326575799782687,0.87248998447134207,0.64615425145563643,0.8484484907194928,0.83990171326751217,0.78202161512680568,0.72942965567889573,0.87239993634520729,0.88064339270830638,0.79656112711002502,0.84341048066136637,0.71836513441165695,0.86695410266932182,0.88157639656980569,0.92064357024976418,0.6726017513514051,0.74769326322276186,0.89022204210662237,0.88823075908434868,0.90813868145204935
0.85346115030716541,0.91778193286714282,0.94718998361861584,0.7838337164901007,0.85677623704538897,0.90132429308200335,0.89152156130653826,0.92969420102191924,0.81277458054223151,0.87249212369541773,0.83590833301965095,0.6596848372378189,0.85311231975732393,0.84724988514628452,0.88575305044060226,0.92373343769130223,0.65988315225340199,0.85393351123918126,0.79744568168498076,0.91080319987945946,0.74833105460404503,0.8083083863530699,0.87820961885651316,0.9103310803958099,0.90554093261474722
0.84687434588028043,0.92829182219341511,0.91188479266207711,0.83256749706088284,0.88511363198173121,0.95552973257534413,0.90498756360548915,0.93964291260858002,0.87356110957877575,0.86391342370440427,0.8711852353180416,0.76252941396760643,0.87922755967884814,0.82925201165068674,0.90629869468819291,0.92918689999133475,0.68817470792018842,0.84952205465332542,0.82197915658436504,0.91605192298758098,0.72088094351390308,0.84431523157627475,0.92845950889592832,0.8806699773656036,0.88484257769275976
0.8165797376961077,0.94442382250429435,0.92078237203490565,0.85279417123772883,0.85629679993661401,0.92033121850671029,0.89720316755357521,0.90018276035262446,0.88086454160441996,0.81121941010473386,0.8172820291411319,0.94771734645486116,0.86829287016773715,0.80169230811748426,0.89359115769272746,0.91815047720943443,0.91262689433528277,0.89673611952847754,0.78688209169550005,0.90729544875902157,0.62314443836031053,0.7942505487091206,0.94272417439315004,0.88089909976103198,0.88236858834912535
0.80354483107028496,0.9108198257272605,0.94668971179479222,0.84344200317404194,0.87848893848170306,0.9273610720753066,0.9196262579968435,0.95101912171139869,0.88942316376578734,0.84847918766031249,0.83671468691737472,0.96953613900100333,0.85239709282523402,0.70962744436537173,0.90883841074984317,0.94752472530170617,0.94256754300408341,0.8425603176266494,0.735594151545087,0.92196567139140528,0.67369442587321615,0.72639379325908882,0.91208463590384481,0.86197595776024849,0.89840832811665938
0.87318080269288056,0.89531369927767335,0.92325525072054782,0.85225890411286831,0.88306150578505493,0.92049809307869679,0.8738252905006002,0.93621607515657268,0.86219541821691192,0.88377175059409363,0.69614289948462438,0.95359943199966024,0.8694880628832401,0.80236153078881667,0.89378477806430379,0.93213164170422624,0.91760754856360316,0.89875572889888511,0.73178423424451877,0.90813550326354575,0.78243494592650342,0.84865037572653357,0.89539089498734326,0.93109847409056257,0.89665783235508667
0.8307891107791513,0.90790176584891313,0.96076790068640661,0.85730550597355426,0.85974360363629931,0.94333494141954788,0.85048900692462426,0.86503648579107995,0.85916462677463523,0.90134287212052711,0.85417094947045491,0.96884656423899074,0.87443974876097152,0.86349564826976,0.89988112778358009,0.92996730565614516,0.90336419694569947,0.97826618422869849,0.82026227671771679,0.91251814876568083,0.92523593507744828,0.88247597740574057,0.94290867526140931,0.92462757078104063,0.87640964707962588
0.82994542930541371,0.95553753878145409,0.97699768636513451,0.86644093735310646,0.88163644330451274,0.92285617736699976,0.75017347280901892,0.91590927289634161,0.83368415883947977,0.89719762204545084,0.9934127533761874,0.97414059576774203,0.91605020815002025,0.71271202565377356,0.83376585212039989,0.91072860258287824,0.95027218930051738,0.98104178757071137,0.77014172616577703,0.85982974167210968,0.94290423709036486,0.86369656706833686,0.93363240100106226,0.9702553806173132,0.88164538926784219
0.90272213805630241,0.92115690992709731,0.96096966342450263,0.84197469708142303,0.88127396062746854,0.959106552326908,0.6848293345781028,0.94607622062277552,0.81646918320159068,0.88792354793141426,0.94144519759796619,0.96040063868544057,0.92600932759224475,0.79267644640652302,0.85835233392665156,0.91572459327294375,0.92459186695746509,0.99419531886723866,0.75174855696152532,0.95320931054621327,0.9286804121095491,0.96340300539381374,0.92681267957529179,0.93193014140333941,0.8894325391400274
0.8573285282850055,0.91595443822510092,0.93010688375477391,0.89815228855655793,0.90268549976268286,0.97130352369705575,0.76759461101620996,0.91983913165512354,0.89228500512496545,0.91689543238001836,0.97233317557009491,0.98314538166553778,0.92155718439269496,0.81879766260074527,0.91359093270440783,0.88123305838009669,0.92817135982932719,0.97968412758596646,0.81004858867975271,0.92960151755044063,0.91114219597203983,0.95953759918774739,0.83662161856287443,0.95693257360919814,0.8949318226503078
0.83253893762295783,0.90956095241487478,0.95677628873512721,0.91485529202784421,0.87916010461665206,0.9220593500268256,0.89551204166369291,0.92742130669162892,0.94884602788860484,0.87282076254879304,0.98187750043302224,0.94664640431067482,0.92524905743008312,0.83038049319460516,0.94033954016742172,0.86453705812069159,0.90554452442988598,0.99762238333856179,0.77975960906883657,0.95780954153653841,0.9167697547496001,0.94105744701712946,0.79140994289890298,0.9831665607826473,0.90171311462276493
0.81020648227046488,0.92719870958160411,0.93383252934548544,0.95288218486825282,0.88914638896050646,0.94401537585103523,0.95570632477663164,0.936629684516461,0.96652679360079008,0.89319249647326238,0.94256313174666451,1.002524248212106,0.93407111064261761,0.90914668155365264,0.96718293211264739,0.89246465254895591,0.89504264532292233,0.96725032073103878,0.92457541057089487,0.95497047702111726,0.90555829064281324,0.94078950103449632,0.77670705607109314,0.97801917813821326,0.90309554782623647
0.83354128607915201,0.93210990302658425,0.94558809118165499,0.94490780196086677,0.82557272050532893,0.97300159815327647,0.90266817507126929,0.90571455250427846,0.96177153767270207,0.92449090119835975,0.95758347449458914,0.98785509077476297,0.92273708268009691,0.93960032141209615,0.97160726559465616,0.97821574344843065,0.94632334883033764,0.96912428243945392,0.93696469232147916,0.89708851932035172,0.97995358803371591,0.94164945777716969,0.89404154721481621,0.94845827818867412,0.89590559659065017
0.90806971974819906,0.87625338057634594,0.91278752866300006,0.84633889255541872,0.94090626684655987,0.95657924169794217,0.7393560836416152,0.97185480411221126,0.95405495189251477,0.93448728601679643,0.95666619069572278,0.93914260259369242,0.92339506237924662,0.93178651016648495,0.93370846061704327,0.96284089473605183,0.90886465239523084,0.97983095080787308,0.87070147347895099,0.86439185556035458,0.95507414284528314,0.9515031474353528,0.90513022692660583,0.96226940350023371,0.8143070563439827
0.90224720880390952,0.8439052253944328,0.94114854508637957,0.90614928522380378,0.92356372978451273,0.97164218657774237,0.89016397540059533,0.94766482937967345,0.94571468657632218,0.93601837614425432,1.0007913857875139,0.98557135433329501,0.93595317922762111,0.92712083965337988,0.91948113603845305,0.92775500049552473,0.89323159421895226,0.9858091542245786,0.87494035947603155,0.83723996145715296,0.96006899157302439,0.95624889732560425,0.92068983214435662,0.93309001669485658,0.93122094202585415
0.92371382855102901,0.8585159739906596,0.93120556322518022,0.9023330941723362,0.85467620357089868,0.90972503382798631,0.99396573484761364,0.92391816636153157,0.97236058249325608,0.94030958723764879,0.97161901746785173,0.98816541288006043,0.93577212680473387,0.95230100249396921,0.8938595292975634,0.94790413889396885,0.87050104971112807,1.0045960651453538,0.93465140234147404,0.96383297951829727,0.93857855695841863,0.94334327698487042,0.89047859827427978,0.96471022548553154,0.89012952326842787
0.90569630496132114,0.94654754713929701,0.9474019323230235,0.90714799594808737,0.80543311176111754,0.91576344343773708,0.94331245631054594,0.94414035837160648,0.96373831160746515,0.94488180680186751,0.97773986231005583,0.98319140825803952,0.91593441288421829,0.92305068257456924,0.91716177891774653,0.9498945299204794,0.93136083369470402,1.0008031828487656,0.85716618340000039,0.9262782147912022,0.94420182060925528,0.96404981650004129,0.90283915620372268,0.94975232093426687,0.8526257502958593
0.93740589004119768,0.94160386518596684,0.93927573134474585,0.87808378756426508,0.94200358165893849,0.93803162846654675,0.97798754361211415,0.93846376882209881,0.94327351965924455,0.9311500715012625,0.9925733740553988,0.9603092331945654,0.9672515617158649,0.95568057688075214,0.85790751152923928,0.95669329563835281,0.89054289708830814,0.99024004158056345,0.94637968235483427,0.93987337265969328,0.98436133722215402,0.95638797957223831,0.85058044799942001,0.94920880721790435,0.98932260271245354
0.92047765235753565,0.83297347544227007,0.80315155541893468,0.914130591357457,0.92213686672384232,0.94260022349193195,0.98118413766743173,0.91841962987360448,0.88982777544313518,0.94387739873459742,0.94655438521434321,0.98053467220956603,0.92354729909759914,0.93087735314980313,0.89860749461765665,0.9333948047623436,0.8344374990784964,0.96293518320781779,0.92149658679396351,0.9249613405315309,0.88546933080622203,0.99558014130839756,0.93006440830131965,0.96502087019864058,0.96734817017398211
0.9275468438082346,0.92125262486874793,0.86266561743903414,0.95734984457201633,0.98078763574319894,0.94387229417602114,0.92740508782728714,0.90728160042153472,0.9396443110027578,0.93376127695189948,0.98415757235042833,0.95919092933887895,0.95400534061320152,0.95308810078374562,0.86985543540053534,0.91439784809636193,0.91433099045910582,0.98444047490954278,0.9185616824424333,0.94220569389844522,0.94101103051110846,0.94203425602451629,0.9611098392438816,0.93751197395173946,0.9624740936149333
0.95994914769959006,0.9379725384592823,0.77043387531814211,0.97029476158614869,0.8860751096369085,0.94746532195835331,0.95884279067876665,0.9245202989328084,0.94382124093527808,0.94553355607440825,0.98650791136577354,0.97133370398834085,0.95378989516314605,0.93243801835892803,0.81930289955961177,0.83635413650765511,0.76606398958249311,0.95591837546125191,0.93594317116722325,0.93101947194716339,0.92507889626653728,0.94184483495681615,0.94418058889460998,0.93147141448562254,0.9778367238978608
0.96775899305860935,0.91903183822945089,1.0072178852863516,0.95260188535760648,0.87889217925699625,0.9479209675246435,0.95725490745967556,0.95851289817655339,0.93892197765655938,0.96822165382069403,0.99243466617956322,0.97664828285716887,0.9415975282871254,0.92533588259536625,0.89862082169620072,0.84196886768579615,0.91824020256662131,0.97907999467262641,0.94550450945302833,0.91939066580268647,0.89773738689707749,0.94114595376597965,0.95078671205938992,0.94353033218715976,0.99574689174832387
0.9539895944490997,1.0184344280546089,1.0131740927954496,0.99172477378856272,0.9139017743514255,0.92830577063821074,0.9644095682446332,0.96960424229963782,0.87858948505494527,0.95032923834180605,0.93285871298226275,0.97024543207773684,0.93581840959843976,0.93546034774728481,0.90397120013411436,0.85463427476221288,0.94302483188095698,0.99844168370587749,0.92079301370836897,0.94944530557968065,0.95869903624729613,0.93592473135013832,0.95544376214523663,0.96023224502599303,0.90801104396003496
0.97359515250732365,0.96522280642876224,1.0116516172115786,0.99599699159264188,0.96391561261433778,0.93391386687347411,0.93818122506029167,0.95514360321517822,0.91435847655480307,0.93985479613375822,0.96350485721468382,0.96521597059587183,0.9632192483821983,0.92341690488682304,0.92668133195898583,0.79176043842486021,0.93747656894783316,0.97939120551776504,0.92829294425049702,0.91427552676602175,0.91668489354768157,0.95162557169517703,0.97650308108930328,0.99185252725516704,0.96068562459472062
0.96013552127094692,0.93896026102450358,0.9587888337214644,0.97873822969297553,0.94838309304268165,0.90572759417477111,0.9763375949570724,0.77678774801590944,0.95175461568440667,0.95477534626197658,0.97074101150336234,0.97954834497500021,0.89445665823236709,0.91280004773307299,0.98389989888496254,0.91792606080175865,0.95151373206488088,0.98530232951104479,0.91720775951877964,0.933385759539197,0.98364887903239195,0.95156593278693347,0.96224643769199503,0.97870248557175887,0.97183729723183587
1.0164171446892785,0.95327920956131773,1.0044533917838903,0.95472009398163571,0.93720836800006513,0.8037572049884516,0.97128834140014653,0.87241387447652352,0.88758515565990326,0.91727174712998172,0.99060239621207324,0.99329708038357656,0.87052249525466185,0.91370594492153578,0.91869182221796764,0.87552243542098973,0.92716477473091075,0.97382612657059187,0.9392602853209373,0.94204374058457896,0.92398807615611889,0.95399617249324808,0.94491578744550309,0.91479645589676406,0.95746826449389244
0.97961733740958357,0.93905555642711025,1.0071743548869698,0.9592509327831189,0.96211869830232943,0.94220277095995442,0.98555973071109526,1.0220234269037527,0.85452487417649492,0.94170946334803107,0.97884919408238336,0.98133922157305931,0.86778538599165456,0.95289971088035186,0.93245549523779703,0.95967105009165143,0.91268259773778737,0.96241547263522875,0.94739101874372778,0.93144368040532122,0.97146207231992376,0.96972744505254138,0.99315436172058458,0.98056197313325055,0.96377535469742903
0.98097687673831913,0.96321127558202513,1.0253046753775448,0.92260435068263258,0.97807532851517032,0.93416869975189587,0.94970118688385807,1.005694450136664,0.85316587930212451,0.92432210131103154,0.98370293955476706,0.9690030806212856,0.9211199539333782,0.92570934054225773,0.92392738633992166,0.94377264215235346,0.94031976860848898,0.97447340205040378,0.87888005014433368,0.9290968619650315,0.96511572706585513,0.94183482465520751,0.94641320342872892,0.94150189746677604,0.84707432263922522
0.9452333303295638,0.98653360596324469,1.0092407128231085,0.9489941645194907,0.94824941451721634,0.96966558347291554,0.92546220086936826,1.0072060586141478,0.89871836915822001,0.92182426943614526,0.96364004043267126,0.99536062233522271,0.96190881324910293,0.95183023836124458,0.94113453657021739,0.96005920323226168,0.91289035813416997,0.9594806826666088,0.95991490578886229,0.93311383448916474,0.95756393377858773,0.93807066758026236,0.93138910068188074,0.95575686841892782,0.92518462840157656
0.97617059063642864,0.98864001855400352,1.0022990662665383,0.98152055582165154,0.94741997358454588,0.8718998380302172,0.91516899603066182,0.98973603047909742,0.91111307555847432,0.93798253731054904,0.9464103349283286,0.97292375736751335,0.93569668730204258,0.94714126807510723,0.95442441603532013,0.96842773551537742,0.95614228338118201,0.95432271243770128,0.95706236894199603,0.89592682174846783,0.96844815129284556,0.9569132047371971,0.95174526065915876,0.96608035770233125,0.90957818954519143
0.98196093341566015,0.97301747892117829,1.0160759238430084,0.95195724919514291,0.95977456244336679,0.90843038940592868,0.9161355702793762,0.95409641076898466,0.94495508043422127,0.98064441351457288,0.96053728769834879,0.96601579983368535,0.92715263070266607,0.91938924930156363,0.92280244325243199,0.95542482849378807,0.92008209350449421,0.96469362310467621,0.91311811333624127,0.91896033177037895,0.92597350142861867,0.94229934680630445,0.93262116619082525,0.95204881509614714,0.9486155522662445
0.94679084231871857,0.95454651925209388,0.95914964287321247,0.98378652390901788,0.93256440478455527,0.9278047157738557,0.91597294418263897,0.97500906125192799,0.93696940468998025,0.97444104557031541,0.94847749169163409,0.97356499749066006,0.90701044649641993,0.92937306434061484,0.93275948267703579,0.96342174955152371,0.9376513276656987,0.97838960905114458,0.88136671141801315,0.92148872658206693,0.97055194948440004,0.95409285606924488,0.92465574355104141,0.9874328519490424,0.93146909120485211
1.0097467353322054,0.97497419237470795,0.9724768284786165,0.95704971943212669,0.96674467695183852,0.93870784087315218,0.95195537744515257,1.0006870825737875,0.92730486261054357,1.0058135421661714,0.92414770624689357,0.96770084464296691,0.88800874845737587,0.97385786192642554,0.94715338104042168,0.94751969707975803,0.94271856018139866,0.96489422082185283,0.96373839815543894,0.8698469837934153,0.97201172623607301,0.94505680524687763,0.94192142826548031,0.96549958532033564,0.90134626919280414
1.0163637877143512,0.99819702061185644,0.96539649789654369,0.98312934306371313,0.94183464573532905,0.94089264528110494,0.95360381785658155,0.97929817449233458,0.95348546119495536,0.97087679045286435,0.95960783920539372,0.96117765765290986,0.93744134540657276,0.9550645784960915,0.92408117345843632,0.94888391827112395,0.93039568000441519,0.98531182244591997,0.94227876351717821,0.96561174233437019,0.9705135735593593,0.95869006423128478,0.92440797739170788,0.94472733478864368,0.90577860767354756
1.0290376063358933,0.96313305252820414,1.034543986873214,1.0051271102515356,0.93365687498101657,0.94609015637220495,0.98926708165402499,0.99286943813825379,0.93446730034007675,0.98586837209059319,0.97906473156860163,0.97494602319266011,1.0049420530555702,0.9529504962751485,0.93157159950649071,0.98923194850484408,0.99036434141359087,1.0029072425882699,0.93636265525879037,0.96972875841604567,0.95529952397841822,0.96397989845954168,0.96566992250699368,0.98725707894922798,1.0015860537402086
0.99800983476867511,0.96295098384831235,1.0086702754397461,1.0093866609126096,0.94010619792204697,0.97827375201515099,0.97972119442528516,1.0072730071852922,0.94349340833804585,0.99427129467133624,0.99030894800439973,0.97821122720778797,0.99654330219589027,0.94506844497394937,0.92341999737800928,0.95794367721123885,0.97782040077791399,0.98202329625951523,0.94431497816275789,0.92962981043191018,0.97758253524895733,0.95716247602018434,0.96554210424970732,0.95706294101080913,1.0238726735434249
1.003402916510667,1.0003782675094215,1.0193350603522446,0.97916131611696189,0.92921678138721886,0.93555251449685684,0.97694941161719173,1.0095365644897141,0.96949999168294709,0.98896655785485288,0.98435494657450484,0.99203341988553007,0.97203733099875222,0.8989123019047589,0.91101366388738125,0.93652917251998402,1.0220568770508112,0.95956504603322679,0.95636166076593121,0.97581942637480601,0.92230778698259519,0.95279015881671747,0.98983724540348972,0.99119812156690801,1.0143452321617534
1.0408712273470084,0.97516364808186595,0.95943499723488701,0.95627257511550456,0.95106077234599629,0.93610727287731177,0.97697022721700189,0.97010604995813121,0.95268706676313231,0.98753270362920542,1.0095638832866931,0.96819845043899266,0.9780334033506547,0.91953365692711997,0.93570140705304938,0.96321131830668683,1.0190655499900121,0.96641185110716077,0.95916242942748908,0.96367916401033482,0.94265170403886667,0.98064609490458388,0.96957347176501041,0.95633650094924361,0.98330294673384033
0.99181666185911621,0.9621190977019074,0.89282300669809189,1.009654767972002,0.99326882580751286,0.93599542076362574,1.0309480597547658,1.0167346033116829,0.9512451295533767,0.98402371892696283,0.97114539210010209,0.99672276784695513,0.9782727641851644,0.95550164958243211,0.95471976322853291,0.9502031357240508,0.99998704145174577,0.98359956017050298,0.90906217184184912,0.96101827831108932,0.88928355472727294,0.93307350705470249,0.9769885440447228,0.9773988392630063,0.99684069688001953
0.93126096850451734,0.97179648566371646,0.94633646894839318,1.020364233671226,0.97834400745883388,0.95653725578263737,0.98924462589785023,0.99383949896823209,0.99506813762526347,0.98485468547846922,0.98936877533943102,0.97756725642572284,0.94617006581673391,0.93994283265308753,0.9412571839130891,0.9483826036089622,0.98716005769636894,0.95097752582013739,0.93764375625751872,0.96417298959184605,0.94030215757491042,0.93298622933248798,0.96373547711709251,0.9542194033412783,0.99809203766599774
0.95264922540480124,0.94601876748047664,0.89394508984060306,1.0268286672263154,0.96889815632235998,0.97637936796321623,0.99166975046786343,0.96553538726237442,1.0018161983553293,0.97336391518181098,0.97955655689908583,0.96144502491181494,0.91746094501973463,0.88948978743028373,0.9297645058473698,0.96078512342963973,1.0069260574010508,0.97666512795699945,0.90666078420541218,0.98145120985869116,0.93754030197842675,0.93601886096835585,0.95444288094100238,0.96156503299321816,0.99655848292540861
0.93570718364618322,0.96893484539526431,0.98242254400116835,1.0069724902267039,0.97059592349240087,1.0126316736519212,0.96462495350030963,0.9798072781811632,1.002456699983679,0.97670376984692753,0.95400647158868046,0.94909221011010636,0.96716308526181483,0.91906512956013986,0.92554022154786963,0.94299521391729124,0.98662788774591947,0.96972453516027113,0.89598416606234088,0.9734793632869998,0.97360417995208803,0.93556275702046066,0.9594620633616634,0.97707575207229425,0.99359605599802669
0.95196564473385259,0.9817706536962435,0.98308496637555365,1.0173445885260533,0.99224408866527092,0.94851056972437475,0.97975581258909572,1.033772674763106,0.97665829062269005,0.98719716421846904,0.97449289796058713,0.97671142059068061,0.98800850420640052,0.9096131767557355,0.96085383362450583,0.97170841580351741,0.9695439184009208,0.97196556219746033,0.94267835679759715,0.979517298392096,0.9826379558504903,0.90221830501837985,0.97937739011972569,0.95074875136897596,1.004005314491591
1.014867497150312,0.9697371062477822,1.0103682000221685,0.95588198819430903,0.9347848394463999,0.9606034531467651,0.98455576973640768,1.0072067475172726,0.95354846735223309,0.95168721728413419,0.98560415031928261,0.97498237433555779,0.97297451632075305,0.94188108607454812,0.97287622086843728,0.98577717887583682,0.99932569670615068,0.95563614009509479,0.88337166579311421,0.96414089544645676,0.98767309175382245,0.9801303151677393,0.9621551986286967,0.87632484163518887,1.0109089127074333
0.95380850984876753,0.95835013978817896,0.93250278038812562,0.9118825228855777,0.93409066533827745,0.95595450245553593,0.97732879124062866,0.9811408066858448,0.95775838616556408,0.98378247383600159,0.99183107485220701,0.9807171734169301,0.9533725758323992,1.0214556408701552,0.98349364143613072,0.9534063645480364,1.0153598097553307,0.96872333572483116,0.9513945741434765,0.978209228672137,1.002347374926285,1.0086136482441672,0.94606590479085784,0.94732849001598274,0.98364847691229818
0.94037502903905179,0.95317418902909512,0.90594794636934128,0.96995379161731587,0.9122390859329188,1.0084390332845461,0.95498600649375154,0.99003498170026583,0.98366452724235698,0.98292936919346074,1.0017020829835168,1.0045830308226273,0.9480833669307891,1.0291122422481027,0.96131987590910861,0.98655259037734233,0.99676035066478708,0.98125740412186391,0.9557287442682858,0.96176800803331064,0.99046366511812622,0.93813399990665913,0.93554797169838988,0.86951153320170838,0.99105281470608519
0.92387784812069695,0.95764720843998985,0.88602822756636879,0.97279503615880381,0.94776455086529088,1.0242248358830024,0.98241619720492201,0.98966901974090971,0.98379159282253403,0.96909628113250434,0.94700003918405873,0.9550506928514354,0.95295282524766245,1.0079545316671967,0.95290991172117789,0.9439409251412253,0.99186630011006871,0.9797059667551965,0.94012855550087182,0.97321900160176322,0.97861030812897465,0.99870977263918059,0.92716966800327227,0.93362482885099418,1.0254040893743184
0.99727010104081615,0.92272989655920834,0.96283277502090259,0.94623705001637037,0.95852182918912776,1.0051390850040038,0.93226431361443352,1.0360585478819506,0.99569830448426389,1.0084390779328138,1.0162142847278455,0.96988030704879202,0.96067711398048594,0.99208820133649356,0.96321245344134299,1.0161771535854236,0.99565133514703608,0.95740797014125012,0.96837828799630632,0.95453561158265898,0.97036162232455669,0.96414888450300917,0.89431646184020486,0.86662658902205048,0.99180365348982658
1.0079592610067978,0.87012193587127018,0.97415857967173336,0.94133493064901375,0.9582406523588255,1.0180123296055972,1.0221043782577435,0.97355153842279385,0.98307323052237394,0.99307573535238969,0.97750324933289612,0.9921976188542565,0.92691785432411511,0.99637221465852666,0.90367762580747557,0.99196232392525097,1.0059288924109706,0.98362259724877177,0.918931180692248,0.97732168429955424,0.97239160742643926,1.008514657852253,0.92366647683909764,0.91279853887618545,1.0124625711288036
0.96469835765882384,0.91521280986629505,0.97850610773142654,0.97311067017089814,0.95415911917475826,1.0052461753140534,1.0054479638383611,1.0242940324136771,0.96796180909616314,0.99246978519644713,0.99472027496031901,0.9493834477020141,0.97863487002946792,0.94134599842138356,1.0177013282222751,0.94480306105708167,1.0426798953070526,0.9932367106655694,0.94914048470742607,0.96804378091427223,0.96575394735171871,0.97798932557921503,0.90748899720561427,0.9755716753456426,1.0017388782597203
1.0202503189297618,0.95632701040071377,0.93876931002687669,0.95211709333608752,0.94921385959411475,0.99259653318043306,1.0084873907933427,0.99157068990486352,0.89986467526233205,0.96566890646728898,0.99957346842596206,0.92727920444694334,0.92248604312982685,0.93227090645109956,1.0312283948255829,0.96044156343221032,1.0071094154475158,0.97765623714711336,0.91688040500014634,0.94247774679826002,0.98145889683059595,0.94116876958718321,0.93970304488119583,0.93135582219663715,1.018232915579917
0.95205216342831456,0.90132998676791343,0.9779840506798283,0.94768247810087003,0.98653822906313959,1.0082787286501598,1.0370810659313769,0.97736689559937995,1.0056619514439979,0.9666999034373146,1.0012564893414995,0.98176721728926197,0.93856117661509653,0.91408535394304735,1.0535120697464169,0.97920765616777461,1.0174053923066186,0.95160678854498637,0.98768269761554184,0.95779983532457202,0.97136547910365834,0.97934312427292991,0.92784692387232703,0.93520506372837486,1.0048930807238321
0.9520503273509322,0.98088649285185747,0.97767754915682059,0.9394773132959775,0.95206802204482477,1.0105032973107679,1.0128257279810471,0.97455047559314556,0.8790912642681219,0.97577446179543392,0.98940139353427548,0.96266003468417716,0.93442353987341342,0.87464069538565792,1.0285438938060889,0.98245470697109283,0.97996533449749634,0.96647123941208968,0.97002820531415646,0.97321115749821863,0.96703637462990966,0.97441785933304226,0.98559884168573408,0.96497545230605908,0.98985085371247783
0.95565218158983134,0.96177235175492293,0.98159603895695913,0.94156693065076336,0.99525147876752518,1.0002854832304446,1.0157479048151892,0.99474186341688431,0.98171634461265977,0.99548834745736814,0.99220477004510454,0.92577745592132821,1.0554838072925383,0.92133077597549984,1.0476224802138896,0.98736554735192084,1.0140555697137152,0.97125755570043038,0.93874484419051418,0.97773445174122187,0.944216269514358,1.0100692505556701,0.98079973585010205,0.91826963153774255,1.0039018940087909
0.87084907371672726,0.95914639526255119,0.92155061038715014,0.98265297733048229,0.9928903962687694,0.9683708838697711,0.98206234370587253,1.0203550053203916,1.0213397219588072,0.97311640336916072,1.0032641458402005,0.9724922959143445,0.99888327196389193,0.9976170899013469,1.0163953911928187,0.96581853718227906,0.97637175575190793,0.96903504173333288,0.85822374854467598,0.88216974672594306,0.95067619652846658,0.93519067253496746,0.99035220344034913,0.87557155519085128,0.99907066951246937
0.94619900646176891,0.9371116282752503,0.88124849750218914,0.97410762629889769,0.98845730299195722,0.98696300067156661,1.0219367620549584,1.0490848941582265,1.0149090065375683,0.96384627143101254,0.97539477601796842,0.91988810774599983,0.96642658501310352,1.0036858122667416,1.0042813619054256,0.9803142403427858,1.0204799516973804,0.9888692035379919,1.0090495525020928,0.93921189322957166,0.99564913883120409,0.98429138977372299,1.019910891973888,0.95829403748351705,0.9862571978064949
0.92420938745403236,1.0004189269683406,0.92856457225017608,1.0019085971613007,1.0137250026863596,1.0002581714307377,1.0110546812387826,1.0412429468960966,0.98773248289358984,0.98249081800826987,0.97470082827871152,0.93187895788376973,1.0179010671823081,0.97287251057765656,1.0189370995927176,0.94881891517337325,0.99918123137130765,0.9890265911912729,1.0032218597730012,0.89552346889687495,1.0025510459129605,1.0034182686372675,1.0107460058775652,0.9752240181411681,0.98028570276272309
0.85731606915505698,0.97658734460204633,0.93443366775277092,0.95449159147872586,1.0136528328741212,0.91824393561950035,1.0108005640808009,0.98195266643632018,0.96407336579853209,0.95919583038561218,0.99219303322935404,0.96434313178717801,1.0309133307191769,0.94488760501538227,1.0486838150917359,0.93930503074224558,1.0080062158927996,1.0016968530627972,0.98666019748516154,0.96303144593167433,0.97134287777091388,0.94231839779300353,1.0212589024945504,0.98470512651510145,1.0080644504634617
0.9460840301304706,0.98130634077517342,0.91257467375345813,0.94676294414251994,1.0164094004045523,0.94941925733267274,1.0189012194154341,1.0197126266670093,0.98656067944995907,1.0116547696269305,0.98507035470500781,0.95783941448489851,1.0271357614676764,1.0010131827587481,1.0512712759121707,0.93307476555488333,0.99632723796738043,0.96889861592944448,1.0087168684811845,0.96000222881357422,0.98561552816867626,0.93266268771542926,1.0390352419606925,0.99607781822906794,1.0333988356425585
0.95968017772624392,0.97803005287707179,0.87985843006549957,0.97617742318869227,1.0093421362870445,0.90766206976436858,0.9974822529888826,0.99912976071847859,0.98459570791605455,0.99470640709644698,0.98754343430704805,0.95380438482713559,1.0138346132378317,0.96493041002673074,1.0245692875559966,0.98184018919110339,1.0146601858044679,0.95458319584156059,0.93899347569288605,0.98560179099306566,0.97287644032369947,0.98251408914093041,1.0303581544337079,0.97039402978091793,0.99552395363633839
0.9508494687134853,0.98810486739023873,0.89186645379836715,1.016735045360635,0.97324304895362468,0.95458616066561874,1.0385877055411692,1.0162304810319678,0.9964308422467052,0.9865443155519531,0.9835558951527118,0.95027848336057774,1.0154083317530604,0.95147247396667334,0.95772793114323473,1.0180426541497802,1.033368259227504,0.95489439683113631,0.94095400677880381,0.97053821850641031,0.98282629441472946,0.90944900284026087,1.004620144229587,0.93119435560470354,1.0206051819065156
0.97970437694554968,0.97834818109047306,0.9210005117750284,0.9840883346469611,0.98646820716744188,0.94540323631456991,0.99471269924547412,1.0576900045279742,0.99715804085458815,0.99702210161606009,0.98196881318200324,0.97649964118362864,1.0151963124123302,1.0121145060056769,0.95757492535960798,0.99273634829500934,0.98655838369369875,0.9267769913096795,0.95825337864148186,0.9783542992446056,0.97825881776440538,0.99247255248832589,1.0101678616389875,0.91249710004363072,0.98435765522835383
1.0035776488519152,0.97128833357787536,0.90167160668017043,0.96405287456618982,0.99107051094837806,0.9596556876754806,1.0124944568748622,0.95857583944709546,1.0167454322310032,0.98834705889986207,0.99228749567342511,0.93021937669083565,1.019625942961695,0.98980547066355107,0.92790933968444855,1.012299091259945,1.0234088464106323,0.93818953346925837,0.99249957291096802,0.94979523400415955,0.96540455358971244,0.97691320607260967,0.98385889839645424,1.0087341821645914,0.98732074045765772
1.0005196770146516,0.94173526251876294,0.91208129446720587,0.96864321145098631,0.99957998295245587,0.94645675117381545,1.0217758518155113,1.0169442690983741,0.98332567286132355,0.98181574682924055,0.95656277984058191,0.89976001636272462,1.0099778143243818,0.96304968614801412,0.8731032745465912,1.0030272920108889,0.96765559235773424,0.91041095969425623,0.94334364604498921,0.89550563317002563,0.92768830101343169,0.98015696107810502,0.98789368983612647,0.96458387518705724,1.0139405048799486
0.981480023853885,0.97602205959030897,0.89052208788252363,0.97264011986811472,0.95297396299862025,0.96606927107846297,1.031054901933383,0.99998509379757938,1.0153779705817814,0.96365797542382681,0.96293400393451933,0.93426267532157869,1.0027248625576552,0.96702399171121411,0.9942939313568524,0.98507075946228828,0.99946341927369786,0.983416207153199,0.95708239932229777,0.87858092020681977,0.97224340342051718,1.0089200359542636,1.004392169700643,0.80151623127657423,0.98251984707687345
1.0006055083119436,0.98787675276228937,1.0079538783357429,0.9980843141646274,0.95937768083990393,0.95892336573137937,1.0083838018480535,1.0110284160323926,1.0226026659143919,1.0143233394722655,0.96446481218766433,0.9259658250120002,1.0332780599723277,0.98173576020795306,0.96412047765346498,0.98549547899355683,1.0102965411767764,0.94647258105306586,0.95521462211788577,0.95638517638310705,0.95620400762758695,0.99521105757774631,1.0102808350949084,0.89228669727990351,0.9749858563665007
0.9998303541193726,1.0018292199373551,0.99602105598628554,0.96633188600264097,0.94750797044172264,0.95676385923676643,1.0118600766572776,1.0025399297715769,1.0115544819790037,0.90370748862585282,0.97018362493709254,0.83326964903941547,0.98470649092596207,0.97548984448041465,0.9565546408182618,0.98004506613630826,0.98027886496812688,0.92244727720661601,0.94323197216030286,0.94363541982056409,0.93492616569425258,0.98998223103568672,1.0029939773371022,0.9467477366086432,1.030636444681885
1.0090376442678215,0.99862954367904566,0.99091394819036926,0.97023642400056875,0.96571434993042526,0.94666153330345426,1.0330212183482528,0.98026742149074542,0.99602565969708334,0.94005999041460631,0.98716506874674825,0.87931943848807714,0.9692280492818921,0.96884295243424023,0.96457316183610842,0.98468019341418667,1.0166618540843499,0.97286459633229994,0.88886791258497899,0.98517945271223395,0.95580122552858238,0.97747083817626312,1.0119958607362409,0.98078228349063368,1.0268404528807216
0.97688522529762611,1.0004619362658504,0.99939027733942709,0.96922025409061818,0.94465842105913767,0.98754275964028881,1.0074065172444218,1.0316914726495487,0.96788965725895748,0.98655825205029957,0.94489130460546833,0.92996413982765858,1.0016823855058492,0.99892957050372322,0.98329265587511949,1.0330014611880671,0.9197837953471385,0.97095010327019171,0.95708131796099416,0.98943318208070885,1.0044265467129891,0.97863848830776279,1.0116594392183378,0.95870222837931685,0.99539201614314488
0.99401522649566365,0.97501817427553295,0.98783989663783311,0.98637660424607321,0.94865928218027851,0.98128801359476348,1.0313508145411137,0.98673630731562201,0.98765857551765091,0.99185217414523286,0.92593233595249291,0.87861631854172906,1.0035534528423955,0.98749482018761181,0.99964497275740505,0.9910180473996687,0.93263133722468694,0.9497295776157666,0.96492831344631524,0.97211790735295356,0.9671992529557405,1.0106842522507746,0.99149969774164171,0.94957453314007878,0.97852829434429489
0.9540010863683227,0.94810223426764528,0.97401240876480644,0.98375632847157857,0.89434007910208657,0.97407315029894193,0.99821049201583989,0.97902804562411727,0.95474931152204812,0.99338630793989624,0.92979801191847322,0.88944595806720417,0.97224662578895771,0.97626342696956903,0.97612991513904179,0.97284299547363517,0.91642016636314383,0.96593442251755557,0.97325702551943216,0.99034907647858816,1.0057997194853578,0.97755331622871955,0.99890231413035357,0.97773651067052281,1.0070205221405428
0.97666967360820844,0.88198328984169061,0.97078345447780123,0.97419706992965494,0.9901319536837746,0.97728972106660539,0.91004952225107871,0.9484804243853806,0.97079068399743784,0.98104440602325127,0.93439867410672761,0.93416762306796264,1.0039288734438909,0.97709120009285633,0.97741652393551259,0.98279106556107676,0.90730006144963848,0.96445101591531912,0.98198726001652692,0.99762472103970334,0.95684448909390318,0.97437040683359855,1.0098239186294731,0.98969843251477396,1.0021609086782128
0.97161376749172346,0.92398168297753858,0.98129862494854403,0.95009267179923507,0.98264827574583757,0.9767629435269003,0.91125601812757528,0.95852353884157104,0.97480024594461212,1.0352546823227782,0.98020567377892298,0.96885588264239497,0.99622678876151927,0.99801454296261416,0.99252903123283764,1.0091361013371396,1.0307206064147953,0.98843926450493824,0.96297074901499957,0.96103605737822451,0.9753366041283793,1.0010173741198649,0.9842387990901752,0.94658636692728726,1.010196534488951
0.87268410238443561,0.90127538947663444,0.90763742838884787,0.94120562297438337,0.99880756544308902,0.8856512123043413,0.93343653770275292,1.0044313652009023,0.9709983788210288,0.9599520947990503,0.98736302196839798,0.96578815169674859,0.9689637042642284,0.97509297160071695,0.96060255779249926,1.0043401637207834,1.0096898172913433,0.98727042039361823,0.96122045187491045,0.98090812610055422,0.94673593298801062,0.9950882712224588,0.99363268175433206,0.93346286314244831,1.0029097380518619
0.96799735820359933,0.92121210609501847,0.99085394376333968,0.89282009397013751,1.0138191279648794,0.96872530269065849,0.9310102338550047,1.0379242262871569,1.0072921227644693,0.95685366986850828,0.94837130387003898,0.8691233550158548,0.99478936287254482,0.96738698097837394,1.0166774537516834,0.98187618232245444,1.000833027540329,0.99582845797416786,0.98033954146131974,0.97110580522489598,0.95434108971880338,0.97155711248982979,0.98519064632061548,0.8572606319388123,0.98605800746461003
0.96725253360144803,1.0046712277395964,0.94220132234945553,0.91739417055812411,0.98551374877455489,0.96240283815452221,0.92939049623645231,1.0043439101156766,0.99994997208937009,0.98074826110885516,0.9709507724956099,0.94011122021886717,0.99908302239826907,0.96674579944676586,0.96895886062437364,0.95199837891497008,0.98836399935666031,0.99230009254009477,0.94414913562337244,0.95741607096349479,0.99297147490171944,0.99283101354901515,0.98537267561844699,0.9976146513380898,1.0162008941289375
0.94413491175666941,0.96926163975215673,0.99089623986144004,0.96472439816839917,0.97455195707013276,0.97216623221508236,0.9643238815264783,0.97596408975817051,0.98860706715639246,0.96703013935744886,0.9851210318360214,0.97062376457798671,0.99004893444123709,0.97870823027314047,0.96924978847329812,0.91351686214228511,1.0037146359526787,0.90668864129081583,0.94465790165785091,0.93232481818407997,0.90676314816821058,0.97894875652560998,1.0082203609833364,0.97017988663976862,1.033032730861102
0.95657618155088509,0.92799132409934404,0.96070510565648515,0.93706180317839249,0.98833829536647433,0.96834488676741837,0.92679091240176514,0.99084730355585815,0.9815201192610572,1.0113801011804224,0.96667531496276582,0.94203797365411213,0.96820951470896932,0.97976697615362462,0.99226519357942433,0.96855924192895126,0.98315128430270959,0.91786269035144796,0.96442809689343956,0.95601194030115189,0.97478175766013142,0.98727225661059137,0.97900086568601874,0.97109225030170854,0.99548389604933096
0.99447438041037228,0.91543387679993593,0.95588112851150098,0.97456422544495702,1.0146657043692637,0.94327741928818887,0.92506553849635531,0.98839238751615521,0.98799406725707561,0.99064395499620495,0.9867442738636325,0.85228039232463937,1.0162137315696163,0.9831099893680979,0.9764036841042919,0.93996210588771312,1.0116756008912027,0.98072315031234325,0.94299128035763291,1.0135918552458227,0.97432541107596538,0.99010155975480851,0.94719559338362291,0.99079391454090693,1.0359552932983342
0.98808660886091726,0.94146303867681136,0.89133146644100092,0.98079304834786507,0.96508095034406405,0.9553376603026239,0.9430805475531957,1.0122430335768311,0.97577358177782425,1.0137396350321857,0.98533675382132357,0.94043069470671259,1.0061112161816148,0.98398155791676045,0.98937972827004306,0.92299580056466524,1.0009370780879276,0.96170181244963315,0.99531990451819652,1.0021583210320628,0.96179405337180546,1.0014529664936704,0.92331972269891249,0.98273649206853142,1.0382633933425887
0.93164631734510128,0.97507525912808457,0.95517886026191812,0.93671551839083933,1.0242575321581096,0.99458415182950721,0.97765021010396957,0.98537821601510234,0.98963289978243374,0.98549853002344834,0.9916931157301101,0.92618018986857853,0.9660739345449102,0.99445016166663713,1.0011163586696068,0.93072119227242278,1.0181460713282413,0.98895655630083079,1.0055358147093509,1.0197994203290532,0.95242487955837729,0.97915307701591447,0.98144598964929053,0.98614979951574522,0.98730253709208049
0.99193828081259405,0.93661405475804971,0.96152956865270156,0.96427654368662152,1.0062941370808192,1.0052164765664844,1.0064750787845498,1.0487299678325639,0.95518899515994915,1.0136046266050496,0.9810488027959362,0.92342482871342635,0.98838467102161975,0.9606072125263766,0.9757030405550835,0.96561244943121927,0.99850412301340796,1.0037484231720495,0.9686983712308519,1.0113144094803046,1.0211817844207709,0.98256966687887903,0.98753079261231047,0.95701855684452242,0.99627414147395377
0.93824199608178172,1.0065011232641017,0.93595193470979443,0.95626742278096799,1.0106718375195165,0.98599841326937976,0.96157200087892536,0.98759297091412357,0.90805316191350072,0.99883808051691914,0.94354656431178452,0.95616050919828954,0.97601264623385053,0.95173895169486855,1.0075643166701977,0.96100774144949019,1.0197556417739522,0.95987545189085,0.9852197145206234,0.98515547371138501,0.92590785400501407,0.96808949795833688,0.97178803829918148,0.95343043085930768,0.97611863908578977
0.97830065675817623,0.97636153621249322,0.97391008530998335,0.99821248112259586,0.9717253764820285,1.0018824181942085,1.0187775585771608,0.96988541472726741,0.97122536262732895,0.96533958701432998,0.98631123117106401,0.96427431910328587,0.99142035372725223,0.93506251456534872,0.96956683329890903,0.98602526765595344,0.93295069407315234,0.94799612231917141,0.99558179841036198,1.0112881216021925,0.99677351290037497,0.98998614127029494,1.0142601712657984,0.96905052196239327,0.99668711275905719
0.98967922845221279,0.98000378612228689,0.9488225183939123,0.94140144775516621,0.99916148890230327,0.99522632395872068,0.9888241160132929,1.022720289141072,0.95230509311490097,0.93634911429488998,0.97573849943860136,0.93534190552011598,0.99276441089356282,0.93539441807559098,0.96986992129506211,1.0010356984959434,0.98554565470409694,0.93941432617145881,0.97261077055836198,0.97499783309536059,0.91127728494749405,0.9934278623285826,0.97938515913937874,0.92534145703708226,0.99774463194969487
1.0050820872107353,0.97827217610340789,0.96277556857911828,0.95958807920826061,0.99178821838568965,0.93578558198450434,1.0160364824892687,1.0028418386011,0.95658505968563035,1.0133286334945977,1.0063933419011948,0.94052478301289533,0.95877504458137885,0.89534855521947387,0.98723990071745193,0.99383035943319786,1.0050034124699205,1.0056849836903032,0.96734172070694635,0.97434470590549427,0.96033523171980462,1.0057980912534248,1.0096615032718328,0.9589212970562202,0.96683146182958701
0.97441966864360463,0.98309723024430962,0.95672869274239147,0.9658984467203473,0.9845951417824188,0.97046731168569367,1.0016343575247946,0.98629681695865656,0.96195817420283869,0.95961196492325829,1.0053857493223612,0.95244291688592042,0.97579698375194723,0.92353957703326461,0.98679788635264332,0.9867968225505428,0.97127686659450907,0.98430019749026243,0.9400524289807366,1.0148889633406766,0.96124028217093027,1.0074180576968885,1.0043398343830097,0.96760732495771107,1.0175567541912447
0.98054830614473942,1.0026559665538353,0.97010813193944512,0.9814175141693241,1.0123671217643557,0.99415044373780481,1.0116162246748843,0.99033366779206111,0.94962314887731392,1.0072042224685984,0.95691329083787824,0.98840102740270119,0.97129894804665695,0.94428658707967705,0.97096561779979906,1.0030528271097419,0.95551861643982183,0.94132366511949817,0.98425987712059482,0.99056977782115763,0.96041235864382157,0.98064615283359302,0.97078937413152078,0.97338636492556552,1.0296089093400183
0.96192519518087527,0.99643527009969013,0.988915189060385,0.9821305319272754,0.98241159656168398,0.97885384999889213,0.98908757428528482,0.99202271905741723,0.9406883789263023,1.0043285323909124,0.97545583711849382,0.98756542021686644,0.97931868610191042,0.94048519195507085,0.9848934987839344,0.94396660286367262,0.96926110724339598,0.96164640028312154,0.9764885772708537,0.98876895749767602,0.95058866603145786,0.96467263426399219,0.95895149886033426,0.98617464330622184,1.0142018823361851
0.96443474337080548,0.98249228725580207,0.97210393027572317,0.96464522180863532,0.96644291986643505,0.98159985057001775,1.0040656473241649,0.99830411882787584,0.98226297577800892,0.99734578103168581,0.98109084344808384,1.0177573467773564,0.97296046646595136,0.95609007102250387,0.98588547311249397,0.93781344592049309,1.0094325569208196,0.95034739827710035,1.0200950837264398,1.0086210469107464,0.92588520437674549,0.9887584057985066,0.97621096848678357,0.93648681651864663,0.96213037520731159
0.96725114403284684,1.0177120807238498,0.95335642470848714,0.97370065005649786,0.98451595919071511,0.95002190074383575,0.99660202886484717,0.99811150120386738,0.96987542534871651,0.98872036573487621,0.96005551964174474,1.0098621517276667,0.97209910884387363,0.96271302748477516,0.97500626934630175,0.98037775842949204,0.98968799570806942,0.97444478529451994,0.98597166546303516,1.0010780375524315,0.97874132425936211,1.0048632612760675,0.88325839244675663,0.99268506396945677,1.0178615618752609
0.99184443306873216,0.99995526156672954,0.93964619359325285,0.98460522665165084,0.98265810046184243,0.9657310425329938,1.0019659416180458,0.97269834084516815,0.94267861858079838,0.99042645880916669,0.97666350980202354,0.99817240016913145,0.97588541522683991,0.93739398758745063,1.0019769107598397,0.94129639958106381,0.97564028909691936,0.93677592128766407,1.0071487366515175,0.9812276650752273,1.0378046490868176,0.9962197700374068,0.98901727615132762,0.96744022916213834,1.017140563002523
0.96733406162221314,0.98743706846509283,0.93529915109144812,0.98163925315918876,0.97797827701192375,0.93081893205042254,1.0067857851107791,0.99098248168935632,0.94236108509846583,0.9809244658899805,0.97606950032170592,1.0133013628927958,0.98092676951262259,0.9770778234704206,0.96766835909257765,0.99849410220693302,0.94265390200433707,0.99644659186161799,1.031984017262477,0.99023004499906198,1.0041896237064183,0.9997393953744661,0.99207233868873723,0.97696523113941403,1.0256865492645575
0.9636517609118469,0.98276698466704993,0.94555162650779245,0.99503906472209547,0.98530477827400431,0.94965776597427198,0.99904593249224083,0.98409258157145696,0.97358123275550623,0.99812647704134294,0.97264421864471651,1.0142810965359546,0.97464676783331117,0.98078546566153224,0.94190306421594627,0.95368674206634763,0.92227994876550246,0.97538221496525968,0.95586611974022628,0.92906313283966158,1.0132525187482819,0.98763124696708093,1.0232454858475784,0.9720982229082582,1.0380947729214538
1.0083763170931652,1.0250340116765757,0.99588066025527744,0.96971049540363163,0.94463707329627533,0.88872271038578909,0.98818968001313878,1.0126964367370674,0.99028316852034082,1.0169879899213128,0.96567251130479914,1.0284571074269744,0.97287975215699685,0.9810063733119605,0.95255238283849786,0.9312895572751696,0.97759852870698705,0.99013888355219593,0.92419302754145283,0.97599141526318545,0.96366810951438486,0.95577569889994918,0.99636195747560485,0.9619939957290935,1.0194960552064254
0.94076632001905891,0.9746743868780825,1.0049751660912281,0.97172394801367379,0.99096310531254228,0.96647307913694747,0.98030156496037391,1.031336779269425,0.95733346464730984,1.0078998047500358,0.93071423552435195,0.98926888347547615,0.97392922985501307,0.92329442355841074,0.98911587743357698,0.91870398958056665,0.97631044479329698,0.97837607897200096,0.95972347396862934,0.93495411654118543,0.95384592568081861,1.0018918459794128,0.98019071143572356,0.94682939601943072,1.0221986566092822
0.97625027695030886,0.97414738823117675,0.98751249010256892,0.94826337286955686,1.00583233822118,0.9813130868742187,1.0038405083916544,0.9579018512806674,0.96153941626404527,1.0331837374888349,0.92869262759809035,1.0165582701588229,0.99822637502270384,0.96198735127520174,0.99993801502090718,0.95443748782306925,0.97522948417608357,0.98689405636501448,0.95446990541024435,0.94851638205663691,0.98325707484635105,1.0036450618332062,1.0039266556241893,0.93610559083411293,0.99217031291520541
0.96644967422311678,0.98531401586810097,0.97546452606350686,1.0126359109158702,0.97604953470536482,0.96802694863334693,0.9708862580391997,1.0337500168806384,0.94940544388424319,0.99983605676012499,0.96105161824101248,1.0311786222659536,0.98038863128392562,0.95549930465846067,0.9968650378570264,0.97251812500143686,0.97179616214107545,1.0098780419740825,0.95806673626647743,0.95667747961114269,0.90535401606647115,0.9686428375349988,0.97507530351556171,0.94517515941315233,0.98522462526051424
0.97102218804510609,0.98395099765069594,0.9776586913794747,1.0045474035350543,0.99325989660248049,0.96874099526826907,0.97741866400350708,0.99208594289392005,1.0115310286562118,1.0037423945028634,0.95294799720786383,0.96330961536203075,0.99160878159742738,0.94098658805431223,0.99390260275270748,0.95626613336123201,0.92605902281068275,1.0153096435528675,0.96990876605503917,0.95391265231830769,0.94942684646174491,0.89228986793469456,0.98940884724061662,0.94318294385385593,0.97671703820862543
0.9723699747153538,1.0111818903455847,0.97521611385332818,0.99896973916010556,0.99999736123217375,0.98654852028777285,0.9338198430468666,0.98260150166861604,1.0017180797056482,0.9447175392718411,0.95448025498963485,0.97757468689359295,0.98611196646845112,0.97795943179404876,1.0255346644935941,0.97655790592173675,0.99148484858880059,0.98913380651715832,0.96935180117734576,0.91862406118906115,0.98030204899270523,0.95832176907534061,0.95690427154512414,1.0237020926112486,1.0036120671932132
0.91590427116790474,0.9890595686963799,0.97485111487503096,0.94793693302440429,0.99117090496575944,0.97909976444784719,0.96381409661386541,1.0542049710202701,0.97897301203935128,0.95285506208413029,0.97819902929949309,0.9782761627427502,0.99397218437622226,0.96969605113892388,1.0018536479486921,0.9682939770927399,0.986994356049267,1.0246790152650844,0.96076353831512618,0.92893253035020906,0.96655905207616466,0.97079809739349365,1.0022726668208672,0.98292831584555662,1.0112637871904484
0.99512368363385895,0.98643473019764039,0.99968160549885554,0.97795289151352693,1.0242944661938158,0.98156295868515808,0.99908671805502725,1.0080842284625235,0.97217136556709782,0.89426268695243316,0.99663559921094347,0.94357947507492301,0.97400126682897459,0.9632777455909407,0.99218145415992287,0.98912083059208555,1.0126698681258572,1.0233876679738967,0.94415162711727063,0.91342817766201367,0.92319144141816023,0.98550958060032656,0.97746345356265463,1.0087883015222494,1.031413170386104
0.97571310825514868,0.98366563089091452,1.0080584216363864,0.96284620571363222,1.005058179965268,0.98588364970656528,0.97985101331803015,1.0043837507525657,1.0064654951821224,0.93237279372502513,1.0110664090022861,0.90315551428375773,0.97590054237641111,0.94845773063067274,1.0099576391300615,0.96577029979329299,0.96302998574952059,1.0279259247601018,0.94035035781282805,0.96883127757896348,0.94701179240683153,0.96211077495225261,0.98517799635243242,0.99290958679591379,0.99436308192425538
0.99126647254896283,0.97713195336676717,0.97120537323946987,0.97463704336957036,0.97607808688320974,0.95716158273327934,1.0021979224666062,0.99304522834464404,1.0090408103077639,0.95952374375764204,1.0112235850492859,0.96078264789529089,0.99026686252775598,0.96209735115202411,0.985611200533553,0.98380294327434359,0.99876198853924847,1.0263181154363479,0.94887314475556017,1.0026205747318289,0.95178186154203082,0.98181622619846454,0.97403414335648308,0.95933821548053499,1.03057701319422
0.99942950404364383,0.97513895113856108,0.99478290918672585,0.98017355947683005,0.963327075790679,0.98565198966817713,0.95673203691581177,1.0063132468244309,0.99081629824618067,0.93460297247174173,1.0132537296614981,0.95399688964170337,0.97305713012653194,0.92511014573448813,0.97458934215179427,0.98399133932762628,0.96506925595579829,1.0346812571335666,0.98229616542273324,0.99937304790913462,0.98244771393163455,0.97243757998408398,0.99981651687337203,0.9489359081681541,0.99627065992885189
0.96641638294883747,1.0215503884558947,0.96112599150001243,0.96390588907617492,0.96745011052194929,0.97902681424606564,0.94925766381202459,1.059976147084176,0.98918366171187233,0.93989166746498809,0.99849905114726323,0.95913118675516518,0.92444419168528702,0.96022005102824204,0.98794878310652823,0.97931684856435763,1.0158216166512832,0.98747892994396591,0.99374271812042425,0.9835228963603585,0.97345868554434933,0.98839324754091917,0.96420949911393394,0.96760982423167619,0.9905986263330484
0.97600098999495999,0.99034377486532799,0.97267195169084519,0.95889857610637497,0.98710752009795277,0.97746726722041688,1.0168323383517726,1.0092893993121836,1.0002574573882526,0.98672906478166922,1.0334210354391147,1.0127830701711698,1.0316261859190317,1.0044746303190086,0.98828993533275822,0.99011202651369667,0.94565545685509567,0.98457245252827208,1.0064897520594722,0.98652169948252788,0.94576073132691008,0.98139083291157092,0.97532739925588818,0.96414745613892661,0.99107399082086267
0.97727213161431592,0.97305854698406624,0.9725749377413504,1.0181888103426067,0.97163422879910033,0.98302961602807115,0.96679743748898372,1.0242137231350705,0.99500277364456124,0.95325500254881756,0.97504557641481804,0.98360419567263979,0.98838398430986907,0.97012866155850397,1.0101404793245841,1.0088629559604063,0.99090840358837207,1.0051016087682354,1.0031839938861413,0.98166317008265869,0.96504714964415617,0.961686904358938,0.96693670654994246,0.97886544770598105,0.99160849512232696
1.004092953857771,0.99424517103650911,0.95192288413601656,1.0258669051771447,0.99572628573748367,0.93070129392193224,1.0136617008714774,0.99717636286736711,1.0065384576827239,0.97343796540697014,0.99451189508126236,0.9669209577961424,0.99307205161080925,0.99746161984899795,0.99993273963433649,0.97189144421184381,0.95876713472482034,1.0243197777570368,0.9629864484425249,0.94513280001485456,1.001585160775492,0.93932614829657224,1.0242317864008879,0.99218864694191189,0.9902060553388593
0.99216847370848371,0.96679080958948793,0.96553983444368585,0.93608066039057902,0.95141610431938861,0.9763965821548467,0.99089845072862137,1.0292200184089673,0.99266826822973298,0.99370586701068164,0.9968414149664333,0.97837513084362726,0.9767156190574231,0.96745377884549466,0.99993021006007798,0.96428199493349587,0.98291110045749208,0.99436429366494417,0.9952121114939414,0.96055526553969373,0.98564550014488606,0.94723571304518928,1.0458726424475702,0.95606462394102487,0.98242532667922489
0.97837639414787603,0.97942881497990986,0.98027140391353262,0.94277652801500922,0.9469684881530489,0.95581145025984271,1.0350542633410493,1.0139239830744156,1.0365580178554961,0.96409855348073792,0.97180041217956181,0.99875563307846982,0.98681197603020043,1.0111631772254064,1.0151697989122759,0.97018456082920046,0.99562345443705558,1.0044358906061313,0.98088893636407959,0.91615316455355245,0.9954832699596573,0.96785241153708057,1.0160287581821517,0.9608216718586462,1.0345963716429019
0.89182807702385614,0.9690884877650181,0.97456217880641227,0.95655158334378754,0.97209634391581634,1.005414510408871,0.9869640896355566,1.0287792796375295,1.0107013442383379,0.94897908769059491,0.96837646494577401,0.96317659288575674,0.97623939178287744,1.0005860192117049,0.9848158990923962,0.97882708340097269,0.9915199355998725,0.99953720395169998,1.00198707766272,1.0038414760539787,0.98225995326933513,1.0080648055145496,0.96132534655075397,0.9728022720628956,1.0194492675890054
0.9712689673077971,1.0023132377004531,0.93913936207481874,0.96676750258863708,1.0052977770945237,0.98506324659764388,1.0114569612457107,1.0056065642973551,1.0468158614820748,0.96989630668535776,1.0287280006350352,0.96250279290486562,0.98134166060642669,1.0066119843890695,1.0065366969321357,0.9835584755813086,0.98929022715144166,0.99327295457476716,0.99675110823517865,0.96555704235387108,0.93859111805740136,0.98661521381081574,1.005557564109588,0.97086286582367287,0.99749561322944569
0.99516751214705701,0.98655060277531903,0.97351084162824508,0.97456021482905297,0.94964681006589713,0.94852591504413097,0.96772358066123376,0.99186108430737008,1.0438107261123393,0.94411140980039587,1.0233505387659296,0.93227160434937573,1.0416323056702208,0.97818911878701609,1.0004834704900747,0.95489317544749408,0.99502784807326006,1.0147767758421644,0.97487976411803279,1.037889943871424,0.94876493878951906,0.99717755031959043,1.0246697989493438,0.96911776591981602,1.0034158346302147
1.0102847290301731,0.99433169399271826,1.0695479290649146,1.0179689882281138,0.94095630027801214,0.96642086586860165,1.0369093235175149,1.0166644988232239,1.0404999223360303,0.97968761868298515,1.0095439173528096,0.95000101112153079,1.0005847831428178,1.0089639237088448,0.9982975269269817,0.97886764386413372,0.97671627195047339,1.0245082425593484,0.99720341197976936,1.0338062296934829,0.99983920003892734,0.9751182310210994,0.99870840146089046,1.0148120835967713,1.0197661236724005
1.0119392158468714,1.0363271217395484,1.0360086669996464,0.98817182778927781,0.99046858211178113,0.96603306135732658,1.0181975273090966,1.0036722789977259,1.0291822121453449,0.96427494908329314,0.99147459132570404,0.95993264729014105,1.026885129649638,1.0530967635862771,0.99038601008453475,0.98699341670689389,1.0032060430833554,1.0150927474950151,1.0041326710097624,0.99179851956039167,0.95734221368813821,0.98399604667601004,1.0227446524695878,0.9326277905136483,1.0062133319931983
0.99826631388758991,1.0324651874938529,1.0105214528407336,0.99938953002095998,0.999023323592652,0.99667523120957524,0.98966775242446625,1.0436638621910792,1.0026434804148394,0.98140594988135077,0.9826154690901977,0.94409294364730234,1.0044576998975907,1.0342392460817584,1.0249825848127081,0.95814041163024355,1.0074762868584877,0.97152116084024287,1.0097557710372274,1.0250156441548885,0.95093251028221104,1.0112825921899826,1.0058772900792883,1.004202867764481,0.98795158650833725
1.0088812640257536,1.0266177421586657,0.99607617498403966,0.97060930524459565,0.96125389492688096,0.94447100698070674,1.0059911046147603,1.0242264675578947,1.0448395204729195,0.98755931600297364,1.0174541772382475,0.99319700013684153,1.0381048535114992,0.98279179139242245,1.0043644258997733,1.0000567199116794,0.98422950454908287,0.99567548080666179,0.98655826865212726,0.98523336063534506,0.99814001782235717,0.9968730242076046,1.0236490655264954,1.0167708960327777,0.97425709475883193
1.0161455925051828,0.99533787593003575,1.0289794799899676,1.0029210671914968,0.94432509785795982,0.96360465242158322,1.0035271549138436,1.0042277475174588,1.0033226711287293,0.99223762106067792,0.97384984676543629,0.99585252470500085,1.0136440956427242,1.0651380404114537,0.99194663699093899,0.97258659676882409,0.99887237767051007,0.97208635669753984,0.9683372567797689,0.94988096561407642,0.9935195505865686,0.99861708438451913,0.99837415295935872,1.0091121427866794,0.98137881312700137
1.020076736773911,1.024166481849301,0.9956575060814491,0.97009963565224566,0.90672406325339794,0.94297309816830976,1.008274082836921,1.046444888022841,1.0249661384728093,0.98773715054462974,1.0328510621509663,0.98935815780147607,0.86356854470156141,1.0353268267528477,1.0372871884142574,1.0015772844239423,1.0158662582783042,0.96280574568885713,0.99093029984862935,0.97398299186318826,1.0004661360363523,1.0209229019360697,0.98975814237071014,1.0180754444673021,1.0041313080463001
0.98649804354166271,0.97928475990218899,1.0249284840620652,0.97623653223104256,0.9679358476937876,1.0053800710830894,1.0009540290529557,1.0025613103786544,1.0385960053510597,0.94667235343976952,0.97882942560373853,0.97109390329129019,1.0095015890956773,1.0002616472255084,0.9921938522841669,1.0114988989760192,0.96776977881056092,1.0227242476802929,0.98665356311994468,0.99537580569348783,0.98119422986744897,0.99931270864223376,1.0253956635634061,1.0051351607667334,0.97754090209002731
1.033847475599762,1.0334978425501464,1.0159331117704267,0.96528280320546322,0.93893923401962587,0.95038089993376484,1.0378437492402595,0.96957325459313271,1.0634293155896126,0.99758480523106097,0.96687840961752058,0.99359337187004282,1.0033136793315296,1.0159440124499972,0.98071629780500957,0.99730856957033009,0.96465472355402226,0.97689100111620375,1.0088653515510975,1.0070442739947369,0.98832734176890635,0.96808789865617417,0.98881514961662365,0.97921916909788786,1.0003249812646064
1.0205079200682692,1.0354659380747349,1.0196391933658366,0.92791794751442847,0.99255084596413945,0.94198013281203874,1.0465431549640691,1.0017805433913107,1.012387745917084,0.92444359826049349,0.94257388096304873,1.0026891786016114,0.98440676957227335,1.0166939537220558,1.0204602511411354,1.0073194652968855,0.99302339935567752,0.98082837523089605,1.0064571157276982,1.0115100049779806,1.0066381754963387,0.95420269875889385,0.97446095057693449,1.0058320281747986,0.95923576600170313
1.0371594174515131,1.0161661224827558,1.0180089346224004,0.96186289963813221,1.0303254523347878,0.91402527548824897,1.0020272026455541,1.0103849267122182,1.0156749555417386,0.94629650193129744,0.93470183780931848,1.0061573926491534,1.0117966326889156,1.0433479595752979,0.99991226781190345,0.99491451230657202,0.96531221257752087,1.0132818887780073,0.98861618638228832,0.99086979342472026,1.004155388105757,0.93433302264605689,1.0393339221199474,1.0043840678069691,1.0005710612712073
1.0150149052173778,1.0138270990554104,1.0138126709428588,0.98568034997095222,1.0385514700304062,0.92744438480319646,0.9803534570372322,0.99110131987120387,1.0645145171769459,0.97153760985338788,0.96644213921587807,1.0054129108101655,1.0146557796608158,1.020990592317593,0.94468011421824372,1.0090781050687765,0.98483440202949635,0.97549329693993614,1.006200092561258,1.0511176327655221,0.96055168520683065,0.96706138507287365,1.0028323995962585,0.9602588594932997,0.98589323994656397
1.0303684782444269,0.99318382411581863,1.0079055081344914,0.9598844523812422,1.046774916656386,0.98226420106950807,1.0146355365044588,0.97337103823075377,1.0436115025081238,0.9788747586695673,1.003258744427882,0.95819976874157398,1.0224717496754934,1.0288486906176382,0.9669662660459627,0.98685597060901264,1.0067105584322822,1.0100343896507564,1.0019765822338296,1.0342695418258874,1.0458539288525726,0.96726522102101842,0.96857791839731933,1.0329626202086708,0.99522970438484837
1.0330675522521122,1.0223243115050638,1.0292670894165097,0.98931359090895632,1.0070235982471831,1.0003977980991863,1.0059759059261053,0.98430316518198624,1.0493586750966006,0.99364763676611012,0.96213281059383071,0.98535803977336345,0.98493035009957997,0.99000559149444378,0.96158954108364525,0.97607248238162447,0.95827260593937191,1.012663240427097,0.97824119416339039,1.0403024677754498,0.96674235029073208,0.98422203965682009,0.97871713959060191,0.94451213619618468,1.0027168446224528
1.035266609754163,1.0188538496054744,1.0052849830944175,1.0239991032936511,1.0060870817535754,1.0254634431690413,0.99803642017735117,0.82790164260141619,0.99714433901670119,1.0250800038611001,1.0083676070912198,0.97387342981243274,1.0128306343293703,0.9951434763825332,0.9606247549599527,0.98557010387148025,0.94495085835730164,0.9985122660461232,0.96176213190601012,1.0301667127134062,0.99960370720332303,0.98898657348042196,0.95108221387089176,0.88680818939804751,0.9835272067511992
1.0186067664147345,1.0067149500842727,1.0114287557168524,0.99490054478440049,1.0283507637183211,1.0129957247575945,1.0303272830364498,0.97261323632399133,1.0151346213221462,1.0070594186058435,0.97824816090881561,0.98460953662748252,0.99408254215473679,1.0142947645536433,1.0117645486492408,1.0171203229737671,0.93739512018613369,0.97004924051638564,0.93367171861003762,1.0279236269379166,0.98035242905359954,1.0112956410801681,0.98106417724279538,1.0275181152358446,0.9917862402926958
1.0200385405302084,1.0127380344348611,1.055789189383612,1.0047516873263398,0.98797536172416456,1.0131491693489409,1.004118141193252,0.99785167677427078,0.99531224869215984,1.0147076407059583,0.96532959968615373,1.007015585133521,1.0186750109064597,1.0522429711530659,1.0133901933912444,0.98677526210754229,1.0145449005719298,1.0613277365579703,0.99278792373778391,1.0369834177936461,0.9502509909839495,0.97964180735332418,0.94908956171530556,1.0028534298437273,0.97718855515929404
1.0405785200454218,0.97374278980900586,1.0111927741552076,1.0157348959086905,1.0339656250490132,1.0512326815724169,1.0433647377504669,1.0229655038206154,1.0211109366157951,1.040065329406608,0.99483261905420717,1.0261607239050963,0.9889472672390287,1.020246029027684,0.99292417346246187,0.97896800698302577,1.0176466765987622,1.0610017015399094,1.0107354535655242,0.99779790399542678,0.97447400511144144,1.013352862321214,0.95834062605378789,0.9946559468512759,1.0109681292412807
1.0235449170296285,0.99970551232819038,1.0312237529388213,1.0197433553927335,1.0319042701312626,1.0483881893230811,1.0275701906064845,1.0208739352489808,1.0477835930968744,1.0305936594274425,0.97546503350679203,1.0101398993252233,0.94770253049920261,1.0501213538633336,1.0240098339695205,0.98634979793940347,0.95422674866320167,1.0534751234997761,0.97660923042560455,0.96491245045022156,1.07141264216208,1.0074059818380707,0.9628606908803542,1.0483907074930927,1.0173082285083359
1.0312902738775009,0.98374582135009436,1.0088505018610181,1.0025655654004886,1.0539281591279079,0.98554935514700348,0.98980798760354793,0.9656390790034306,1.0133542705959959,1.0054927708926049,0.9838682647160939,0.99495321552883476,0.9797360985027106,1.073805228673806,0.99056666371207247,0.99806064415316897,1.007106838132007,1.0560994542118838,1.0179940486989127,1.0386721510780024,1.0195118373827585,0.97897661228048871,0.9816773204085546,1.0071507358754015,0.99399461421696389
1.017142128072847,0.98424332470294007,1.0209859458001251,1.0058925981140219,1.0184234130868755,1.0156737691651361,1.0538266969782766,0.98467547791658061,1.0564251937987466,1.0029540868164044,0.97550865466447723,1.0552120217545671,0.97882365371963409,1.0590353522843898,1.0185363036344193,0.99650149979794245,1.0275922489201106,1.0692236714793555,0.93927327104927405,1.0023548028557328,1.0113667376677986,1.0292894568089839,0.999519449353657,1.0645765265843234,1.0096346539675998
1.0376013221740235,0.94661397603785646,1.0414583262056867,1.0215825493724358,1.0175849184503791,0.97748292081198396,1.0115286233775396,0.97402803750487776,1.008697422968625,1.0011183540338218,0.97753611904467874,1.0182040793587754,0.95682103257556583,1.0494114698169559,0.96610701987272884,0.9778674065759233,1.0103715152767283,1.053574849283424,1.0284679342872958,1.0628491393036412,1.0523141051598968,1.0107415959790884,1.0162964658266946,1.0161913697543159,1.0252968682605121
1.0429631829376387,0.97360218605998783,1.0490918540286831,1.023988412985086,1.016136873639526,1.0282009277881554,0.99014179218553666,1.0102627509219246,0.99495500636767598,1.0104230465108262,0.97061972680176778,1.0432528731455606,0.97223971697291744,1.039490692523785,1.0127644320030513,0.98312433959235646,1.0160881831786739,1.0216211245918367,1.0289638719820722,1.0516558684076704,1.0521512375463624,1.0109766327006879,1.0290674414914813,1.050093133630619,0.97161802795121199
1.0222271790947561,0.9551531248155718,1.0368369038674845,1.0191118209302017,1.0073221807868395,1.0269154640962694,1.0369824308964195,1.0361440874298102,1.0334918922874263,1.03819123199604,0.96962270733185418,0.9965736446950052,1.0071457768330199,1.0366671274735972,0.98916102251464655,1.0302120143270994,1.0138494940130287,1.0664730085418879,0.99638307316500196,1.0429243356827034,1.0564604748301079,0.97355946707149776,1.0270813194337021,1.0319832169018901,0.97453063903348947
1.0499343174700029,1.0156989755533428,0.99372440235297144,0.98452344549671578,1.0165837495160754,1.0154275638154417,1.0378851852765483,1.008026574981481,0.99757804428583219,1.0055411034051169,0.8975680696857814,1.0081086419337324,0.96760164774372259,1.0030074278672423,1.0142788560121059,0.98292383479832202,1.0142436098613801,1.025293587709593,1.0001102051835722,1.0149335596216327,0.99431440254763559,0.98160675675856601,1.0052297455421435,1.0629018103836847,0.96552190363504231
1.0256482020978033,0.97474608715178057,0.98287332888240109,1.0334809192346994,1.010939927695065,1.0272226079566775,1.0296697828925938,1.0412109128300266,1.0136418900436788,1.0430428603155888,0.98809457645972232,1.0158153676554416,0.9644808295150592,1.0260961825327055,1.0573315351943968,0.95406708603010149,1.0095557291406865,1.0068618369068003,1.0178130742889426,1.0506746359014865,1.0240624917758874,1.0316213901110654,1.0231570852341787,1.0558090440358385,0.96209685053417093
1.0275088936115564,0.98810768624169498,0.98036019019271636,1.0081743869426476,1.0364702877387737,1.0517766863195652,1.0481281891143375,1.0211786465113506,1.0616531463841534,1.0031624550283496,1.0269552238174786,1.0247035040745796,0.98582988472228739,1.0554773402666111,1.0511957762440682,1.0239636011754518,1.0124435784899646,1.0643336538443302,1.022449489078576,1.0168048287926557,1.0463866626702993,0.97380619896572274,0.98269119838501451,1.0437238724199269,1.0121253490447182
0.98881094372138023,0.94146144589869385,0.98156500001792679,1.0305334345899582,1.0257478737280989,1.0047660161352074,1.0342546506408461,1.0318890405685477,1.0596039573717864,1.0192225782053264,1.0066902368948281,1.0097411001335277,0.93783416127242225,1.0711340407038448,1.0365522878002622,1.0019719905573825,1.0359687259775627,1.0379220011121384,1.0309580289567974,1.0370642464592805,1.0521704930342335,0.93662081102245687,0.99039643671042654,1.0568263213662195,1.0232370293413842
0.95213678053186712,0.98590161651042851,0.94808863929422005,1.0354331879700633,1.0590408085077945,1.0196790983499995,0.98813380157051955,1.0362687456815001,1.0267870914815429,1.0156109488749334,1.0585271519002801,0.98000727966271517,0.94272283139890656,1.0385026332923792,0.9857699265830383,0.95503008850871218,0.97237696394502415,1.0374510139841853,0.99123297227035634,1.0187095746403936,1.0654427340018653,0.96321472528274976,0.97980080333624764,1.0530492813545953,1.0184913598626442
0.9100079550715503,0.98225850072759913,0.99560790474783745,1.0291603423113378,1.0256639231112001,1.0147373315363974,1.0303068296951226,1.024864399089471,1.0457696527640554,1.045475042123438,1.0322821142104555,0.96682086367632991,0.98125735891345256,1.0290167994922179,1.0663813267280018,0.99761561529660403,1.0139318980754495,1.0345134389918909,1.030621677711282,1.0150613115111091,1.054043748975023,0.99529580194818057,0.94679120489203139,1.0231280691013498,1.0007715020775121
0.99003922331864946,0.98610669324789579,1.0111851421597255,1.0062135888759032,1.0319234829261368,1.0426803593162142,0.99533437287124338,0.9842414973891821,1.0524064081332907,1.0385234765162139,0.9807262385577753,1.000440001076186,0.99925830012627703,1.0282826799286771,1.0322872470970843,1.0189739163284843,1.0173696705683972,1.0542226761634654,1.0406408639906988,1.0929245226698443,1.0570888993363512,0.99767400678856,1.0020229252270381,1.0109058516323919,1.0320554122646493
0.99850681054565016,0.99156804042025237,1.0068152972965234,1.0337061307158304,0.98995554390703355,1.0408400161561693,1.0089326980856395,0.96720346503808086,1.0068365056979016,0.99955202538079091,0.99560694027256069,1.0172849916527011,1.0143469608857716,1.054845591629765,1.0261627027990963,0.98194758999899845,1.0561300262036066,1.0577658079161429,1.0114720719034291,0.99451300135052478,1.0545772626830365,0.99046090553380606,0.99735747832134203,1.0517896328255625,1.0115411419388283
1.0133650369968528,0.96623179107813206,1.0209811846685599,1.0441846590794945,0.99546901517327235,1.0157292143164585,0.98541937406506808,1.0140803641038325,1.0502398457503159,1.0643699957189638,0.98537051480705384,0.99154492626464052,1.0021065751173848,1.0222470226402893,1.0650231665532011,1.0198178844464914,1.0307842157828884,1.0547806485794962,1.0343814501548381,0.98050736349792655,1.0537201727934413,0.96627654829232645,0.96323776317752685,1.0562240036631463,1.0099568570941413
1.0169961150583957,0.97578380374585238,1.052047680157479,0.99996549272614454,0.95670767016250913,0.98809701287271368,1.0412230224698731,0.99277743640372429,1.0483761633653692,1.0071804762276393,0.99743971512230911,0.99875496850411538,0.98796173401126719,1.0501159317823052,1.0662259651121639,1.0247352911698488,0.99703534763737311,1.0203522355891044,1.0197595056462128,1.0149175393943439,1.0468133320497661,1.0249531077925549,1.0093485110374478,1.0350149055639115,0.9818860316455299
0.97110582831792813,0.97400910756679993,1.0029530159020354,1.0254984107082719,1.0430533790977392,0.97031667162909851,1.0397667285187069,0.99705745988085193,1.0065987797681857,1.0218768197163786,1.0472099193944577,1.003794636076824,0.95013034547737696,1.0397818313554352,1.0310620426065424,0.99474910952689199,1.0217386258047703,1.0166546969092558,0.98126121606267336,0.97994435565573323,1.078578113179639,1.028808531610875,0.99258977194045039,1.0421448607953987,1.0044467372719943
0.99099425730291146,0.98854244144715753,1.0054098612829201,1.0411495232572461,0.9821805754881574,0.9619359280961477,1.0553289260273813,0.98148743145247586,1.0319370048045742,1.0330820728801486,1.0396817632773729,1.0281619846277261,0.99882101439534443,1.0308769141323575,1.0510239654954663,1.0041825164585139,1.017119787374239,1.003503250179141,1.015570265894596,0.97173300451550693,1.0570468370334518,1.0186785525670281,0.95016126380519661,1.0394831185496483,0.99913616984818088
0.98019518756503721,0.99254921184479694,1.0033682599091875,1.0181952771644223,1.0420803251322599,0.95369244479404069,1.0153946986835674,1.018723384514125,1.0359328077939038,1.0409139372197178,1.0244650527368231,1.0299227439017256,1.0062276918518227,1.0461851714636057,1.0331448856362826,1.0255454261003689,1.0276736156272455,0.99107584785030212,1.0005538337765389,1.0312335850589358,1.0587271512470524,1.0170703615747787,0.9798901682619453,1.0361287273279878,1.0062685191821754
1.0251258491700119,0.94569123216122353,1.0070726955604319,1.0171222399349698,1.0631130681855836,1.0177345335364993,1.0439399368081621,1.04158878481529,1.0239825172124897,1.0113620013759774,1.0297341447729482,1.0184008815149153,1.0194862135991674,1.0132710626961072,1.0629868700373974,0.99504403464478208,1.0249613435239564,1.0559916111529286,1.0212415679448232,1.0118379705689986,1.0333819596052731,1.0386301011751538,1.0213016398479691,1.0019327514321781,1.0111743166377904
1.0495895725014579,1.0017012087839865,1.05169864200375,1.0147119675150211,1.0265326385870672,1.0393006063356245,1.0196580162439892,0.98483977006766621,1.0368049613807198,0.98412553624009502,1.0264322096136735,1.0551104261967372,1.0128113364347167,0.99159276581170219,1.0426568250696719,1.0143498607685084,1.0268600079388306,1.0646913442990689,1.031515583153704,1.005074751475272,1.057892667387113,1.0455114776605174,1.0014192593189282,1.0401309723388457,1.0033243183603682
1.0461148489349203,0.92759749062669938,1.0474690206694592,0.96481976383704782,0.98906437675627901,1.0166015990397839,1.0176893137279059,1.0264960177362319,1.0330182398427652,0.98662581030887742,1.0021821187581794,1.0482489764906284,1.0454633887817975,0.99699665721264263,1.0360041112144511,1.0480186576578605,1.0532811398527331,1.0345584157890317,1.0252217535180934,1.0018214705276232,1.0471485712960944,1.0375306872821539,1.0132379716692979,0.99135433317411781,1.0056489009921972
1.027349492658526,1.0006413630040278,1.0320676456575846,0.93989394381947733,1.0657813204989899,1.0613746905971542,1.0441724667047629,0.98472816098710603,1.0384658297891498,1.0105942616070311,1.0188456189328887,1.0201272940496156,0.95912707999437918,0.99017625834768574,1.0204155484794879,0.99528346928530786,1.0386158144012607,1.0423610723366448,1.0537042783401604,0.95957714857655974,1.0473139996699032,1.027388198827665,1.0257843288302355,1.0404268720015648,1.0043177880521574
1.0347097111471313,1.0116884048788481,1.049695186015549,0.97450218317544801,1.0448468289701676,1.0491894371052397,1.0556002130884048,0.95552072731791027,1.0491806337217977,0.99171499124510631,1.0331651042624423,1.0410064503216347,1.0509477803106502,1.0096349464163779,1.0057701592708426,1.0168852441495972,0.98254613714180061,1.0488464456036839,1.0040801451077033,1.0354861849926857,1.0295673549773998,1.0244337699731394,1.0299060726426432,1.0129213762485623,1.0354223976740831
1.046568175375342,1.0104416369420639,1.0011994578871841,1.0265079209869175,1.0279971936839449,1.0564499692127718,1.0400545149193428,1.0154236454068819,1.0399222484416197,1.0156566447187989,1.0103869188422583,1.0194491312480831,1.0219852175571433,1.007198660717104,1.0378895639566599,1.0157928628799464,1.0032189284032156,1.0413005828796804,0.97586112832868721,1.0805448873652743,1.0353340908562514,1.0501221893803407,1.0302327073107396,0.98351084836331704,1.0268601349032207
1.0610281943975124,1.0170491162036253,1.0295056836528491,0.99636125200533099,1.0460933433130433,1.0689765735309509,1.0240828216670841,1.015225887767087,1.0696765690872252,1.0228984056474326,0.97534500726601514,1.0401742454017662,1.0302189939430682,1.0233374395369288,1.0487833610186914,0.99399614872338482,1.0133106874764908,0.9904911867186893,1.02668073147939,1.0326938064470688,1.0273161225714766,1.0439667376087323,1.0075056803615039,1.0000438752004059,1.0311168670444355
1.0683567871051254,1.0183087448827861,1.0503044532013341,1.002429071178933,1.0127381031692593,1.0359844670607401,1.0551907190102567,1.0490105890203392,1.0520575886600978,1.0336014692985516,1.0514760077234313,1.0261654369843276,1.0181509941331095,0.97910410891080446,0.9736767717383954,0.99231656148537151,0.96401004470303631,1.0428340496152608,0.99466253529023407,1.013131598195564,1.0242695367328034,1.0257874312718593,0.96680696537951361,0.96822054353849241,1.012704132160092
1.021419631255255,1.0405705298540575,1.0359543841428667,1.0539274741563409,1.0360929952203699,1.0679985369090432,1.0131023350146522,1.0305763297036372,1.0259147977642293,1.0190143290996372,1.0237941877044077,1.0199261222498717,1.0404867728777414,1.0121430422450286,1.0301422424408815,0.9803977903152381,1.0353674918640292,1.0509683476339169,1.0539685087297901,1.0209430761820355,1.0161669240432225,1.0352460134686561,1.0027582444386374,1.0026328105580198,1.0067817843937772
1.0194632899729337,0.98304540286062148,1.0257100976585203,1.0071400444615264,0.95638831662921009,1.0095195571047815,1.049539014467527,1.0043035267757938,1.026053247556608,0.99813116315561146,1.0187691538110499,1.0249270545944134,1.0600949727375155,1.0497901059209762,1.0096629760045595,1.0107756050543628,1.0036811328503583,1.0602007225920775,1.0025898609107986,1.028521209156356,1.0511417881073499,1.0253849653023006,1.0596407648506356,0.96924353272515684,0.99469063415748982
1.0264216347098842,1.0315369957717122,1.003501709136603,1.0273529117476181,0.99211132622899489,0.98342307213710578,1.0331449894216247,1.0693933003211571,0.98722707575085511,1.0309393124975474,1.017925915457544,1.0196660233059274,1.0137924409027272,0.99524820917620271,1.0401802826280839,1.0043696661439028,1.0502178501736694,1.0747477251955053,1.000792454320341,1.0471226460584204,1.013258280829552,1.0347903703292731,1.0416455861490621,0.90512057422280312,1.0471087176686602
1.0327394969543793,1.0419725246610845,0.99798503801832217,0.96900548495869854,0.96345998233116115,1.0385311722804402,1.0495628486883981,1.024238984698272,0.97225073605394186,1.0169574686181226,1.0069371975568744,1.0179426587510805,1.0611551066971701,1.0283159984956622,1.0071303353296153,1.014607576647069,1.0761513667228726,1.043145684458596,1.0423390156801815,1.0288083053890031,1.0288097254003237,1.0527064291988977,1.0365987307211708,0.97833751537297542,1.0230370702301173
1.0078332289998357,1.0435489589481142,0.98895328294846174,0.97656251954621442,1.0025300661925267,1.015507228823969,1.0184550311037623,1.0498061267415599,1.0066404161888687,1.0164524612048265,1.0266774684143189,1.0541607864927629,1.0656241726760967,1.0227829912255457,1.0448144039414888,0.99035049870837799,1.0715230573070567,1.0686791981807346,1.0352483069965721,1.0308845576562369,1.0857902783702107,1.018991953021755,1.024618794228076,1.0184896709655249,1.0197963532335852
1.0390004742956953,1.0517633674874731,0.99928029294874487,0.98865127269439379,1.0238041619757352,1.0076332406120638,1.024028394984797,1.0228745571173363,1.0048337111075332,1.0340010872597127,1.0430785702883065,1.031703280349616,1.0557448355107659,1.0344647421179376,1.0303240855299598,0.98699477826083426,1.0339629160396036,1.0458252221045792,0.99431869007973173,1.0471259653163538,1.0350225930390822,1.0536586403677397,1.0075265162774678,0.98696999288092269,1.0250025413372243
1.0463572288095291,1.0356785342394663,1.0161912266932505,1.03893778274573,1.000605406187856,0.99205893675315793,1.0210049228850944,1.0761080021285141,1.0049302503167861,1.0650979210454499,1.0110306776025768,1.0549861993505034,1.0679937434210196,1.0027880709026993,1.0430442940274003,0.99708488863118816,1.0600335241477927,1.0713406987731908,0.98014008385862872,1.0332669822721261,1.0588216609227243,1.0407589324973052,1.0409010747093326,0.95968765759600028,0.96346801779293945
1.0465953537348784,1.0125991430768202,1.0401173639141819,1.0259684371526787,0.88300815056423543,0.97424139812193689,1.0254771133063079,1.0063769761145442,1.0268268089314092,1.0703044193229592,1.0171941169371683,1.0376730089028168,1.0255290855767063,1.0288718636936025,1.0325140939402808,1.0748338413294323,1.0661252340734326,1.0447957682162023,0.95430362599907415,1.008947735991945,1.0284655282825521,1.0352384751366452,1.0082178392669168,1.0304351970264036,1.0475974281229605
1.0385203729232217,1.0444112463956872,1.0417082523029333,1.077019553236555,0.99016300098896737,1.0324735266290177,1.0190022637303726,1.0273768587157444,0.9710292479667153,1.064741781465397,1.0256203023289392,1.0326836574000655,1.0651100343200273,1.0078580414000422,1.0030222854158348,1.0352091698412667,1.0450803244706031,1.0736581588141592,1.0499992860448302,0.99773130091124707,1.0363384331374403,1.037803770214478,1.0028466334731641,1.0315466442634253,1.063353633516817
1.0562634826031849,1.0095970979860072,1.01377142472924,1.0391377311771719,1.0499177532425243,0.95627429691721733,1.0106956411589876,1.0155572078858455,1.0888416211452783,1.0737832129427944,1.0345381369690516,1.0504772298516014,1.0029167733643445,0.99569301741616434,0.99991994652142546,1.0123245601934487,1.045532897455042,1.0428132062646058,1.0257009231873384,1.0089844356284323,1.022716082761016,1.0113449736720033,1.0189402781882173,1.0492054111897253,1.0701150907599331
1.0526101925630986,1.0346951340485413,1.0105022642884973,1.0450530923667227,1.0604147441197058,1.0109570847749083,1.038908117932523,1.0723534614900543,1.0517377634409182,1.0638966858546834,1.0391712432780429,1.0392770248231427,0.99876674034810009,1.0393131094315753,0.97411020234545953,1.0436851727678369,1.0215732067617267,1.0571050357619338,1.0690838473472626,0.97653447016452266,1.0524852472620667,1.0166258846277232,0.98951157931743283,1.0531705719822753,1.0331506865731381
1.0385769929147297,1.0220588870083871,1.0112721012496682,1.0076482671516591,1.0376506796463492,1.0060385054857983,1.0214451227793258,1.0558144787314057,1.0205457098031587,1.0546298526340674,0.99842415590539257,1.0381264122243214,1.0433811700715934,1.0174999832349463,1.0341240018968474,1.0381878189355105,1.0354156548820836,1.063372429905048,1.0307924482256701,0.94788083209367779,1.0428133974601015,1.0170452546886819,0.98423113016395236,1.0428236699978541,1.0494099417314697
1.0169228126525898,1.0328000501926891,1.0215293439800754,0.95447742639048461,1.0279250772741901,1.0543709316353125,1.0014695848781581,1.052945603163677,1.0591533775229425,1.0572073031648408,0.96409500983276697,1.0418257758640732,0.99019508755809105,1.0037123909284957,1.0341825879968167,1.0295637222975169,1.0225878480907351,1.0590993851487165,1.0214090444062442,1.0309679637785893,1.0345016946220504,1.013061651972188,0.96641049105415611,1.0308902593380889,1.0722509412342649
1.0285632499529955,1.0317325747708264,0.98079861438834015,1.0236665292997786,1.0249662236186319,1.0222018517816904,1.0006785714467243,1.0299626802061783,1.038912629657851,1.0531905367843311,1.0024113884818382,1.0297248360472346,0.87788486384602238,1.0395251136408885,1.0224844411765994,1.0378927812144001,1.0414142975975691,1.0371320348753501,1.065609097336506,1.0242806841252605,1.0465588258935441,1.0237662949669339,0.99846975234901925,1.0441623835004128,1.0302264718467387
1.0361144639774005,1.0219395360765342,1.032348718615133,1.0384953719081731,1.0387887371407516,1.0343633426635344,1.0463201689556247,1.044366588809216,1.0253403405803285,1.0498957565518345,0.98430444603001976,1.0593922994031666,1.0671340041556778,1.000459195610552,1.0208164911874822,1.0325344600605686,1.0294285248197759,1.056565048882818,0.98475084602719909,1.0044855397395098,1.0731154063500337,1.0515241405356679,1.0459125241570171,0.97299034288850672,1.0698388490159971
0.98292395554700462,1.0540874427493059,0.9999862028671207,1.0563860518692731,1.020229629324366,1.0389168324634723,1.0423244046726361,1.0164202885900027,1.0208049543115776,1.0559792865545432,1.0325274377762668,1.0166999883818473,1.0522082339972425,0.98455129987461931,1.0634623564232406,1.0412851610969103,1.0258600570823697,1.0608129864456792,0.95525457876649011,1.0471907908188609,1.0080826177508819,1.0304905244216256,1.0357919027777063,0.96830791622100643,1.0610394277315041
0.98170903009991883,1.0214290334154936,0.9843898577516762,1.0058286048943037,1.0632012076206785,1.0520409516880447,1.0424426469056987,1.0529269399654715,1.0042939444703241,1.0581649850228652,1.0240900331755973,1.0650436222539073,1.0537749484087262,0.96445270388044313,1.034358555713363,1.0192339297599347,1.0379042423358156,1.0266492973716452,1.0363151686979837,1.0241745016773904,1.0479609089928767,1.0555043993684374,0.99464299017567825,1.0205527214256958,1.0381143881252621
0.9818727014253158,1.0017352839552904,1.0440657146864636,1.0504912821759951,1.0397567377884414,1.04273922956331,1.0096890109815446,1.0212720086156812,1.0066685056784304,1.0611760305681817,1.0006493920918791,1.0604711175872885,1.0465828748868682,1.006275343152488,1.0102296722033666,1.0116538444130874,1.0538082892350549,1.0406173769895535,1.0241176001854322,1.0511137143335616,1.0477142292701158,1.0471912136940289,0.97312514869793398,1.052766660995238,1.0391823946319723
1.0409646895060696,0.99519056345384926,1.0220686403920929,0.97467158401135034,1.0242881266846464,1.0502076408082297,1.0553354086207642,1.042954244416221,1.0362976978552312,1.0502559741856743,1.0413792697040345,1.0633298943160747,1.0332085016927646,1.0437440779840497,1.00940671132676,1.0401767742375343,1.0489665515865172,1.0566112133080745,1.0350939275677939,1.0282808603932752,1.0456775791576782,1.023854159765424,1.0458764259808193,0.98304447873065226,1.0383867876829616
1.0444063876850624,0.98373469844805139,1.0100551450055621,1.0152514651433613,1.0381263031155061,1.0303076204287038,1.0597967462396727,1.0488203190218992,1.0046021306517274,1.0561046963562006,1.0373954123377143,1.0483236230035449,1.071243210997658,1.0374775599599608,1.0483245782999207,1.0425998232565963,0.9837476878588699,1.0546597277654115,1.0337460822547089,1.0243368134090884,1.0102941831020231,1.03397576704255,1.037803924773087,1.0033339063271918,1.036720326299746
1.0285002921647375,1.0260477926955587,1.0398358173739708,1.0143016311195805,1.0581090816787715,1.0328802871548619,0.99408773574763576,1.0290637670583438,1.015094867508969,1.0561290081276729,1.045774381575606,1.0653547535374779,1.0605126331366528,1.036205564342453,1.0282785416795874,1.0021978853801878,1.0039671449020753,1.0547388110869917,1.0343518395355742,1.0646373372833005,1.0099330921914489,1.015931233825905,1.0340544137148258,1.0125407282657519,1.0760326238423934
0.94778064071202783,1.0141759519182989,1.059872626367192,0.98123530032889528,1.0171837041839717,1.0482913796716056,0.92864902670784932,1.0436328190648003,1.0258592180549497,1.0517726030703169,1.0064266638540926,1.0271181538643255,1.053349832724163,1.0519314619338842,1.047124611918602,1.0056493045807946,1.0234995499414392,1.057224763285912,1.0304823078121899,0.995344797262259,1.051891682835931,1.0761608788854788,1.0290396342401869,0.97945329320053309,1.0642008316569638
1.0515119830588191,1.0125450432961129,1.0095845725868651,1.0126850673985082,1.0628985837038516,1.0585832133523232,1.0064498914819964,1.0445865835745798,1.0000787430578324,1.0673326042956124,0.99684240063851126,1.0410516502895426,1.0021771087394116,1.0127173402821241,1.0371484741629975,1.013172657692156,1.0147346474560959,1.0778040025544262,1.0392762447537596,0.99895781785168769,1.0224787228031611,1.0155690874343768,1.0499077568668247,1.0207225044951169,1.0450594430802489
1.0373083619818002,1.0008465854029178,1.0213524744574896,1.0025263618688733,1.0582018018804042,1.044318351277286,1.0065809430747643,1.0166301554585182,1.0230308232322458,1.0665837726245149,1.0060655784906061,1.0468024280721211,1.0307826899267571,1.0244255370462763,1.0500059434532591,1.0281717931347967,0.99352369824371878,1.0381006421615717,0.99303277058553807,0.98322344031381426,1.0366678324283785,1.0319414420997806,1.0694692703943758,1.006840560682257,1.049066905512968
1.0466742713572201,1.0411439670588085,1.0284276093195139,0.94645263828911674,1.0686411316106692,1.0196555510846659,1.0361660149049312,1.0226470960528899,1.0377304538698835,1.0617910012212124,0.99911904144375363,1.0521514015088238,1.0120366138253034,0.99976760584275792,0.98273759444045283,1.0046440504404037,1.018693611890279,1.0761889084988963,1.0070014440606092,1.0252690676789986,1.0330540698608908,1.0274401384351619,1.0295034054291967,1.0257937485120496,1.0394668018655495
1.0715025920252921,0.99430997107404939,1.0434910338118073,1.0080156617985203,1.0329152085301796,1.0679438534524515,1.0463578573248788,1.0366050577216035,1.0839470836997933,1.0421571404242564,0.99673497428610747,1.0541230765308585,1.0169654180493632,1.0010154111134932,1.0080092171967052,0.98168739843323105,0.95616046473271354,1.0295766238314219,0.97568002822401578,1.0291821563918249,1.0302064429049205,1.0256896002633993,1.084176060966503,1.0135731023124346,1.0045874543692837
1.039078821845397,0.99141664854329237,1.0131457048313521,0.99363585881467564,1.0433747889830098,1.0964292192376723,0.99740959949555696,1.0247691763109643,1.0591146730831793,1.0551185670998617,1.0084728143773567,1.0448442788347991,1.0387284618801764,0.95759100018921273,1.05524306369953,1.028415261052454,1.0239997251315685,1.0376199381143998,1.0292618896719652,1.02575181312979,1.0425424903044407,1.0424583609456761,1.045621841241908,1.0116408804944315,1.002616944878161
1.0243273464621765,0.95678237125389987,1.011059803832093,1.0166023901280956,1.0534893616922167,1.0588005514292465,1.0289744230727715,1.0429165438164321,1.0439378716773302,1.0710006776373673,1.0102868516140686,1.054083257756969,1.0264777679266519,1.0242282645240768,1.0122361651556497,0.99283792119524905,1.0431652278793226,1.0588690993304897,1.0088851766466971,1.064493725794309,1.0357704957963076,1.0432762891548928,1.0382741772476889,0.97785359956229556,1.0357756995248615
1.0336238300383573,0.93550964388743796,0.95805337330978579,0.90774894250242966,1.0355561485455225,1.0627474833953829,0.97871573064128825,1.0314336834043363,1.065262367587585,1.052721409922253,1.0310497121833753,1.0333736152997597,1.0045255386600644,0.98427427061355321,0.99325070594617471,1.0631600397273695,1.0221290289481757,1.0423174448480119,1.0789255629654981,1.0194140590154297,1.0257961719214799,1.0434171161141874,1.0269161126839479,1.017398089390976,1.0076630398464765
1.0166073471761423,0.99275029174039819,0.98647156433660388,1.016856964061005,1.0274162734092296,1.084648275378588,0.98519892890807848,1.0631015417707288,1.0578635080353924,1.0674008277452121,1.0455103941430408,1.0325292121285603,1.0129061351463202,0.97162523446962357,1.0152360629832229,1.0436402233857964,1.0192233638275305,1.0659451702473408,1.0321239391488184,1.0384554511568633,1.0343501893099818,1.0224991142770252,1.0279245587841499,1.0072815162108348,1.0231730809297623
1.0688950858884825,1.0271633023840909,1.0141950873443513,0.9878997586089433,1.031446985218764,0.9995810864911725,1.0011158126139892,1.0718444303972117,0.99192104891924726,1.0628521324039242,1.0293389940344904,1.0334930050424382,1.0316100918939444,0.99087290107413861,1.0240133796465707,1.0261076978509249,1.0002278371114448,1.0746467906224804,1.033827018115367,1.0299162420033532,1.033258497165346,1.0294347922871976,1.0757929483177873,1.0143268962545757,1.0339521807762206
1.0621009207459726,0.98343030487463268,1.0013558988490556,1.0384416661244413,1.0368243780817834,1.0514989719509591,1.0099028303229907,1.0710392116449534,0.98782425798757945,1.0607225119063939,1.0377619407144822,1.0262496452342365,1.0129749460005175,1.0022375633841381,1.0132968978394108,1.0337342093155935,1.0051573378454262,1.0733550999418457,1.0381065309982427,1.0264210626074324,1.0135448316004001,1.0565795456723404,1.045520899309839,0.97417690697538195,1.006556438499518
1.0567696674564921,1.0622107004426284,1.0437196383169245,0.98976597769523267,1.0522949134827464,1.0413929377869613,1.0583556763586448,1.0437745768471314,0.98384080641913385,1.0599588151122392,1.043601577636684,1.0299269741591823,1.0196441353236321,0.99630903218719191,0.99679128921298477,1.0053992905835034,1.0167000592200985,1.0347498910814905,1.0211092016108261,1.0223016821832789,1.0072521104651884,1.038754598269453,1.0455742477374048,1.0393670925588363,0.98044929330187613
