0.76346208682825134,0.69314617936732748,0.74069302978435647,0.68435256370598219,0.69728445453503518,0.61422922684932668,0.65940793968511013,0.8276848272426568,0.77879054252996727,0.65449073308460493,0.71123229389297205,0.60780852991255541,0.777674177686136,0.55826652705601942,0.61449026290075914,0.72091288320592639,0.80736384133086092,0.92925051987726703,0.674571712321968,0.75453402828971239,0.76439255078938428,0.68816419754112501,1.0135240824473206,0.81711196937006514,0.58952265534882264
0.77312704276673561,0.65588942736419786,0.76703182567977968,0.86116307007302628,0.84351634131192943,0.80424994746903411,0.67580281016164923,0.81203682686682099,0.84042615948127697,0.63189753024616246,0.71036628960314563,0.68492650760226104,0.75819876951769727,0.74969054743656471,0.79864734635020729,0.73142282395054747,0.74427270208654706,0.96164338920776138,0.7392900792962902,0.75492446724945561,0.80622796164175903,0.6678711311457961,0.99561566708363414,0.8771504991474397,0.84670152312270186
0.79968349996606369,0.89137783715724861,0.72284129893274018,0.83800318703476573,0.80791726133879438,0.80476193450295186,0.76800842808556935,0.83429798260610477,0.81398917883135591,0.81126626341524555,0.70891113985865284,0.88626595717577361,0.82195857247042814,0.62081001307613037,0.77145915860524661,0.79702223989636978,0.84288018470690451,0.96002245936779462,0.7293751856430154,0.78413975372797351,0.82232717063819316,0.55688227241988375,0.93961887147042178,0.83661473854082957,0.85814729377151688
0.87811170528810378,0.86590744370092021,0.86523628114358808,0.66029845622340877,0.80173368604249939,0.80953453174317247,0.73633486126883008,0.83981972905390556,0.78491290197117114,0.79688098112303463,0.80188207001362133,0.85901600273297751,0.77382592971948005,0.63222391408761069,0.78117077078550701,0.692535398048023,0.84252017504535115,0.91838028151609052,0.69614921881074343,0.70703605484405929,0.79146147894989916,0.8072889488327134,0.97027272773455997,0.8258842312249437,0.82852837963149661
0.89983405875811306,0.89200128859346139,0.87078268664318359,0.84306103132644739,0.76413694998897874,0.84585887241699775,0.74907581785621058,0.80116460943716472,0.81050254756903728,0.71752772766278827,0.86468390597339462,0.87907649873326588,0.80265741537099311,0.75386581976508105,0.83494963620420248,0.85299607325780569,0.88462285222051784,0.9076529605833018,0.7922987182767004,0.81396553551062767,0.78468731921369628,0.74416345713004428,0.98748272509236723,0.81133007336427654,0.8836704370065751
0.88430704532115878,0.87689422937686035,0.89224366197776206,0.81745509591228582,0.78522761490959947,0.68427708554692168,0.78174737161580066,0.71090261994467652,0.83284639408179773,0.75952914559905682,0.83963736934976219,0.9502282188339074,0.77421970781837723,0.92496637717556851,0.86049838841806381,0.85752692934223795,0.90042265556023227,0.9258888920962135,0.76036921089108223,0.88420135916079956,0.84588409877773874,0.74482712535306816,0.97443116095345617,0.84522105750390319,0.86488797789330996
0.86672810692416247,0.8900501327774023,0.88001483106609146,0.88291429645093655,0.87217777097730398,0.75276858421102966,0.90262048209872536,0.74030765934644893,0.77748477330370269,0.76796240722394971,0.79186414661710103,0.85136806518526598,0.77867386520756632,0.92732078689659336,0.81037375637983178,0.84740002804307191,0.8744445332349865,0.94144154519503942,0.75592671109459675,0.88004133473688251,0.8857681424288999,0.64066957541188796,0.98063923778754325,0.84086776128142982,0.84348099614555916
0.84919181335714744,0.86479877909642533,0.89787605078650379,0.83516892521640718,0.86870982360854998,0.78727700934825295,0.82916603159870816,0.79288006110787679,0.80492346961780725,0.67670654407642206,0.86024903699285626,0.87057685501559201,0.79489285130651555,0.90574643404626609,0.85386374133163256,0.86842202952669445,0.81904528683955802,0.93619291984705066,0.84162547919968478,0.88096912957121987,0.89485381334214409,0.61007215052158537,0.98595811283231849,0.8246200489067238,0.8479383028606956
0.90830189213268309,0.84847987454577867,0.88881926054130145,0.84421020422893522,0.87353683499437274,0.87046341331352395,0.90471515604528374,0.7306311079033504,0.85508118052830928,0.7641001051488775,0.84309166513792388,0.92883419535925893,0.69463513089947115,0.91459273015344145,0.79014543040196106,0.83291727156158546,0.76052765960449031,0.9629962490118853,0.87474106335171242,0.86825304410065463,0.89833850614573652,0.75227537371394781,0.99987794227682547,0.80946858589897619,0.84134753752796243
0.94214834425800198,0.79642896162499777,0.86796849534019715,0.83712558693481953,0.87859990187185677,0.82835866781864387,0.90658392733584825,0.69703661742186829,0.80043311041467802,0.7710484437838846,0.87632428913360649,0.90282324445898499,0.89255050599819696,0.90274064259245335,0.84392680912897067,0.8434166602627351,0.68638966078882602,0.9411400548915696,0.90316699729540273,0.84445597076675483,0.9217054079839373,0.83166798298415967,0.97309423271988327,0.79997852013972426,0.87102709859038119
0.89848420884804847,0.61527217779312504,0.91018557592767257,0.86431077834616454,0.88017079266263676,0.86508786323280396,0.90087149843138681,0.70586087208728621,0.8626099665500595,0.75106587630246935,0.83538233072251467,0.93175143218003931,0.86729259252487811,0.9141009724175222,0.84279008259868449,0.83472893096866274,0.90591546913396725,0.87538543769266886,0.87604737497240071,0.83508760591064812,0.87318842232616778,0.90183923811158195,0.99971746971447772,0.78100976884289031,0.85355386061303962
0.90996985064652991,0.85351255629975364,0.90127072586676527,0.83559918070303596,0.89386897151678901,0.92463909706007796,0.88853949282374312,0.444048572321665,0.77776913562971728,0.89902965066596741,0.84039959498601635,0.9335841290976522,0.9013414768275072,0.91081660979164347,0.85163565620239801,0.75486981073423431,0.9235309371480479,0.87116719242781937,0.92704331321282762,0.77949596243031494,0.90374911132011482,0.92341820681960662,1.0042582559777007,0.63901770885290399,0.84649319667173784
0.94433225422122802,0.84886926117410966,0.88122954403069098,0.84096937968111485,0.89888427673054239,0.9354516178605915,0.90424024354310284,0.76054693748245206,0.76901946154338297,0.89831154138109837,0.85540828974912431,0.96135495667707271,0.84638056852796106,0.8872032069497866,0.80442181897179976,0.86849334773503528,0.92667870206031056,0.87124844448736205,0.9207166560933876,0.76162078558559032,0.89499977235925221,0.91810221051136853,0.99355076381353624,0.84428589702211765,0.86081514246625668
0.91871720872591289,0.861342853909284,0.89283894375375805,0.72539189462861364,0.87404996133240709,0.91898024643298437,0.90130677723087316,0.89916127992056738,0.76973356133328275,0.88857010939976699,0.89918380324174785,0.89851313333273419,0.89652597646501941,0.92438871613045059,0.84658362703036794,0.88070949917740748,0.89816570322083222,0.85460615731665746,0.9111957665905448,0.7679905086891794,0.85651328120777093,0.91636799426146109,1.0085648366504985,0.74344483288622731,0.86515493498705875
0.93387496569263184,0.87841195455488585,0.87910763999565433,0.77368658366156817,0.8761998462749746,0.9357589969061596,0.83054617991680968,0.88630129684340342,0.8716366233907088,0.91574789303572091,0.92911713461017864,0.85417824613408455,0.8500083029136839,0.9167767581836932,0.91476801204189839,0.88826098595120795,0.93040043728776889,0.83167550923411482,0.93293848049494676,0.84764323119662754,0.73475628510534052,0.9055385894358039,1.0047132472132281,0.79518098836073137,0.83474177006465256
0.81970630192821137,0.84044043660720147,0.88011003556122458,0.75008131286699542,0.91881991467006352,0.92160774005102064,0.88724109656846795,0.88134745540779325,0.83445991844299705,0.85309642275755682,0.93227400959408979,0.80716102678173518,0.78080714735656875,0.92414911209396533,0.95349569615421892,0.85459702489370482,0.93288041279143885,0.7625267343391523,0.92232692602866373,0.84519927211557688,0.80174060497238397,0.86334725949345348,0.93658363231077446,0.76736351097527633,0.82575434161409667
0.91110914479027372,0.84522968097817275,0.79554699309576205,0.72895909862781594,0.88055118757221884,0.9238945346899734,0.83483639466930015,0.90733347262479125,0.86065953177016641,0.89483997974704832,0.92828809048199423,0.83654931529482957,0.78336013860403753,0.91792825899573438,0.91349412868196922,0.93931684739425358,0.91668155037887644,0.85401896159198987,0.92101641579412397,0.79834550574807706,0.67148406662086058,0.83129687241603534,0.98300172171547062,0.75108470377992465,0.86528974041401774
0.91497371497736668,0.82973567137495663,0.68527517818810635,0.88528595951244415,0.8900954637120464,0.93202828678756666,0.85233710046682709,0.84986631997695417,0.82923658391008204,0.92948686214535126,0.9325719804606748,0.94296052192885027,0.8244604928484387,0.91882139638512217,0.93854886627647172,0.93739073198200784,0.93405006122856993,0.85420369517626193,0.93105008525251465,0.8088509503316671,0.71564892009479864,0.80981202232102667,0.97885647916364715,0.90465493560461074,0.85216538381977602
0.877160329480977,0.92399778512100927,0.79923702134056573,0.86846732678577876,0.91467834464974973,0.9595497245298964,0.8488244470246169,0.88208230157455403,0.85565681870600452,0.92598145359204476,0.96419165462204348,0.96011908773906141,0.75240103992845142,0.90862624158604577,0.91162373172782341,0.91981313529507969,0.91849042652495771,0.71111822779025846,0.93029656528760551,0.8895282383484584,0.88496466201266544,0.78357269420799447,0.99062823008739254,0.9061182003638959,0.8446911827125676
0.7776566378645593,0.92785622473668705,0.74362065789017684,0.86687662940169152,0.92608957393599511,0.85905153557252478,0.83064445137206355,0.87869188645683582,0.86052302718277829,0.92900341012418775,0.91497584632522855,0.89695647515665589,0.72813255273177069,0.92364367448961393,0.92950086577478941,0.92331485327120155,0.89426260504952637,0.72803475758595504,0.9187167197236159,0.79864313569593193,0.88107682343088889,0.92640141768697393,0.99132781749964538,0.87558735919031061,0.87794836741292193
0.66634864083893586,0.92912133505692263,0.74260500757178416,0.85380287008755795,0.93709479926067496,0.83638987541242604,0.82787386552761311,0.88785845433832644,0.8178132466778919,0.9083848627696739,0.9104963725116727,0.96583306853976458,0.83386319474547987,0.89446768920252973,0.91944048247761245,0.91432983042837224,0.92680128501198256,0.66334906900213497,0.88267869135489019,0.7432917975237,0.87466391046575398,0.9108397013426377,0.96881376918056961,0.8842539523280547,0.82023718420985248
0.8370347497952314,0.91764846309313219,0.81495616112588409,0.87298940939730241,0.91403675683145147,0.75604487679809385,0.84850158822494726,0.87679667923498017,0.81924894213096155,0.90415336076883113,0.91130486353822859,0.98518540044070613,0.83222121433686114,0.90630666393638881,0.91621580274533665,0.94171311196338525,0.90586148978064085,0.90427380920416744,0.9519998301546877,0.86044721004315561,0.89050647808327166,0.91261506424905547,0.98782632159822237,0.89099246142052291,0.85696747257190686
0.96449129184941351,0.89125908905187778,0.85069562601609072,0.89271209539705398,0.9133762861253788,0.7489079033595063,0.76461485071517732,0.88845696522660167,0.83465814003413663,0.91367535512250819,0.93677677683607408,1.019065806831519,0.8260133842679932,0.9024168539056916,0.90333495443093081,0.936521563025978,0.91721984238521792,0.93268802725763089,0.93301010218307678,0.80470444066942848,0.8819087998203835,0.86097739810128593,0.99322563943731867,0.89695369369524303,0.85385412003277139
0.93837293572017655,0.92140895661376554,0.83199113227851951,0.85120574184998332,0.90469243581625025,0.95439331777985792,0.79315206759497758,0.84063273962000573,0.77670942046806368,0.91217197346349754,0.9203505536386849,0.97280742261846587,0.90232913497026712,0.92342782589310202,0.92694109115111778,0.94514076975331629,0.86762878277540745,0.92050535041422998,0.87919542610927992,0.80923928603304929,0.88875485890740369,0.82176870310025674,0.99061548367346497,0.87250506702764685,0.93533512849335565
0.9026557481553279,0.88786988496266805,0.76250916933524571,0.97261236589983702,0.87808869165673742,0.92388773568348026,0.89828656693575182,0.75700138978470399,0.76196099572581943,0.90199649663407111,0.93141007439840962,0.98780548254742373,0.95283433413185048,0.89260284373011711,0.91168204879165649,0.93172163492650739,0.87186449675711686,0.88953281778752746,0.82588387394438145,0.72350671947043499,0.88280299482798885,0.81939042520667604,0.98820503105562052,0.88860478459635883,0.87997575751888879
0.93414101490231505,0.90189606324773164,0.93627762411910154,0.94576652831754227,0.90560621365880734,0.84880708936101312,0.90689682862217824,0.66986619479214438,0.91990015879003695,0.90944974578005411,0.9106207909285372,0.99777079429750326,0.89707843383221308,0.92545327549060297,0.90993687487316588,0.91317012483895577,0.93320090292133617,0.93999375493896031,0.74863031499396337,0.92341201999030464,0.87187332415942265,0.77706452813696092,0.98397358602983476,0.93161229994532901,0.92777141928759843
0.9292355995128605,0.90309835811214711,0.95537415883884658,0.98388305365480577,0.8545746669559362,0.74545681445058321,0.91122146260895664,0.78387592472858458,0.92956323688486753,0.85907598010158215,0.95295052992996931,1.0010597420717866,0.96876655391011957,0.92078442775149416,0.91891273319349243,0.92961201820653616,0.96342356959410314,0.88128079970768702,0.95888279182843272,0.9269279170074658,0.87987398776048753,0.90391388920645199,0.98177410919006114,0.97490248751172015,0.94353447205090535
0.9069166459887098,0.91220000078064689,0.95976598219436005,0.94076163608207364,0.91021714598492764,0.91538738232280181,0.81365115570638336,0.71099333632015327,0.92062839666519125,0.77606840353125628,0.90165424237564196,0.97022170909875582,0.91425662619519832,0.90743987550966387,0.92240954475467252,0.91839604756807236,0.93170277344075814,0.88492191781419471,0.91686214173859171,0.93370512712878795,0.85789552810667824,0.97178864845702051,0.98105555137163547,0.93110379059139969,0.92163548596492673
0.94136393546538721,0.91358966846716139,0.9530196165004351,0.94623317431899534,0.88451202187293276,0.89984711106417126,0.87928966703009093,0.96662306631380668,0.89583991234287397,0.90848127421704805,0.95363197991342086,0.92936194431135299,0.94995316621304793,0.88510026038667577,0.89873044178968142,0.93889401777510961,0.97467398078302392,0.76517536133210895,0.88749825232658219,0.95488884007887986,0.91084362769181493,0.9382170543044881,0.95941980600951626,0.93161882286655562,0.9095550215681979
0.94847683042452802,0.89752083810779093,0.96251358271359799,0.87150379189705374,0.89147144184567573,0.91668656047566233,0.86285231489123859,0.93347886830342564,0.89009114460345984,0.88982087336848825,0.90937338608259233,0.91653756877599835,0.93164189769431449,0.83233591135894003,0.85999484466113141,0.90917279702664699,0.93695376776141437,0.86623853767993186,0.92614002339752155,0.95110963765536627,0.86667347214057022,0.97365362068473049,0.99086567428075356,0.842601030946317,0.92230369186437355
0.94896982750989467,0.91154148246863975,0.95988899331379218,0.9141873257989992,0.88370384437978688,0.92530255030791675,0.84220504662138684,0.96097509898283873,0.89682423482640483,0.83764007981124056,0.91003951343088585,0.93196275071427981,0.93779653626505166,0.92265493740692472,0.91086347510399868,0.93201295138051909,0.97805324116097614,0.8989025170124002,0.925091186479163,0.94872671757727822,0.87132755163061049,0.96302007684351654,0.97670327829525261,0.83581314634317971,0.90413424872437653
0.90883946097178903,0.9098288120528506,1.0166063036874851,0.9581264376230475,0.907581857817645,0.91249142045135945,0.81793917157713369,0.9176626778549033,0.86853162135729134,0.81788153501005778,0.89872420531064823,0.98581021706148853,0.94258034481229735,0.84549948807747721,0.92078097878878551,0.91987596131180616,0.96880364494582205,0.88419573232742887,0.91010564512020953,0.94729208219843075,1.0104680723522534,0.95114658166068988,1.0187863815241236,0.90539688562621656,0.88976407931471757
0.95380571920546031,0.94796766502803931,0.99592559865813213,0.97521526052450969,0.94342855066178022,0.90694726681902571,0.91239484660563708,0.9328378643464017,0.94798432839987334,0.89227211718296107,0.90406718018482846,0.98770890809737044,0.96563167113068216,0.75662681596850256,0.8872254171285725,0.92026507184816486,0.97721998445966274,0.92811390731473198,0.88905706101004722,0.95145480154938755,0.99534552251351871,0.92845834435686658,1.0024056555190823,0.9046395443192895,0.93630454806502839
0.92659832052610336,0.94543283445154469,0.95288554543736836,0.93915210477919886,0.94656082719563661,0.91224615039978585,0.95571246604683913,0.9498946100731045,0.9752995680794645,0.89574601145538424,0.90764930823301226,0.97058332261605362,0.93686497470747221,0.9434146011772222,0.79879002475409566,0.9450833752406973,0.96477156884674831,0.93016322363486093,0.91824048208905051,0.9092398794856309,0.99606839435325123,0.95113371353450005,1.0049493236137172,0.89478129140996554,0.94250429728004492
0.92647072119420004,0.90525476659009874,0.9561195197284944,0.95799515346459962,0.94715013315038532,0.89533506535929563,0.96444763406259426,0.9263125559400589,0.93097645044563782,0.93273686608898321,0.96696892816388691,0.9850442953153109,0.95256932451924559,0.91773385466281532,0.91355410064635734,0.92173994922788627,0.97746611106567638,0.91269763551737637,0.94086980543447274,0.94135139041805216,0.94619008544094141,0.91749851672726979,0.9542282380167455,0.85454362317989818,0.91516324285297712
0.90086429983300886,0.8611543172459073,0.96817994796851414,0.9730369851600692,0.96818704853236426,0.92880822655427986,0.932386998355339,0.95563630278423661,0.84102238551800179,0.94528857158742796,0.99104388975390079,0.9704521285346992,0.90458470441960237,0.89673611669966313,0.8911617766198332,0.94357580665390794,0.98382257263403083,0.94892672457962846,0.91768229480471442,0.95853895689598911,1.0037620042184465,0.88148796558322429,0.90437323918028278,0.93542881716276705,0.91928918873410304
0.93453532149270502,0.81001452418079345,0.96911344780596209,0.96752285322590881,0.93729261462352742,0.89955914427356198,0.95186427030313414,0.96408639553228936,0.74209125901919604,0.94188781783704167,0.98421149208244108,0.98491341280775568,0.96434758409875743,0.94052395968654767,0.89583084913111932,0.94027818550395859,0.96335414479732928,0.95208884230175084,0.92615409533586679,0.91262838301785965,0.99057380420142627,0.9598320892717076,0.80727610465873612,0.95178511609339667,0.95838886859576256
0.93776490477713603,0.82635150571282368,0.97844964462982231,0.95317684216201815,0.95097768480915967,0.95635518747633119,0.95825157022014673,0.97671421594945085,0.86553869765128066,0.94472947594474843,0.98890252758969666,0.98406181901899248,0.9177483975305033,0.95194748156695719,0.84648779617272429,0.96464889041322932,0.89545956691505224,0.97070107819211149,0.93462625129244814,0.87555894825299985,0.97265496945263374,0.94926285022373291,0.79699920982526451,0.95294595261657722,0.92809426638465964
0.96265794726938558,0.89084330206931328,0.99277625052981233,0.95281609989658911,0.94495879879161848,0.88722030714682731,0.94612347226554716,0.92130790763304493,0.97763438896284405,0.97234235859839191,0.97647809184142798,0.9510378664337571,0.93597579664521557,0.99272493404851148,0.8367482117586329,0.92462791885356144,0.95315235288743794,0.95633205940378885,0.91206588784701292,0.96622211349202869,1.0054904978671571,0.93657595692362239,0.87121012183775148,0.92785572614361467,0.89749273768516435
0.89566316743960772,0.9933969219528036,0.96214462693600034,0.9610118415176504,0.92983920301633816,0.96579017841065951,0.99570595402249862,0.97102494537350625,0.96973319476306363,0.91170756644823214,0.95291525388033893,0.99413295737389062,0.95181342012353465,0.97588006139602501,1.0132042842360593,0.93386658750326967,0.90169740786063834,1.0215875399211738,0.93246271857340302,0.93052207171567591,0.96455584563638186,0.95998938165919734,0.87964391605251269,0.86754547996745868,0.85517018803593225
0.92224325168588528,0.94527626017514521,0.99929430260107577,0.94408384353042596,0.92116102578312586,0.98110264613737386,0.95168579747172588,0.96609764535613785,0.92979965784330776,0.95946187239846914,0.87643188847143538,0.95543226840335438,0.93393883613843054,0.97165519162372294,0.99145047665851382,0.94919673742586819,0.92833983446215207,0.9506606263741908,0.89115334474932828,1.004582160698273,0.99680910866295214,0.97760486712572492,0.9024522077179532,0.8524836281997743,0.92857392421975637
0.90219226424737275,0.92296575737738173,0.97463228180096551,0.95669702417706137,0.97543083315851242,0.93732251368769659,0.97659824135367013,0.89241666487213833,0.95773517505268646,0.92844295601554583,0.92003627593833592,0.98278238250784522,0.92833134050869004,0.9994964946849475,0.9616976185678604,0.9447559138638234,0.927260799474798,1.0001969858158521,0.9483717667490752,0.96216825084955326,1.018440773231134,0.97046617926939727,0.95105665390718785,0.96386926405087592,0.93991947137033938
0.89496486553370769,0.96553707796760069,0.96707104366263008,0.97591215374035223,0.98669128535458173,1.002041238424934,0.9658937652329872,0.95471966268205521,0.94484658543193278,0.93923451793571888,0.86896454058799888,0.96935528979272378,0.95511267310773251,0.9682107927165724,1.0198663581254792,0.95756326524989233,0.9459429760169431,0.96035669447622951,0.96302622192062193,0.96931692983596329,0.9951808241152782,0.96747218892029774,0.94278152734772602,0.97849166195598769,0.94542097682835069
0.95950518432987308,0.92567900584028318,0.91707456086978811,0.99512013670587873,1.0076770243880029,0.97937354513699926,0.95087810239429094,0.90200496635744909,0.96479826925425793,0.96435677985240742,0.95644211572954263,0.97283415399028395,0.98137002757485203,0.83878196369010705,0.99302975874138377,0.90593512978470925,0.96585456547711357,1.0136157070938479,0.91190548385317016,0.98567157292073448,0.98424902696762628,0.94825283247672643,0.94956936231800648,0.93269783209062063,0.94640560950690056
0.95810717759516872,0.9129369198184436,0.93317282973452609,0.97685076265678938,0.95364874652476883,0.97936207070737424,0.9565408090493398,0.98314755995252634,0.9896831732108119,0.97400406089530023,0.78567166845250891,0.97257263934910576,0.98406631096887454,0.91571584453846311,1.010960351228307,0.95777911019426965,0.94286919613735265,0.98300530735423841,0.90822978398306831,0.98835189018351877,1.0107937743691224,0.9574357911854704,0.94832316689942364,0.94600707026302211,0.92809671364366653
0.9462545846292143,0.96435011774034107,0.92992703470987648,0.96709068861976721,0.95953079259964269,1.0041346058964047,0.93092342484337465,0.95940288185829825,0.99218218048824924,0.94148201003002585,0.9506472071725125,0.97078428652352355,0.94049521347803755,0.9131145727869413,0.98375811608163144,0.95909832052131627,0.94828596148120781,0.96963162472223285,0.94438307636398233,0.93683214304611551,0.97730842929105188,0.97368298749496718,0.96589956227067186,0.94867456849632947,0.95620904536456297
0.90105120917170956,0.95593153932839603,0.95456645325642997,1.0022158407541031,0.97950835307968109,1.0141849367201734,0.96822615517640287,0.91077905081876975,0.99488261034952585,0.94973927987024176,0.90672198511793878,1.0089107718000874,0.98555770969438072,0.96153122754278764,1.0043984815064753,0.94217521038266339,0.9735671824259835,0.9957381278779337,0.92716892234718951,0.95659026614530618,0.98113757665061485,0.95855239551529781,0.94865486414602851,0.9546977865063202,0.93708119321796679
0.9836733642413138,0.954424002700763,0.92132479623777352,0.97406974727570939,1.0146395723190638,0.92653436283874002,0.97688901333654687,0.96819242131234107,0.99485777681688681,0.94726003785482493,0.90713324694835629,1.0126233453767162,0.95142463053415527,0.93056669539640813,0.97306436227672199,0.97573999808032297,0.92135606597797381,1.0097034251803985,0.98866396922073996,0.95068091006136157,0.94025395347711571,0.96034737979198526,0.93499363178511974,0.95223310864423827,0.94374709552449187
0.96976396921291241,0.95807164951676593,0.92854561847346129,0.96139087501604481,0.96536998536953433,0.92284990307964176,0.97207686851568575,0.93706346420952891,0.97769926708849797,0.91439810993471227,0.94133771048003345,0.9708268300677545,0.96265517328194161,0.94653423726011354,0.98657737073049478,0.96496208131501349,0.98639524252433808,0.98899356451392639,0.98960783834446386,0.95303660870949825,0.98472492055225014,0.95713927287598022,0.97796297229512008,0.9772266816654861,0.95554292168682919
0.94104738195574977,0.94549637694450595,1.0000387020807744,0.99888005795325396,0.99988296323268799,1.0064081147008699,0.97211443376201667,0.88902399695773637,0.98450348797627762,0.94811061297032773,0.96894847225252634,0.98640017100807864,0.94869676317856055,0.96726954383020503,0.97629830435732079,0.95362828997493798,0.94452653702406952,0.96799958979002565,0.99796065784569399,0.9897976405960266,0.98357883471721452,0.96605706619276821,0.95231108002596698,0.93732367853087628,0.96648156103039962
0.92273997328483082,0.92561480342296854,0.97361859816813534,0.95149579814835483,0.97244264544920456,0.9739996547753117,0.94589824412694579,0.96875751555892575,0.97516088383874,0.98842958642387946,0.97234214931312757,0.96800085765902244,0.9624654379201697,0.94512444291681263,0.97394643189328567,0.95191586789788363,0.89928318723339273,0.99546866370092235,1.021730203313709,0.9777221803920656,0.98679441955321701,0.93992817519029015,0.9206146637279603,0.96915785216470007,0.89659164965655558
0.96698740103969938,0.97608979074089408,0.99909753005193491,0.97243347291526316,0.95734290516824705,0.93102807086511374,0.95986841051728788,0.95316690838050844,1.0306968460748172,0.93536423977632732,0.96475263735133532,0.99603355174312547,0.9758661493962314,0.97997382525514098,0.96617590539348497,1.0169234738085822,0.94054996123877077,0.97835311959554616,1.0036966729095698,0.9440561083677137,0.96318318512680756,0.96226411621651986,0.94123258772198892,1.003235849084408,0.99172429374641224
0.97144956814885364,0.95573925063268061,0.94434729585608779,0.96137796778903228,0.97978244837785566,0.98755867251690321,0.99858787993142051,0.9994802174140538,0.96697833982660941,0.96334139406168029,0.96108914819218849,0.96044363791702125,0.95840633855019952,0.96908398430747178,0.97569190042658982,0.98834880904581834,0.96773109062327312,0.99176465383920087,1.0037272769600218,0.97752079917927193,0.94995415609159017,0.97745674671738203,0.94358506796148578,0.95356776290307943,0.97045908182983864
0.95727754553343924,0.95385195454887772,0.95025441994401205,0.98778431521397458,0.98809420644036117,0.95929055297134869,1.005395454755847,0.97332855380648997,0.98156740063420556,0.95832122330868608,0.94889949453089728,1.0132804906526609,1.0314712918128177,0.96155455603876483,0.96671402434586318,0.99931017357705809,0.94924915719135261,1.0460828732997944,0.97332805922674703,1.0041999132540469,0.96925426261730252,0.97695852690769847,0.97320931618224782,0.96396489937200491,0.97902953018099548
0.96571676282188057,0.95744825602351258,0.9737171893982608,1.0141388283594894,0.97153266436651875,0.97856309403515584,1.0115304349646337,0.95834466790089212,1.0366923467026596,0.89882796119647657,0.96956785882253227,1.0042778410674136,1.0137301424720535,0.96856302997442567,0.9953282376459186,1.0166515227613724,0.9551782875697501,1.0002713943008055,0.98212513539342816,0.96014333632875526,0.93223129425285545,0.96190064835523115,0.95613586732905553,0.96917910694424492,0.9551306045892084
0.95091470355476282,0.9534535591564568,0.99783780038051362,0.98161311899190129,0.96800581428691523,0.95369237210244118,0.9505211573281781,0.94972079343810889,1.0220390554326568,0.92187763041703974,0.9454770895807757,0.91819991314747473,1.0121466643972223,0.95677600126614037,0.96497669606132574,0.98451994005232524,0.96731091605198405,0.97706344167519965,0.99198965365190639,0.95396690134245166,0.88644202488304968,0.95499141296294232,1.0131420742009056,0.99925637256727806,0.98517777848712929
0.92469544979480911,0.9598934760494916,0.94753025513288203,0.99791597035652779,0.99415930720896828,0.96747207530384505,0.9579683361089345,0.91284196945401186,0.98146004738197512,0.9595738091540098,0.95863238747615964,1.0080232839475614,1.0289889871112614,0.97690344095106652,1.0025554523753311,0.98654079913189452,0.97782181491641207,0.98540847631412942,0.96420734864372704,0.96314967556715569,0.91680485807185574,0.94587702599059242,0.97020115916663596,0.96169255308451018,0.93874969945651521
0.92591752714959485,0.98760700679678948,0.97707459736253899,0.98405395586079736,0.98801647687715577,0.95391914636659536,0.99980199286492277,0.99110859811780017,0.97871414024067127,0.97926064730963214,1.0149167590527282,0.98141840434053196,1.0135880607441108,0.97930175276596121,1.0071805220346375,1.0015173598065121,0.93713251608605197,0.96020028062824103,0.98971857877158365,0.98838209767651475,0.96282612177870719,0.99243099769821685,0.98510527112522561,0.98698093774699769,0.99657579136306473
0.98878056484196974,0.98718379299326153,0.96738084470163066,0.98937370754472076,1.0031956993679665,0.98668752739744847,0.98022435746325443,0.98568780911473275,1.0113193101001905,0.99839428941147923,0.99402089898433243,0.94638917846877646,1.0129285544099516,0.95726597014644954,0.98310886854423607,0.98230253817136859,0.99191372920305976,1.0223932149007506,0.97530849745367765,0.99009814181173073,0.97296827672039732,0.95332378901665316,0.967708854958089,0.97724720762785378,1.0085766409480514
1.0065590985208552,0.98376721575481307,0.96092772314162245,0.96686122324047141,1.0113764731046742,0.95226463128019279,0.98557835012732642,0.96182487566486996,0.98238820572133201,0.97578531465733453,0.96149875440717936,0.9925096266836263,0.97233832704619416,0.92892771676245178,0.96166766211508103,0.97148197041686946,1.0175438369231193,1.015302326432598,0.97337026597930998,0.9715311326941799,0.95586741460617386,0.91081042376976806,0.98987305446860163,0.99550366395374401,0.99405877936147946
1.0041522996936723,0.96767761311327993,0.91434003316745871,0.96059054441677372,0.98436687017441227,0.9852988421483686,0.98753190882035302,0.96984427723529365,0.98820076553224756,0.99236988671782211,0.97699147603258285,0.92243213130187707,1.020054313281143,0.96290962355830878,0.9654234458347235,0.96230153582127886,0.97414061693978193,1.0345738213882156,1.0028697577493539,0.977231281068632,0.99190310454852104,0.95398480219252035,0.96810133693428335,0.97209172373707564,0.95136270531784661
0.96755877909455301,0.97084521733719498,0.98935420926264317,0.9388288862998021,0.95225593140318587,1.0080906458421048,0.9712882192489064,0.98866983512074591,0.95320416797684193,0.98508334395389374,0.99721080655852978,1.0116416639460573,0.98945135502214387,0.93539615419912736,0.96669727846016817,0.96926313097079364,0.92944878192550551,1.0191452876543294,1.0029176010982068,0.9838496457968241,1.0028177123084479,0.94246962773305998,0.98813634913382309,0.97325512753861454,0.9886439157548893
1.0202358590849667,0.99130749453476152,0.97491235716156255,0.96102668608354902,0.98176755271567506,0.94313461264759013,0.9642482641445117,1.0009642173057007,0.97797034397591276,1.0054158364288706,0.95415726678701407,0.96256609842019125,0.99203340724642775,0.98378676472338034,0.9728909553800682,0.97334986269850876,0.99402526999665608,1.0164969020557244,0.98711032409334298,0.97895403235563716,0.9927742075724264,0.92498904896332346,0.98389299900812344,0.99039599163736047,0.99560086632900102
1.020673236850439,0.97149553436345182,0.94808107566883337,1.0114877072166479,0.99997057854604188,0.97690685407459754,0.97715035731476851,0.98039230777132313,0.9732953948631401,0.95704433295213409,0.94383954923832281,0.97125703038683275,0.97023964302657162,0.96763076448836294,0.94477084822969648,0.99216048760065578,1.0041555353382319,1.029396428679394,0.9496732335324618,0.99263843876978353,0.96692710293247985,0.97114978289117504,0.96170355298305066,0.96856460015662671,0.97762825300868716
1.0209228885240451,0.9874495796447601,0.93929774302420088,0.98341363796434855,0.99755478432560596,0.9647107644045313,0.99561326811471007,0.98260124430327611,0.96800663353190841,0.98739442275630007,0.95261874787537892,0.97564806281272787,0.96767739104023187,0.98153738738681595,1.0022501694902348,0.98644686465051268,0.9772608538672668,1.0076022953330952,0.99009582154991005,0.97297439114003792,1.0009142071647927,0.97436351002367005,0.96316453754034104,0.99644813107427277,0.97722234874230507
0.97230018900417647,0.98396761901880214,0.97624158500729541,1.0108589600231468,0.97121534141139354,0.87606174660347813,1.0220272865290911,1.0264874128049473,0.99474255017238111,1.0158977046685345,0.97479968247502091,0.98658247881876282,0.9667210811465593,0.9326084064592931,0.98906428051405537,0.97942560442162441,0.96798293604100605,1.0274965591331926,0.98763377700953248,0.95964281357465286,1.0029509096187348,0.97477133963107188,0.97852531930383024,0.98237380066690116,0.9728516920023329
0.9555850295091346,0.99067034680581589,1.0006660070644768,0.99777728829306156,0.97140822418644301,0.97508809844662747,0.96948798053542673,0.99055957292068708,0.95934046734585343,1.0095978253351574,0.96160219632867094,0.98227896242729495,0.94545847222565682,0.9417112411474281,1.0003223825297047,0.97408458111387319,0.97127395802801542,1.0237568302072064,0.99329829808839232,0.95257396493344415,0.97151973010310022,0.96669825279106369,0.96176083884268115,0.96403444221365786,1.012458963805225
0.96634900635128562,0.97109595676408522,0.945264614069105,1.0104601055388698,0.96711775436774239,0.99950269567133565,0.99732877283826193,0.97311386150265966,0.97431255682531537,1.0159433250435514,0.95829510873434398,0.9969176787448899,0.94178410755174702,0.96687490812935106,0.97933739411300991,0.97873340446732826,0.98093594263372075,1.0182505306428564,0.99250568844313547,0.97994079884645002,1.0064449811851446,0.95703767320692268,0.94033106714287329,0.95153395338082314,1.0076733451915041
0.95015010859563409,0.98492730947058404,0.97260465918018701,0.99070420809569804,0.96655648820236939,0.93978586052605495,0.96920970471544066,0.98779424489886647,0.97315930510512649,0.96927388299510753,0.96393800450452083,1.0191143823621791,0.98713900793694354,0.94684896346119674,0.99319144080874244,1.008142983509887,0.97442889499372287,1.0213175358586988,0.95502522977378912,0.98647779634506638,0.97292458270128557,0.99102428200694404,0.92488298978316685,0.97003076541025246,0.98396299902175111
0.97130155585868938,0.98794980912111197,0.9452241676570442,1.0056312518058477,0.97249650446264424,0.89365774343612481,0.95346116152195071,0.95867076797707584,0.98271747626410255,1.0056956246451978,0.97467500347691993,0.98051703271342383,0.94858845518736923,0.9232523093741416,0.98655805871377578,0.98534105100367786,0.9498552281688929,1.0197793903993779,0.94555615664877135,0.99761635931251236,0.97715941908271409,0.94797350822711068,0.95462509194995337,0.99635683929672481,0.98328581384819758
0.96453593428886608,0.97850720374959621,0.9412882242264089,0.9859327835561551,0.97977895779556023,0.97361111964729141,1.0078965033076313,0.98752815898226287,0.96789503269821331,0.99733686250027198,0.9537021166528088,0.9956241410461838,0.9071937526759295,0.97106681896364089,1.0219854672699253,0.97973536456731791,0.92796918085040347,1.000290272713892,0.97514459711242474,0.96604155838015615,0.94787212149153655,0.99150820204862244,0.93568152213657796,1.007567398454738,1.0338109458730091
0.96619809930041345,0.97736384981371005,0.95720543101458833,0.9922412973548167,0.98404368874220349,0.93505579259676541,0.96478818829004298,0.9359287456962686,0.99138475188083852,0.99607036525351655,0.93430862861026265,1.0009473569960363,0.95635595132449258,0.98877170740542097,1.0279156784681784,0.98784263910303682,0.99089908635731827,1.0147188594623977,0.99245953362623585,0.96220647081211019,0.97302011383096276,1.0152438591897024,0.96571305260528262,1.0074335668017278,1.0435737894328654
0.97432636555506369,0.97049494243984613,1.0022538844513811,1.0207689087369443,0.98279020490096392,1.00836750153611,0.96411191861193701,1.0137415701394199,1.0065736179670712,1.007865540512759,0.97932755665880644,0.97875716794843115,0.96391347984619447,0.96639022070299208,0.97783500456289696,0.98228457812584113,0.98558437814065036,0.99955794549756061,0.98358552285366818,0.99069379779864442,0.91214394921912756,0.96148821069194823,0.98764787370959062,0.97640361618033145,1.0149758538338376
0.95177945953771548,0.99559893827825585,0.98248970212359243,1.0010369421528598,0.96611183900595166,0.98807699600098831,1.0228240298430817,0.98171556702567042,0.97534650638359455,0.96944739442706362,0.96111021215072667,0.97624156547705077,0.93338111060081097,1.0045440953444018,1.004106053879436,0.97891605268745263,1.0007950328435582,1.0195308300333124,0.98120750268147006,0.89377998768118894,0.9976993251251145,0.89923348102634615,1.0010165408261815,0.98456788563723963,0.99986906075484461
0.96356842672819076,0.95761067291953306,0.92882860283795454,0.98734260174332011,0.98530640282689208,0.99848756001616379,0.97112296361879835,0.97177618001983457,1.0139018112141023,0.98253545429121103,0.94644685067976642,0.96874072919693943,0.95483302423624106,0.9902318221092985,0.98745740564906015,0.97644878432477178,0.98691246328343563,0.98606523983178396,0.97161049850630454,0.96782841081651849,0.94609609828189523,0.93459578170377466,1.012050654842187,1.0095196880619881,1.0247548335341092
0.96047825340759319,0.96645193778482397,0.9836438984314797,0.97075049842621342,1.0134819909060941,0.99702537226515697,1.012096404612769,0.96130108410424586,0.97851169396991122,0.96193395913054114,1.0006305448347226,0.99592981156436533,1.0146596959058822,0.96676056488212847,0.99280197022016681,0.98087241162238281,0.93387771414777643,1.026431686614051,0.96460093282804049,0.93923607530954456,0.98810951616729059,0.96260471272628623,0.98574522237838647,0.99419862556574201,1.020730399927583
0.95372276372953724,0.96343291236409834,0.9746174457663983,0.98381576043190844,0.99425177052017877,1.0241400212927012,0.95524973760435994,0.97168462241168518,0.98369687810367512,0.99761376767658494,0.98016100170955012,0.99296329844732345,0.96667076674842212,0.98156841739098732,0.97457312166046473,0.95824237855950545,0.9840261944749128,1.0160779299492144,0.97602363997700359,0.99610395039185196,0.98708178457078843,1.018505719141918,0.96963292642774823,1.0023324588760747,0.97548033424251246
0.95105746619409937,0.95419876623802291,0.97891007724808921,0.98524085759550872,0.92489340925818597,1.0144047005952237,1.0002375542024791,0.96721115018768322,0.95336728104793689,0.99520293978216956,0.98594163019067982,0.94385988074367133,0.98707392685112771,1.0149465080643592,1.0014415768169724,0.98338651441779124,0.9740639263529417,1.0065191599228744,0.99021182998143786,0.98876061932028336,0.97775544301303763,0.97041964763228217,1.007895224252098,0.9924027217371667,0.99530937684767806
0.98023354390321027,0.93400147329376981,0.96531662343963665,0.9951480209741459,0.92269795956696077,1.0134593514912023,0.97966751860242451,0.96460022383494992,0.99189187073366236,0.99329528189359906,1.00100984949664,1.0157607974387328,0.9599798189303439,1.013089663842911,0.97012973235358702,0.99605680188532708,0.98871107651549162,1.0182822651640573,1.0179173869239613,1.0091056092815032,0.9951580768703312,0.97731395262359289,0.96744880932254018,0.98672822458174159,1.0087021928571898
0.9875925356209827,1.0072226552077881,1.0128721631134316,0.98597132929782039,0.9721753107777602,1.0000464970208982,0.97944686106236223,0.96133707001964419,0.95778169614969877,0.98704327860535712,0.98654052010964999,0.97924952585116254,0.96209640628490112,0.97780809549644909,0.97443112862391212,0.99607285010780311,1.0029240182971966,0.99770931722202616,0.95503263098041158,0.99411385962906806,0.99992674393029002,0.9849462746697013,0.97816437344892226,0.99324807468819876,1.0039353026457916
1.0111650429021268,0.99651933223314182,0.99541566480475108,1.0051301542546747,0.96516775296858004,1.0131781417191876,0.9492779768173909,0.98353663858333928,1.0038579579479101,1.0083256189934493,0.99801611591178996,0.98163992336439942,0.9687069800012279,1.0079276875786674,0.99718551530363908,0.9632965831717234,1.0157565422392869,1.0184873179128828,0.99783541181301694,1.0053277664978297,1.0079635106455345,0.93416662992106791,0.96783944089217544,0.98955788108674714,0.98228102201552181
1.0023572274356658,1.0076620559869145,0.99025091511271046,0.99732755555032471,0.96951796272327295,1.0047481383183408,0.98545157248022341,1.0204109022466481,1.0151061832264652,1.0093519334467596,0.97405117291713172,1.0019123407352535,0.9785528747919261,0.98490439398675556,0.97609495640829103,0.98869806137868632,1.0027084261490167,1.0124739020826892,1.0038481486281956,1.010176361579759,0.98974421665104373,0.95701061540283971,1.0098156059969314,0.9952405519684504,0.99489576930941981
0.98573554246926387,1.0136119105583989,1.027655781968243,0.9766539832389165,1.0038027948835653,0.9985352530330599,0.96695584353676145,0.9747931785830577,0.94452078341500267,1.0124652883324112,0.92940967116988749,1.0053921588311006,1.0020000666863744,0.99514905981128754,0.99319627792367182,0.98005751921916628,0.99324592242386256,1.0255324550201494,0.99550902752067916,1.0075444927783528,1.0068789430611014,0.92368450924785162,0.97206197925538806,0.98885055435541691,0.97641559748780016
0.97972988970489494,1.0178462508572024,0.97584027234225512,0.98726014485371116,0.99871771800693177,1.0311140399786811,0.9799848051295198,0.9801104610874074,0.97167758264582071,1.0076006296169282,0.91725619103855849,0.99758200650811779,1.003565399732592,0.99525088550221119,0.94204335367640502,0.96486954928254542,1.0042156989779722,0.99145734211559899,1.0008663834792035,0.98379899294876372,1.0149377069264256,0.97951377317146782,0.99452046477991407,1.0040537991730631,0.99921109566107114
0.96374274370891588,0.98229086765383689,1.0086410312427403,0.97082576234456097,0.97658377271001684,0.9993531304247607,0.96351518644591205,0.96315034402957145,0.94353033156335842,1.0293078830538969,0.94910514079149544,0.97134641074415662,1.0146382329130958,1.0061494744285591,0.9570039225767436,0.9588271853140603,1.0049053097982048,0.99527154854760858,0.98871808853993104,0.96985286288178385,0.97671645374989746,1.0006101678249892,0.96600037080949064,0.98338491916044313,0.99869432416214976
0.99365238890579288,1.0028219711858568,1.009560623677773,0.96990540898002386,0.98178870382193029,1.0076396339241116,0.98809188358369959,0.98431310268594907,0.95508138920461183,1.0079696768025461,0.90433577364337148,0.94636709594121016,0.98237526635508809,0.96890284837503493,0.9843134612868143,0.9464759362193228,1.0115336834904569,1.0083275988125822,1.0017024377673516,1.0082567453656086,0.98912879350460359,0.99818375664132653,1.0117915635354369,0.97494922716064969,1.0114884883036943
1.0045960606907898,1.0160286691372966,1.0033365902034108,0.96033077450477344,0.98209440110308477,0.97559252156453757,0.95310020924151895,0.94019315582742269,1.0139800769400364,0.99016389135855909,0.98422922148621295,1.0227667531683611,0.97320489556756129,0.99892846927838619,0.96078445613727215,0.95627449832571865,0.97119661759903686,0.95376497698716534,1.0143214566293413,1.0143413671055752,0.98490512543869668,1.0051467110043071,0.96715242334643126,0.98259156592267605,1.0024243620515403
0.98557434990087189,0.96023232551757343,0.98139583077021886,0.97351596495813963,0.98157616738123721,0.97057724985309934,1.0047655890542262,0.97902473873123741,0.98950971958789857,1.0088799980336627,0.97980031240994858,1.0075054487076447,0.95572462515325485,0.99849186935470291,0.97230586161016119,0.99909314393736304,1.0212519951451111,0.99527644850828823,1.0023110178316683,1.0106026372072245,1.0054213273924459,1.0125569778391728,0.9945378292876248,0.98143524151780881,0.99403111277681822
1.0054399826991154,0.95394777447176493,0.96089014039264753,0.98132593339992158,0.94220464053338748,0.95512437228576952,0.99684957265744756,0.96791552203103626,0.96537357275563251,1.003055824407787,0.9814115859324164,1.0191670196746592,1.0017099317171221,0.9871537671126327,0.99132107945730719,0.95271327929107386,1.0140557963616452,0.98113550594666954,1.0195547387493407,0.99182067114361772,1.0223030694197188,0.97047544037730404,0.99483118584398111,0.98742560999340823,0.99356308732116716
0.97852739542259737,0.93999825419622463,0.93126321824162517,0.98164934393375136,0.95524669783723526,0.98027216066124556,0.98450372864696478,1.0035884572872318,0.97404729837037762,1.0111048317662237,0.96599533039670105,1.0331754778360211,1.0095660172586503,0.96689809357859868,0.9149164242640031,0.94460562738259501,0.99958614948040947,1.0040665124136363,0.98966767487192997,1.0074508889330425,1.008061226624908,0.99805924615336172,0.98570684196454994,1.0042963658215114,0.98369846794804872
1.0088107038355993,0.9684413220949164,0.97734407073186658,0.98025479346244693,0.99515776564740888,0.95170274789107467,0.99721451961659058,0.99420947582622321,0.98301744293672055,0.99747576900572998,1.0046542808860013,1.0299259880694347,1.0209413567212742,0.96589851554189432,0.93476502322923649,0.96857103555118607,0.96686115317221077,0.95743573672483795,0.99247375132757798,0.99772345043108213,1.0145087444465053,0.98826207272764277,1.0081903652431417,1.0075760500133981,1.0100767927442698
0.9777864584397411,0.98653020734113417,1.0138357692452755,1.0021663844084698,0.96759455882609824,0.9809535718874437,0.98891249537295067,1.017667029773822,0.95791920841778,0.97844944811489953,0.9886387221531785,1.0146031982002846,0.98086367744553327,0.93351851777384864,0.943885570579024,0.98515231245878909,0.95539353672377325,0.98064644440916748,0.9945221676993804,0.99449046193593793,1.008280879173042,0.97897640767627592,0.99164121153013907,0.95815237590222146,1.0020665004758147
0.97585272362996855,0.97036912498102423,1.0039707344902034,0.99591418179309754,0.96989662181072589,1.012812776702767,1.0193648976397203,0.96551140462104412,0.93732195616302194,0.98980404828415902,1.0082375671811861,0.9978661152555901,1.0034039138333024,0.91906089526120804,0.96904485745167634,0.96689312595525467,0.98029674673314426,1.0051351029047779,1.0187100788621886,0.96909596303148682,0.99344940663749937,0.98384263752013157,1.0060685492214712,0.9421858891597944,0.99902064865993601
0.96431448465524028,0.99318518306296522,0.99040984872981508,1.0034554358881169,0.97414983251195053,0.97003693133829039,1.0066065620282045,0.96788954066751498,0.97052133054643064,0.98389309791183477,0.99948050287581836,1.0125406681292437,0.99105061799210725,0.97664264199459883,0.99409130940298551,1.0194984774776537,0.97747724806650926,0.96543789062474383,1.0262127277900237,1.037985207181249,1.0036118557302931,0.992414510251032,0.98582479149841562,0.93614997224570673,1.0135816216194291
0.97659945058017539,0.97996710207366755,0.99374164502703088,1.0125778382773565,0.96525416486526616,0.97848515065583908,1.0075436264358675,0.97927024760750103,0.99057753565831952,0.99998667818090625,0.99007326020935238,0.99761606368097255,1.0036747403460922,0.95586524178741805,0.97733695710367596,0.98551383951801041,0.96363223491425942,0.99027872976597631,0.98249999601715077,0.96968896761342038,0.99019528768660137,0.96637960986102678,1.0076947203501532,0.96408085194784254,0.99783338513876052
0.98020492750083321,0.99694885106871478,0.9903203691148631,0.97539991279517424,0.97216576466266491,0.95317427936952248,1.0355126744057803,0.97808483957900838,1.0214124493407533,1.0074915134140987,0.99414056738532841,1.0035201249071011,0.98913166383819473,0.94938144214988063,0.97740637475812664,0.98390362297161194,0.92211084896610374,0.97603886524067041,1.035473869938083,1.0047687222478894,1.0255416442049436,1.0018501553531314,0.98425466404640305,0.96338381784078364,0.98556759809657801
0.95791850340118334,1.0072195218351918,1.0002269631912883,0.99668348157614217,0.99419248802615146,0.97164904894533266,1.0351517946559503,0.99865493697984531,1.0111202136481254,0.99257234830268015,0.97357233533466581,0.97578974934272755,1.0006199247125065,1.0198226692291508,0.96939795246636018,0.97483525191261033,0.92644689742542297,1.0237346528397209,1.0343777109686034,1.0494299473275259,0.99831054925467655,0.98909138044874934,0.97702838181136897,0.96990910395552576,0.88851044903860654
0.95048512821515563,0.98150850481829777,1.0017466167660587,1.015090588995466,0.9614643340638096,0.96798055586759191,0.99898418840889658,0.94364729837474404,1.0050966278605735,0.9988377236455771,0.99531371844509309,0.9637204107324191,1.0061775429295927,0.98500423553914607,0.96177106526661882,0.99590849684026195,0.99630349944815511,0.98765795140757662,1.0279604795095878,1.0200730963568765,0.96164126279818651,0.97023224079230508,1.0084038054612303,0.96781242996105754,0.92532189094645834
0.98169363698920786,0.97271919099683823,0.96384331383699562,1.0196612823765896,0.91632746051969527,0.98934200657078097,1.0084170260732548,0.94290901316069453,0.99495889928516901,1.0051588099529283,0.99420734551969414,0.97902159566963021,1.0065142920855057,0.99321754355945779,1.0057654973575272,0.95973044070914348,0.98684325790275718,0.99755086113309721,1.0194084702656587,0.9879655312774136,1.0005396800863153,0.96546125790683568,0.9781599693330375,0.93319686383215994,0.96383657004394752
0.95097248812433921,0.96236796369672306,0.99441923188595716,1.0136836027103959,0.93774369582101813,0.97520777448108065,0.98611260243202226,0.97892620125932883,1.0123877116086037,0.97334039852268117,0.97516239303868879,0.98096616532889325,0.96465184494753264,0.98999190511299173,0.98253090944428023,0.98273101846283084,0.93896412119813788,0.99425071459441083,0.98947636167927344,0.94426679370576083,0.97280073226825037,0.99846892983016433,0.9369001256655789,0.9701914560211824,0.99789283992505451
0.99679418224842087,1.0023717283407556,1.0020449107112717,0.98077042887278343,0.98283563181642275,0.98551565536133745,1.0040914512017951,0.96851167303375485,0.99401708020654755,1.0143278182439872,1.0002411062310987,0.96180454930211734,1.0116179532086429,0.99077414587559731,0.98974994293470364,0.98273413524591557,0.97375136018218666,0.98748742725287975,1.0067667397481843,0.9728654773810016,0.99123894287956782,1.0071348322278801,0.97829660756290326,0.99752968497787453,0.98530082428892807
1.0205371949822295,0.96698422020794617,0.9985045740878401,1.0354124198963779,1.0021461973884676,0.97822951635613065,0.98749414298779081,0.94080341642506715,1.0136294584396837,0.99193595749350394,1.0105946378897799,1.0109437740967149,0.99488235631239819,1.0041570408865861,0.98224376032097482,0.99040190399438655,1.0012457768729772,0.99519282613525151,1.0240467673816092,0.94624047755523666,0.97240270264841244,0.96599246618534951,0.99828352720961144,1.0173282479584631,0.94988631088443387
0.99570318967486071,0.97989197259758809,0.96488989566769046,1.0161141229545765,0.96400987227234081,0.97967576589307259,1.0042846588172989,0.95412857749787583,0.96891219607364976,1.0120513144240466,0.99972887604441207,0.96951639477880336,0.98633805488840787,0.99321543201039109,1.0027493295556675,0.99150439217125108,0.99972970735801481,1.0085859398665513,1.0257851127743807,0.9468882206256839,0.99576187272826133,1.0213754967588424,0.95070580079964817,1.0111345047310185,0.99320617809601086
0.97781899616028989,1.0173576526290395,0.94965202915157776,1.0038243853614777,0.96255914330481518,0.96057207180545179,1.0179223756400282,0.99146830726280166,0.97956451314229265,0.97715667542381235,0.98102395379468377,0.96986453096829162,1.0324292090543865,0.98610172481160019,0.98250794719876067,0.93977415341695725,0.97473785815003544,0.99871646694901017,1.0100746712986062,0.9957155114094951,1.0133424143418721,0.98468758191624206,0.98311359893944694,0.98532953544897561,0.93921687501983386
0.99414663583952811,1.0214504202680561,0.98890635069902533,0.99671064373090601,1.01326411047531,0.9697053501859576,0.97481297954338908,0.98120369799462659,0.97653553738625665,0.94643309472163528,0.98970344365638763,0.95563702600023259,0.9878017190198215,0.96697615666979098,0.99717809707815852,1.0030587295467379,0.98862205895440747,0.92532807777783477,1.0470547520802946,0.9712078489689443,1.0079473406956738,1.0110631316346717,0.95401319525427708,0.97373329134358766,0.99202130838301628
0.98892226629800495,0.99528535806161123,1.0124702141514552,1.0298199688722727,0.96195365270462141,1.0132471077020082,0.98064719259341526,0.98807490642569518,0.99012951863679866,0.98817085211380884,0.98485888531011212,0.98248183632046893,1.0141810088702472,0.95493587315693429,1.0003524192695483,0.9695494354698706,0.99344072029439456,0.99439281436041616,1.0395459539705967,0.98816346733768601,0.98088407143401413,1.0013652633680794,1.004892988854269,0.98374287137343064,1.0464883674679768
0.96743289655372866,0.99139766566694765,1.0159872430618071,1.0094411452538601,1.0111805764008364,1.0051911169978549,1.0039616476691782,0.95610995045409997,0.9797380689986247,0.95227527406126655,0.99949085665472515,0.97916102156175477,1.0054764670838559,0.92182531433688575,0.98769041833090321,0.97169815202950471,0.96149682444752527,1.0181445069803909,1.0227461237481377,1.008696537815396,0.98470712025856566,0.97593742450963572,1.0019796487156092,0.97411241419907635,0.98058966398408276
1.0140891256215108,1.007647211966034,0.98310470157601393,1.0252016768721515,0.9860271687554194,0.99097425659157068,0.9793533686284448,0.95950309415356283,0.96642226925062147,0.97173370139191895,1.0120248345780778,1.0230677110322255,1.0348757494231251,0.94367900383793635,0.99256550075187766,0.92069519123669896,0.95368547400648795,1.0116270907289679,1.02985750984729,1.0076654513772745,0.97606300240689925,0.99994395813954862,1.024643472092398,0.98747664109492639,1.0314945330160812
0.99658153909371416,0.99962821459157059,1.0043517648293943,0.99400521505844608,1.0078750210811134,1.0216407774027463,0.99672398018273245,0.94841231210805599,0.99923629246837264,0.95804281363964683,0.99576872721837906,0.97492386360462902,1.0002288347882333,0.99084205016432203,1.0024540547927145,0.99171793964502097,0.98191712485545724,0.95942243357214918,1.0056205327853567,0.95185201675141595,1.009013209242406,0.96936314984826655,1.0272727791364991,0.93975791754689519,1.0199389983328111
1.0018746699519363,1.0190111618669484,0.99052551753724216,1.0108215841837536,1.005583909307445,1.0116731198691462,0.99278893666729073,0.98817344588986988,0.9827964229242806,0.9843505210505985,1.0109673521283582,0.9964218113707608,0.99960451962284502,0.99854764807811758,0.9841895899690607,0.95841218330273759,0.9606591107021144,0.97973608071787877,1.004919908562945,0.98850099826268112,0.98483751088614868,0.97174858655256369,1.0026572161524381,0.95925590925555404,1.0005553767725754
1.0041140418143071,1.0159027132282457,1.021219061769588,1.0048182781629273,0.97232638226178048,0.98118436938264919,0.99079643574233622,0.97170720355087048,1.0287096100526587,1.0147407505758237,1.006501252237006,0.97929051363549835,0.99414278597963657,1.0160374176339964,0.94370621986924796,0.9819966102820461,0.94011095297079417,0.93178333358892196,1.0247328600177554,0.99489409237331505,1.0228752961282039,0.98740493286085285,1.0158758005315738,0.96573555276770717,0.99976306463272302
1.0220695314191246,0.99638391368000889,0.98925833436402766,0.98721787525405624,0.94321378632540109,1.000999394057668,0.97190306949063099,0.94841772567586635,1.0184135648788004,1.0122776958144442,0.99820587878007916,0.9484031585477638,1.0050921814627034,0.99807017086545624,0.95159584811663644,1.0076762070689769,0.97816095946806347,0.96315833214073909,1.0128098659799987,0.98391532493175293,1.021594448235414,0.98905646349092124,0.9681622295411938,0.93679124437503292,1.0042340990171765
0.99513274399725127,1.0197241254391294,0.99423898105487551,1.005691397042819,0.96088730909253839,1.0193547968051053,1.0049980601902588,0.94928450963923272,1.0130188522825809,0.99958961729792406,1.033074782947661,0.9034568607622141,0.98799946420790641,1.0348217673422822,0.98320463718061157,0.98269909879093387,0.9493711281104541,0.94872739802050143,1.0258549926558336,0.98315511077806728,0.98787291912189545,0.98161406647941329,1.0005317149115451,0.87495570438825443,0.99747399330624387
1.0242397558083387,0.97975298805115318,0.99544895777913567,1.0226334778076733,0.99570703932899329,1.0029198972706193,1.0143101618041066,0.97791171131874222,1.0322279970708652,0.98550982950862742,0.99405085556748374,0.95511238148260436,0.99136779487347171,1.0187282833952926,1.016149035597272,1.0024214699746075,0.98399723270398309,0.94897067375921229,1.0438466338835946,0.96706262973406765,1.0194042000660368,0.96922608950243583,0.97025588838470544,0.99130899997814947,1.0312131532904445
1.0060420644233854,0.96479069057488376,1.0033535495587906,1.0263193414023299,0.98448998963027134,1.0054292117817467,0.9861490833186638,0.95917895629262717,1.0142772972990786,0.99133264651610442,0.97753256410846556,0.97047090963993676,1.0090581707949433,0.99241281236056256,0.97682678580681381,0.98050662243792841,0.97606692417958574,0.98446137687044699,1.0382805096408829,0.93384680825390298,1.0161545728670052,0.99828183407532767,1.0315688801145202,0.99517826247818908,0.982443613683185
1.0213280156390399,0.94580008480450428,1.0139935833767928,1.0062686719059215,0.95024868218585001,1.0287690380177423,0.96725931506999907,0.96637913723581514,1.0166290840314431,0.97830648361539418,0.99016395204480245,1.0050785975609089,0.97401876900251627,1.0082770458428396,0.99466187433108821,0.99918663336371272,0.98640846166318796,0.985071255448695,1.0220640991640015,0.94038522811466407,0.97376672902330552,1.0101968263719106,1.0256945579640089,1.0054962986569829,1.0338613491820954
1.0212972449894282,0.99548432752410476,0.9840228696679667,1.0405108518383117,0.98864393951596952,0.9881515523624016,0.98811921039275741,0.96541278954721155,1.0282496696808248,0.98981800391726371,0.98824272230655985,0.98539640767584236,0.96068213472688113,1.0044033080356676,1.0161084396379245,0.96996551973385869,0.98302189174146082,1.0329945424003213,1.0233365834107102,0.91884331515308548,0.94692852325158683,1.0060904781240287,1.0037820311572447,0.97378610824932599,1.0047915437443966
1.0161177597255204,0.98176147375157385,1.0123700129267268,1.001684229026071,0.97132451388133434,1.00727945156011,1.0242614235133676,0.93815473734146027,1.0301140614065807,1.0258131219618121,0.96892708109950632,1.0099078555238801,0.99649178262661953,0.9923251080889619,0.9761581275048643,1.00075173007278,0.97999706897393613,0.98849306174944762,1.0446692527319648,0.98311893333211653,0.9495683748330408,0.9870408586590943,0.99021258286201885,1.0122541470567483,1.0047098785306443
0.99979064317722099,1.0099316398691505,1.0074752785565384,1.0192048387917974,0.9639149035351432,1.0542381873569451,0.96968972878722681,0.94435368467374592,1.0419045478277416,1.004429685548839,0.97162726940103528,1.005720677759028,0.98486712163454371,1.0322225682592001,0.99418884765712512,0.9826227443738802,0.94159636166662242,1.0406852623143141,1.0232260164183329,1.0192563401303032,0.91613309131611931,0.9922709375137746,1.027479361465889,1.0325984585764649,1.018706304769637
0.99218793459972943,0.95885814134995839,0.99164594550121354,1.03475020984229,0.98964905067959907,0.9982795501111289,1.0187976431459502,0.99591046870587996,1.0173041316640243,0.9820526638945607,0.97472365469502353,1.0309928055364361,0.96017151214606999,1.0360140919058669,1.0088030350638684,1.0002020680020314,0.9894809143500648,1.0065914947374517,1.0348168068260042,1.0142017488581569,0.98345135885639001,1.0023355067621034,0.97859085754376662,1.0324802955300585,1.0399221399314582
1.0229854440967239,0.99585747067956676,0.99262951267594723,1.032831142904121,0.99836707604299335,0.99541683163473071,1.0096417559669539,0.98532906907991513,1.0192705391465302,1.0082315949045662,1.0132474447547761,0.93175704835862228,0.95888952072491218,1.0475359776007467,1.0121135365602874,0.94593743641300554,0.97939123659470462,1.0146084498292871,1.0210282710841425,1.0039887946316772,1.0263058507508069,0.97233750653150886,0.94627005550775056,1.0223483913270117,1.0131782439710657
0.98008562266127375,0.94389824115462806,0.9877577819036264,1.0048757734549203,1.0103310209035548,0.98938097219914034,0.9821718606414952,0.97326030160542476,0.98763844307665816,0.97885036511570112,0.99079506978475251,0.99612433130172329,0.99653638020975255,1.0370947139725375,1.0064125491342524,0.96787107378243975,1.0345594790421404,1.0028862791602904,1.0520157872533835,1.0024243646214048,0.99735056035024916,1.0024855932608248,1.0135209581389548,1.0363907354223174,1.0312979302230829
0.96836385504750544,0.97917795462675561,1.0112747749080866,1.0376951738536822,0.99552454144571412,0.99195647701802658,0.95683230856343504,1.0016717933451791,1.0014285586091081,1.003904844078028,0.98288090815119955,0.99071870269882256,0.96806626908059601,1.0214881117867463,0.99744405740258668,0.96448251632800075,1.0028126486082285,1.0011047099994241,1.0364051898585129,0.97867549566177559,0.93266250210409218,1.0198737890459157,0.97560425747303081,1.0118020967668122,0.99794261579057886
1.0027053569837414,0.98711687047469654,0.9966987862234854,0.99584259023729216,0.98922246783693424,0.98051604147759441,0.95054415716614471,1.0211028521680912,0.99811700683833648,0.98290332674433967,0.97497383661860526,1.0087128483219199,0.98909017703215363,1.0186520812096695,1.0073564371210137,0.97703100979879387,1.0109622670891241,0.96318126857685549,1.0361757850707765,1.0123072060534666,1.0109351700195321,0.98668686845343123,0.99171125411945582,1.0070386800873941,0.99395402111301334
1.0199789239545713,0.98944689422557397,0.99602174548244204,1.0252595709838619,1.0013884782135012,0.97716425975173249,0.97702483021399111,1.0335767123260513,1.0072319827292566,1.0060632571849972,0.96826521015155642,0.9744627046044092,0.98561839698315645,1.0322672955071874,1.0108119667046427,0.95695650283881106,0.99311428850090044,1.014167077903338,1.0279622148655017,0.98933367156588425,0.97874348657818233,1.0135478910602194,1.0030166096113649,1.0035222367715315,1.0163371780280426
0.99120255118189882,0.97086968917366212,1.026151952495058,1.0311349807496408,0.98529381927573934,0.98518467990731751,0.97975816996087672,1.0215493034020198,0.96432958267265911,0.98524556573700761,0.96313531691008181,0.93830454823729836,0.99837804250027817,1.0020552471128166,1.0026308129162131,0.96593972034850883,0.95756815287220942,1.0137425587027586,1.0486181545019408,1.0103340037144528,0.95781988038305743,1.0085885589963706,0.96736180806980221,1.0256668155493938,1.0165464641258339
1.0202164780376191,0.97998454765790954,1.0010055409077541,1.0183449719295969,1.0082122271051397,0.96180956647740345,0.95605224804411371,1.0054338279842947,1.0033692522193647,0.97260174985481207,0.98936173960710416,1.0047186509951569,0.99758102937302395,1.0403792835141745,1.0054207630099621,0.98686286414917646,0.98151327847381808,1.0147666665457398,1.0149139817728241,0.98759345904966978,1.013501481453658,0.99299160004666975,0.98766324323202048,1.0170653909151728,1.0037276376760522
1.0080861063217981,0.88933632277390917,0.97206210440740259,1.0216308772973399,1.0125613026733344,0.98719659523250669,0.99515981130306908,1.0191532344430689,1.0226127515754129,0.97292621296744264,1.0259751891551412,0.97755862702358742,1.0147548420542019,1.0395367487397906,0.99572563017719085,0.96264952694193007,0.98169814812389178,1.0143120626181481,1.0538363942754347,0.98952708661798827,0.99918891506939278,0.95514072851869514,1.0138590113618919,1.0192065559668757,0.9318543974309148
1.0154971073278027,0.98727897068263581,1.0037740348515618,1.0115904106413247,0.99985023904092141,1.0113085540683402,0.9796004348070313,1.0402813035436644,0.98400345039693204,1.0146838883118132,0.99430412727840234,0.98639234686051802,1.0259450760370763,0.99925468273394003,1.0105488248435832,0.95934501183118925,0.98593825615304764,0.99323464436112152,1.0367340927246538,0.98254986490238927,0.9629544666594434,0.98525492234370327,0.99724559999114848,1.0361252971636712,0.9879271111522151
1.0193603254608512,1.0083216555887911,0.99768162648706837,1.0292103862340656,0.98759015631704794,0.98762244396113574,1.0259227590075726,1.0157029971705538,0.9783896774124039,1.0022291098619924,0.97683268852449501,0.99293439739104783,1.0030804702369855,1.0199880615476531,0.99894441010316359,1.0046219665735039,0.99586348566733562,0.97526907198169543,0.98349912182751187,0.91077858018599211,1.0016230659762491,1.0335716439652354,1.0029156406975657,1.0287435022941842,0.97522227203311762
0.9859763199839866,0.95309888458439573,1.0214962078969749,1.0468529885285696,1.0084210540110217,1.004059972787833,1.0324151131730277,1.0031363696993516,1.0063739415473736,0.9871981556188304,0.97767660502203646,0.99027655430368744,0.9930069302134199,1.0272673429970818,0.98617989871888811,0.97746147635920455,0.99121932621346465,0.95244503354295151,1.039338972101234,0.93892029015444767,0.99240758935817686,1.0001298108767431,0.97345542166205279,1.0085108322540699,1.0113277528314979
1.017382960110806,1.0060209412647978,0.99343027327250211,1.0256470224366272,1.0122586556792492,0.94182765406918179,1.0122923388106442,1.0376156431065509,0.98169310867322335,1.003949713392196,0.97598424336532474,0.97236343520250523,0.98765831313428609,1.0272309123844303,0.99579385792258024,0.95146247922422111,1.0172849101632959,0.99289578874642681,1.0200327963997098,0.97670275465496559,1.0028608074873724,0.98786927276022829,1.0173598564281816,1.0157323495674355,0.98528696521517323
0.99367458978448386,1.0049483892202182,1.0133362777585753,1.0313822184779278,1.0282285499910704,0.96276714763068394,1.0127410850466469,1.0248524353565893,1.0118131683921341,1.0033206759629099,1.0189484508040858,1.0549645223921214,1.0003688233394203,1.0198247608506081,1.0055063348651605,0.97646766674164009,1.0092187418907963,0.96247807919620765,0.98452125615229225,0.95880011876548343,1.0061614222550583,1.0056626784122151,0.98743061183520864,1.0250948618483162,0.97685588999794193
0.99405459218293657,0.98161299874617836,1.0057407469149129,1.0176540775695917,1.0150223549381265,0.89780754740706681,1.0307426223917706,1.0128529054225983,1.0123689298414207,1.02122142618964,0.97734154211105495,1.0283498108750204,0.98377095691587324,1.0090247774821133,1.0176031186943271,0.96464093189609501,0.98598054432106119,0.94936079372317106,0.9998675064882937,0.98698068055615529,0.99387664202489678,1.0158690008083824,0.96908356085430214,0.99687916280008471,0.97496578424786617
1.0208889649149844,0.98955022066850651,1.0261120487133928,1.0432192368932256,0.98806912069067532,1.0018385633435625,1.0310663796777697,1.0045036250487656,1.0299663508540797,0.99116428023451597,1.021738024088823,1.0331532598339059,0.96223114056460635,1.035905034328467,1.0045398961220502,1.0142706905448464,1.0224311707853284,1.000122022513924,0.98922659414224634,0.98531915897701483,0.98112256070751669,0.9997946606717466,1.0018566643753941,1.0200054115705572,0.98567346633910402
1.0278389027244941,0.98877902034778109,0.98276124397798548,1.005980884012684,0.96199471160000793,0.98475198291512367,1.0101026260895012,0.97970819707468493,0.99228733537891667,0.98366166986268222,0.95691379688683198,0.98649827527251588,0.98283641621767148,1.0267796275875405,0.98605508144485954,0.99897783233554605,1.0079559417977029,0.98696204343982263,0.99887978552932888,1.0154361468675943,0.98181100299906232,1.0142738321345908,1.0108465079926612,1.021902396807415,1.0242249585335883
1.0145860061571028,1.0167827206510087,0.99241663447207296,1.0017249160559614,0.96678642386887215,0.96172735790004349,1.0434700701530437,0.98963317847135601,0.99940502101123019,0.9786841289815118,0.94512619836314327,0.97848981246446665,0.98609800849522755,0.99504535997617605,1.0011038234768963,1.0285351498403856,0.99816460621694714,1.0029236643667121,1.0071518268871633,1.0114123402317421,1.019065152261017,1.0318793211634543,1.0370256161806706,1.0102053895027274,0.99318709541471428
1.0102071011650364,0.99145358176753995,1.027513887016861,1.0059793389253335,0.95608076507031403,1.0236243754761114,1.0454616682986113,0.97563855207901662,1.0104327129454369,0.9675753695085737,1.0233144119327802,0.97669645970149321,0.98043312879368072,1.0378317227491682,1.002334139198152,1.0093164704663189,0.96999100215088441,0.99040393802914095,0.99512830054621504,1.006615565805753,1.0142786241600967,1.0347873253285731,1.0251305746027399,1.0254772180461236,0.97195647125217011
1.0206371796653488,1.0084372881416601,1.005916818357496,0.9832278550506458,1.0162832618105626,1.0059204468792788,1.0093347038867369,1.0032332946275861,0.99751795884902084,0.98603554887531275,0.99881455426037447,0.91751088546387327,1.0001323794155237,1.0107145148230896,0.99122790750564393,1.0011465646470863,0.97371900895676122,0.9856677606721238,1.0007187076079715,1.0012691451499425,1.0057229508451286,1.020872064638477,1.0180565631657179,0.99562952924184378,1.0193409836003675
0.97444223345352732,1.0054644541994306,1.0094610107645772,1.0057803243184011,0.94853611586377717,0.99029816255347547,1.0380727788937238,0.96572215628465108,1.0143224048362314,1.0153799138731101,0.98588501787884597,0.9495182201417468,0.99773951479887624,1.0216120993329523,0.98069474568695214,0.99568425816433215,0.99175994679284707,0.95530689810574865,0.99851714672951242,0.98975483221058347,1.0152989273932307,1.0157511424926404,0.99442804253333472,1.0044244635790214,1.0192834762870246
0.98930004060268262,0.97576662687462912,0.99780278064839045,1.0019903583019176,0.97868547203804257,1.0295690537794202,1.0259444851300186,0.99547776307293001,0.98168465691510487,0.99315517191411684,1.0386620481558828,0.972988450849952,0.96260989502636529,1.0220581768847834,0.97604278461074956,1.0367057280332297,0.98734973352837041,0.96563494394472993,1.0042818273700385,1.0317740161846563,1.0227687351282404,1.0307809271793815,1.0030706651835986,0.99317751049575531,0.99985555273614379
1.000504718009442,1.0243611020344896,1.0218024048422456,1.0304663832733214,0.97901485056302484,0.99434087699551954,1.0276440503945865,0.97849998700180496,1.0193346322205727,1.0115707369774702,1.0042161975064379,0.99688716425300783,1.0244371511687806,1.0011635072423686,0.96803916795098488,1.0105466412357262,1.0046593165211284,0.98662921707836004,1.0071785284151626,1.0296847018138502,1.0115331899414344,0.99556377660745521,1.0336239824543452,0.99387347581002261,0.9990346820420305
0.99326666241731565,1.0260148423119562,1.0206468845696599,1.02768700055953,0.9721501836867682,1.0148421335294306,1.0190176474802461,0.97274247545683645,1.0061459394925532,0.96622306198889385,1.0242366748318275,1.0084205756076616,0.96324552861924628,1.0042044370212793,0.99130220878079867,0.96551062879701566,1.00307610191235,0.97219249503565897,1.0030949890987968,1.0155300978096602,1.0237849374888277,1.0400529928380196,1.0252375426150648,0.99150017219995523,1.0460143186109978
1.0080700565430347,1.0048132352363746,1.0422093799602641,1.0094739393239072,0.96542374222950322,0.97564600205012042,1.0015087029641931,0.99666117792710973,1.0062009764395738,0.98389964020222331,0.97451447289810378,1.009636090026365,0.97647460641616479,1.0029440613175034,1.0039605606011328,1.0107955900001573,0.97383601082665361,1.0006025646935981,1.004700691092268,1.0085869634766182,1.0159316175784907,1.035537678004119,1.0295423399469488,1.0282360420357408,1.0258738152081699
0.98766490982443533,0.97243527231163929,0.99339716556252666,1.0111329601931338,0.97339090531119832,0.99845642130109991,1.0282221405647261,0.96894378539259984,1.0378338229212096,1.0272094114380368,0.99397596439653602,0.99837147047424324,0.96933822635310152,1.0437842916510858,0.98928613982577152,0.9368768358967503,1.0261814806543959,1.0027902764626362,0.98968072916711225,1.0106501546445992,0.98907835347007778,0.99895801450376009,1.0200617835358798,1.0484574381456577,1.01814932081545
1.0220258001642681,0.97611066444288275,0.90856674416990801,1.0094035434106852,0.98035622560443547,0.98619792053203281,1.0474178264775544,1.002619996772294,1.0128655542997635,1.0046225413563603,1.0158358281264475,0.93398468738101093,1.0054347371578358,1.0315015866175636,0.9963341629748298,0.96142338965689889,1.0248070960139379,0.98066455480001136,1.0155547453309264,1.018357389888688,1.043059636349716,1.0264000090460921,1.014260841406472,1.0164954344716477,1.0318984795130532
0.9930081409706305,0.97949095500389116,0.93765048910112503,1.0238091804676965,1.0341451707136631,0.97554967966259221,1.0097305363683202,0.96582879995830972,1.0180008287682893,1.0017079052300379,1.0134900981691863,0.95803270893740045,0.9848785078307174,1.0111053598015896,1.0150620904955383,0.9854934116746692,1.0217436188007878,1.0049079147705149,0.99253046088321417,1.0192164388213598,0.9955882822252391,1.0049443934967068,1.0134364559104203,1.0382608650341427,1.0118656624297526
0.99786579433426958,0.92934773211469934,0.86958408794831432,1.0268049489130728,1.0306456103876926,1.0042213537494149,0.99949002804113407,0.98570856370560389,1.0107652272201844,1.0189065266976303,1.0167743449998763,0.87548586531842931,0.9976679599628917,1.021081802828288,1.0141690191518107,0.97391521731420538,1.0217967971774091,0.96732712022603828,1.0110980368991374,0.99589283958686214,0.98898514007739702,1.0190666232383607,1.0024348040319024,1.0372415062823677,1.0192298057202198
0.97255449261925486,0.97961073632796791,1.0053694269215592,1.026089051010501,1.015707645157875,1.0255535331241104,0.9746558868738614,0.98520297421931213,1.0085129118110423,0.9811517024111861,1.0197138547116087,1.0040127714852678,0.98497155264715053,1.0213700038590801,0.98861061700053465,0.99754380878939541,1.0266377197176628,0.98187562272579343,0.97788307307478128,1.0293559981707088,0.99027278649033257,1.0460728299645921,1.0050498229406484,1.0243579422044911,0.99172228844292976
0.9938902963374564,0.98927149179836738,0.98983293026663643,1.0336345918287164,1.0026568034001362,1.0337080279792401,0.96289314100636603,1.028904288432205,1.0123797625985382,0.97834280427116849,1.0083840132773056,0.99544746463533706,0.97514909260341653,1.0485211840882001,1.034091321801742,0.99434234618779349,1.007493264427932,0.98291256063453902,0.97027074477081832,1.0061072932224064,1.004237297119045,1.0264075499871252,1.0106871350175102,1.0403349399185788,0.99317477697507717
0.96671960581816496,1.0180503822390778,0.97520465800198042,1.0395487127473233,1.0187750496034622,0.98711859520884659,1.0007008852250192,0.97704166252777014,1.0127224458476143,0.97149932643018488,0.99436146194897557,0.9859597328123495,0.91302603324739218,1.0265334541461071,1.0129479784205941,0.95939048992206188,0.99678152830527333,0.95681793772934676,0.9668462888842706,1.0180561183870456,0.99877305165588992,1.0538940906824945,1.0095189579737902,1.0351587276819039,0.98010081301234531
0.93001661488490028,1.0061572459412853,1.0138010116624954,0.99239275129908056,0.97886478618718031,0.99281135848875013,0.98562836388699582,0.99296198183298667,1.0341382979562659,0.98792810292856059,0.9982265926985413,0.96751516626116829,1.0067298778908551,1.0243848253258607,1.009999721944034,1.0066057593450775,1.023164953770993,0.99922994157568923,0.91621022077938796,1.0287811257718116,1.0236417652013616,1.0053392087511976,0.96338691290789646,1.0428777150901303,0.97346697494652346
0.9987866728609327,0.99585161890528984,0.99473034506762614,1.0254459699873721,0.98784379028984282,0.99750115081904844,0.97626681078523547,1.00384790301199,1.0320017271465245,0.9324688466970088,0.99067657710525048,0.94054557218638324,1.030545179709401,1.0193785279637479,0.96665698983560244,0.99644059160895337,0.99664795793653482,0.98190342394447938,0.95690593034368332,1.0075153179061427,1.0122203232106279,1.0324144392750194,0.92577411865866388,1.0318460485803258,0.93354722919617128
1.0129158699067362,1.0016840728653245,0.98278901009507114,1.0205398740612543,1.0248338017999121,1.0137939834628724,0.95395030944691461,0.97399193399910355,1.0053966245464221,1.0009419502728962,1.0117770682967018,0.92585570292091945,0.9925987268848333,1.0082377905119579,1.0141249873220004,0.99990067908979452,1.013945137816024,1.0136947128171243,1.0088508935984228,1.0074264285026253,1.0180310718475063,1.0257501978051282,0.98543788512278219,1.0387360349636134,1.0083778363992799
1.0096888797085632,1.0147729578019282,0.99032395105581217,1.0011144182886802,1.0362305879961924,0.98088892787968196,0.96844932409063778,1.0005331632906271,1.0277027736756463,0.97222479810906737,1.000466149465099,0.97944057290005782,1.0004045516629947,1.0210761996861808,1.0068372616372621,1.0016089201729419,1.0342490786608427,1.0215343463118836,1.0193625729623474,1.0220905062755938,1.0352905881782901,1.0202346272353606,0.98444013378323303,1.0339080782871346,1.0022186132983641
0.98711664013703848,0.97920479765497359,1.0221162232743819,1.0131307392790116,1.0056721625128806,0.9531330149506636,0.97568142459137452,1.0105093480652447,1.0277345385591781,0.97615111749570493,1.0077916082267879,0.99868730509731751,0.99647704555380978,1.0236205703484893,1.0182860448904716,0.94929866519523409,1.0105416726381329,0.99228507186998782,1.0261984811406615,1.0097545093358207,1.0243752826628283,1.0252463688160576,0.96106252189047525,1.0174350447048028,0.98053452976333888
1.0224531586345242,1.0328592545762141,1.0352228543129309,1.0346509198013847,0.99476186737299788,0.96847682638368182,0.96476774286560185,1.0064164590496663,0.99404347735166121,0.98511229225879238,1.0103260924705664,0.97013243852465758,0.97946043578299691,1.016507494352668,0.99094681470106472,0.97595422695195089,0.97649839061591714,1.0446976333628522,1.0086690880875826,1.0120045778389213,1.0213593356343857,1.0185211381698618,0.93465361483850562,1.0279783711154957,1.003060213598377
0.99941651957246735,1.0040015510249749,1.0143237016795645,1.0393055383870724,0.99824030308650391,0.98458790060246604,0.89471538820146224,0.98511852261083899,1.0014345277947794,0.99358673743019288,1.0272773785029932,0.99199702708392901,1.0545131099698966,1.0257657088693659,0.99736054295475962,1.0004036841448736,1.0072342043010476,1.0332437077908683,0.99964935958609435,1.0143216336250469,1.0129486933275826,0.97659480637208884,1.0133661905862257,1.0259577536627249,1.0005939868526044
0.972011763421335,0.99478751249154074,0.98754985082305913,1.0695247871533544,0.98839201600842297,0.89018152186613897,0.96956382101398819,1.0031547495815878,1.0402713410127491,0.9543489400516153,1.0292009954666295,0.98697716112376921,1.0074512385452572,1.0182027556247237,1.0168645982908093,1.0047569389830262,0.9995613813297215,0.975752488529532,1.0124331228193029,1.0006272912974148,1.009364854191108,0.94608447339824364,0.97373284427268703,0.99241801503501692,0.96078108892493019
0.99690741998860688,0.98223053224844958,0.97280936867257628,1.0349594328257117,1.0153511137493696,0.9651861652638426,0.95000245630730207,0.96860647896935936,1.016426777180041,1.0028145234856978,0.99720616481669688,0.97688540191328532,0.99770336498510548,1.0315795485784365,1.0046897673545874,1.019020596205467,0.99934962304835473,1.025555547108268,0.97694491606588263,1.0320382315473704,0.99432843779479396,1.0233015954877649,1.003816213398941,1.0617682845539453,1.0147128803966969
1.0059460761453933,0.97406872566065938,0.96669291270094659,1.0088191700993505,1.0188513588352925,1.0081229331640511,0.96338107048313149,1.0130352649856587,1.044412883668411,1.0182875080827014,1.0018209777367766,1.0088646541684327,1.0293710853146272,1.0047432036606305,1.0080427311361253,1.0143183576084975,0.99399812945937838,0.99572008331053552,0.93059807970300867,1.0135819720124666,1.0183103130640496,1.0149889093154578,0.98644852341149958,1.0210975046430091,1.0413022408922745
1.0190175422847592,0.97189124181464726,0.98292665129889423,0.9772093671600649,1.0185090439255495,0.9477542272971029,0.97696351880832299,0.99206355976634941,1.0217001614538528,0.99044550801690745,0.97441685042806991,1.0145574171471237,0.96585769921684372,1.0180041267676372,1.0388862050996426,1.0197209422837779,0.95245120715452603,1.0357356518586815,1.0248177959904496,1.0029618434920702,1.0330127940954965,1.0010578579962575,0.97326363206837119,1.0380966644736669,1.0251290296035449
1.0290201091526465,0.98220768281105031,0.9587034311430993,0.9958651524176203,1.0049875415393295,0.96338130848431414,0.99421351345562281,0.97182771939486912,1.0382899499929872,0.99025568963541821,0.97917613991209029,1.0162721672710304,0.9892515409766045,1.0236190398122353,0.98266862252581588,0.99670392030568755,1.0311722429296395,1.0335807604048568,0.97132910948307205,1.0244343129694025,1.030801455002204,0.99301438340774884,0.97794967467640836,1.0266867483096567,1.0333163386796751
1.0064206919184242,1.0003291250584925,0.97701270986535582,1.0287669484885493,1.0085960884694765,0.96966121327774601,1.0038132517665772,0.96337243991337174,1.0286692223214322,0.98067348878285265,1.0283405118445075,1.0089991923891726,0.98799086236257272,1.0180602166835133,0.9909207149239786,1.0048290480788946,1.0269687731952146,1.0072846690918753,1.0002304943926323,0.9991949380528764,1.0002372581126835,0.97853845774675519,0.9381584183144257,1.0561721194756091,1.0464836465697742
0.98745418060260826,0.98238108394736812,0.97386886325791444,1.0002578716566735,1.0259896926226415,1.0244741224396081,1.0112576584608302,0.99462624880444139,1.0327069394843678,0.97589595885014646,1.0018332574720303,1.0044356659207794,0.98882868563143678,0.99933892745223629,1.0134975567677471,1.0433234701206113,0.99907472122674534,1.0154511236828165,1.0085445650697435,1.0097280161478641,0.98392120558374352,1.0161921305707562,1.0090509419247622,1.0475515991206816,1.0071676244561267
0.97127204295779834,1.0052582100373415,1.0468489529069036,0.97779636926150526,1.0035733988679525,1.0002879067712953,0.98016202899204752,0.99180079725248138,1.0030321194183009,1.0151830552590311,1.0345769686646162,0.99241147580012734,0.97106581398768776,1.0247937929481954,0.98436272913963618,1.0089176556941735,1.0100839491855476,1.0396894403499459,1.0009732682058083,1.0315956365784469,1.0045194172655516,1.009002532440922,1.0466450976911801,1.0552303397284948,1.0048251936723231
0.9730994861924529,1.0068968086534091,0.99723046849360875,1.0130109961107334,0.99409653066562365,0.97884537585157871,0.98787113013094385,0.99619310891735302,1.013767593393744,0.99979050150125359,1.0191782021671594,0.97526547153365994,0.91789822658230058,1.0211907204492785,0.97958273672596707,0.98698858629794251,0.98833500443885158,1.007580939281133,1.0044468494082126,1.0023014652997395,1.0190508820624422,1.0076643916403947,0.9797334581581294,0.99062961401266814,1.0077349633542814
1.0184418182110013,0.98883144797982625,1.0158123790791858,1.043316589234448,1.0008384258809295,1.0098396447927944,0.90394394698072122,1.0226388957241248,1.0021463415202234,1.0389399654816009,0.95358199275879973,0.9885982252973432,0.99279132459973796,1.0209157575747416,1.0063067517293938,1.0094804024581356,0.98511867617496396,1.0180160696221847,1.0053671788446918,1.0240314736682319,0.96739600654361058,1.0207232871596843,0.97010662518049517,1.001995416588636,1.0118957217734093
1.0166711786745064,0.9934970441950346,1.0348246633033373,0.98965770827504351,0.99705750698825124,0.95867674161049232,1.0264811583352962,1.0168603888646222,1.0051651369634942,1.0265803087518706,0.98582156671917776,0.98804169139480047,1.023232958489769,1.0412941138102361,0.99285322907657259,0.97078863699523477,1.0130632824983681,1.0289962247667468,1.0141350680656509,1.0299812226264067,0.96694788501397777,1.0247395516756437,0.95894216459096693,0.99902026335411698,1.0103298612334968
1.0204681292041915,0.98857739818730928,0.99320653270864312,0.98006175369881188,1.0094618363117664,0.93218639747424004,1.04355583405714,1.0075707265323059,0.95903631977460835,1.0257364949929431,1.0085634089297553,1.00176693087073,0.98970513133319382,1.0374665325426344,1.005587897924179,1.0386422250296035,1.0169072215564083,1.0362754402681469,0.87644932716393131,1.0049144979493938,0.99360826142639258,1.0120039589219096,0.98771887764629784,1.0132663734183802,1.0000655534195382
0.97168055683086152,0.98708451895687155,1.0254520244398531,1.00619515675894,1.0133028990827355,0.92744553994674173,1.0122902520280646,1.0180177196010833,1.0414270286635234,1.0080177165131865,0.96867828499622388,1.0132605149241978,0.99471062100777252,1.016572467652634,1.0007391732193474,1.0313558438996322,1.0117496623422573,0.98189491303290954,0.96009428501565985,1.0214436954576114,0.98911092228424513,0.99937317054798724,0.95030224348902437,1.00851427312369,0.95796164824661523
0.91576759917143169,1.0027500628208559,1.0352931208607297,1.0156407158681182,1.0012143693764768,0.95044545767306265,1.0342776878136475,1.0226179287976545,1.0165698263721707,1.0336219576517374,0.97378660549435936,0.98919912275009136,0.99662069846448342,1.0160885783498583,0.99694049386994277,1.018812522741221,0.99186727983034684,1.0398800263027159,0.98271608649994902,1.005724046114965,1.0072581622156955,1.0313621776050961,1.0052043563089423,1.0062207192598001,0.97822815370380023
0.97307428260476825,1.0139819065913924,1.037948741808195,1.016093898291027,1.0107572476631199,0.98599883236826014,1.0001493658136535,0.9890000948929667,1.008112418554741,1.0089210249218676,0.99724326496449889,0.9658841703590072,0.98838712533923923,1.0094240151676011,1.0131906106933894,1.0069308721889176,1.0152873356414147,1.01569814467555,0.98509896623622795,1.0101859770255726,0.98075740920012844,1.0189011021587013,1.0089181658328665,0.97363610968020176,0.9913639589989125
0.99991258066416233,0.99104481275250011,1.026603473695235,1.0288615782888682,1.0062985577716612,0.9633058092516219,0.91314166651152262,1.0222648234298664,0.9764571999875179,0.98798520839878468,1.0151219943334915,0.94651488238667092,0.98111998464496508,1.0152778508186961,1.0028297336730119,1.0307624747308606,1.0233512104847813,1.0062712325384275,0.98842764558647123,1.0244460481593978,1.0162340501350653,1.0451669239949402,1.00035464174141,0.98149172510572003,1.0249861531720068
1.0155641017785992,0.98113888087335299,1.0589128911900458,0.98947681728597381,0.99299581016290361,1.0003427499357163,1.0208944296315758,0.99697215632124314,1.0311259421307997,1.0142720845582991,1.0248354695561641,0.96678441396097359,0.97359882115713337,1.0394286259008378,1.0015095705635153,1.0161470090600064,1.046786026453971,1.0187491901062262,0.9801369085343653,0.99368965463107306,1.0133697164725286,1.0140516896891811,1.0180514788985295,0.95960354586300955,1.0113572321198523
0.98422907645261815,1.0161118005701106,1.0642107977428785,1.0054901499210136,0.99551666372965952,1.0210071119631803,0.9899483018618257,1.0124291653246147,0.97119583961907918,0.96558581127293397,1.0075680212406009,0.91886857138472477,0.97832732381121124,1.0199451421407779,1.0211943018269714,1.0416153515290067,1.0164705279935489,1.0196422798753881,0.98814640360989425,1.0236063424262369,0.99435688893888607,1.0358188553323637,1.025896874577459,0.95053957243913556,0.97639019709283581
1.010406883400917,1.0337474052773672,1.0131602656054284,1.0082256912453438,1.0182943307864019,0.99481145339789001,0.9908886738792293,1.0152274196748325,1.0294868242995665,0.94807107735511353,1.0298256714526273,0.97014037643603546,1.0242379778218857,1.0235842917707008,1.0164588786969055,1.0004304687459986,1.0015897681458659,1.0328005614940081,1.0037712647806813,1.0099551614404543,0.96933463044985224,1.0042226793197755,0.99384861678542435,0.98428027247275407,0.95981954674915593
0.99223196497020039,1.0278846530314794,1.0152645393021218,0.98267479236107302,1.0567143408752473,0.9879696117756519,0.98486400075603364,0.99900674323141148,1.0124041737893115,1.0197851668509741,1.0420354564553738,1.0122879992002329,1.0057904938360622,1.0221635679675409,1.0133940152015422,0.99062367758892755,0.99743548451216646,1.0181440257938499,1.0139226035949276,1.0309667756395131,0.98748640588521375,0.98793392040695061,0.9872564886745957,0.92859856174929634,0.96564887154114953
1.0112751641763524,1.0326307193138684,1.0293441658021145,0.99870807709416187,1.039691283183187,0.9887142764491591,0.98978003282201221,1.0285397801262117,1.0147873424155713,0.97491026697983252,1.0189886623909401,0.99029694109144351,0.99445722787086421,1.0165325100982512,0.99986785763419384,0.98661021021244855,0.98674960298751024,1.0433626170589281,0.97728810383603704,1.0272383622553356,1.0093423197691747,1.0208193009832374,1.0162734006206424,1.0138538742361218,0.92652407272174986
1.0105244138974203,1.0072368479558542,1.0115267012188522,1.0006766139039041,0.99804837284159298,0.99404455626843868,0.99718318236199344,0.9789315052470714,1.0384817882245234,0.97787988201060261,0.98546891995619157,0.99403973294887216,1.0056418879715161,1.0184528773400641,1.0156698969740472,0.97335029785512528,0.93444111788319073,1.0051357580072575,0.97850064989982666,0.96461957113798191,0.99525520651036892,0.99703660251381077,1.0236243226629855,1.0028376855166692,0.96730462198867928
0.97864841494212196,1.0133347640045343,1.0118691960511894,1.0147072790778768,1.0020687510600346,0.98019963780392749,1.0023206166492029,1.0385676239453447,1.0312708504946329,0.97896648225978178,1.0136019862298524,0.99813963314709686,0.98861505901912339,1.017553936651636,0.99388946179110726,0.98213621400400797,0.93115924969831632,1.0425204024821508,0.97531003356042378,0.99030394356874241,0.98828083386593613,1.022193050583313,1.0132764517956592,0.99419182297665232,0.98535338519751037
1.0022286574123085,1.0291984490430002,1.0226021709892998,1.0108080566813027,1.0086191554141801,0.99991867078740304,0.98799339102158001,1.0343490897941197,1.017879991050314,1.0326618165832546,1.0004943568863984,0.99124282538670738,1.0076773889695587,1.0157585520771759,0.99522363846750439,1.0014184309151615,1.0237694482965072,1.0007809178806315,0.93694187511469751,1.0023670236517288,1.0192182647554253,1.027622237940828,1.0066833135445323,1.0118490902352821,0.98067272972933328
1.013944475429015,1.0264131748876846,1.0566996663197379,0.99618392083321883,0.99759068411533414,0.94217050069379549,1.0016070355151265,1.0294475151241478,1.0320680841889183,1.0079855637391035,0.95930720813774251,1.0168741191037949,1.0072714784891625,1.0106362986895907,1.0179744512964821,0.98412455193590564,0.9649311634344695,1.0242519720065835,0.96786480779812467,1.0066993918185216,0.98498496937226199,1.0105476857973283,0.97622618960521479,0.97418077135352321,1.0382445595442436
0.99384488004998828,1.0488940768429831,1.0263256447368367,1.0074395569363301,0.99137730843758454,0.96141497408307153,0.9988148971991887,1.0469781161178948,1.0328230061826351,1.0015574326037466,0.95801122881375633,0.99730309515634397,0.98511202391752817,1.0257893089229679,0.996121302724014,0.99097411287264581,0.99940257994616488,1.0059608034752803,0.9772318214329232,1.0279696138003951,1.0078440782897531,1.0184553066465631,0.99537445741725239,1.0162058717836064,0.97190456692991534
1.0103671734999666,1.0204622411534598,1.0103701463569039,1.0073547569584111,0.96854550787187843,0.9993225210309058,1.003497856143875,1.0521395867923116,1.0070188747286957,0.96156297896773235,0.99148173523031891,0.96986739530609234,0.99592086843879613,1.0446639582803847,1.019645228337728,1.0102770011064561,0.97145134709032388,0.93910244897606254,1.0053970806572852,1.01010896511489,1.0005851324497657,1.033848550222765,0.96051968520746811,1.0088521976367615,1.0071666419808745
0.98596077289985518,1.030838683064077,1.0265544030279103,0.9899725155304343,0.92753962243365229,0.97463928214192208,1.0144129058270226,1.0067039885231834,1.0170020241629496,0.96780209206274426,0.98967624586583203,0.9791879453721225,0.98079705229017555,1.0233894813772335,1.0333246490686536,1.02687205564186,1.0037728232505601,1.0330333674063488,1.032214596912421,0.98832336681004462,0.97819327077455942,1.0334285496803404,0.94903820115173831,0.99860605907365274,0.96742968647162564
1.0076228699916092,1.0486553759651296,0.98775319787722182,1.0385118565369378,0.98014894094074312,0.9841427099417619,0.97465496139599694,1.0184388692146686,1.0012307939417819,0.99585934160463874,0.99192368666109765,1.0052734379991604,1.0004700841603829,1.0266781354331493,1.0230036381144412,1.0575897167739261,1.0189715851279648,1.0123570376095725,1.0327095406743234,1.0198933824889072,1.0063536296602269,1.0195851962306182,0.9855415319201547,1.001633422436697,0.98072596072234131
1.013299107040307,1.0553142950405672,0.99142370376753663,1.0139561386022997,0.96193494424176473,0.9990157119161579,0.94538157236112852,1.0212636967071818,0.98953820159500505,0.99444277002064974,0.9883581020329737,1.0380770403408102,0.99766819381125071,1.0172357110318848,1.0048831141968437,0.98653166357599953,1.0330546175460245,0.98189879903968302,1.0086019589368906,1.0169864479169171,0.98379512641575517,1.0201489476292178,0.95888636126311555,0.98361255807649239,0.97470458081350997
1.0102666788711576,1.0166531285836073,1.0210511395996931,1.0341458040598068,0.97457501726564288,0.98335311466339825,1.0150312569581008,1.0258793943745876,1.026049929283031,1.0285946608574188,1.028551450639426,1.0205574990068593,0.98702840307084538,1.0499549816588771,1.0142311104339472,0.98699799128695964,1.0229486812800423,0.96930792905489949,1.0231088526160776,1.0447017552102622,0.97629831561745795,1.0272757531403489,0.99122977604381879,0.98192013150747037,0.96890412912011059
0.99746865269614604,0.99690049744385123,1.0332067707439274,1.0306125244805004,0.98960288070402436,0.99031910509994237,0.9841886193509386,1.0240568048308047,1.0272458227846131,0.9841481071787761,0.97985596670562769,1.0205975054908991,0.9675876649982722,1.0233948213923572,0.99506827870903325,0.98852225045929443,1.0007142236223638,0.96421167563854604,1.0129132578387505,1.024006440686956,1.008490693511533,1.0020695787479226,0.96184146475984578,0.99918128790666572,0.94743061998147904
1.0005735802731126,1.0104367160733163,1.0070508106523899,1.0449933754979746,1.0154370024172326,1.0295199919637621,0.99193063469838005,1.0326482123053993,0.98728501988288353,0.98492422407480862,0.95889847139550655,1.0323113739608116,1.0037236535033818,1.0371418405061776,1.0111965557777587,1.0110409113818568,1.0132943433374242,1.009245917720017,1.0196124378192453,1.0241673805321017,0.96260163278811472,1.0337638685668205,1.002086366794954,1.0033262881015534,0.95142830942956114
1.0160330133812803,1.0131378435055274,1.0054949101492128,1.0259841489560733,1.0191026942550105,1.0023613381657663,1.0361844416683956,1.0544577498241541,0.97862316646947034,0.9481944573083112,1.0090303559029563,1.0240794113071938,1.0012312661111986,1.015767516929974,0.99831585970875303,1.0199413807067246,0.98276111763885621,1.0002566494938203,1.0310428963218201,1.0097164160194627,0.95551803643941879,1.0006520754504977,1.0035848053334788,0.97033266349265324,0.94469550294186022
1.002308528544086,1.0045669442945009,1.0148166509024381,1.0101907718114247,0.97481916609307784,1.0397517118855579,0.99199796536638474,1.0379588125650505,1.0396793749475097,0.96540448010079427,0.98594250412212991,1.0256813051824885,1.0192472886462798,1.0380573059552267,0.97943236463948991,0.98179048088258791,0.96315134093077925,1.0056792953672491,1.0197739758450428,1.0062541518232138,1.0246402961967649,1.0313735349341027,0.98376372625064357,0.93656533163928291,0.99730120597856386
1.0300544081796772,1.0313619545647039,1.0265030931766854,0.99242957864093073,0.98968319454670695,1.003313732256027,0.97680272514762123,1.0626617484842884,1.0092525287397582,0.98693301466143357,0.98405622499615086,1.0162083385131249,0.98941556412233589,1.0307510728430378,0.98222880253574585,1.0101698079072832,1.0015460966143752,1.0093374031298763,1.018008957543006,1.0199515081244921,0.98684699581367308,1.0294942622021179,1.0053929942172588,1.0047851081045545,1.0068919050329015
1.0075135961105917,1.0416518797377803,1.0044877587019494,1.0024970326675342,0.98412529421774098,1.0103312425999214,1.0174582729894153,1.0310109466548509,1.029266247247131,1.0192430360958387,0.99046049973575534,1.0091241956188512,0.95128827815068207,1.0198165570600539,0.98465307686128889,1.0252154040770494,0.98206079727256457,1.0093029447129496,1.0000189253864056,0.98857004790526271,1.0085250554764265,1.0113512517600964,0.94745508778610965,0.94947196719793259,1.0296640239875088
1.0206260254531578,1.0115174973714867,1.005698450240919,1.0424318172004374,1.009228817219469,1.0207825701556588,1.0079803630542412,1.0152709098035384,0.99564562858965955,0.98870552485285246,1.0193500540935332,1.0458797279138154,0.99551208809354741,1.0365472921952998,0.98036400066787599,0.9807246291177546,0.95493811241031834,0.9976793830828955,1.0035651265936381,1.0093800232700645,1.040820500071034,1.0049444062215609,1.0052603693682971,1.0157958425314606,1.0118752476971897
1.0091575057375468,1.0195356330156373,1.0190354584842378,0.98862483982952298,1.0278216310790282,1.0225639323538995,0.97341237256773139,1.0189769835726135,0.99115580133929326,0.97401215386631568,1.008586993118004,1.0205077075714104,1.0216984173630241,1.0065396487231264,0.99464254281962605,1.0012411524084472,1.0176662642992105,1.0205373379981062,0.97503634141417028,1.0274622557538065,1.0300193127054194,1.0434894630307257,0.98786206849465152,0.98577871821684004,1.0152892404258869
1.009187133499521,1.0125730150319621,1.0121238388453377,1.0106836568294548,1.049303845156947,1.0078334686902515,1.0023714436258493,1.0278888906678798,1.0129793715653495,1.0352408904297044,0.99906177310344058,1.0315207951937693,0.98513267778578484,1.0211022702076269,0.97362542180086709,1.0330994432075589,1.0277991281316494,1.0002927038881408,0.98609605814865764,1.0137037538216864,1.0163640064980517,1.0174489494157917,0.96756362118731665,0.95765348027620101,0.94948864926594545
1.0223036419205502,0.98255123853997772,1.0375413789258172,1.0000720773662817,1.0061420588384899,0.97364699194271831,0.99025699130712841,1.0416812488849565,0.99507436692361539,0.98470501538777866,0.99047655070280349,1.026847271962263,0.95464410583851389,1.0408921078875417,0.97803808754673549,0.9512110710856293,1.0232954810875821,1.0049634398396583,0.97673074503712387,1.0150066312481234,1.037531110044869,0.97320189691445014,0.97927354638664932,0.95500451618834592,0.97172064745317588
1.0213467592159224,1.0231607486173295,1.0092656675118286,1.0347821457192823,1.0161952918844774,1.0000299608123164,1.0076310266779451,1.0104669889270343,0.99896210514192552,0.96075440082100805,0.98651875719186588,1.0279310957249301,0.97843967926301456,1.0114729339003974,0.98618916464360284,0.99530675547683478,1.021287528244299,1.0509015105523234,0.98159979062109359,1.0362754994136421,1.0037598353139032,0.96751831625319495,1.012666355269904,0.95246423725452189,0.9787477546760347
