0.64574659596654438,0.91620635153487617,0.768223354599054,0.76945359977309902,0.74462874424261372,0.64195502908891311,0.75673056067242628,0.84859014992229764,0.69880862686696821,0.5261144339219046,0.78676914905616591,0.78266446280871138,0.77215403370366809,0.63904178132180589,0.82860976319283342,0.66092150550937256,0.66479043812914196,0.63088893746080332,0.80880238809445504,0.76683693632158167,0.69131340043615652,0.70018023913110372,0.54274942922280633,0.84622134300127416,0.78180135606427315
0.68337420948373473,0.89349843845808385,0.76773138045601153,0.7565213341316348,0.73127897008365295,0.68368221471709523,0.71012307305199218,0.7944458689520858,0.79595168557947638,0.66222871566153785,0.78091975731837382,0.82098496486254724,0.83532223636160785,0.83129048697684238,0.83654547255616873,0.62583146297765613,0.65645942962159165,0.70891210417245121,0.83607889311494543,0.75098287371337413,0.79209015889836676,0.64785987451140792,0.6963963052398161,0.87255304300050707,0.79690122157660903
0.68674884969390904,0.84659491916524221,0.76288608897579713,0.73960756476710243,0.70136698797376118,0.63196413944700847,0.67233513272963519,0.82931863987858256,0.9529803333519431,0.79862415340328219,0.73045215440624844,0.85132180597908591,0.78135902104696864,0.78549380102020527,0.76406917186300072,0.83862689918355993,0.65081796897090716,0.88283431778015686,0.82069424133793312,0.82256238725958053,0.86809618834959512,0.77158227316975858,0.6808829875927872,0.87207011567416071,0.85171330083596242
0.75445329643875358,0.89540708330299523,0.76453973252980068,0.7826515787286441,0.69736213405683556,0.66531331827523799,0.71477189678212516,0.85776085778975819,0.90929764539263214,0.82500962762314489,0.75850451193557578,0.7945010943249341,0.81301052451913725,0.80308289064398752,0.90381429878287489,0.84460061301409373,0.86952248167929758,0.78093557117930967,0.81864970091300038,0.76790866672679758,0.8641782041498085,0.8089510024681138,0.88399630588227418,0.84655217612078015,0.88153482009499262
0.7166881270329416,0.8781162523300815,0.78801919431752376,0.77220236056682423,0.72944173310747962,0.68214433124033136,0.64983043631633786,0.84425270548148057,0.92702183890352274,0.86145309224421263,0.8149910152346137,0.84863004751601478,0.83403627748830134,0.88164672815495282,0.92589629028163101,0.78966585531372779,0.89862374413215806,0.87354506524270725,0.84190797278656915,0.79483517621108035,0.82863829118038368,0.78282560298427462,0.84157357580187098,0.82889866701931636,0.85299610502512213
0.71850840632554036,0.92368921408056781,0.7819425171417772,0.89280697631474193,0.86108718641213744,0.66053767697949939,0.6888256737350148,0.84747369748703394,0.94009862874017036,0.81698567623571861,0.8488267162019747,0.85765618335367011,0.82667779256207641,0.90428940398325974,0.89827877168306036,0.8501264020687026,0.88665027147436659,0.87305980436767094,0.79688917464113074,0.77843802863129308,0.93128879015044841,0.80050187693742392,0.85012916353717316,0.89325696819121236,0.82744201739707746
0.81768233187486916,0.85711534265265077,0.84914184601735432,0.89369315778903635,0.80443282447457765,0.71699205310552894,0.60256949367528345,0.8362086500264827,0.92105327779461554,0.77010315490096359,0.81627151642594509,0.85161028397112049,0.78288993364131965,0.91094858020084568,0.90932721443100906,0.7734338510671247,0.85016685409737303,0.8850445008172565,0.82134259245710917,0.65552838913731593,0.89870241507144211,0.80289541229795458,0.86251963138611343,0.88088095614983908,0.85715193692795044
0.80427214246472689,0.88157567435622131,0.82158797101469305,0.89836548035404828,0.78762728611660282,0.71625465495228202,0.90671606646555036,0.83230752427678756,0.91744556831039237,0.85942855187019429,0.86113938704846238,0.87473959114592481,0.82352349317636242,0.90659704666143881,0.90075982682089983,0.71471048835320317,0.88013867530885803,0.8655352284549267,0.89811898718147332,0.81502153866333293,0.9467699465616064,0.84641524317285644,0.81049326417835732,0.92929028103453581,0.85549235355633313
0.76153253200484428,0.87374170384756966,0.93002253085784636,0.93111243194590609,0.62166087349427979,0.77171413606803174,0.81501176609569692,0.84476362203444011,0.93034561994186904,0.82723229957344091,0.90491912004536834,0.81209912046793953,0.84752524039618382,0.92031775151999662,0.82679924692459383,0.82905218246902335,0.8901286993137516,0.84231666408519301,0.774026065671924,0.7911053579624,0.87635575466913751,0.80059361111434113,0.79593604190653189,0.90482486538592033,0.84503080075031711
0.87960769867503708,0.8481570194399316,0.93940930233077669,0.92464708429730813,0.58574072274277034,0.71425975051417634,0.75606685834908249,0.82976646421163824,0.91253314579600531,0.71883960685811021,0.89517097889478381,0.90949646474889856,0.84052072344649953,0.9272003979796648,0.90317249590728255,0.84889060625639323,0.86868888409584977,0.85952051867199597,0.7764363445694209,0.77389251840886386,0.93332015925172596,0.79229971957007661,0.90567906450448754,0.93660883469133505,0.84423493702808539
0.86736514192848824,0.88787628642259342,0.93482197529691757,0.83415112938619329,0.82416549506834558,0.74672388083863162,0.70856155301054913,0.85692364505777041,0.96223702681491097,0.69456469197441018,0.83993708488447716,0.924679642322071,0.83599314124495383,0.89602974891451004,0.84931149697619879,0.80991843610982139,0.8856310948129219,0.86060311011008206,0.67627131165246235,0.91275377263980961,0.91851292441052779,0.83358460942804991,0.93466980687310242,0.93704710956848947,0.82710286420485202
0.87350903858739615,0.89927964690710049,0.96999944575084518,0.87559230300104463,0.88888978145508757,0.77200793714369909,0.76450240215594578,0.80707151240204489,0.96785639240124488,0.86698343538390299,0.81223762080003281,0.93283037500038313,0.85930796866358172,0.85676125602715836,0.84483974125437244,0.89095225298012537,0.86486362598926325,0.81856588946254771,0.72894998628513075,0.8863654797785474,0.93116290000241664,0.84420532101882007,0.90138307913386573,0.92367551128436742,0.84585177429076142
0.88548217216483927,0.88365016348462722,0.93223678623835282,0.72164979691612097,0.88248644641653207,0.86530444973930254,0.83326364021370225,0.9209792995395355,0.917150549309937,0.84428429000596206,0.81419098725391048,0.90687850820553018,0.8681092695013739,0.88070682885086837,0.88344989892641435,0.86706476108371089,0.86364117883424907,0.84376938265023294,0.79923547477211099,0.91833516882409993,0.93997083493262479,0.76584682958995565,0.91820446986739201,0.94397381132237335,0.85423584230298499
0.88411837418495109,0.85246291357178328,0.96937821589273643,0.86774729501740289,0.86591801599714713,0.8344030335672189,0.81174739869244628,0.92397502372910878,0.92304279212695683,0.7150731246764287,0.81358608906188534,0.91956238554782832,0.8616001770820908,0.8979203676540416,0.89400564747057221,0.76066019848989264,0.88219757923082742,0.9481256443899464,0.80515547367267881,0.87977166845839538,0.89463698569692462,0.81822358427290109,0.94835574700505176,0.93162205895579153,0.86622020734055305
0.86957787009605725,0.90920322907331241,0.96860414628078362,0.90433901864636757,0.76432451735628726,0.77030763493882548,0.65412663712796582,0.90184377286724748,0.9143418788843759,0.82248228802363776,0.74583931638193401,0.89184260637074064,0.87019891399577065,0.89312723375884706,0.87822743984642493,0.70380413289037858,0.88335066183464084,0.94643333305223942,0.81529704943630221,0.86950322598270935,0.94236361138237257,0.87473959985721539,0.86747716450694257,1.003692457923032,0.84963107508872648
0.91207548856135012,0.91086774713015251,0.92487574093078928,0.93948289739723634,0.83420771172580932,0.85681017069117693,0.80806027914890244,0.91831965380429736,0.92420261228263834,0.82993066234019608,0.82761734394041619,0.90864334672773639,0.8841067589014171,0.93580088674326511,0.95175798456741478,0.893559207349781,0.90981378160042192,0.94687218626508052,0.93763560812255553,0.92300842423282459,0.90928660651237658,0.83890454511632828,0.84093045332635008,0.93215700338005691,0.80705132677092994
0.9392493315545849,0.90128845672490043,0.96262727753257427,0.93943030241081671,0.84264701779196027,0.70524439783509096,0.80664801203710779,0.86425834989621808,0.94039739499741182,0.77307716710727226,0.78545888763347671,0.89664476832392326,0.92299464194113356,0.88533753356575662,0.91082122388001885,0.88832201317053761,0.85823246908383688,0.9436740121345123,0.80156009462363242,0.94865956032866461,0.94141070987639131,0.93294650795843603,0.94584804519966292,0.92743638653689464,0.92148140879347695
0.90437082211271447,0.85246361498960543,0.94605188397341256,0.96153159713492664,0.84693711406571348,0.83316061820833398,0.80703891785253767,0.80973446946417238,0.88846266158307718,0.85447282545702385,0.74549553193059515,0.92821871830584091,0.83559608107029038,0.86240812038341774,0.86673169787187321,0.8023162481786259,0.90748800828876186,0.92066099226653131,0.77877158592486528,0.91771709248118227,0.95784053011317616,0.90595611995728542,0.9507200524031223,0.9473191441899369,0.87683618301415722
0.86503797869950239,0.89612594009278612,0.93697787484745498,0.93348859672896467,0.84061749968783517,0.82006771723937266,0.80881583422020353,0.84383061284104555,0.97597630936641222,0.82332080683984143,0.81067262231596249,0.91366593784041339,0.77749652494256982,0.82728229722455215,0.74149406452701228,0.82367783646841441,0.91830757530748985,0.95600403472227224,0.81839681868396175,0.93370437794241279,0.91376217339377075,0.95481306229868523,0.93692812181304241,0.91466435735332108,0.87463329829681702
0.91069655117290005,0.84565136179350087,0.93621083504033142,0.93684204955447314,0.83590333275317275,0.88038725966790765,0.77089974043926612,0.83607344307693887,0.96128152308343728,0.78992920009619638,0.78813616074052861,0.92408606199731236,0.82799181403673305,0.80600623795526505,0.78494796099584196,0.79857613066459887,0.94831776616722652,0.89202757224063289,0.6834982862899831,0.87918644120363376,0.92960268952413849,0.91659776600628018,0.92287724558790662,0.95622017208627486,0.79508371450076609
0.87021400750457323,0.90792169074877016,0.94591817768549924,0.97360277098269543,0.86557791556037977,0.91478042539211879,0.61882732958307196,0.83358374380786537,0.87719731484809083,0.83291804745539688,0.90204628500603434,0.90557493038628389,0.82818426458705285,0.75522852854298728,0.86150694566032626,0.81893588686868979,0.91261138873891368,0.96680183038965428,0.83949600688808579,0.91981523651469554,0.93210262439789338,0.86253673914495588,0.94415883895376662,0.91500704901557539,0.85519526612660757
0.8814568519847048,0.86970974957335323,0.96992489201116527,0.92636165604355025,0.83934260593256849,0.8558432767667199,0.78594363732121142,0.82395887393127065,0.91749990514180402,0.93616535935253709,0.83850873304419971,0.918622510128697,0.7780641625600131,0.8898110077235265,0.84197879656055363,0.88393463064353106,0.88483659490121791,0.94369180063301505,0.81249390626519991,0.92794435897845018,0.95412342996340793,0.86088731027657761,0.9015235471443569,0.82958357012734552,0.77156817035463232
0.86509454414279563,0.87491115251911744,0.91420449463586817,0.94015446074287623,0.85319883260425244,0.91956234572131779,0.79584377243809101,0.88955689827419837,0.92966462478475465,0.93979394455502074,0.76511736127276031,0.93348519881917202,0.59085384012351561,0.89694916703266558,0.8934339949293445,0.80085869192610071,0.92797613891299768,0.92201854574011421,0.77793268869856946,0.86257005628602579,0.92280969240159283,0.86626967267036814,0.93885219562891664,0.87674079814886463,0.78206206186915173
0.94320229740546024,0.89491723558457792,0.95098720041890472,0.92437759041841749,0.83430506831360163,0.86769383827705604,0.73477473473467025,0.83127095331489465,0.91583275114178475,0.91861137376315316,0.82365148211978934,0.87796083179728013,0.81031924716920423,0.89409243047528986,0.9218663322035876,0.8430771381775608,0.929787645795769,0.95709997305365924,0.87293979357242568,0.87003763572138171,0.93961620391101419,0.90216494849160145,0.91534738170666408,0.81627758336612311,0.82411380045267046
0.91921973961864889,0.86419447543755656,0.94488492072751873,0.94553073072978933,0.83782487381894255,0.78341653155007196,0.7386814214210301,0.83048126491958096,0.91964154236021933,0.90064289579509837,0.76761210036201688,0.9058826236220141,0.83657746833672586,0.86556501817016707,0.92372397536686635,0.85826640836665125,0.89939342288222457,0.90829425769307448,0.85116386352425399,0.94568844198071078,0.93461621554154706,0.90691624156205797,0.93288051098395097,0.84247164757299542,0.84914814109216818
0.92251617545330022,0.87125124608749993,0.91790588059080414,0.93249076881533233,0.83575120851033635,0.82481840412361884,0.90857908063159531,0.82800283128028063,0.90376527740153578,0.92968793893974966,0.81122521342728815,0.93674397938782528,0.86121803949800857,0.8560765454464776,0.87889343804856779,0.88282141007275983,0.94327717491284202,0.93115017254277155,0.84550532643724163,0.93145696251466448,0.90533851509661223,0.91244211373584627,0.9099825549196342,0.76417915502231504,0.83477879489670537
0.91272751926614304,0.86681799694764217,0.8979494197506529,0.90756937834879281,0.68966554244304601,0.79284506028054236,0.84403417053992702,0.81869359237084272,0.94395109485720807,0.90550047669996803,0.68773448395496095,0.90847438832141114,0.81116089362670774,0.85725231014909986,0.96734653685225713,0.89391054171119888,0.91379005213118536,0.94171727322955046,0.72654630807041887,0.95620350198234627,0.93447121820194046,0.91380860630283312,0.94463250205608507,0.84702534586749079,0.89950744652973258
0.94380778466742177,0.88634999428030536,0.88589897039233823,0.95170905731523181,0.77971255925120153,0.78907290443844635,0.84358394687976535,0.88638453952691176,0.94514362553510367,0.91647680614047633,0.87464096179779249,0.92003324589247237,0.85133747748002842,0.86604396198087197,0.95276749603827382,0.8840124896149929,0.92089589036122843,0.92733491197458129,0.82965681845647221,0.93988151785096852,0.89843866053799981,0.83691599484038648,0.92249761294612886,0.83186928197026366,0.87756533774114132
0.91811392400876146,0.81730784532635614,0.91744118257920282,0.95881546002544094,0.7922073667129016,0.71547226975351763,0.89082138494310714,0.90501252075432426,0.93042610569610507,0.91101129573309036,0.86303322652806735,0.90863666151346989,0.92647796894138912,0.93683047144569964,0.98369898030157998,0.88815761192372122,0.92548988795389675,0.90519395775951705,0.87625152902477443,0.91241576103182809,0.95234839170658281,0.85840604614426563,0.93979593637325443,0.81192053314761203,0.90898189308232069
0.92734366342860508,0.66365620330489661,0.9565094115880306,0.92987835844700195,0.84907169685084627,0.89764438908739685,0.89419011825508887,0.93748604969162785,0.89794187142553461,0.91707532761217669,0.91807736756158576,0.90941135984499055,0.90822341099680959,0.88819905486521344,0.93897644438710015,0.90192481002077785,0.93069970082727904,0.91099058681704914,0.85709405497821856,0.92213920660750803,0.90585237091554616,0.83817416953683999,0.89780201366396062,0.88899995506164231,0.86516174496067244
0.9091873600337298,0.74372129576108026,0.96281709156061046,0.97702524616223929,0.88354155135540224,0.88106026846812713,0.82476130611934706,0.90432638498180606,0.93068764656763925,0.90669750194358423,0.81125067770738135,0.92942554549914058,0.92247194205250915,0.87393137523366982,0.97765958302389799,0.91267776479982177,0.92409717850683926,0.90031695604893724,0.80152164324174902,0.94148221487469474,0.90517763869831858,0.81627188781005811,0.91958368622992825,0.84836676880346484,0.76657782139095554
0.94352024290063841,0.81119167843082329,0.98697835589946137,0.94223654098786935,0.89417494414727494,0.8924758209142819,0.80617914657348755,0.89329962048336409,0.94016472087356118,0.91028783315269746,0.79376526047142093,0.89656432577053624,0.86979025153767908,0.84342385456711533,0.97460635789972705,0.90076938452631605,0.91060104370718442,0.92173350215855143,0.71188213871190831,0.91781777398854558,0.93905068280778115,0.83608638195106788,0.91492900987701975,0.88879756996851378,0.77847245287685007
0.92331454926224188,0.7760165633202053,0.9938618584246236,0.92180902304679879,0.8742021527195859,0.87168922692433592,0.77622124114753344,0.87712822194737072,0.92462630352187392,0.91636315304509985,0.82584546088491306,0.88190075505075249,0.91740183297537758,0.79423506464043514,0.95226835187539782,0.86514211679703612,0.95279549233064764,0.92204827734257666,0.69325224688627807,0.94200612679936058,0.93271440836759067,0.88813071765970297,0.89207761457284551,0.85169006518241419,0.77971328311583976
0.92409711262971483,0.87193059670793627,0.92158625301566077,0.93978619800345209,0.87511256900966428,0.87042657484093933,0.7868143977056371,0.90948839176835339,0.95904326340969492,0.91192357221832188,0.81220557656189274,0.86970388761237361,0.89240120699735892,0.68991868873057416,0.96865990396922907,0.89645711925484184,0.91997856596784611,0.94055226519782709,0.94946382166046872,0.91263696325863575,0.97100408246183845,0.94002039591373232,0.91755407962114943,0.89067643546520026,0.94109859055451994
0.93077670728705364,0.82718744476436101,0.95467313630367223,0.9289547250531538,0.81594022662697752,0.88106367255586826,0.81794260316495571,0.93237086953934933,0.92095798374002547,0.90226448712096563,0.78498997627241884,0.81546244306583127,0.84900920207167296,0.79848568127089148,0.95731302307771082,0.8203176584467865,0.91693461497628681,0.91685560789846565,0.98388085363670463,0.83738769035088545,0.9441662205210114,0.8286336843549571,0.92278814166345735,0.85486255789624532,0.90637780160795323
0.92333221715999658,0.82904599341686169,0.94957630273191806,0.94171681251800909,0.77927999594440889,0.87002407353796651,0.83155182558578455,0.91092507823854063,0.93339269314124695,0.90521996197165833,0.94221808737408519,0.8771509064473364,0.89886014486410615,0.75544910336995597,0.95316128764084473,0.82693309938258275,0.912024612756273,0.91967541408677689,0.96147678039248208,0.86512871784474377,0.95109867001996795,0.78824927198685946,0.88772240689737603,0.79367657412249426,0.91412263904817881
0.90543554367289913,0.78504124417046961,0.94171039799790879,0.9356976791306425,0.82621757948808838,0.8819642822270507,0.8535223093329789,0.9109146976283109,0.90811947647139601,0.9328843718473554,0.92489375127477236,0.77448670512127615,0.9030219139128578,0.72915412334064578,0.94670089287370018,0.88370757639462905,0.94671858352709026,0.92986277517311644,0.94295238241873847,0.81627808377247535,0.94632259148082754,0.74802039998176395,0.95427483480797792,0.75307693315855839,0.90368181281256021
0.92471538452616087,0.92440424834586221,0.95776328995007332,0.90213598482773694,0.83825974771872203,0.88473763820425666,0.82103404611347985,0.83440291969123659,0.91607392943655275,0.92841157718404221,0.89125088341709202,0.88839007489972921,0.92798032224655669,0.74650363495704741,0.97156553127362633,0.89410328894207158,0.90238425368137209,0.93604402122742514,0.92592571127234247,0.79675100562986922,0.9085168637601917,0.83270086010884492,0.93077419980619469,0.7827326802431438,0.83162278992326732
0.94389125059891721,0.8955040885314115,0.97765836704984377,0.97334369838830259,0.82252935102080227,0.86066278727240519,0.91994419673753614,0.91612069242923666,0.8956398990451091,0.90291907458503839,0.86015552616132429,0.90280100187424539,0.89309683301146947,0.83120608398200113,0.99186188478119841,0.91322371989291073,0.94040551764265534,0.89339109877727874,0.93704560226597478,0.88396209809495951,0.9325152249029246,0.85407446838208079,0.92164716162162952,0.85222371307316425,0.54296143029115773
0.92778055107518043,0.87278939585405702,0.98815989722868136,0.90666940770688831,0.92082503296313323,0.87827594115135221,0.90855895900560146,0.91483135584151742,0.88281976809030516,0.88993476630916624,0.8669070429456891,0.8656140308789817,0.92742315634848604,0.87706157113713834,0.98725243222418502,0.89134907245347161,0.9235365177087389,0.91823578822112972,0.95395914335986509,0.81086106115690992,0.9391783100964628,0.73918642030439485,0.92951353690064098,0.78606318818544352,0.70670920270497339
0.9452392864935576,0.8616956750251562,0.98413827797111086,0.92678260084874564,0.89414553610443925,0.8815597705628464,0.86361986812401548,0.94793856743350047,0.91253211623719077,0.9113135374950041,0.96982948979708794,0.8579886517201899,0.9059003015507,0.86429012635039892,0.89397964326459423,0.96763562058926289,0.89281134307522847,0.91334916907745278,0.85929837420705202,0.87336885366662087,0.91559123921117969,0.75629519026226788,0.92088281093606295,0.75912681717665909,0.87081098883533659
0.92336066443895504,0.82791035004429414,0.97609762495505503,0.93000992686145989,0.90646349089638756,0.87681375800405104,0.86706482128813167,0.89357608555310786,0.91337893148222604,0.90614962985121805,0.90503849297976136,0.93912871185331381,0.85033868184060313,0.94754512976178429,0.95920141083447552,0.90818483296475416,0.89457497591810387,0.93891707642178623,0.84963787051625528,0.96517891976193959,0.89076806528231667,0.82813513148197193,0.95195509856793248,0.73205774497346643,0.84602285848820524
0.93095513485110215,0.81324751385680571,0.90918263976678959,0.92297915269511188,0.95328013785372112,0.85550005450530808,0.85358745619775134,0.90274784362301042,0.87946021438752797,0.94288900399261699,0.92959398100406643,0.92068610834140818,0.83338415722681713,0.94840717677070563,0.92521183620210712,0.8885650641249716,0.94029924995855463,0.89728060370529883,0.93161373211740162,0.95656147392908453,0.95045421794975005,0.90871226443121356,0.95046964573660542,0.73485413524197662,0.92498234633782062
0.93826514966522723,0.83086954072060193,0.92637977931656201,0.80469672879208731,0.93902138104617161,0.82452703179451237,0.97104270604220866,0.95762184624444513,0.93612599165775134,0.92073840207112934,0.90911567392608839,0.94090957660763597,0.90680605698745276,0.95375334171250137,0.94870239523195532,0.89272152535915639,0.95612133587974868,0.89313043480137466,0.9150413647363409,0.97259318181527288,0.90721653367931876,0.85752344612414155,0.89975592849418107,0.82615616435819317,0.89003911438754235
0.9361388946970326,0.93822686104240904,0.96269612859379661,0.84054797622966659,0.9408852330192804,0.71335620809884737,0.92971962108846451,0.9241987582866461,0.85700461799464833,0.90012383218569003,0.92471140153223186,0.93764491597118738,0.88857225601464873,0.92452124515191347,0.98480998849534285,0.81427419995841854,0.95352452672939547,0.93532742243102407,0.87681769001344001,0.9037607257681517,0.91465655337737517,0.78961638666603218,0.90840734928180988,0.81215300346522712,0.95603144436425525
0.89767538620825382,0.84789743043495769,0.96329734692205493,0.80766086848274676,0.93296728713791599,0.78121035331428157,0.94450284078352797,0.8917748890538586,0.74970491945753992,0.92248819526485504,0.93042058825272567,0.90829692117707461,0.88968494923314823,0.94303481635771291,0.92664101905008533,0.79868791196633648,0.95714509324853592,0.90918076733153053,0.94409480278686086,0.99173775266469788,0.91092825424719637,0.86861131446357176,0.92612178817245405,0.75264850693666141,0.94163806523483695
0.90694071177433355,0.83064697081607919,0.90166703832679673,0.94707458974820047,0.91842769299880478,0.83617852027679807,0.82552625157360537,0.911625335146108,0.79031115774805327,0.90093808871049841,0.92241451151746734,0.94212651775959411,0.86652370025020853,0.93569703760150469,0.95354352714312707,0.80574694136911218,0.93130288896387625,0.91490509287188515,0.91070662475491548,0.9803407839081002,0.89443013011046124,0.8936911353681245,0.91357508063415171,0.9065948416188,0.92124087735213123
0.90734077517906686,0.81642520628534898,0.86142123484599187,0.81423477689188484,0.94153320542908181,0.96861684424914085,0.87804688596415181,0.92044215957299036,0.87516435374400126,0.9001185794829889,0.88754185724557144,0.9243242188472145,0.89177307741285239,0.94864112509939813,0.96903382541573113,0.88435357529241243,0.94022461248492273,0.90964896457917133,0.89152036548771663,0.96491190614695765,0.91004455079686208,0.90177790090289733,0.9080075428469675,0.88778873686502069,0.96014671023733678
0.92145908408860489,0.87522657024408312,0.93683938543192447,0.8308798364548422,0.95618804412395109,1.0036032445840757,0.75108096920786727,0.90861325861198994,0.89238173954627853,0.90030436378137191,0.88407200925014962,0.92831012560686532,0.94179723683916494,0.93279174627947259,0.95843556844552946,0.89483083460414159,0.92363993116454346,0.90815728814332541,0.71783506258055518,0.97091375798660262,0.91846990222591385,0.86703221538610797,0.9494298927609518,0.89909616689499794,0.93713526783819612
0.91075957475392122,0.91991896001596674,0.92889561441763302,0.82686955383770444,0.93272925144214114,0.94983688195307214,0.79760327598526015,0.92956197666439067,0.91050602438829309,0.91405389301610396,0.86138575932639783,0.90840143209077129,0.90703495207716101,0.97969679059887294,0.98344268232308274,0.88836700678247915,0.90697226232559047,0.90001937688574396,0.94267737490138026,0.96738719342988211,0.81406145876723202,0.92796035257616849,0.94632874430451186,0.94385377991826303,0.88486882694767477
0.96755509690190444,0.91366939402436242,0.93105859994112228,0.77466462702785921,0.88027619055536344,0.9501932270416813,0.86992492510398856,0.90669244247175151,0.91302975571094647,0.91413566094092813,0.84558067434786344,0.94757697164535526,0.79129472216711005,0.95768702557164731,0.97142619409737863,0.90517271634342467,0.92668542461926728,0.90511698522617801,0.91019701835518652,0.94898226101860095,0.85301104157215946,1.0068168960364792,0.89950504771682716,1.0040766520980817,0.82785314869455939
0.92827845419668875,0.93439741743551186,0.95101683533383108,0.85566622752914268,0.76442764573399791,0.89352742928945805,0.87011418486271741,0.91770549271741897,0.91009452381531508,0.92166920630026372,0.8052917990911771,0.93273839006079662,0.79043382689875452,0.94529451222770366,0.9719680970442649,0.90611895270320753,0.92234426501411992,0.92257425712322016,0.92593088848229599,0.99594687436623064,0.93034209939242252,0.99158741229365621,0.95040100393641536,0.95854457527815362,0.79878061482501328
0.93593313818627422,0.90244918706132859,0.93323932444548652,0.78641295311101067,0.80442383314209442,0.93670491101027975,0.99364048950984341,0.91730601910839504,0.90326222776934528,0.92531622631582489,0.91768064308664032,0.92599353563551157,0.88209691489592579,0.948683181262721,0.98676694835135437,0.88872742856258891,0.94049548473413291,0.82906846276218316,0.90899858037946379,0.95435751072218133,0.93432724585623905,0.97095431317922798,0.7769153190601471,0.88213328229244392,0.93718991381376548
0.91811756632862462,0.91200638908381615,0.92244346716740289,0.85355062520429648,0.90999406904131197,0.89761616468909045,0.97168897535060439,0.93873780666225659,0.91565778536710651,0.92414995259629451,0.94691180730267832,0.91120211520932959,0.81885117307483291,0.87998684090400903,0.98943808980240788,0.88846360947760095,0.93115447135492946,0.86090264350614532,0.93641381855465078,0.96573731386536699,0.91320943801839294,0.99264761802994672,0.74388010799243898,0.92281941755931896,0.9349856892343914
0.9201658120874936,0.93743107874932108,0.92697479537220051,0.77892551446510372,0.92584452368415526,0.83284370231555971,0.99132847119107759,0.93838069421849379,0.90014367970722053,0.91849707132723657,0.93002656479365864,0.91365742861584553,0.85007989140613571,0.88119897740138142,0.97285168737255745,0.96086731361945776,0.89748868041231278,0.7603216528039366,0.93016950431077094,0.97367648961836062,0.90371152283744982,0.98068541240657392,0.64338846747326206,0.91909415158302188,0.90628906729193115
0.92777335071480538,0.90947709628022599,0.89786097478014781,0.97165999403187497,0.92410904519731452,0.94280057759965341,0.97107709215713633,0.93351401763640629,0.91695327654490555,0.9662966824071163,0.93760130585879309,0.94042239992032528,0.81464153633206093,0.89978088956129898,0.98342767213150817,0.86652921133645311,0.81156042192176381,0.85855862329713017,0.95258624058869201,0.99681548990661595,0.94376014771562822,0.98927609412322537,0.87938250986288335,0.91713658435858314,0.92408809096196398
0.93098324520116993,0.90647951763415113,0.93448121917239491,0.88255418217162296,0.94821981849626047,0.96203533418428455,0.99175606496656998,0.91002912126567448,0.98094339914242945,0.96652592552514782,0.9969230529513019,0.94186377381418807,0.9368843527484223,0.89843287121621485,0.99024324538783859,0.86279468586532282,0.7644072007255367,0.91267938183822639,0.95589669638005381,0.96059962230223495,0.9336466360976019,0.97856330498007649,0.96956743500347065,0.87403442491721162,0.89188674283533076
0.92940092307021571,0.97194596966862368,0.97015735070828091,0.81206688769978219,0.9405477167853955,0.96508569260618682,1.0171491319739356,0.90191303589138239,0.98579856845185854,0.95653290872977004,0.9720746578260413,0.92794460446269,1.0122756087901457,0.89934693739110316,0.97510170346026848,0.86955732481296566,0.69056389820844499,0.88385900099706527,0.96778439132768046,0.95423736832351758,0.91921703544126776,1.0068624597583111,0.9457033850035228,0.93155222542463301,0.95310104397557238
0.92751595479845528,0.93801875515388866,0.91370369392245621,0.82928581607024154,0.95593536673777835,0.9396230115134796,0.9582634671077298,0.94395326246970013,0.94917691616282995,0.95345688953222296,0.95717953918192866,0.9338001972530755,0.94974363152405339,0.87831034049931922,0.96656871703904124,0.92078758438937902,0.82864282341342721,0.98341904374839439,0.94758546603793925,0.97143923644418628,0.87884242487395681,0.99410922387859191,0.98819550281157387,0.94814634663636488,0.94420639956183927
0.91404621090219018,0.96965092465361757,0.98814347767506761,0.75767472959792381,0.95138691477460491,0.93529097481356749,0.89990120368098958,0.93260085813477178,0.94422371297907615,0.95713642944379185,0.97634996709810196,0.93448915583138525,1.035887911114038,0.96794016519965742,0.850861876978797,0.94751732228648222,0.79661331689208947,0.97934661509918841,0.90543135611045678,0.96031883595056455,0.86767037867260766,1.0180731340604523,0.98954408222909207,0.96320661598345847,0.97838822834372219
0.92481416781462755,0.95485553145390678,0.96405831165768663,0.94432732568754596,0.92367784191166069,0.92708551352687107,0.92062864887277807,0.91039501430328651,0.93696789824005677,0.98049462198120785,0.94051910514816117,0.93638963894083749,1.0002400776571982,0.96034733606588196,0.96159910435054619,0.93369553637568203,0.89392403008594035,0.95302838519848732,0.8212131361835292,0.96876398581678314,0.83823142332725298,0.98625360330826184,0.94984244911978566,0.91875225705589614,0.93926520693797233
0.95388538198740869,0.89688490701602308,0.96143491379680845,0.9866357301088825,0.90951566034631026,0.90660356410227561,0.86872213988913927,0.94687562307015272,0.99325529111844157,0.9677826647106329,0.90728502108878695,0.93676155351671386,1.0156798158660882,0.96425595604188508,0.96421567725207891,0.88441489884405611,0.89605373018359835,0.92522502227280767,0.87852890282514295,0.97546888490608552,0.95773721633938869,0.97484400931890536,0.9652653763650525,0.94760013381487396,0.96309391465193683
0.93361555103458849,0.92034004770990596,0.97010543156607187,0.98294434828795485,0.94065370833905193,0.9349335321328397,0.94543482119365507,0.96145029142360394,0.99711481041621486,0.92028352249939904,0.88409174212774233,0.92354652247826841,1.016293334348406,0.96745592707301786,0.9167713029535689,0.95242154883337871,0.79844644998337577,0.92498229876766147,0.90678495264189074,0.97004230390996693,0.9574049164892372,1.0196346264297134,0.95216685359155462,0.9552707838518425,0.93696241774832445
0.95357742869700168,0.93854809036693632,0.9847519600650888,0.96776451685790066,0.9395708740740909,0.93233459553526876,0.95807570783189111,0.93489153635641964,0.96641431301674929,0.92112170515489411,0.92553923182384401,0.98182799628008199,1.0035540446971274,0.96536958803200668,0.90891621523239463,0.95274263500511536,0.84526386621895655,0.95125564913012883,0.79369037039030776,0.96286255327522907,0.96057284470407511,0.97212316040519153,0.94347563703347936,0.90784216971532472,0.94612607413430083
0.92752241839416305,0.92259676159948956,0.95110684791167144,0.96151357420524652,0.9202296885640382,0.95032393675324278,0.93161795912985002,0.87879744174006424,0.99083461997806521,0.86309644317225687,0.9822981538999227,0.96550660421054069,0.97813868936031956,0.97137494255070389,0.87379461764294597,0.94266516044341397,0.96370510156353117,0.98120628644308838,0.97951255880815924,0.93822181379521252,0.96361051750760429,0.96308928143483852,0.98616737449147029,0.91238192682838593,0.97041813784369391
0.88176857216887394,0.94539240014696457,0.93855371072223392,0.79832650920725201,0.93157207061147607,0.94047131995675548,0.92297362100480651,0.90988583899569719,0.99763621480347409,0.79879329335442317,0.97578472509076741,0.93812134966765215,0.98243646059483059,0.94460444561608914,0.95330906325378695,0.98226442336241249,0.93758297565419402,0.99759011562169253,0.93480478942564027,0.95812154683483564,0.96442557476381019,0.97128613157899835,0.95643177033703486,0.96246181383994833,0.97470146543580527
0.951983634070525,0.90172747566078459,0.99071474583542463,0.93570616603792534,0.92214084446562117,0.95103964281938014,0.93495224440451008,0.90213661773101916,0.97079029192705224,0.90543907870023599,0.97972050860456283,0.92077390001430059,1.0215383245975242,0.94809142255198853,0.97446474879860256,0.88926948214019652,0.92026847319653904,0.99081983994262557,0.97310209429890326,0.94541967361741031,0.91662773592157565,1.0313339399239034,0.94298379263199428,0.96957353261703949,0.95534345715871272
0.9617144455581782,0.97297272770792431,0.93072163822246312,0.93727430012888147,0.8825435643578583,0.97871068557416563,0.95005129815402078,0.96616730271084972,0.97554882482935557,0.97391175012541131,0.99327248175412364,0.93575174603445932,0.99251444581865245,0.96965089038284769,0.98902055668205524,0.90348523421923366,0.89004409848179999,0.99262042124897087,0.91111220495444056,0.97644025965551384,0.90002910264582814,0.99519548799260538,0.98308056809551903,0.95989447512516246,0.95801808184319592
0.93980796019902457,0.88922672212394838,0.80787185344494183,0.92430727208509833,0.9892325429400487,0.95175123754538993,0.97305294652522956,0.93635421379385519,0.9206174059686012,0.97122508523075768,0.97832694326683423,0.77660356134355757,1.0305650986996362,0.93673609703090832,0.9747860745349588,0.88467610390578433,0.86908157244147977,0.9632329144014764,0.9926555860030023,0.92700313230004838,0.95487931835720019,1.0176491063018474,1.0024816899119606,0.94365431769989727,0.94399145193744016
0.94716482550358594,0.98152501419750204,0.94324405116139032,0.95043513458180662,0.97436006204190551,0.97373525798545524,0.95041826651070771,0.96873482490074803,0.99605020195728544,0.93053828923733994,0.98932771431700761,0.92725254868451379,0.98183988531794064,0.97530760522473925,0.92481583946129131,0.82513187549146905,0.95403273608111883,0.99526219154550644,0.97226925559533639,0.96180651787473093,0.97507084354597806,0.98590398455808115,0.98382035829762515,0.95904989156685694,0.95939410695549621
0.91422090562987346,0.96876214573877806,0.88283405940618109,0.99130741246832388,0.87242496935825209,0.93103898717626632,0.9762464117657963,0.95466090319201058,0.96804630510536505,0.86879720085683265,0.94644383645752805,0.91676215847335352,1.0010425795503957,0.95922655408149482,0.93161042996014798,0.943778139508201,0.92696322446712487,0.95548007716297412,0.97260716938809233,0.95728652473334896,0.93620512675556522,1.010923283873626,0.9553585214775252,0.97881689743714195,0.93495009875740687
0.9321020710944824,0.95345104923963542,0.95921209363828386,0.96400617775564834,1.0240249742204648,0.95020133261918982,0.93683697134787969,0.91456997735452472,0.95932641283108466,0.99135595877609395,0.94243612632542495,0.91316019103651191,0.98183598578017051,0.96322467836807502,0.88691335640711866,0.95404215936997938,0.93286216595994187,0.98005066561668241,0.99141873951202675,0.98298868123770222,0.96012023982143513,1.0235119651705917,0.93812933821990407,0.92725677943913132,0.93220335848575775
0.88907416725673638,0.95125703871607348,0.96205908707148857,0.90858826035199114,1.0021076332039576,0.93334006025393845,0.99239045615290999,0.8816439626411382,0.96368096074317611,0.88378580084992364,0.96706714903630775,1.0008749457401043,0.99140790570259263,0.93815431436738594,0.79673429495671111,0.97458877187495785,1.0230274302161675,0.92487941430133991,0.98260443545026244,0.97317103619091516,0.94417185625865063,0.99608222418975012,0.9859760615152966,0.87410077024803434,0.97783436821408598
0.87640274356848114,0.94895536138381775,0.97647135134037488,0.95104204465585174,0.92281877837203796,0.96393595188193959,0.96458145540026297,0.97224271248255345,0.94093174956775094,1.0105372757036275,0.97447757854856554,0.95698537474227907,0.99612331559501055,0.96758050527012562,0.92008053017865454,0.93277441149972473,0.9984412853425364,0.9912477214734392,0.98066213845891281,0.96736747653202215,0.97586022644490023,1.0177656826643089,0.95833115492503018,0.96920391437189035,0.95829545584965559
0.95536676186285308,0.98655153933979478,0.93932489814152997,0.92068986723567858,0.89096979042111757,0.94522294130523998,0.99579891873066317,0.92849064589251729,0.95895330469951978,0.98665868401197832,0.97045574822249725,0.99378034981518004,1.0090810246738202,0.9594121151659406,0.94090336060110424,0.88851169754537174,0.94997437679439756,0.96988105574912831,0.99651912243581275,0.98159931472991813,0.96901933199641344,1.0075508742029438,0.97901117280198846,0.92960640170016462,0.988952330039506
0.92123388617003987,0.98068863929411154,0.92609509567718962,0.95699942866958165,0.89539212056396589,0.95388694888230219,0.97158169483632706,0.85693552734491951,0.94439037531213577,0.98924745626590926,0.93845669247304975,0.96685455210020177,1.0060918363478146,0.94671504582558474,0.90582543469067289,0.95258770294330064,0.99492229175481606,0.88786130521517592,0.97023195461586353,0.97788299756985131,0.97141638682472609,1.0222625491351656,0.93815561526647606,0.95312743293071001,0.94126671765466063
0.9679076508383393,0.99307433655206079,0.94832263634255265,0.94883299409334332,0.97473688773806266,0.95586071343583978,0.99304025994519407,0.80913812917033012,0.93725518881694636,1.0139659773179084,0.99466081481969326,1.0193073735816194,1.0186714478835883,0.98464747441393863,0.87409245018937853,0.94129657294701741,0.99374503645546497,1.0002133435505518,0.968149831190523,1.0233666259670635,0.94407031090813354,1.0119327551562665,0.96164859906792366,0.91360792161239113,0.96255187934833308
0.97503102325297342,0.88992020728505761,0.95303866511029489,0.88858740670492598,0.94549901397941016,0.9493473005307701,0.97598361064785111,0.95642649266056001,0.99345433648481107,1.0188201702240529,0.98838291971787751,0.93619108485787828,0.98354272297135248,0.97177729100349197,0.92959127534957642,0.8935761716849594,1.0187284895847719,0.96076810337561269,0.97626922536880589,0.98784157554096119,0.98746977305549588,0.99091403089180785,0.94720579010558981,0.98639816835910843,0.99437845775557998
0.9319124032980789,0.89747819220238345,0.95875996592896662,0.80762544315343554,0.945623623151016,0.95414577366680964,0.98618956566647409,0.94106101997023472,0.97294007747885669,0.99102999590194552,0.95784382403085655,0.9943938005012245,0.98102173830760586,0.98918819173140626,0.85317817670187435,0.95096146085982625,1.0133332065823719,0.86779779769856069,0.98158212257028632,0.96554775611187216,0.96233805570261866,0.95526266049041819,0.99393097874806691,0.99894352951706911,0.97399973617041191
0.95981679786357388,0.96827879924691407,0.94196734246469949,0.92481842457190933,0.91715386070494354,0.95349286697609337,0.98590556780696859,0.95185815568467247,0.96448393995121606,0.99892897672265024,0.95306754610447397,0.97451013263514008,1.036316102514883,0.93615993784195006,0.93589137033628023,0.95277875412736424,1.0038795628155794,0.93823406003542664,0.98275225066933714,0.93600617504572059,0.97522677190950802,1.0132774386568029,0.97962432261486376,1.0065505988876711,0.97370195581217422
0.9346916508260088,0.98932686745121412,0.95718945049501536,0.80594992281374822,1.0047866233339988,0.95889280756143402,0.976111668596644,0.9332573593522302,0.97777240923037045,1.0132137497582947,0.98543240148013189,1.0092724171083622,1.0267640414015209,0.92723844215352802,0.86151903027875099,0.98126459653966125,1.0002939486887206,0.9427796642115196,0.9645940628301376,0.85764594426168983,0.97430289911589429,0.97304470315452729,1.0032155745239086,1.0218671346457819,0.97253059760426952
0.95068845898178156,0.96725484552253149,0.97207972734402059,0.86917599356201036,0.95632039777237565,0.96318591656942543,0.98532682639629521,0.95046942353291208,0.9835878295959315,0.97071991606169117,0.98998186093699447,0.96726496717420796,0.99058240175440637,0.9083124298570765,0.99725698484833347,0.98410312383006715,0.97560514269227527,0.92220075490027031,0.98793922971073134,0.95029997603858718,0.93226946072893491,0.95023347086123811,0.99182718242166856,0.95960724844791245,0.98300969000681482
0.95485128348417203,0.9622423088220543,0.96522677911400989,1.015681715860334,0.96786723328086199,0.93308470577402336,0.9764828052602772,0.95751022536566943,1.0040196267098884,1.0191071162957133,0.96906526295916995,1.0225697893506489,0.99399134933723432,0.90678401287916199,0.96880239892157061,0.99324268734115195,0.90012632276959703,0.89495835805968837,0.96841054277397398,0.9484857212174973,0.9233544633160834,0.96704381696750752,0.95484774610781176,0.92023319244468549,0.9735207918951837
0.95634630310154556,0.95080225497442761,0.98996913425418587,0.996399631448878,0.98363846978714964,0.95858500785238432,0.99460487156378108,0.94247822583844865,0.99427881721119227,1.0242223640638082,0.99451128013341028,0.95539122161996237,1.0059049698228768,0.77663674755296375,0.99591472279480464,0.97077013702465997,0.94892618731399681,0.90213733039961863,0.9974872970930907,0.93803730564107657,0.94398259369537674,1.0017443836190516,0.95919003338719233,0.95295380604991609,0.98506928377188407
0.94641043937316016,0.93573990578041844,0.97092381295931873,1.014713819036112,1.0003354849113604,0.97680140205240396,0.99175676534681112,0.9299495347400214,1.0041762602682915,1.0019891551111941,0.95221904446665795,0.9589195452856597,1.0013583337987542,0.85664373648164105,0.97416560233898442,0.98699506036341433,0.93538344655764638,0.93610393385266866,0.99064748100338018,0.96336286521785275,0.92138969278317151,1.0146938968107613,0.98644845274355075,0.92553026626864021,0.95218802147365778
0.95617362390189231,0.94798645311866725,0.95468473870866288,0.99918993925542388,1.0065792308150652,0.96104511279163318,0.98003471464493896,0.965022252983333,0.99440792395661748,0.99076039790276138,0.9658221783177745,0.99010938793233949,0.99291806265079008,0.80071679228809367,0.97395093373632924,0.98885390509649973,0.90648643594727751,0.93157378014586922,0.97925701095764606,0.89678893506385804,0.90513050717570265,0.99204318832259586,0.93940182942931272,0.96242071073275648,0.92491593543382167
0.95406695605364966,0.94575575929767586,0.98083406267418272,0.97123553966013343,0.99557559643014082,0.96259771111747461,0.99080588769959943,0.97190728771983426,0.99413546948547249,0.98018326294959135,0.99031553006962714,0.93419625818579954,1.0071519391508916,0.86139538999600762,0.98951975507854795,0.98359436751956797,0.97748950669968282,0.90555222267083868,0.98258248051414809,0.95175111748529684,0.92253840688535349,0.96319813472662275,0.99890826471790184,0.94159915444752462,0.93603612838136929
0.96328497111137323,0.93101430916358585,0.99422579929008981,1.0043689486783323,1.0109970038655536,0.94883410945981594,0.99656536083815894,0.93897087856894668,0.89991018147377178,0.9544492650499099,0.9817688947819001,0.87848607539421186,1.0226550356512787,0.9632822403586202,0.98731081094691397,0.97335795625552124,0.91039059695832181,0.96733409233812351,0.99792320054506289,1.0148984771141527,0.84248718158154223,0.96472153866540167,0.98126328449169276,0.99500196158961474,0.96317979196075643
0.95743905095527437,0.88496246185550365,0.96447946551393093,0.97946964402052916,0.98848875432104333,0.94625751179102302,0.97515653213495079,0.97978336703324009,0.90378161095259535,1.0292207400640339,0.98885592286483792,0.89526765741004199,1.0278964373402653,0.95943741721138553,0.9834346733968069,0.95418601175690942,0.94304366140568618,0.94368635245225518,0.98718192444509389,0.99092345973727236,0.88344780006567636,0.97161479163024345,0.95591290872583112,0.9299362956695969,0.95410901265243775
0.95456481748497002,0.95300683971585021,0.87863077860164562,1.0018402179175026,1.0155240246621722,0.9436124743381078,0.99927816151280047,0.98139259189554096,0.91489313088532365,0.99824259960178152,0.99599587080800833,0.96958808303683786,1.0001397124279499,0.96068180270222936,0.9899518294902474,0.99011920775787621,0.90946672687122065,0.93810110289550819,0.98842956663051029,1.0279275070831015,0.91257718267061194,0.97617848042154498,0.97331036160800855,0.9682419614858061,0.94934046294339491
0.962383941518827,0.95625855153421946,0.9580137089301487,1.0013553323744679,0.98389232996230014,0.95689053065276042,0.97609142323554698,0.97346947736877731,0.92794559387796016,1.0029987829054967,1.0021401231886844,1.0020037697343105,1.0360642287029664,0.95322466284681651,0.98740715181514205,0.96715232166998244,0.99249282748111844,0.93052507876516333,1.0051866007224328,1.0191942284250266,0.87535473423273813,1.0050559420215954,0.99096709692592799,0.93444017247476596,0.9636273007062538
0.96186898406459165,0.95374455235284628,0.98959715004196747,1.0188540333393818,1.0178552363712481,0.96548511250940716,1.0105563357289575,0.96486164660526708,0.89307777966111646,1.0058169787117777,1.0132577464297277,0.96923096240693385,1.0212910125459826,0.96115174705277329,0.95650572924698485,0.972696775744745,0.90958769356753033,0.94523726199958225,0.98110380043711887,0.9899605085408586,0.97450368198130566,1.0189646527292906,0.97797459394594266,0.95322657880054751,0.98173575892745535
0.96212737933399606,0.99659117875678893,1.0077246406492981,0.97507462666406053,1.0410610063080343,0.98439627269678009,0.99990401871377721,0.95857764217647401,0.98643160339618408,0.97585739252473369,1.0035590661840064,1.0144876183789573,1.0154638695799589,0.96542194902146183,0.94436868848837063,0.95054960548918999,0.96022010780385036,0.94451173688395018,0.99460250196169653,0.99831090145515911,1.028964376012601,0.9877974393266058,0.96593793440184827,0.92306827284232762,1.0004597550654166
0.95944911238792829,0.99230427642178809,0.98726542050733879,0.96401002567921001,1.0398901930371607,1.0017176615100856,0.99051365673813452,0.94902249454252396,1.0053007745318518,0.97036763833075457,1.0178030615028348,0.98178977074404195,1.0243754155993223,0.94139639711900391,0.9827250305256795,0.96486224768055773,0.91764390265376938,0.95866894739124475,0.98812023575477204,0.99969188556613153,1.0479384187386243,0.98997149453586175,0.97244902840191882,0.98053066568657221,0.97038262078914295
0.95148193594781882,0.96974967272358747,0.98534376685109926,0.96836096580588116,1.0467170001471218,0.89948632499319758,0.99684978609479591,0.92206014023025518,0.98806606892264393,1.0036126453768539,0.99954443475921662,0.96691144671548379,0.96774768618964546,0.99943701140149643,0.93212305108805193,0.96863223847030988,0.95846944595078265,0.91792213161849734,0.97851234368437323,0.9788883111128428,1.0376955209861449,0.98340575893485038,0.922904560025397,0.99088838011839175,0.975337693543881
0.95744518200094408,0.98469161343391431,0.8999797122957367,0.97338045011578178,1.010652618679144,0.90133141710150366,0.98985623270409362,0.96852432983881243,0.98039109384479273,1.0095079215130855,1.0181903331010678,0.98476602768016541,1.0305299710755056,0.97640754178697409,0.93701988994900176,0.98694363116581341,0.99624023880084189,0.78681037465011949,0.97900162305088967,0.98329466688450973,1.016467183554921,0.98464491936125198,0.95139574768508928,0.99989667341582023,1.0062752296768167
1.014394324855372,0.97255165039825464,0.9685252086011108,1.0167748204922975,1.0197103649309047,0.97540781034715085,0.9897797698062315,0.95953611381731641,0.97083542649262511,1.0082073743529516,0.99826316113743074,1.0043128319668748,1.0018030708103036,0.99049345789229948,0.85593073105814577,0.97276428766525214,0.98659655524942158,0.92354633819589738,0.95991025150089815,0.96920678100149382,1.0345565299586017,0.98780914736836278,0.97026423847702836,0.99875156805827292,1.000313225686551
0.96355731182005966,1.0048647174383252,0.94029467854721827,0.97562357874509154,1.0065522523535708,0.88886258317807187,1.0011936762486018,0.9023999495200008,1.00295518526177,1.0284478312319758,1.0103594565844216,0.99213284636035781,0.98791778612660752,0.99548173202808554,0.99944996157781085,0.98199529762224758,0.9827829608356341,0.97734960491255718,0.97056819937522287,1.0210274321012442,0.99781785683285218,0.99905253254997628,0.99172466559365946,1.0372484243151827,0.977670895334532
0.98680103987517542,0.96062866473255282,1.0011196313504278,0.96390695881600119,0.99951736166359617,0.97008707809114414,0.94992691385500549,0.96374582064677106,0.95301418999569554,0.99985502357456746,0.97092693546894593,0.98203701862429538,1.0224268393147775,0.96576598766110844,0.98227025599606099,0.978847723948161,0.96126727958428815,0.96541735449448196,1.0095835551352095,1.0044817052148074,1.0395168495666414,0.98424105944086837,0.87084050148352232,0.99491885838206984,0.96323210367529133
0.99270575911092396,0.97037696163234655,1.0408374861971004,0.97724312267561886,1.0423454310983182,0.93820918217058857,0.97438407602912036,0.87411186204989466,0.98687479346522178,0.98504653213697047,1.0112721596201699,0.96452791461377763,0.9804328637680565,0.99423634741048084,1.0002289819974592,0.96347403029427636,0.93653945627707624,0.95858507298748807,0.99956966176515827,0.97475301767414657,1.0411319404486221,1.0108688604024907,0.95238157896443276,1.004667081040044,0.99051950662754307
0.98888715441216479,0.97689743025797904,1.0119268925080362,0.97520900319528947,0.91263241443129861,0.98055171117622764,0.96777595962682672,1.0100847346043338,1.0126705982792241,1.0040225179276783,1.0192043005421221,0.94818202645603733,1.0157702970503175,0.98452786482895316,1.0145326527168921,0.97932937037696799,0.98497497375061782,0.96689333169700653,1.019125728927921,0.98783530569050326,1.0387724414565835,0.98565314140919769,0.99800447567026795,0.9936482918983397,1.0253358430487243
1.0101339992503846,0.96582308979988474,0.96565466493444851,1.0337451504585971,0.94288035303827067,0.95871708893720042,0.96703481145099013,0.94948723489715858,0.98885249788941676,1.0202188294126191,1.0013147217182745,0.96998729753278157,1.013713104537441,0.97216685208711284,0.99679221660911121,0.95616350193334232,0.92138589133919391,0.96277212669298418,1.0253693490660964,0.92988149323898317,1.0503821351434777,0.99788985463269153,0.97859367974506595,0.99080412832346698,0.99207186153933413
0.98466865524274061,0.99039998816213137,0.98362042037252717,1.0309812303040473,0.89756509287057074,0.90409454625033114,0.9706079273032685,0.96715791570661724,0.97893100537378819,1.0175571251579263,1.0092140640355396,1.0125926079293686,1.0182912369147621,0.98751215419138061,1.0246322066206695,0.99280082609784959,0.9822795800534182,0.95623604383341565,1.0135898213374697,0.95549032838750869,1.00871757702092,0.98294242853653047,0.87118656150433382,1.0242003553526642,0.9977074284637355
0.99283298646604268,0.98101363334252223,0.95362719457037892,1.0451519393817914,0.96464922070495585,0.92878571439149449,0.95564701564664667,0.9750199882131495,0.94141055366819859,1.0069048287499482,1.0091414076803884,1.0234023689218681,0.9566794275922389,0.97444186863336979,0.99382849956549535,0.98987184567206199,0.97727548151148791,0.94192180326455865,1.0034488433667192,0.98064488901172098,1.0516741173140673,1.0027495359923682,0.96075316167753533,1.0158597850938265,0.99888997455847572
0.98866345155387636,0.97236496010600115,0.99299111127073225,0.97724180354735557,0.95233296642537812,0.96916367525879499,0.95039898804197442,0.97901193555163257,0.98010403601174567,0.98730874115396883,1.0157682836367321,0.99938914973422821,1.0067027739040053,0.99431988447569442,1.0062218273976002,0.98863414902984936,0.92023897975033409,0.94506205701094037,1.0109891368145951,0.97316508930227252,1.0051014238871949,0.99254295505983015,0.95846564595336081,1.0102005028092746,0.99349776745889984
1.0188692705546498,0.94388330763287664,0.96821912975866631,0.99319965063365911,0.99748521572094651,0.98970616904381026,0.91386037361416883,0.97450879983403971,0.98746032293170027,1.0012485856824995,1.0206480274508474,0.97958110657216202,1.024454558608076,0.98060402401100721,0.98072956162959157,0.97486394205926952,0.96943049462674757,0.93377196648498972,0.98812976049544332,0.98752703714835433,1.0172915079309395,0.98655631638316643,0.99777377541828005,0.9948137150416273,1.0059036659098612
0.98617864207224559,0.81884856059348377,0.90565810789246193,0.98213159145330975,0.97409293141972053,0.95866851722742952,0.92936411410786868,1.009947787776067,0.95491627775503163,0.98942030767411882,1.019729120062921,1.0037651207628826,1.0192799153226846,0.99982566378675974,1.0203698207055432,0.98820511372420083,1.0162718859976236,0.95750380171007776,1.0048206899697516,0.98683426949909325,0.92310839985020776,1.0129058920070464,1.0095832438337713,1.0325112089641468,1.0017936885134264
0.98075901712721159,0.95447782759682931,0.98516721625019676,0.96412989162849494,0.97420280836563944,0.95541299389371215,0.96272970382347334,0.96973103860285892,0.95711356469089859,1.0018282468357926,0.97424896061526112,1.0165898851569126,0.97816208398027538,0.98402006367094597,1.0229118180505219,0.97731866846197502,1.0185947403944551,0.99088832752614153,0.99525788221650913,0.98608687623159674,1.0021367863588928,0.99573309526945364,0.98893536585527353,0.95270454353902467,0.89565238310886797
0.99012718707621794,0.97485952456938929,0.96832673366132449,1.0164457248368042,0.97626951137981732,1.0057806536498208,0.98316648780264093,1.0022500927704101,0.98998884952830724,0.99710359435407325,1.023171078197328,1.0214140314458862,0.96919835126843057,0.98210251263956405,1.0020642441316598,0.97542084260259931,1.0393036847658483,0.99696482161538635,0.99373308281237804,1.0012827028518947,0.98171632898965022,0.99185917140169777,0.99223317818380596,0.98374510403516113,1.0074485563946121
0.87138380147161454,0.97627637287486835,0.96683523592293219,1.0136631685262019,1.0032723600526676,1.001205673388585,1.0098879625551627,0.95703137148915474,0.99230797688944994,0.98703958658255775,0.98139628565482218,1.0189306367059769,0.96292708835072671,0.99625828416381534,1.0126122825191146,0.97166362418102825,1.0271099293787371,0.98351032062840327,1.0197047744967516,0.99349108346540571,1.008470651489481,0.99338412366000983,0.99201540305440161,0.98120543405508187,0.981308673429239
0.97341419816460806,0.96946315731654142,0.9429262487384249,0.92903038572019225,0.96521062511305689,1.040276723652005,1.0052276583077211,1.0039860102965692,1.022824901479763,1.0098611347227653,0.99432356758360307,1.0217870337637494,0.96310493408533515,0.99996527052750805,1.0292081441680929,0.9910263706044623,1.0424205579659087,0.93279472660202623,1.0233094542362369,0.95506450171309187,0.94732167102543341,1.0493850109407028,0.9806934643482017,0.99006141030025541,1.0039194083178655
0.95867193135867124,0.94399912616849413,0.97726112310164759,0.9932865233504643,0.97445893698504238,0.99947685312744117,0.99232180670091674,1.0014754813140343,1.0051436739081594,0.99941658456892191,1.0279498376131657,1.0360560878377909,0.98495815729609304,1.0040094845985383,1.001623119414224,0.9299412665608815,1.0432297878415175,0.99377565428321368,1.0406077838894359,0.99027424530871277,1.0064744136367327,1.006805702914588,0.98536477093608033,0.96291706961345058,0.96368472761801693
0.97457846057013975,1.0005830779577776,0.93859198205500027,0.97334904504854791,0.97519340349515971,1.0290032753160683,0.99831062600208276,0.99635944535412646,1.0122909477850017,1.0216920462280179,1.0528654899563579,1.0252942931334774,0.96306809181124975,0.98513213385326059,1.0034974977299997,0.91935904702616356,1.0287865164366188,0.89175472010669921,1.0190150696883198,0.95636388978369746,0.98026296945195157,1.0109353290104939,1.0203904958699566,0.99655046515200851,0.9559780723257929
0.98269389099204574,0.93459373649026523,0.97770913131954407,0.95561423217243557,0.97025594956552619,1.0322339205511877,1.0225548813202296,0.98156759703432872,1.0268124717602742,1.0034115840892144,1.0508083150092764,1.0208467552373526,0.99928046477698151,0.89132468292181621,1.0057157041158378,0.98295060658666167,1.026663820254992,0.96465938908001447,1.0063968997321553,1.0002141996893565,0.96808591694177171,1.0072214995817963,1.0012444158249663,0.98644730086863708,1.0204878397671229
0.9849206839107203,0.95139197204082238,0.9333428017542823,1.0236601279556972,0.95887291488200188,0.99403605665360784,1.0291722722063728,0.97997574281474009,1.0297399302790149,1.0146668611229752,1.0675824174289577,1.0270191298615943,1.0089483954140874,0.88828362967416252,0.98346232971457415,1.0526353765918701,1.0577188815960437,0.99537722409406459,1.0093447150115866,1.0254904130009335,1.0198812974256231,0.98427288845007832,1.0319380193241505,0.96810531411944356,0.97733112317206283
0.95243431460690009,0.9950503879757584,0.86658830952698707,0.9466686486205107,1.0189990601216263,0.99719461591325032,0.99749381608846077,0.98326181651488609,1.023821307241259,0.95590335448547914,1.0000177950881528,1.0393373458383106,1.0219269133241224,1.0013055241720568,1.0389428809391696,1.0370509631691545,1.049619886051139,0.98968595262851811,1.0227095206828498,0.9839005763122487,1.0258499788437252,0.99804024435055017,1.0028243644324841,0.99220967616837741,0.95894509127082683
1.0016505043748798,0.98277449457860155,1.0183722871453718,0.92977481407008378,0.98559483530017467,0.96253242305335363,0.99351662518186767,0.98950420471107825,1.0017350319212586,1.014086552084265,1.0215491965198091,1.0401209023524904,1.0106207699630458,0.99487801320816827,1.0184165696083902,1.026197775950195,1.0177222969182391,1.0107944934228164,0.97393485981333405,1.016493286664552,1.0189728247656558,1.01830864809324,0.99372195405331709,1.0100029504674157,0.97348141566422008
0.97467001150339927,0.98120812931725054,1.0303797061992606,0.97809605722330684,0.99809971513047324,0.98050657278331499,0.99214641271173165,0.98477399543025901,0.98583081379576698,0.97435496129821431,1.0148771134047601,1.0282904878629913,1.0174503559260166,1.0060081839064168,0.99269731530406413,1.0135366162992265,1.0475739666000905,0.99050169487609752,0.91994480708437065,0.99496611731789442,1.0157246748234503,0.98541983185489901,0.97497674479084284,1.0516660267995028,0.98610348714584628
0.95027076866524174,0.97190013080976523,1.0278999302885288,0.95746580326093633,1.0246124473158618,0.89704875727730171,0.9856535843950297,0.93626031957478606,0.95379473117682201,0.99658078669870664,1.0086946014000933,1.0080496895227442,0.99310736102239106,1.0404257699174835,1.0255755718694413,1.0132829920801278,0.98787940437439181,0.97662932697016236,0.85330109260425435,1.0092305012920548,1.0058030302868997,0.9894803597612376,1.0066532329839504,1.036384904073645,0.95908835949741689
1.0242835885490651,0.99578317602426569,1.0212130022514112,1.0283444885297772,1.0280766085963797,0.98708392031439718,1.0114203601787584,1.0176375871019485,0.95402315549713868,0.86876550774454364,1.0565045631147179,1.0201267531148737,0.99707842621489695,1.0241516174255436,1.0335874654204587,0.98091466338130895,0.96996126152832352,1.0074996657792783,1.0456859570953525,1.0065521930382144,1.0169603747113718,1.003387669622944,0.98766311089491576,1.0707456717137294,0.98105923272420781
0.99055523224151543,0.95693538351609042,1.0301080698811707,1.0223876372186136,1.0050954526659415,0.92351032293601942,0.99080199404621361,0.99400015803062758,0.99735272912852135,0.95841622115633873,1.0242538644773951,0.99154543519002369,1.021949137845511,0.99123133529524532,1.0199180140131625,0.98476946459399595,0.98983358153934808,0.98354087386147415,1.0103125409316551,1.0179433561847084,1.0144716134931679,1.0038273982278669,1.0019164275730719,1.0529908702439603,0.95351480829833124
0.82481175592209188,0.96687320989030334,1.033823483786068,0.99929564639258639,1.0083824672401622,1.0267200158428111,0.99416212375651802,1.0254095168450723,1.0144663003144101,0.92728148075870109,1.0153121484764036,0.98028128923775837,1.0186525135958597,1.0250755820562263,1.0074610177854941,0.99463119786200882,1.0033948004340161,0.99194982362085671,1.0117192122791714,0.98359324665564274,1.0278810260518998,1.000716405724636,0.99059636607827151,1.0421398803851547,0.92857512089120176
0.97513646197628567,0.93743057556140297,1.011779711749367,0.99896376692954714,1.0091163515614998,1.0453938562926153,1.0185389948746599,1.0221026930076211,1.0281567263595366,0.9799915905833938,1.0317543259153519,0.98183836035329852,0.99794679331641212,1.0048700497451895,1.0152771526191979,0.95708256154803828,0.98758478615677414,0.95375489385039247,0.99124248941232762,0.94347706188421832,1.0010418764844984,0.99099749929535819,0.97092771847712767,1.0283524650919649,0.99004215651961247
1.0145187592792206,0.9938601414345809,1.0012923317989693,1.017031060297189,1.0059043630356754,1.0413786865755377,1.0213373343321615,1.0073095828216503,1.0220555329692929,0.98246113635148624,1.0236290902551357,0.98709188036829176,1.037019313960462,1.0240127796316987,0.99614909798071327,1.0012198802390895,0.92366557986709297,0.97127195257487509,1.0025176985157147,1.0152713721290736,1.019229261227788,1.0194445783258743,0.99831435707449223,0.99838745392754635,1.0220800477512446
0.99120813133616426,0.96737827242027252,1.0372466840500485,1.0286263714685182,1.0268253732531987,1.0248847255747373,0.95658196890871017,1.0276125336912914,1.0081198192654806,1.0160838615462617,1.0188591894764101,1.0006103798307231,1.0154505987437072,1.0305586789447365,0.96492776859870832,1.0354431460102562,0.9727978773550342,1.0052330225391684,1.0208229230978456,1.0024490146725697,1.0272460531554788,1.0089784877082295,1.0015847580089221,1.0578974178927134,0.99758202317727118
1.0110746646899584,0.95468227857583088,1.0282766300064798,1.0148677033292954,1.0215603523358499,1.0295356445117652,0.9977788494968105,1.018164090608074,0.98017228971957993,0.99981318533073149,0.99179794487088258,0.959490834595219,1.0028795439977609,1.0412192380912939,0.99427145603545808,0.97937953855492121,1.0095038950015998,1.0140961266715707,0.99149174535782436,0.95541628849370919,1.0538724490302298,0.98356142755827436,0.95383723919172581,1.058276956988017,0.89954147249985816
0.99080217550525984,0.9701829107907729,1.0191804796379236,0.9840028485595973,1.0096235241018436,1.0122000287661324,1.0209829597753932,1.0120519068993485,1.0169415731598679,1.0276007640912246,1.0105910260404287,0.98445264537825095,1.0152123425807336,0.99423433207072598,0.98523806145264958,1.0591543066078544,0.95567736199724906,1.0002746001784542,0.95305664169271886,0.93830265848965821,1.0420681651953796,0.99560725074867062,1.0136663928756726,1.0606926922446005,1.00418199865005
0.94316115528383093,1.0160216675374951,1.015085330426341,1.0152035564209758,1.0248175809293107,1.0308690712732111,0.97427568604022841,0.97646849953566905,1.0085122643458015,1.0058496689093244,1.0146288196060063,1.006588467203736,1.0072286262935954,1.020500580348054,0.9653588953763651,0.99895363550582361,1.0189748624988566,0.99371341176242989,0.99418626161609747,1.0019576288198664,1.0356828230897401,1.0091417042402828,0.97861217409391343,1.016831657536778,1.0004302294463769
0.98689465581137525,1.0445456513701505,1.0302321866603541,0.90234565881135587,0.99721956390766542,1.023140777282328,1.0105591256938768,0.93537621451668984,1.0164190155566157,1.0091261925623107,1.0357953447945638,0.99855971587661763,1.0223020902561386,0.97121216974999347,1.034064281806949,1.0057374868336904,0.92684748803319694,1.0008470970822507,0.9547013494062967,0.99729167444096323,0.98324352045781171,1.0259446068585765,1.0472952629296515,1.0138925531856173,1.0258928206410525
0.97782049217082911,0.95992568084526664,0.99586471946289978,1.0111118494748905,1.030047166457928,0.98172416302290422,0.98845411975297093,1.0178617353073542,0.97790404956483057,1.0311370819677175,1.0396239264549851,1.025763221447572,1.0130603723698779,1.0031844870293996,0.98522268872147489,0.97724464687387058,0.84527055180086752,1.0017753626457016,1.0147952516981191,1.0253503339533938,1.0376439134824644,1.0210604015762141,1.0181405391963481,1.0041764538869677,0.94416336916087018
1.015957493731354,1.0152705620045368,1.0440532912346812,0.99826632188724551,1.0037714167161056,1.0048599413854833,1.0136669386597976,1.017451003779088,1.0335172671814996,1.0073559434991277,1.0332552229497487,1.062883522606106,0.9995415200357699,1.0112498916957584,1.0317593734255872,0.86793715139739769,0.99176321335827589,1.0116537779849686,1.0021762898694393,0.95006486627819009,1.0379188154960126,0.99981868758808623,1.0214050902676914,1.0227835375697234,0.89544346391507113
1.0547402228312222,0.97017605067001011,1.0406110939744955,0.98223730725670078,1.0130660082972189,1.0461923668381121,1.047230564098083,0.96427694118387786,1.0200675160211794,1.0235111650931261,1.053220213724118,0.96844092861199937,0.98899969593588599,1.0360698196957232,1.0063178554487586,0.95940164253404292,0.99857618510752588,1.0121722362484857,1.0388398698092676,1.011848754319562,1.0263676886712778,1.0178258718094555,1.0248593230089487,1.0230329486370973,0.9737031122422819
0.98108844618594371,0.96184978938405652,1.0117562690270288,1.0117426247722694,0.99657933228452089,1.0542466228722527,1.0287948257810087,1.0337840618194105,1.0318718117263619,1.0208568315777553,1.0318089789033376,0.96308418062048617,1.0424021973160862,1.0341482900256611,1.0180256170503017,0.99616253279047051,1.0572315358281255,1.0160618269837667,1.0286201983474654,1.0163184266230756,1.0185059472956417,1.01265104996319,1.00937670277864,1.0640560065818228,0.90390369443952856
0.97418626259686925,1.0112303797842084,1.0276058918698174,1.0020462769175975,1.0256836746332241,1.0291845266464756,1.0250629765755883,1.0332258919049591,1.0330272053919738,1.0296431974997999,1.0146212541345678,0.87340672673196318,1.0270455679377066,0.97539666235012679,0.99156529844729158,1.0308753267437731,1.0213482083708436,1.0269193322684294,0.96494346330320413,0.99596241603494184,1.0587967999725816,1.0161852759943877,0.99028672443883758,1.0173250619341609,0.92682793377818073
0.97993502950281663,0.95251948119034402,1.0330214232286561,1.0089778636602713,1.0059635934372122,1.0190623038005213,1.0198532866216252,1.0206209545915008,1.0215885269686744,1.0146371364852027,1.0119214918173758,1.0171876891248512,1.011726882108571,0.98281837396187099,1.0217776563809839,0.98569324074906572,0.99233814503178452,0.98369715188562723,1.0458679905000332,1.0016298693737939,1.002841857697266,1.0183921215575047,1.0152627199920727,1.059833502344387,0.99812005395633707
1.0252397100142154,0.98702429670872971,1.0069068985731986,1.0156796732854019,1.0036194034904171,0.9969609425930932,1.0335394203674217,0.98306867287998523,1.0340835942062807,1.0225099530384436,1.0309633877540421,1.0033073052103663,0.97614785535185322,0.97142219946749331,0.99874732922318332,1.0310709271322092,1.0238758831914501,1.0119085740220628,0.94854833793934001,1.0257323955498032,0.9822733927722489,0.99577997100601856,1.020378631328767,1.0548690449461473,0.98802060105305822
1.0258063222417058,0.98909763591881328,1.0484660459373836,1.0302345524002789,0.99677501497026055,0.98488026539061091,1.0266200496196669,1.0692486938826626,0.99148125841996426,0.98812100477036557,1.0358242686443935,1.0207770633592346,1.0205403709652188,1.0053546948467529,0.99915063975817031,0.9402878015077305,1.0205664684702931,1.0117633035630291,0.96332389392760998,1.0319914285994685,1.0273257354453442,1.0108414878567638,0.99168441643371563,1.0345602605742148,0.99850535540177043
0.99838987816278646,1.0007769124996591,1.024380980518645,1.0149487898323557,1.0265540924482899,0.9230716502273163,0.97740810350881224,1.0182339613800249,1.0299878581831201,1.0003790269820674,1.0334274978075508,1.0397725961944821,1.0062141735302277,1.0169521173395535,1.0334146461004299,0.98740125861388728,1.0275438785264006,1.0124080073207866,0.95844607640299651,1.0305836549481524,0.91028134600553912,0.99463314114615231,0.94245766106629913,1.0643282198230957,0.99030560430832093
1.0252934830510081,1.0084135159776786,1.000840495969809,1.0252283143835643,1.0128202022656154,0.98193148648359763,0.92217811910623593,0.99353522082908108,1.0147692437977358,0.97951940498921131,1.0619545867820936,1.0073166459641341,1.0231068952070874,1.0109737512407899,1.0293267229169496,1.0324700334790164,1.0051964686214721,1.0317214196336499,0.97376075080885738,0.9717753763677176,1.0177907770300745,1.0334344242346549,0.97181674264518336,1.035514753509557,0.97900261362923224
1.0098050418295959,0.96339632099217176,1.017233687633111,1.0269565851393327,1.0348464885295017,0.99510974309363986,0.85918351884608968,1.0289711662739569,1.0401804549760183,1.0056671599873921,1.0229822863725802,0.99823759016222935,1.018323921128399,0.98393403505540933,0.97709143437829826,1.0157697680512614,1.0093094321597034,1.0140185866759377,1.0097966347508638,0.98620425689412872,1.0146707977451599,0.99389102188138045,1.0262590728911387,1.0179317822919609,0.99857813466127177
0.9985798407780061,0.96696017006788237,1.0306480648591214,0.9494954751683391,1.0308300473706946,1.0048510299038713,0.97033215212322621,1.026063313139522,1.0227936280222403,0.98846763685385075,1.0073090752782941,1.0110520869396604,1.0150686320089506,0.98617574687855702,1.0003200975922666,0.9722954612663578,0.99460775387088274,0.99063788533399544,1.0237257918063325,0.94667760571513071,0.95339525980972162,0.98993013781434702,1.0130134337922996,1.0546508346269454,0.93758771766885851
0.98503554618262168,1.0008667660997452,1.026864918766883,1.0092083936794423,1.0218416880996044,1.0132917942900381,1.012946693237736,1.0337910969155493,0.98013006333711505,0.97556245931359875,0.97843817909595432,1.0138000969992405,0.99569812500969468,0.99287263928621505,0.98721077175788841,0.90063110784459532,0.97804143162450008,0.99683100306224892,1.0205532009548153,0.98328739308495572,0.98646479953914556,1.0199349513656213,1.0082638490601383,1.0589459414083497,0.94482012518065528
0.99524482313209039,1.002567341138177,1.0241807069777304,0.97293943342506706,1.0341028179632521,0.98815800058101777,1.0445200139377229,1.0314213979504387,1.0126101584122029,1.00341687172338,0.96614118660159476,0.96520019536893364,1.0258044887981554,0.98997337975171262,0.98219683253277978,0.91118059798622819,1.0293708181235302,1.0211916056044121,1.0275568681736114,0.9623417556628,0.99904732515305972,0.98833522084576153,1.0084725624777329,1.067428767437828,0.88980744146833834
0.99404170067339448,1.0107526910944851,1.0300396950829134,1.0201148099867785,1.0399758062890334,0.99493469453901917,1.0206745099232244,1.0485248824521289,1.0089605291767605,1.0010079002992094,0.95779710430362719,0.95046653938990988,1.0218696361941146,1.0070465848457424,1.0091508799499251,1.0030969407134944,1.021522538972375,1.0256857258791976,1.0076318322187667,0.97871853646813856,1.0108542505266198,1.0031798233158404,0.9697670346601136,1.0698006651137066,1.0189976500779871
0.96550212137244185,1.0051866972282246,1.0247066410457066,1.0219994953855198,0.98615548790923013,0.99442115708446099,0.97628466909564016,1.0225247130007622,1.0058009819917171,0.98806942009572762,1.0195483528291365,1.0114577924039143,1.0144542333302486,1.0137125911275864,0.93793373240090305,1.0157505935337401,1.0409677876757319,0.98920946441868884,1.0349375432018759,1.0302778811816566,0.99789873870145296,1.0030350872325868,0.93294797576644373,1.0487892177950555,0.99819200567280764
1.0276453050640131,0.99361228685135561,1.0222167133785303,1.0244623411624731,1.0110226362925079,1.0361982242111929,0.95912288245007626,1.0272703815740392,1.0104748995295751,0.93898325480752032,1.004216979869095,1.0173969020912914,1.0152085400159463,0.98560912044992166,0.99885371580191606,1.0099737296705005,0.9969628705418262,0.98990613737978594,1.0246043038753307,1.0218087861091902,1.0161302621550183,1.0032549833153479,0.89307062198900256,1.0555914397254507,1.0003196343753853
1.0171268834700988,0.97703835439570796,1.0146228871288159,1.0070298886435185,1.034515182930615,1.0007344855031108,0.94000333890538412,0.98342113151631827,1.0278096047122938,1.0128578110644437,0.97017903392885541,1.0013162457557083,1.0178198482845677,1.0410785647511083,0.99943410420772072,1.0271418474081446,1.0188695859977774,1.0052311785978187,1.0096010464226328,1.0150656850063258,1.0023381359610026,0.97375485057805133,0.86397482772123668,1.0545659153508797,0.99679926422978993
1.0047175460135869,0.99616771727497877,1.0320926732784645,1.0363237103958691,1.0330733613326755,0.98551664857776788,0.952512292861737,0.9926046882896552,0.9979999384409366,1.0027582997110354,0.99504737023647571,1.024727758162274,1.0319336161532942,1.0188472957858956,1.0238332728798716,1.0219946098475745,1.0313930469629631,1.025699361628198,0.98623585098999267,0.98626084012225412,1.0222893560027118,1.0011028231187311,0.92777801935195148,1.0390062715879282,1.0189754321406235
1.0045487938465056,1.0183025906332521,1.0203229848274136,1.0370132029431647,1.0126367036862578,0.89450901579784103,1.0061835922748719,1.0192359148483183,0.98910241154078171,0.99374017730031228,0.99167133194932788,0.99243374991239874,1.0129343405567526,1.0031175122996985,0.99785505752385151,0.9654233810480346,1.0377759091175305,1.0246992186283983,0.97247747419998032,1.0120405237913577,1.0235834276838696,1.0033391504024403,0.92244441004409627,1.0585958621643972,1.0096587957778969
1.0101867459951814,0.92439694111347592,1.02130536455822,1.0329588111317245,1.0078481440310003,0.97918262078299922,1.0114597323192993,0.97565744655178988,0.98495058986411888,1.0003190247659419,0.99228247773642342,1.0119276990374133,1.0196559089173978,1.0059215738751688,1.0139545548313036,0.93786094584971202,1.0607497801464016,1.016954848720214,0.99094901138570957,1.0514969644047134,1.0101154666125698,0.99149515882207617,0.98304452881561699,1.0676841719919794,0.99071864272059884
0.97686034916842934,0.99402838734713039,1.0265098558081647,1.0551551047177354,1.0492245959004578,0.90454426124968723,1.0053630204852242,0.95968265702635691,1.0231169064046166,1.0148567723580553,1.018983528220895,0.98190280853013778,1.0251000890794255,1.0323289143880752,0.99359311338624712,1.0067557052074367,1.0024841870594696,1.0245595570269106,0.98180500596666809,0.96777810801007402,0.96910009997285673,1.0100391744113784,0.96116362969424585,1.0719903667827866,1.0070426616662917
0.97930449641504969,1.0065371843509994,0.99494797272034641,1.032658800613514,1.0168598091487109,0.88567758341605862,0.98110172991186939,0.97594601168358264,1.0265070558352039,1.0278823720770203,0.98891165699586447,1.0410261618056462,0.96681825269341881,1.0304166691149916,0.99053093103384682,1.0355289464640021,1.0095924679836881,1.0048511336065153,0.99073419960339815,0.97964747475390146,1.0053808044395389,1.0061938573735394,0.97500447169529714,1.018427056940131,1.0054439451070478
0.94851996144014517,0.98713204308930291,1.0529022713238696,1.048194860586628,1.0547906910964331,0.83321490553952848,1.0051334562951679,0.87288696121609455,1.0376808744720403,1.0092393507834831,0.93916321969735317,1.0331768088932298,1.0291317173546426,1.0345956919792749,0.9864451526725051,1.0088905034645459,1.0058597335428827,1.001191101225684,1.016268388034355,0.95517823113873768,0.98190898598924259,0.998803544952792,0.94664947490655149,1.0740783744845395,1.0264515808392887
1.0154423385264313,1.0342968435733517,1.0098554024177806,1.0253201772898668,1.0175372553734312,0.96326577813254,1.0242375992722712,1.0021747967248618,1.0429306841892463,1.0310735832108977,0.97673763395440039,1.0443551807131843,1.0404449054002727,1.0529385047618514,1.028640040039376,0.98377483125849385,1.0170999389208291,1.0015054555276899,1.0376749644054679,0.96361227863844168,1.0063654979268366,1.0248555023005894,0.9399617726638767,1.0312298489030367,0.99099528338306819
1.0190001918331244,0.98740218197116469,0.99876213568533923,1.0259595360251943,1.0182806762491676,1.0131434602184377,0.99682247356531917,1.0071835195051426,0.99652033430188969,1.0221878117967325,0.9427289030518673,0.99372912520734591,1.03081483982377,0.98397667570095182,1.0149479576653393,1.039653964144158,1.0193745440997897,1.0103092419838453,1.002017118223036,0.96535386865302264,0.99957745054615743,0.96193246841491542,0.89990207037760761,1.039143243241907,0.99813323985050628
1.0168885456597081,1.0467673077984176,1.0211609756517857,0.99960240041960824,1.029665823810042,0.99958261566164264,1.0212557846546819,1.0345544267387601,1.0182508792130809,1.0181080764786392,0.99911841473554586,1.0096746248097956,1.0080990235627936,0.99839643809246414,0.9763602204182098,1.0140599477974432,1.0506319298712403,1.0010649038731598,1.0317652651380589,1.0202040452890686,0.97248186997059605,1.0208320787483764,0.94326222750019073,1.0292712594992803,1.0089843573174879
0.98922457172159894,1.0224113830580976,1.0528275865461232,1.0364564962609353,1.0209378539750875,1.0173826817714866,0.99528648091004723,1.0413661736588489,1.0054220608220286,1.0070208099230449,1.0150016848529377,1.0140037685414784,1.0039307093195504,0.97731825334595912,0.98872082032912323,1.0104439300094492,1.0200210082209762,0.99999594355613952,1.0326504296548733,1.0116812559974204,0.99962240814413517,0.99768729858721195,0.93821624730245157,1.0306763575544586,0.99307699340868694
1.0230960120408932,1.0624127004943926,1.0275076745595484,0.95581853176831899,1.0247481257974895,1.011448104538601,1.0222712615063014,1.0066636607926354,1.0180616474991659,1.0066151383267314,0.98331187891134908,0.99606280421470828,1.0215400832907067,0.95615455370327029,0.99598508083260295,1.0247284417671907,1.0224389817319108,1.0191191099478667,1.0234461290756214,0.99512750980719011,0.98651984814727545,1.0120971782496742,0.97617358620271411,1.0122891350163676,1.0325055597051043
1.0104325509360605,0.99714459535975952,1.0207951597416014,0.98939999899529341,1.0293708490959073,0.99066548974395741,0.98644030144172679,0.99198128750320058,1.0426974424822009,1.0299850358060831,0.99142326298650685,0.8838652574844974,1.0130684751792269,1.0064773963874689,0.9635564202660627,1.0062052998158872,1.0051618531021309,1.0248953432652665,1.0188965146092841,0.99014762774413778,0.93934991391233458,0.99565641756123091,0.92781652801397141,1.0290064278955513,1.014742222299212
0.94865130780910967,1.0366316753699396,1.0204434684464612,1.0537861686930072,1.0072274779813752,1.0054748099547872,1.0051287631170478,1.0149365652817031,1.0081394075709036,0.98421445813663,1.0066937693106279,1.0190858393271094,1.0310105166391099,0.98127231656827263,1.003732471873571,1.0499646720096711,1.0182112518525772,0.99799182992968505,1.0147190199398026,0.97981728262510048,0.98168242015768326,1.0184228497543908,0.99124911740109534,1.0635335989152754,1.0263115140536019
1.016844293949188,0.98701479574367568,1.0123376771231143,1.0369222297417675,1.0357306794473808,1.0105095461868385,1.0044867293472759,1.0274989877174061,0.99597781577315636,1.0275534212917379,0.99370462265720694,1.0142439319394347,1.0139629086412716,1.0254708053703223,1.0090854467122765,0.98217302646358817,1.0182573991527555,1.0154812589400231,1.0361238127215779,1.0274542960224375,0.97752567490583075,1.0052506549434848,1.0089823190211644,1.0533315110741035,1.0170176119182557
0.96680007348557129,1.0324163562823614,1.0156244526492064,0.98829957819176972,1.027354192462399,1.0070863619414658,0.97113761499686158,0.98447148474600565,0.92596246480384348,0.99932222239364199,0.98061507689171723,0.97465873460756736,1.0036273522641139,0.99700982309175223,1.0044441087089873,1.0034147304798138,0.99856164790653645,1.0294617870433538,1.0329264621109768,1.002753425206321,0.93957889062323918,0.98153516020332143,0.93862468004532496,1.0093875598347994,1.0151855275991482
0.99447794954129642,1.0359712499987381,1.0428880820377018,1.0352296872107363,1.0221723808488334,0.99549674455739257,0.98671228321720483,1.0426293562541253,1.0434954499791926,1.0206618409081731,1.0077683010140861,0.99146766752831994,1.0241345591423541,1.0252639783969228,1.0572837849339567,0.97317214818860875,0.98343760586752971,1.025150515490109,1.0497416634808232,0.98551857479466931,0.98422950637332685,1.0130139021729194,0.99376519661976703,1.0423526586273588,1.0604852541933765
0.98769176660581959,0.99714846986873051,1.0170624495743263,0.98637316882121917,1.0174290381356808,1.00492178224093,1.0233954227274582,0.9605874472180117,0.99946412826200148,1.0145602133805294,0.99539546676524604,1.0117584719315131,1.0242069033541654,1.008291597389176,1.0298840918256833,0.94449330902183193,0.97919531667445736,1.0314506657236917,1.0236009792666172,1.0054736747651645,0.96538569031209309,1.0066521843790419,0.98459037345844758,0.98717512593291534,1.0241356170539577
1.0143973728908242,1.0044166378996726,1.0250855150520011,1.0121305390392186,1.033846215285513,1.0252815179654156,0.97896069474359282,1.0373451805975957,1.0081482358839542,1.0121168487359176,0.97445369898216472,1.0074348832156363,1.0413349363638578,1.0109742895372043,1.0111076467505005,0.99237915683785183,1.0176949570296914,1.0177850998522024,1.0228971035336667,1.0230501443335491,0.96478723711532555,1.0115395515372207,0.97159385267624943,1.0821704461643527,1.0009032365405808
0.98728155844972676,0.99764260963976903,0.97272517968695627,0.97002771620004846,1.0194943652019941,1.0085490469515999,0.9406330447222111,1.0236782843841292,1.0329969322330312,1.0118684085706144,0.9545055858440572,1.0031548149478846,0.97664271033627514,0.94830301968241681,0.98301594229248412,0.96249202025131853,0.98828228383431449,1.0080602749841645,1.0440438369219716,0.99400761873223797,0.9979555708853115,0.97434700064273672,0.98462977456302103,1.0566658228427717,0.96500496133197378
0.98341309699018009,0.98130026100545797,0.95237542458534441,0.9518061866763029,1.0526860023866436,0.97626846459718364,0.96476587934682656,1.0317874152842506,1.0278017806104669,0.98272373470330276,0.97723172369987255,0.99698461346425793,1.0199112910525685,1.0444095735679308,0.99743337463641024,1.0110776512993984,0.98530699074299011,1.0168144541403272,1.0267689689265216,0.9972772120487311,0.98430872445535267,1.0187072006926781,0.95652030554057976,1.0418303883892686,0.96830866937918547
0.95177854629958292,0.99283930259796571,0.95440814090648396,0.92373955362571114,1.0515893737953044,1.023686634062339,0.9880538642582295,1.0137556612873602,0.9916059722893571,1.0115303990301838,0.98889645215372102,1.020581470944137,1.0089400174662067,1.0119705391235898,0.99714206027440699,0.98205864483801242,1.0072287549088472,0.9979290138625514,1.0565073534143583,1.0158538001356459,1.0239169061825779,1.0131302556160482,1.026061101897505,1.0440196259779699,0.98848948795062452
1.0098533414512609,0.99220414092984843,1.0254383550004973,0.97696714203694901,1.0327462488074297,1.0319695222856131,1.0478347052404768,1.0206535984503848,1.0124014041369891,1.016927756494602,0.98216740469627684,1.0066862513181203,1.0326263734920056,1.0175183982824403,0.96350414238152526,1.0046673489228475,1.0090257117658865,1.0119611109362627,1.0460725926800616,1.0189362582152779,1.0106524839401945,1.0144993446138659,1.0464596499871699,0.99728529988093173,0.95234936934947789
1.0054689095406091,1.001230055120147,0.98158838430444617,0.94186253435875233,1.0253159934264933,1.0329346325412578,0.98788821730884324,1.0037051934394672,1.0120641212307018,1.0315907568485856,0.95319060960588498,1.0065198718039696,1.0253412650835878,0.99110139781709938,0.97802453395720246,0.99694401047009817,1.0123009992353531,1.0070583520874861,1.0263508514236168,1.0166135787631947,1.0274941573498442,1.0277982792219571,1.0020684502993997,1.0136735756347028,0.99987601409397975
1.0242182748738977,1.0101606148058069,0.98637069812439293,1.0155977371943012,1.0081169834384933,1.033918311274497,0.99964653344655352,1.0357763223211383,0.99690003647946424,1.0012015604440809,0.99817207189883927,0.9968682477182752,1.0064724784216894,0.94052640524856101,1.0067585407579289,0.98679839382672985,1.0205593265837296,1.0189725671994974,1.0318070640609347,1.0361208454382091,1.0252158818018537,0.97288897748905978,1.0326748577236602,0.99318092030708827,1.0041317115540362
1.0187091128127634,1.0161605413645802,1.0361312691458109,0.96664162217155158,1.0257899009537497,1.0277537914606711,1.0174349045772824,1.0430607101067104,0.99297089580213582,0.99454568294787427,0.97665953281974915,1.0094615323702087,1.0128863953056364,0.99232908571841749,0.96747064986417586,0.99970981166470829,1.012761654992588,1.0296903133415285,1.0047158079830061,1.0013237235224124,1.0120606097849829,0.97256879885743508,1.0058860701494543,0.93457919556019198,1.0187758662257813
0.98695187126392858,1.0212940260869512,1.0084049005760767,1.0438002535198549,0.97658349300351022,1.0084412264313278,1.0043219254465696,1.0139257750743356,0.92798935600566546,1.0033837443949307,0.98577713040314341,0.99748416722212419,1.0026529251194056,0.95734146836089196,0.99988687568077772,1.0320195364094193,0.99509532031798664,1.0147836514545878,1.0444635437884806,1.0355548630974871,0.98312802636837671,1.0152574882239569,0.98778185459461276,0.94180022854464263,1.019098951826608
1.0042749719317809,1.0203787181835451,0.97721256960810299,1.0326211367180413,1.0198841379609771,1.0389971623143082,1.0376760716599456,1.0523497706701284,1.0148285301269797,1.0137703799723454,0.9625138099045194,1.0154134078921486,1.0180276255464997,0.93072810278594209,0.97943220729417091,1.0036140726647731,1.0074919065138439,1.0052810964797678,1.0325103301704681,1.0271992957594756,0.99395233015166606,0.95122317897825004,1.0135136144408037,0.94268351161710284,1.0113647077854899
0.98489677190781999,1.0122887299474876,1.0439618987130361,1.0472144207056138,0.99286744626543155,1.0305358071547603,0.99615117640106654,1.0218029726809557,1.0077279083984576,1.0133495127010519,0.9791188780411002,1.0374401938404374,1.0018882779604867,0.99559643268605247,1.0173848236944762,1.0069156785922613,1.0248966763295215,1.0067440999171871,0.97889129926406071,1.014572945611574,0.99500296991381554,0.99063834533016271,1.0042983411472186,0.96056313692855255,1.0108291403662051
1.0054998911719204,1.0237601134202734,1.025952637514062,1.0215661870249615,0.98592822288357129,0.98710600716695274,1.0035490642626044,1.0221987230467402,1.0175965074347852,1.0029338502836387,0.94354483500031283,1.0056789423385757,1.0276874770792332,1.0039996049996081,1.0302388064284638,1.0407122564161906,1.0504567590305929,1.0199656212389783,1.0018154635870111,1.0395415529609078,0.94506592342733342,0.99965567460677895,1.0066480483733142,1.0017456514747394,1.0210617194811875
1.0353685118941836,1.056558935580775,0.97627231061402886,1.0153074017407544,1.0381836040283452,0.94772059958312826,1.028361234608367,1.0282110535181823,1.0494599703010752,1.0262551016122168,1.0015068798850044,1.0105930781109247,1.0308104871856001,1.0202888457170516,0.97091690976056522,1.0140477732114439,1.0178101440520293,0.99664681717897197,1.0005367704567178,0.97403091029780742,1.0042010602041236,0.99584489455892122,1.032925683205653,1.0026445030285707,1.0357194799236764
1.016784020144933,1.0477490702625138,0.98054255236595067,1.0560265720938913,1.0069683209170461,0.86505784177860279,1.002424123168731,1.0197345441119194,1.0229267678394893,1.008309189404194,0.95744807127364862,1.0081211827710681,0.99189135003275997,1.0253808519591925,0.94893486003468697,1.0315298592961009,1.0560358995932568,0.99316643440330254,0.98330464789683203,0.97947520443766978,0.98088806664710615,0.98442213025257308,1.0465315329576268,0.95844754480361416,0.98439036566690197
1.0212025828079487,1.0343395954931809,1.0067233856657749,1.0112196280254671,1.0026675990913227,0.97488707698016253,1.0191012055098305,1.0181540198779033,1.0131451900302351,0.98863317993705691,0.94287979036950853,1.0032142638159012,0.97788697193457685,0.99459992354646076,0.97835547778897092,1.0174677292513052,1.0324195066396653,0.99446780259306122,0.99298194471130374,0.99986203973618493,0.98156039642168003,0.97372758433218576,1.0147997486786191,0.99343819001598521,1.0224590620555771
1.0366632911511573,1.0275657742550333,0.99711671394423518,1.0256009099979684,1.0065916787506002,1.0188835174043371,1.0179825088753127,1.006929641733725,1.0430876394080413,1.0063647171230414,1.0021510080268183,1.0300492330286599,0.97838934119262255,0.98179523879746189,0.98725176801471304,1.0045193848997693,1.0260429219031144,0.96933381995774326,1.0155137010508539,1.017119866309782,1.0178267524478601,0.9842824392488988,0.9881473312482919,0.90230583716189849,1.0244853894324719
1.0253736684828332,1.0124890509611257,0.96134697437854055,1.0127110200119247,1.0053690593051403,1.0106830599664536,1.0219839629215441,1.0442745159326323,1.0449709181397557,1.0031684241736032,0.92053258947693539,1.0000262810114675,0.96195231726556807,0.98995007350522879,0.98475733121594056,1.0287220124771497,0.99395619577472405,0.9939174806791562,1.0228975864320582,1.0092674226790863,0.9760704597285178,1.0052949356089067,1.019657428509269,0.96789732669029005,1.0243393484977943
1.0179210867111268,1.0396984001787366,1.0209030338745348,1.022131640980469,1.0033139773224933,0.99365655927350738,1.0264599927797635,0.99035927262950596,1.0363644589169771,0.97312939943227283,0.90680944821446308,0.99437471907307373,0.97694952471374241,0.99224811805890156,0.99382872767175645,1.010445105734157,1.0189935124167466,1.0072771301871302,1.0177899329406226,1.0484380519419052,0.9386002986498142,1.0047768010132978,1.0296426791604258,0.95530162268738872,1.0409263581651844
1.0384389319143505,1.0450383469091198,0.9926411963919004,1.03879341973164,1.0152283970545735,1.0319240967599768,1.006304511050226,1.0253555167798758,1.0401365766942829,1.0119339781784973,1.0124218262269185,0.99777220884088713,0.97736459155658773,0.95588043446367865,1.0168950419044891,1.0003399551394785,1.0352576968941716,1.0525368046413237,1.0318049598777366,1.0535297965805031,0.93199543666547002,0.98691075935701011,1.002800803306318,0.84657887662572362,1.0390980571944584
1.0177122362675286,1.0436898368533321,0.98543514384567399,1.0016207432803004,0.99935099376335101,0.99490579675979574,1.0038988822143362,0.96373456086224685,1.038047280247687,1.0140211159338297,0.98891686474951579,0.99603329352346437,1.0025678252156698,0.96882383482195822,0.98656659876700947,1.0085752293063937,1.0216167138105618,1.0289008862561735,0.99934041067852364,1.0004168027612184,0.91296784847029122,1.0111456142844095,1.0186967432313268,1.0140073233881661,1.0231137431615303
1.0094626965180187,0.99058971231932136,1.0029208648885146,1.0214601119445519,1.0036557779284445,0.97645987888758723,1.0291667703065379,1.0129587761502732,1.026507717203661,1.0359386640185062,1.011249664417901,1.0022554902445171,1.0181374013803113,0.99800419797392803,1.0021479162878595,1.0184071798017214,1.0055739684605289,0.9989814993964774,0.99108916325590457,1.0213315819890607,0.95219924623060492,0.9954606413426309,1.0279394947337483,1.0150129725672628,1.0017201595182157
1.0303466426923571,1.0152724169344987,0.99893831973630187,1.0326879709375492,0.98480501550341537,1.0128221259485535,1.030947033342156,0.98616546683626682,1.0113397002736493,1.0130643808298261,1.0333624303101294,1.0283687326250792,0.9537201502918301,0.98742777570728468,1.0333677762137417,1.0156403963311318,0.99073429491141207,1.0285529672504943,0.98195004265262864,1.0502059820373371,0.94867585835842616,1.0002444496763547,1.0014992123469846,0.91204642630288979,1.0236020665040657
1.0279436871093353,1.0134790512837504,0.98508356549588227,0.99734191183361787,1.0408936236473911,1.0296507692082182,0.9740778676057823,0.98535729626837842,1.0389168020404689,1.000656244066803,1.0167815755012379,0.99620472409327976,1.0150765541649309,1.0268534047465367,0.99431744402012057,0.98675639121200243,0.99663762508553211,1.0056459288913235,1.0227863190899313,1.0683019185579943,1.0056341855431763,0.92778454539832556,0.97716073864167785,0.97450469378835414,1.0031544562427865
1.0004792997083856,0.99681613295226379,1.0010780367040597,0.99895079675525711,1.0090222436010887,0.98856959848728265,0.99640221341263924,1.0391549700832803,1.0211009683843901,1.019709576106373,0.95973796619441021,1.0222593577699872,0.99992825165478838,0.99143263116511571,0.98910747632774487,0.99479589359198428,0.99145084382909499,1.0092359586688349,1.0039949405399424,1.0071904230826279,0.93555829587316774,1.007670786328233,1.0033479652007113,1.0029770577008108,0.99646932469964555
0.99822400803832867,0.98394944693542719,0.98924316851770766,1.004128973437822,0.98404726498698369,1.0092134435225364,1.0087114179953134,0.9791812883819897,1.049571953618198,1.0033383754815934,1.0153197772775888,1.0376803089170423,1.0052096269574886,1.01043005263402,0.98916400642030566,1.017518639109259,0.99255090194215445,1.034640965077358,1.0466814961607704,1.0024709883584573,0.95997448588895795,1.0365034706472871,0.89037615813395321,0.96427235051696081,1.0243281648433544
1.0087604840401208,0.99796336147183495,0.97916233238081762,1.0118628561150509,1.0169334377531052,1.0034129382514281,1.0457639679694402,1.0067822495969008,1.0367212597569653,1.0344116970581183,1.0242712350529353,1.0173658902569509,0.98815430226022938,1.01718970246901,1.0284600569510369,1.0545519702359567,1.0208191815596102,1.0243789964037942,1.0206314211697476,1.0261205670924183,1.0262396538999705,1.0104436835834947,0.98529882610615827,0.99470602403160813,1.040466281929584
1.0008436606966897,1.0154887608751997,1.0144102875718941,1.0565910758969261,1.0140750275982104,0.99287754743332912,1.0214913516226685,1.0246313592690166,0.99820938453600272,1.0176849690744487,0.99035077898478741,1.0332522454726127,0.95992779555476182,1.0348508526526625,0.97394712122384286,0.98187406992862936,1.0111257745907112,1.0250897603111928,1.0100174704348972,1.0365501329739533,1.0509236852621198,0.99129691542929455,1.012389946965278,0.97612564349688669,1.0249966151617771
1.0099588719631223,1.0166194925599985,0.9899620314969545,0.99989493266609031,1.0489709316187505,0.99923464428119846,1.0004041217377253,1.0385639954285177,0.95470285866223004,1.0023091655500735,0.98482107701751354,1.0366901476002879,0.99366728906089752,0.99666106679543898,0.88488059908377781,0.96118903837585379,1.0109225939890047,1.0334617253101022,1.0340439400889785,1.0349654236777035,1.0280274323020879,1.0180926183091135,1.0400858278060432,1.0049803376959969,1.0229244760573419
1.0152132534921046,1.0187539746420313,1.0250548811894598,0.99746119800152944,1.0051914875925039,1.0052260526521706,1.0525809774336068,1.0336719306663726,0.97745484295588314,1.0373421203714392,0.99837208305845926,0.99951141102587693,0.9412483914481512,1.0127817010663285,1.019663724396761,1.008403642644115,1.0278660431233972,1.0145356236744023,1.0193495696593664,1.0481762742015364,1.0454007890216601,1.0385505765200393,1.0196666340939449,0.99539859118940599,1.0233802708138575
1.0380207670600929,1.0179137527029534,1.0030114366883329,1.0011601665969772,0.98442661217329941,1.0073968054868985,1.018353654863589,1.0273024125961847,0.96106178085323024,1.0209558375686936,0.92185551550105382,1.0097086175734979,0.91666700918285993,1.0200013518282474,0.97838912582134496,1.015242909200198,1.0152098807578871,1.0314928076706444,1.0144490739194167,1.054382187485019,1.0046898719286261,1.009654409039719,1.0364215364806857,1.0317179544419683,1.02541350912005
1.0057249370272214,1.0246737691203531,1.011436856886395,1.0179128521510346,0.98385778975490878,1.0045254798238479,0.99501906488796099,1.0032538151022581,1.0138573591976796,1.0263753183223623,1.0039559391995752,0.9970828997456157,1.0126499293674949,1.0127118984006964,0.97408941217047462,0.97992935299433415,1.0129721995380938,1.0081237778043806,1.0163996637308617,1.0251620524829634,1.0136796166191564,0.99077668610926606,0.99893053270595944,1.0245081306709189,1.008851109187245
0.9989470214170374,1.0324625438773307,1.0281818808383083,1.0217554891385809,0.99208705072205816,1.0374423357827396,1.0250856389138827,0.96307997438241488,1.0041850253654969,1.0253361681277116,1.0088853428931748,1.0028678019888815,0.97496345036690546,1.0096489620708842,0.97240856756710958,1.0358329214907211,1.0484904456426283,1.0226239792010801,1.0178608795206914,1.0566778412889148,1.0085929378143867,0.97137364086471278,1.0165814828992648,1.0106354691118193,1.028894890507779
1.0277435532287127,1.0468346943726858,0.98949448153075392,1.0227602351338292,1.0198471087035028,0.99463257732923394,1.021051636388951,1.0061162789883538,1.0078081318362422,1.0139654972052667,0.98713636458185594,1.0302602061040105,0.99861684750381452,1.0094872657759471,1.0020097220106334,0.97974561693037576,1.026063582901606,1.0422452846517367,1.0172902114724827,1.0400945160983484,1.0324322634860446,1.0154968620553524,1.0239365028775329,1.0281501810347673,1.0125835151173612
1.0256117724613809,1.0321317948824855,0.95516970859918393,1.022675963554958,0.98488252638160823,0.99450021557142465,1.0078841709093751,1.0275070229056043,1.0148264880596238,1.0274105872981416,1.0081543354200508,1.0155276851002029,0.96044797874881516,1.0204960226059565,1.0270327049356882,0.98873480895877575,1.0223000472722588,1.0265563398618578,0.99546780384147637,1.0424509502461285,1.0361709089591173,1.0456541627257117,1.028753134122766,1.0216015897014679,1.0064623536911397
1.0117078876648777,1.0367876150846986,0.98740606297884603,1.0272381493210827,0.96369327189396004,1.0068303625461592,1.0414437692135887,0.99164380869334634,0.99009868358916753,1.0057527463823457,1.0030304717329008,0.97035531943065356,0.98918337935265344,1.0081444503711166,1.0192814718445826,1.0187076718212558,1.0209145032222486,0.98186075816794582,1.0308136335623768,1.0292322458857279,1.0271780157508237,1.0187200909715619,1.0317194633269231,1.0243245491780888,1.0137997051681509
1.0157122022549148,0.99162512221813648,0.97707619468675377,1.014044544301228,0.95515442343314061,1.0187376010413451,1.0096856999881072,0.98408932843809749,0.95605079370685042,1.0240032972133908,0.99176682180484155,0.97852990421846775,0.95933951631012038,1.0330914947989061,1.021276079252782,1.0202723934042941,0.9611190434542306,1.0026193914288413,1.0060991302542175,1.0290545495737442,1.0316426125904579,1.0104087135058555,1.006059977376037,0.98241844100429843,1.0226944872713086
