-1.106929420017860100e+00,-2.730681362617611185e+00
2.560642855786174898e-01,3.335956797811027719e-01
-4.498308694454904999e-01,-1.109391299067033598e+00
8.350541512179558978e-01,2.546875850863802526e+00
-2.451555146164283994e-01,-4.281455067958302996e-01
-8.706778083614420405e-01,2.966178369336815168e-02
-2.077727626614461975e+00,2.808087618391520018e-02
-2.980834434766882257e+00,1.309292561050607873e-01
-3.524610904032693393e-02,2.574744809552545477e-01
3.428823555313603721e-01,2.360995095122144227e-01
7.167627112188273975e-01,1.214257478354931474e-01
