6.360487664619093318e-01,2.375118255421078128e+00
-1.965547261699649217e+00,-1.138705942637584956e+00
-5.388150330389883669e-01,-1.429211940920539214e-01
1.467901348369119008e+00,-1.233281606369295735e+00
-9.885406262297439239e-01,-4.220049301454060209e-01
-1.607860502581843098e+00,-1.482372281416308502e+00
-6.198307403562638429e-01,1.198525525127642627e-01
-1.360159761099713371e+00,-6.896119080688218883e-01
1.148319829170213469e+00,1.340881256573881908e+00
-2.579067699726682594e+00,-8.396838674229180066e-01
1.102989236752536684e+00,-6.189043132045343176e-01
