7.053063887059185522e-01,7.869989261162195771e-01
1.588827646642998248e+00,1.506291649019392276e+00
-3.459079748354851880e-01,8.375384734536239772e-01
1.661204640265955268e+00,-1.057532460462214052e+00
-6.271407513580623538e-01,-1.408451675278975079e+00
-2.938224749990050455e-01,8.516686641652359002e-01
-1.036766811868724547e+00,-8.831162380001634782e-01
4.418648309823803300e-01,-1.119880990678311594e+00
-1.065229684809599675e+00,-1.385553829967893780e+00
-9.875075866187168483e-01,1.020518782779688660e+00
-2.849010714415907766e-02,-1.299882231073241079e-01
