3.785331277023930574e-01,-1.421714782398000532e+00
-2.599541625786619958e-01,-9.486419696821783987e-01
1.715554740108814480e-01,1.135934374988819329e+00
-2.603220059619979043e+00,-1.226672515505900785e-01
2.986679434192389682e-01,-6.870025785151289144e-01
1.931774224723588951e+00,1.176441336358137635e+00
1.649916255024970191e-01,1.579580114158156467e+00
-1.239393668707570617e+00,3.431083493245982718e-01
6.615039723641331637e-01,-1.798018715665654854e+00
-1.515638732205144557e+00,-1.027090610307642427e-01
-5.574573817070538340e-01,2.313867375295693418e-01
