-1.078260640682373817e+00,-2.740332704158390809e-01
-8.111699651853030435e-01,-1.477700176060715354e+00
-3.806089626331725650e-01,-3.830395884001537299e-01
-5.763906290204013905e-01,-7.469656053804307749e-01
6.699846323206805065e-01,6.293794392085352296e-01
-2.355219815128360150e-01,-1.859990831772506015e+00
2.837451925907403250e-01,5.945236889642354638e-01
5.076659284420680374e-01,-7.352956299962889464e-01
-6.163110844742207828e-01,3.136633885043838554e-01
2.497638650302177465e-01,7.149379017040311535e-01
-9.314189274142434805e-01,-1.312021363417990028e+00
