-4.538168426883876228e-01,9.262229043443415133e-01
-5.798025786061645342e-02,-7.991922197342641310e-01
-1.059512432215737432e+00,-2.985898591408162051e-01
1.426944962665017691e+00,2.683519851031141989e-01
-1.287603556324251386e+00,-9.172284856978663026e-02
1.038419995638435900e+00,-1.107957360371432040e-02
5.449784664740523477e-01,-5.426329708560513332e-01
-5.498440052501097908e-01,-3.365453727470917311e-01
-3.793266883038791115e-01,6.620771917824576080e-01
-2.446209717186930560e-02,1.201338879756101763e+00
-3.448324763129870241e-01,-2.044578483411394476e-01
