2.462216970339603517e+00,-2.575794557823885000e+00
1.444630881779115139e+00,1.156657291314644898e+00
-9.961669437616554879e-02,-8.844943992095075647e-01
-8.640843931118674659e-01,-5.927639570743549191e-01
7.509567936130556731e-02,-8.189423102425129608e-01
-3.305340755912710704e-01,-1.368010589454072556e-01
-2.862682710636416661e-01,2.213763287710249994e+00
-2.208176095510732573e+00,6.158535075164297545e-01
-1.501470224248792951e+00,-1.446511802677971081e+00
-1.715114116099327068e+00,3.369383348690425939e-02
1.050419986636755176e+00,4.028041410886470247e-02
