5.167908154444585955e-01,-9.423274797561590477e-01
2.206673096926612399e-01,-1.517618352599254372e+00
5.607962859681759893e-01,1.930922646675674148e+00
-8.962928729159523877e-01,-2.303954311660281473e-01
2.012946345723721775e-01,4.076046134681964306e-01
-5.435599241787392177e-01,2.466365019151446347e+00
-1.386439145146887819e+00,4.516259670030390305e-01
1.084424465876697274e+00,-1.377806182075535624e+00
1.262078605253884822e+00,-1.840462024193166568e-01
-9.811169546387462637e-01,9.226726025971003775e-01
1.422725145634703203e+00,7.279336851749004245e-01
