-1.460672393122509072e-01,6.700116948644756487e-01
-8.405824111323206838e-02,5.303515061854119361e-01
9.133729517077086024e-01,-1.044004802925288855e+00
1.209466154770345803e+00,5.140909861971627581e-01
-2.447404622639757221e+00,2.867822675866591009e+00
2.428034152761473052e+00,-1.431343237636438337e+00
-1.167532135797231252e+00,2.400552866187183609e-01
1.342118740472733052e-01,-1.252311866089286019e+00
-8.301348119857764329e-01,5.938770030343460959e-01
-1.929398755224238926e-01,1.905877267135931197e+00
1.500787155667523187e+00,6.649820217027666569e-01
