-1.679760337721910579e-01,-1.019026298593256330e-02
-9.015056927704122591e-01,1.639999740381657967e-01
-8.287020311128051597e-02,5.916512343159102683e-01
2.506748900370377453e-01,-1.827212835716958583e+00
7.612390948801585067e-01,5.754484085477195032e-01
4.709888007181699532e-01,1.439079987569785501e+00
-6.045492385691341175e-01,1.685818009373767079e-01
-4.832218033881005015e-01,-1.713834199565567484e+00
-5.511538301550167329e-02,-1.104604627057677257e+00
-9.779577276104233219e-01,-7.732983890341073030e-01
-1.307308158895642558e+00,-9.277176596977649847e-01
