-3.152147450128269246e-01,-1.332962579162807026e+00
-1.302200995983431531e+00,2.063270450219523600e+00
-3.694446455758064185e-01,3.646128029795669967e-01
2.120405942025706203e+00,-5.285793130760907399e-01
-3.757227667528574289e-01,7.892030562235993196e-01
1.488893246561696637e-01,3.141038139617841063e-01
4.295097541411558445e-02,-7.178250597759248119e-01
3.832381493923409099e-01,6.271124891747609231e-01
7.056422359150500423e-01,2.366042194384028463e-01
1.375270155226143931e+00,-1.935993960732223851e+00
-7.230926962018101589e-01,5.426179485303157524e-01
