1.154216950991159285e+00,8.478683437707934534e-01
1.403780114378170518e+00,1.203422896275483822e+00
-1.537130625155239017e+00,-2.007896617927916960e+00
-2.978249919060553808e-01,-3.360631025097686742e-01
-4.199774405799532317e-01,-2.919224107254961842e-01
-6.954338346340226407e-01,-3.318987829602695894e-01
4.390532713845197998e-02,-1.248431147428836763e+00
1.545595622927038726e-01,-6.277231657332478232e-01
-5.473964444719653377e-01,-4.319317087416055245e-02
-1.364185717796640107e+00,2.367992355979560704e-01
4.058495523554075946e-01,6.484217929957498683e-01
