3.321211462932052716e-01,2.207551314872319981e-01
-7.515810877094510900e-01,-5.720724349606047809e-01
-6.019567682034296929e-01,5.183494058495278223e-01
4.587167006732274094e-02,-5.031474502463526566e-01
-1.278230863539328022e+00,-3.160827965773000403e-01
-1.147158244136299299e+00,5.485619112027037003e-01
8.779471285102624645e-01,-8.362948776324453937e-02
-3.444234070376022139e-01,8.415567169867975428e-02
1.944887370703513030e+00,-1.822864811924551853e+00
1.478979907945701333e+00,1.120067711370317021e+00
1.943208499227445651e+00,1.285150493631754598e+00
