-1.390504760231013659e+00,-1.459910610559108202e+00
5.507424735618025036e-01,1.682126328546252214e+00
2.836587591816500664e-01,2.901766678126617149e-01
-6.022067031840779017e-02,3.430102500169918134e-02
-7.431324712410883881e-01,1.710188971933325752e-01
8.553393768440978873e-01,1.521081144724569789e+00
5.521564052336382922e-01,-2.164279400934770725e-01
-1.756353355513030623e+00,-1.669042643652991487e+00
-4.347256287143750897e-01,-5.472158285857423587e-01
-2.934453092947480468e-01,-1.070032485180204773e+00
-6.592746846755506152e-01,1.674378997487895093e+00
