-9.731649407945974772e-01,-6.016997039037476069e-01
1.520268382291501297e+00,-4.852403722699268895e-01
1.075011018514414385e+00,1.911759461091680823e+00
8.476209676503907442e-01,-1.021136304736581124e+00
-1.883667609665989895e+00,1.133165493220809728e+00
-4.991132965021909951e-01,-1.154584987809308849e+00
-1.593497197306672719e+00,-4.278981318441868464e-01
1.860892615825906038e+00,1.463753959819702244e+00
3.613708253681614802e-02,3.199513096666913858e-01
1.860785529361688728e-01,-5.765542181550875611e-01
1.765832832298995569e+00,9.541351633341097482e-01
