-1.589697380291919426e+00,-8.758997632379827980e-02
-1.015230057304080225e+00,1.437367885071458851e+00
-2.384794937259233916e-02,7.500136388772543627e-01
1.068296362763572871e+00,-2.530749922753024350e+00
-2.011585998840314249e-01,-2.128097422590457533e-01
-1.444441396585330328e-01,1.310359212055988820e+00
5.375717359727776312e-01,-8.441046749537807203e-01
1.746525414607282001e-01,7.222365284898211168e-01
-1.360136070918163798e+00,-7.114571848677802013e-01
6.025828127986783134e-01,2.759366742486599744e-01
1.162012514407972263e+00,1.681936559001408815e+00
