1.184874238330233087e+00,1.634415322771946233e+00
-1.285831962101362524e+00,-6.009388322450305298e-01
-8.586876413519156648e-01,1.136465149912526229e+00
-2.208830831558070251e+00,1.145239459683236039e+00
1.353248669339955246e+00,7.120790503737062238e-01
3.849758762436341630e-01,-2.383601274786879998e+00
9.587949515603342299e-01,-4.298644873027778202e-01
4.115409488687185036e-01,6.984595899325281299e-02
-5.063170562984640188e-01,1.088137894926696214e+00
-6.474218051498761839e-02,-9.459675392932311855e-01
-1.446497689882801918e+00,-1.284769450180493600e+00
