4.238906897028720255e-01,7.719708365327075938e-01
-7.490376289532365561e-01,-1.698088362828062081e+00
1.855265949426632366e+00,1.862300720323355918e+00
-6.369328433639858122e-01,-5.797335103831459113e-01
4.143533928621049300e-01,1.112900921171271929e+00
2.825486128811401931e-01,-5.099414918704195943e-01
-8.686952840503538997e-01,-8.100150427384378293e-01
-1.965451655241367279e-01,5.051217366050125834e-01
2.183898902973907541e-01,5.154763872842125227e-01
4.538865256008760285e-02,3.585331427111178026e-01
7.050063247859887916e-01,4.584956566302307301e-01
