4.439641859305463178e-01,-5.975379832421578996e-01
9.283043337494650826e-01,-1.597814126285065139e+00
1.132052873845923457e+00,7.072768336246018084e-01
-1.416705362524369072e+00,-2.718805683157615505e+00
7.699281123469599031e-01,3.553183591781738926e-01
1.037804003164811473e+00,1.869288944554265142e-01
-3.759630427015531184e-01,2.089042180063312326e+00
-1.029388892827007629e+00,-7.072189010672829124e-01
-1.455530159394901268e+00,2.258748675224981906e+00
3.122189306321795366e-01,-1.212262965444708962e-01
-1.629764812972708032e+00,-4.353233447770891162e-01
