4.103985093769921266e-01,-1.576525221853534442e-01
-1.637871230898521047e+00,-9.778367504135996313e-01
1.011439066962547928e+00,-3.899992059252282983e-01
-2.369129112880752341e+00,-5.435676329899914450e-01
1.746250991469797897e+00,2.033934362589635836e-01
1.994593951252753739e+00,8.326794742586826059e-01
-3.892468946416510756e-01,7.671627711162367635e-01
1.302227718198625928e+00,3.104326878314043192e+00
-1.703807735703390280e+00,-7.005489245278034849e-01
2.436763058825090478e-01,-9.592687841523056536e-01
5.667420171345215474e-01,-1.919256588343789982e+00
