-5.153025673902664749e-01,-1.784668069403289592e-01
-1.277289503155684347e+00,1.623232054907500999e+00
-1.069453125936577598e+00,-6.333266001429685987e-01
1.355149756356953450e+00,-1.746709917291662695e+00
9.459348572641944619e-01,9.427957454266695514e-01
-1.932604834051565579e+00,-4.671692680092940919e-01
1.538511286825619440e+00,-9.531470962950157055e-01
-4.773036726485289094e-01,-2.964908940451720931e-01
7.560144391955385679e-01,-1.354784124496097197e+00
-8.943440982316068766e-01,3.723764117745492208e-01
3.773189251880983974e-01,-6.206277443570530350e-01
