-8.521847321090145200e-02,8.608102659756018404e-01
8.043011002884427052e-01,3.618764802067999664e-01
3.533727985133204852e-01,6.594238457192160840e-01
-1.070585300414093277e+00,-1.967980754410764976e-01
-4.176543437053158447e-01,-4.689739889118061944e-01
2.318934382401730554e-01,9.183568107840357486e-01
-1.647853700300303981e+00,2.533338520539780703e-01
-1.484997342283228106e+00,-2.522034911565131932e-01
-2.414629954276114043e-01,-4.700840199140717823e-01
-1.147809316515624678e+00,-1.723215916269481340e+00
-2.117797967040481399e+00,-2.283224720510803329e-01
