1.407756508557840514e+00,3.534904369215361442e-01
2.231227747238662684e-01,2.180148725705040313e-02
-1.494459876517122865e+00,-1.011978900834666018e+00
9.292044808398070010e-01,-1.377151337461544056e+00
-1.779115170610257035e+00,2.647957866304980090e+00
-1.168127741241450801e+00,1.178548040736608210e-01
-1.213106071981969736e+00,-9.219394830784050088e-02
2.727236759527101206e+00,3.077530519188119151e-01
-6.688488468993672997e-01,2.122297740445504288e-02
9.570511431897107402e-01,1.157750750167755305e-01
1.616704250237411378e+00,-5.158656413289953724e-01
