-6.189222896848868283e-01,1.452473432265796727e-01
-3.288135957218302208e-04,-1.712247162125424271e+00
8.326805089997516562e-01,9.370092944998625883e-02
-2.618922335965933601e-01,8.565488092136886999e-01
-1.615435647834968236e-01,-1.829821062056437020e+00
1.924714036869745737e+00,3.752780243474255206e-01
-8.890305242157524601e-01,-8.250514079985508120e-01
2.144383289523931965e-02,-1.975740613987043925e+00
2.499447833308021949e-01,-8.175416223850570097e-01
5.420420487561404821e-01,-8.359723823988044478e-01
1.167772753231802740e+00,-1.276988833859273420e+00
