-9.336492155552931216e-01,1.148093458810037992e+00
1.695107932933676231e+00,4.413308625883357039e-01
2.289710157930658685e+00,-2.421529991577949514e-01
-1.957778215051191595e-01,1.264847811992556859e-01
-3.247209209056451940e-01,5.608365559021790681e-01
-8.811587254243584688e-01,-1.634254383063113769e+00
-6.544594061709305688e-01,6.647799964079799118e-01
2.705239679477077219e-01,-1.649116856002349030e+00
6.018268407862263913e-01,-4.602588142050975661e-01
-1.153410229959883973e-02,-1.194044570737211597e-01
-1.305697164220268824e+00,2.974381059668960159e-01
