-1.020709971080084738e-01,-2.280310508447457862e-01
-8.993278714128773998e-01,1.178355003398750211e+00
-7.944243239767024845e-01,2.960316934149719720e-02
5.874173510415738875e-01,2.913420883024671060e-01
6.869381908322442776e-01,1.943832180764137219e+00
9.129232944367358105e-01,-4.567512239491497983e-01
4.400661594437053070e-01,-2.346850015763365938e-01
1.581218770250957029e+00,-3.417708976119920861e-02
-2.322695771626941408e-01,-1.789397611132266031e+00
2.394396549454636425e+00,-2.646523943763514186e+00
9.241776535860687924e-02,1.962439728666057537e+00
