-1.129873785832899102e+00,-3.103547537079107688e-01
-6.474759212145363430e-01,-2.043580088422985441e-01
1.703861373162828263e-01,6.894178392461259852e-01
-1.087416282606020523e+00,5.594002305698830835e-01
1.294320389966039153e+00,1.713623229662293301e+00
2.111615780762163830e-01,-6.384080565012588693e-01
2.111602724622145266e-01,-1.576750516262102331e-01
-1.884669256341868326e+00,-8.617175268990869830e-01
-5.850576351208821579e-01,-5.822783143847722886e-01
7.328181367062974738e-01,2.379800969132836452e-01
2.698117706615213773e+00,9.360143586155329487e-01
