-9.351114970559084583e-01,1.892302439711813222e-01
3.363966486508467857e-01,1.047237524256869889e+00
-1.984824282951164198e-01,-1.806659369953742100e+00
7.382434355304695606e-01,-6.346164373525773339e-01
-1.283463170032939082e+00,-8.320116020402682500e-01
1.945416089304103924e+00,2.488507262034386880e+00
-1.593713125297162803e+00,1.751701256783836369e+00
-1.702007007866339849e+00,4.263083787811294822e-01
1.957094914769649030e+00,-2.634518876594691417e+00
-1.187900608008125358e+00,-9.416582196703549013e-01
-2.179109930457594935e+00,1.907615754268081609e+00
