4.513385698087893916e-01,-2.880607665470827250e+00,2.416525695627277148e+00,3.598431770626466797e+00
3.274030744435020956e+00,3.556459630458572718e+00,-1.860171357241353185e+00,4.238446705086564847e+00
1.036497507538793661e+00,4.329331455113256233e+00,-2.952704924748530413e+00,1.728121615433154235e+00
1.999503757732986164e+00,1.588966160738787270e+00,5.021998191782544030e-01,1.402111155838484002e+00
-6.076755011945945029e+00,2.796752341951256771e+00,2.954241509014457367e+00,-1.663265609577482929e+00
3.797989165107304554e+00,-2.330590217430333233e+00,-5.189074476864079521e-01,1.259786784888586197e+00
2.707244510457064823e+00,5.156708743833606778e-01,-1.299243979937789284e+00,-4.820970855756295137e+00
3.925176869444901850e-01,-3.116881188298956218e+00,1.481235155027165851e+00,-7.846463875045126546e-01
1.143683089252157004e+00,4.549880934428314760e-01,2.178431566754938320e+00,-1.214491315536059712e+00
-6.321738332328169285e+00,8.488704480364882343e+00,3.801911613453984096e+00,1.526844254016396230e+00
3.047523537136989091e+00,-7.032774280276512524e-01,8.631337386143534962e-01,2.856296685350060205e+00
-3.202977681887652306e+00,3.924347623944792751e+00,-1.656727505884272533e+00,-1.437355878194801706e+00
1.829888090175471049e+00,4.138203999625170160e-02,3.785265012154457764e+00,-1.356443127813925731e+00
