-7.901512255717747790e-02,-9.636135563156610351e-01
9.985032188267956021e-01,-2.765809031382066019e-02
-1.371285445279374127e+00,8.689140973905075116e-01
1.007699153226022659e+00,-1.082426193952131355e+00
-2.110706459444580574e+00,1.060317100325001149e+00
2.448548427636374925e+00,-3.621480363657120227e-01
-1.106448593961907090e+00,-9.870115368279992474e-01
2.638997596035239646e-01,-1.117503677174154886e+00
1.722610408308268504e+00,1.804772932515594785e-01
2.591548592173683829e+00,-1.476409110253499440e-02
-2.278020404049902581e+00,1.653290656573054226e-02
