1.013023327905448800e+00,-7.003867049024775637e-02,1.587982955826410914e+00,2.979213016647223267e+00
1.116539988255916604e+00,9.119163357940782699e-01,4.421163589508381730e-01,1.018652654701290849e+00
-1.416354726579016843e+00,2.799473329041064940e+00,9.024245764094334099e-01,4.365186203956104016e-01
2.011337949010214121e+00,2.228135199237957220e+00,1.462999199676624729e+00,1.847342178085533027e+00
-1.340119101252434497e+00,-3.461319292930958857e-01,8.933957856974503731e-01,-1.025285627239221453e+00
-7.185308499874216714e-01,-1.260628149203679271e+00,2.882741308644755307e+00,-7.553211380102519135e-01
1.599380565169474244e-01,-3.807308338166046080e-02,-5.365510443109557936e-01,5.591293795321551352e-01
-1.570875511478977415e+00,-1.369683712073758608e+00,2.902200881656878395e-01,-1.588185359390143214e-01
-5.521833351920621968e-01,-2.337582521584905759e+00,-1.593181865796680086e+00,1.767347392820287855e+00
9.395513201688193705e-01,-6.020887795992487801e-01,2.348483041595569976e+00,2.853418366066364342e+00
-1.608372204777056780e+00,1.288472119812287042e+00,-2.013743286773264085e+00,-6.836371319595810903e-01
6.648015418671907040e-02,1.805950979798842226e+00,2.649740431387352935e+00,5.460642245806044404e-01
-2.712570591820578914e-01,5.346547419073153229e-01,-7.045585402114688811e-02,7.344018934183205172e-01
