7.242871535325726140e-02,1.499049100171756077e+00
-1.181456825464084703e+00,3.472886703845989853e+00
-1.134266787146689381e-01,-3.442478726280382428e-01
-3.826006799556235793e-01,-9.441086685063291295e-01
7.002035633072214438e-01,9.129349921333695939e-01
1.468564853836445971e+00,-1.529994104715401537e+00
6.307695966560228351e-01,-1.374536689952592150e+00
-1.073732842442430169e+00,1.074431482235421731e+00
4.998593528353828530e-01,-8.007688600571241100e-01
-1.043343415191655854e+00,-2.561388859248975969e+00
-4.019977559846309445e-01,3.118032060027923880e+00
