9.282769333273866996e-01,1.749199173967041387e+00
5.431016581339017657e-01,5.135982202319202550e-01
8.162363649010982714e-02,2.086251817413461163e-01
1.065433378729775116e-01,-2.468248003106787714e-01
-5.788198704907293601e-01,8.055902692655285691e-01
-1.788795934772474894e+00,5.376798851462879503e-01
3.551511829631887052e-01,-7.158019590895381423e-01
2.319051409594410362e-01,-1.303037381211850088e+00
1.378856188715643194e+00,-2.335913607081066545e-01
7.494116519908999852e-01,-5.605587884543246080e-01
-1.990875126943703943e+00,-1.445869355748205853e+00
