2.107111293911957173e+00,-1.281771732443466094e+00
1.565354097210430950e+00,-1.856508882848482811e+00
-3.943737798476164291e-02,1.235479422015531181e+00
6.679756008346193763e-01,1.871059471108803829e-01
-1.715950210392288122e+00,1.598643955022437613e+00
-2.673987413911083078e+00,9.618427564302247657e-01
5.122532599879947579e-01,-2.597144709563584120e-01
2.161107967952603293e+00,-1.690940003206969910e+00
2.620090699376592114e-01,-1.481468152284276307e+00
-1.415880327949641471e+00,5.490175529944435473e-01
2.912231598859238435e-02,-8.917171013129263080e-02
