1.505869267800280742e+00,-9.810894483914484043e-01
1.563454744121225648e+00,1.898062674616095291e-01
8.977470122590766599e-02,-4.233255816903254143e+00
-1.004699738017201360e+00,6.943148732599455641e-01
-4.552472988707258472e-01,1.431056166717564304e+00
4.278935017244167582e-01,-1.259345548891799060e+00
-8.009639616003533247e-01,-1.197022978646693492e+00
-3.146281767544341079e-01,-2.703945645738354830e-01
-1.148127704533050686e+00,2.543605349172767038e+00
-3.687859015711346111e-01,1.917447107085241464e+00
-1.657351681380528352e-01,2.156617988102054184e-01
