-9.485008116632469566e-01,-1.833671143861197894e+00
-3.917290278200612486e-01,-2.589596512274976448e-01
-6.397212933217556463e-01,-7.462027028559230502e-01
6.818596099984409742e-01,1.439068895515553947e+00
-8.638182331665494873e-01,8.888945214583170440e-01
2.646348718924755872e+00,2.091259017066320891e-01
-7.625274083629550725e-01,1.044653370986519558e+00
-1.080320973629760317e+00,1.260531163116774822e+00
1.824989829482261960e-01,-1.630744161836245265e+00
-5.900957300533379302e-01,1.731467542347002453e-02
7.851913767361560215e-01,9.278883534382892373e-01
