-2.143308170363094511e+00,2.883873902520514676e+00,4.808261352332229843e-02,-4.553171136221606297e+00
-2.605765235232547106e+00,1.207279910295182113e+00,-2.498968034374269731e+00,-2.710390856560564110e+00
3.043347202422161057e+00,3.416654677903603776e+00,3.233728376523337111e-01,-3.419028771734565986e+00
4.240966350931044127e-01,-2.252765421416255798e+00,2.013266077064054915e+00,-5.821313757967977454e-01
-1.511763358991575990e+00,-9.872672965179961624e-01,-3.991191668160281480e+00,-7.696545277441872723e-02
-1.368999764734300184e+00,-1.412896347103745898e+00,2.386409103561195177e+00,4.064267029989497848e-01
8.707680483908954994e-01,1.613660620635275045e+00,3.214376536216417612e+00,3.937614658019821690e+00
1.736490172469651316e+00,-7.514621492226640775e-01,-2.967608884069332209e+00,-5.225204254276532012e-01
2.439587360652102799e+00,-3.754767073024351198e+00,5.256402417665827720e+00,8.401689771364311277e-01
-5.265178710943863472e+00,2.086051024168621648e+00,2.199226164412130924e+00,2.621190845374520961e+00
3.280469395520611897e+00,1.414976889809137273e+00,-2.793979909595564401e-02,-3.011033722728950757e-01
-1.616253610819460507e+00,-5.039603326289172180e+00,-5.520247735324561589e+00,-3.445473663901039263e+00
-2.565187386960582905e-01,-2.414471696030698666e+00,-2.279578315278906475e-01,-2.150686409383117503e+00
