1.209102830371732828e+00,3.093637481150919299e-01
5.159102841862029942e-01,-1.121668395137376262e+00
2.319653471054853588e-01,2.083168458215997609e-01
3.098729401903855402e-02,5.858926594860720538e-01
8.118920197056049837e-01,1.284066490834478769e+00
-4.446176441722527600e-02,9.489288742996656589e-01
-1.300815739457147568e+00,-1.768177230484711648e+00
-9.059627710299450465e-01,1.067144326622407879e+00
1.259884349680831184e+00,-7.303280220273193901e-01
-7.164268827322275435e-01,-8.541702939157779229e-01
-2.348566917704028256e+00,1.082792022418739730e+00
