-1.678645875614574567e+00,-3.655536943880335343e-01
9.009542180640995879e-01,1.417812664071199436e+00
2.986788970991894887e-01,-2.170866475474647617e-01
-1.446385781697743900e+00,3.327344793882026086e-01
1.167506748741935912e-01,-3.970637613823821965e-01
7.810160364263797339e-01,3.495171209985317162e-01
-8.869972074990205568e-01,-2.181576733668606771e-02
-4.734295937972050616e-01,-6.749019125257040841e-01
-5.334409628677240223e-01,7.987461076607877963e-01
2.118497892356751011e-01,-3.970797426236958860e-01
1.120945606323014099e+00,4.659086343526108176e-01
