7.558106967570712431e-01,3.518598465393368291e-01
6.325009615413186292e-01,7.998367646513342422e-01
-4.118891844906766853e-01,-2.418102458375434236e-02
-2.216652372319872111e+00,3.815139113601836440e-01
-1.277486384173455169e-01,-6.145627704961719173e-01
-2.422366350994710205e-01,-1.853364017570883648e+00
-3.219330556849187008e-01,-5.922144192305353050e-01
-7.870375949869917731e-03,9.147939792772266099e-01
-2.305834409440796318e+00,2.189039617042044805e-01
6.086234948565805158e-02,2.416310801999749791e-01
1.639634931058438161e+00,-6.061794906543911399e-01
