-7.334449011277158759e-01,-7.886649998348969071e-01
-8.476596122351981455e-01,8.118171152643079980e-01
-2.385067496925233066e-01,-3.221081059608510988e-01
2.117589672898795961e+00,1.755180909105369169e+00
-5.188318700062279770e-02,-1.434244582107980559e+00
8.094153480897477992e-01,9.572515187350408850e-01
2.058972682422672840e+00,-7.270536107220688937e-02
2.686176249549494521e-01,-9.057988977804224406e-01
-8.605938863954263329e-01,-1.922841102646346001e-01
2.209708461530403567e-01,-3.917391596387642672e-01
9.549086364019931938e-02,-3.433132924072295200e-01
