-1.025476581050112745e+00,1.189919129057922520e+00
5.950381226898976417e-01,1.642422313679985590e+00
-1.473085783011716332e+00,-9.691566282690358136e-01
-2.126862213710005445e-01,-3.947515519615602680e-02
-2.569951495297047583e-01,1.147948611525691165e+00
1.341143199832057320e+00,-1.821762155472260725e+00
5.240258620340183526e-01,7.276440905681132998e-01
8.110864507028960058e-02,-1.460022661205277128e+00
5.578278676366096311e-01,-1.313262068716810171e+00
1.559473602490854205e+00,1.410486832712639860e+00
8.539947195773427147e-02,1.297728655618849147e-01
