-2.432478690797066356e-01,-2.975684700887607503e-01
1.418159438131799011e+00,-3.654534673090790164e-01
-5.692625191012989916e-01,9.926459331067574166e-01
-1.008422372392282218e-01,4.633457921205811902e-01
1.723155290053609567e+00,-9.685241138340877631e-01
-2.443873544323338365e-02,5.089479439415180995e-01
8.648617317455954412e-01,-6.893892545949165118e-01
-2.930087941904873539e+00,1.378062953441744620e-01
-6.734196640985022908e-01,7.338637392693629913e-01
9.829482030297167494e-01,-1.289570535377457361e+00
-9.681382258954533970e-01,-1.297923895899278035e+00
