3.800051075146767321e+00,-4.134784800071739319e+00,-4.680241716892875603e-01,-3.811893293648119574e+00
1.296920834459399874e+00,1.685895319273158055e+00,4.145700337123964907e+00,-3.468931314653420084e-01
1.076098581574323809e+00,2.108297464359400575e+00,7.424821678867299379e-01,-2.489978444454457041e+00
1.187940546222614913e+00,4.023164443278379743e+00,-1.410338122913434411e+00,-4.565873000352541067e-02
3.391302383733990844e+00,-1.116642881478256077e+00,4.909843154379914587e+00,1.775820803596650954e+00
-7.892518957703551497e-01,2.154831439923612368e-01,3.221978619759928719e+00,-3.709379212734223774e+00
4.041623547815872186e+00,-2.127686054598576071e+00,-5.158000998297358031e+00,-2.197585814136792770e+00
-1.992962831536875923e+00,-1.872928410258823506e+00,2.964264451014197554e+00,3.280857168928047685e+00
5.984286576197463126e-02,-5.251337432396567806e+00,6.158766206081303984e+00,1.485084451317730370e+00
-9.859160664010320207e-01,-7.682812352562027769e+00,-7.576442814671517034e+00,6.973688671465869682e-01
-4.487238790855412884e-01,-2.269012396994558145e+00,1.942368857279183958e+00,-3.655198637657209648e+00
3.540901134484498947e+00,-4.250217081652728268e+00,-4.060476764978814934e+00,6.778123368460834186e+00
9.751657143811567896e-02,1.739403592862607706e+00,8.219313289758488628e-01,1.573608031748327862e+00
