-1.946948662337967484e+00,2.386156299269253989e+00
-1.914574606707190485e+00,-1.450997613124549668e+00
-1.244007653003534664e+00,-3.156006067383471336e+00
1.014069102754496354e+00,9.684612534590485433e-01
-1.755102205033484575e+00,-2.367388926876295763e+00
2.207851769852070767e+00,-2.374778950086854135e+00
1.275209899261965374e+00,6.996049188282132958e-01
4.739344354358648315e-01,1.103500729453466889e+00
8.751439563703686808e-01,6.202320426218985716e-01
-1.905996368414478059e+00,6.600287187408357958e-01
1.855372348766044732e+00,5.615752927761312741e-01
