-6.339846792693853983e-02,3.135578512574144661e+00,1.214112465357680692e+00,5.703161158362312300e+00
-4.249433215674319975e+00,1.166435851499097121e+00,7.403708882082011833e-01,-4.317346332354238925e+00
4.142959761054550327e+00,-1.727774810291646368e+00,1.528934886931397230e+00,5.378293583005401279e-01
-1.009740316962348006e+00,-2.885296144653552997e-01,-1.455523629657886397e+00,-1.461135884648825378e+00
4.087437211617110044e+00,6.528939694469856336e-01,-2.440247167202224787e+00,7.369977677443800834e-01
-3.884408603361964918e+00,-4.869564942199517077e+00,5.260051844305976054e+00,3.394282474656018955e+00
-6.606104900093681564e+00,1.322104110476157501e+00,-6.327212247160789449e-01,-1.622337525617111087e+00
-9.691644742384851741e-01,-9.610775801828190801e-01,-4.272054570602161760e+00,1.242770691664211391e+00
9.608436892355832759e-01,1.878770212029826858e+00,-2.354494467577312289e+00,2.747340512969292270e+00
-2.542682815711473587e+00,-4.214806659409199519e+00,3.633754247167923501e-01,2.536122548374166730e+00
3.143046446521462034e+00,1.713090641048811147e+00,8.288558501959897296e-02,1.099083207900724446e+00
-4.579383076899689264e+00,2.260776318079163349e+00,3.245585751084676396e+00,-3.865545693190970411e+00
2.290342194435581735e+00,-9.183861547248524104e-01,1.636749534732878930e-01,1.537385585209191996e+00
