-8.846525878662432341e-01,5.457391935736144450e-01
1.423953587771654039e+00,4.965979796406220226e-01
1.421646019347901690e+00,8.394321785695604277e-01
-2.443864073380404289e-02,-1.695040187201202420e+00
-1.481367140055742437e+00,-1.104302696259715555e+00
1.845784784639418419e+00,2.745018024743716811e+00
-3.544158155720193437e-01,-9.477886938237425341e-01
-4.803587916849231809e-01,-1.973023953489428106e-01
-2.658232200417369184e-01,1.024882337193333992e+00
3.822621849177331166e-01,1.286998685074354221e+00
7.729708937625265897e-01,1.519119512154618601e-01
