-2.564240835837955368e-01,-2.674539648271902492e-01
-1.020352635011298803e+00,1.070643114356682746e-01
8.489326106991010867e-01,-2.628763418282588304e+00
1.856226887081243504e+00,4.161908000478099501e-01
-9.959880368583255983e-01,-2.814429540979106470e-01
1.787223794481543226e+00,1.255781472741919647e+00
-5.007344410428739012e-01,-2.704534585067890351e-01
-7.316688105224071759e-01,-1.478195594455465223e+00
4.217743965723670385e-01,-9.567464180584223099e-01
-1.030162383982937246e+00,1.243571217838929321e+00
-3.729854465781640704e-01,-1.326355484179904121e-01
