-1.145224989269056470e+00,-2.493357126650476818e+00
9.847419451378807143e-01,-9.506253423107436928e-01
1.259357362390427948e+00,-1.005195626557134903e+00
-1.648376327128920904e+00,1.375872325364493887e-01
-7.126755152532893156e-01,-2.104560830288709994e+00
-7.942344691324308981e-01,1.799742080120872334e+00
1.936970544295995911e+00,7.426903864004298361e-01
-6.262098422490018912e-01,-3.917234693470432461e-02
1.112711514634822652e-01,-1.786028357818936763e-01
-1.032439833621055625e+00,-1.255007473650678440e+00
-1.493756607399822522e+00,-1.246837710256895493e+00
