-3.157559228307623700e-01,6.415123254633162686e-01
4.459343672461791863e-01,-7.635270310376288672e-01
-2.124566315625896262e+00,2.029084642525117221e+00
2.415594838398389399e+00,-1.118500741028104040e+00
-1.511573620138051854e+00,-4.985484364555610171e-01
4.936912182868455345e-02,1.358035818553183560e+00
-1.427450917676809095e-01,1.881816146041893623e+00
1.399224336889222986e+00,-1.361437161649210470e+00
-2.946102630597289829e-01,-1.064873921808432877e+00
-5.940806465784933543e-01,-1.279754835186832362e-01
-3.950377534833848792e-01,-1.192310248001580364e+00
