0.28000000000000003,0.28000000000000003,0.28856678022155702,0.31328355474685554,0.32000000000000001,0.32000000000000001,0.39999999999999997,0.39999999999999997,0.4142209117809777,0.43999999999999995
0.28000000000000003,0.30359382675877894,0.32000000000000001,0.32000000000000001,0.32000000000000001,0.34050546780525237,0.35999999999999999,0.35999999999999999,0.35999999999999999,0.35999999999999999
0.32246157640055351,0.33017207083291378,0.35999999999999999,0.39999999999999997,0.39999999999999997,0.43999999999999995,0.43999999999999995,0.46322908468676416,0.47461713558323104,0.51999999999999991
0.28000000000000003,0.28000000000000003,0.30371898675190701,0.30815043551044374,0.34062985886476171,0.37862079542607818,0.39999999999999997,0.47401925699845715,0.55999999999999994,0.59999999999999998
0.24000000000000002,0.24000000000000002,0.24000000000000002,0.2765207333903516,0.28000000000000003,0.28000000000000003,0.39999999999999997,0.43454280577002175,0.43999999999999995,0.66853886529274509
0.32000000000000001,0.32000000000000001,0.33386140820263799,0.35999999999999999,0.35999999999999999,0.38122646551727407,0.43400380349487339,0.46604532570902357,0.47999999999999993,0.55999999999999994
0.28000000000000003,0.32000000000000001,0.35999999999999999,0.35999999999999999,0.39533956630027206,0.39999999999999997,0.39999999999999997,0.43279211531884032,0.43999999999999995,0.43999999999999995
0.35999999999999999,0.39644551143120427,0.39973172277668578,0.39999999999999997,0.43999999999999995,0.43999999999999995,0.47999999999999993,0.57769183205081009,0.59012277449500183,0.59213638897260212
0.32000000000000001,0.35999999999999999,0.39999999999999997,0.39999999999999997,0.43033747430593133,0.43999999999999995,0.47999999999999993,0.47999999999999993,0.49921047990665463,0.51999999999999991
0.39999999999999997,0.39999999999999997,0.41359076987117976,0.42535066134727284,0.43999999999999995,0.43999999999999995,0.44409328679658666,0.47999999999999993,0.51999999999999991,0.51999999999999991
0.35999999999999999,0.35999999999999999,0.35999999999999999,0.35999999999999999,0.39999999999999997,0.41714880829520051,0.43004465065015507,0.43999999999999995,0.47999999999999993,0.51999999999999991
0.28000000000000003,0.30582322253956901,0.31785424104147003,0.32000000000000001,0.35999999999999999,0.35999999999999999,0.39999999999999997,0.43999999999999995,0.43999999999999995,0.50033983497805401
0.35999999999999999,0.35999999999999999,0.35999999999999999,0.35999999999999999,0.35999999999999999,0.35999999999999999,0.47999999999999993,0.47999999999999993,0.55999999999999994,0.62733778030152632
0.35999999999999999,0.35999999999999999,0.3636905740528889,0.38118300539573358,0.42878430693816744,0.43999999999999995,0.47999999999999993,0.48621503781006853,0.50229574171905378,0.72000000000000008
0.39999999999999997,0.39999999999999997,0.4156545307849569,0.43999999999999995,0.43999999999999995,0.43999999999999995,0.46677785972212321,0.51692109147664533,0.54993922596822797,0.59999999999999998
0.29047759463939976,0.32000000000000001,0.32000000000000001,0.38664982866060599,0.39999999999999997,0.39999999999999997,0.43999999999999995,0.45021532539270492,0.48371282116543224,0.51999999999999991
0.35999999999999999,0.35999999999999999,0.36358298967010805,0.37628537709524362,0.38887671216937159,0.39999999999999997,0.39999999999999997,0.46976773605188948,0.47999999999999993,0.65201797069104939
0.32000000000000001,0.35999999999999999,0.35999999999999999,0.35999999999999999,0.37896577705021239,0.39999999999999997,0.39999999999999997,0.39999999999999997,0.43999999999999995,0.43999999999999995
0.35999999999999999,0.35999999999999999,0.35999999999999999,0.35999999999999999,0.38207344294240742,0.39999999999999997,0.43999999999999995,0.47999999999999993,0.50614491287455599,0.64000000000000001
0.37494174068943453,0.39980036103551347,0.39999999999999997,0.39999999999999997,0.39999999999999997,0.39999999999999997,0.39999999999999997,0.47999999999999993,0.51999999999999991,0.76000000000000012
0.35999999999999999,0.39999999999999997,0.39999999999999997,0.40706004829406384,0.42644980182933595,0.43999999999999995,0.49409067377294935,0.50988090029310118,0.51999999999999991,0.51999999999999991
0.32000000000000001,0.3425560963427744,0.39712195570024073,0.39999999999999997,0.39999999999999997,0.43508135786018171,0.43999999999999995,0.47645698790969809,0.47999999999999993,0.55999999999999994
0.35999999999999999,0.35999999999999999,0.41901341454610369,0.43999999999999995,0.47999999999999993,0.49927276639322554,0.51999999999999991,0.51999999999999991,0.55999999999999994,0.55999999999999994
0.35999999999999999,0.35999999999999999,0.35999999999999999,0.38013666543317171,0.43367007460088636,0.43999999999999995,0.47666419185776382,0.47999999999999993,0.55999999999999994,0.59999999999999998
0.35999999999999999,0.35999999999999999,0.35999999999999999,0.37963401403989439,0.39999999999999997,0.43999999999999995,0.43999999999999995,0.47101616717856232,0.51593500726837305,0.64000000000000001
0.35999999999999999,0.35999999999999999,0.35999999999999999,0.39999999999999997,0.39999999999999997,0.43999999999999995,0.43999999999999995,0.47999999999999993,0.62852284343602494,0.63091682112672265
0.37093264643654955,0.39999999999999997,0.39999999999999997,0.39999999999999997,0.39999999999999997,0.39999999999999997,0.47999999999999993,0.50656896936211926,0.51999999999999991,0.76000000000000012
0.3396638270037734,0.35999999999999999,0.35999999999999999,0.39500571796299816,0.39999999999999997,0.43202871155162986,0.47999999999999993,0.51999999999999991,0.51999999999999991,0.55999999999999994
0.35999999999999999,0.35999999999999999,0.38133830329728341,0.39372765126045517,0.39999999999999997,0.46538614012588003,0.47999999999999993,0.51999999999999991,0.55999999999999994,0.59999999999999998
0.39547053584686936,0.39999999999999997,0.39999999999999997,0.39999999999999997,0.41092470516403717,0.41862724377860894,0.43999999999999995,0.43999999999999995,0.43999999999999995,0.47626617818783518
0.28000000000000003,0.28000000000000003,0.29908323329915093,0.32000000000000001,0.33130145052059923,0.35999999999999999,0.35999999999999999,0.39999999999999997,0.41628947011952022,0.51999999999999991
0.35999999999999999,0.35999999999999999,0.38829126219130933,0.39999999999999997,0.39999999999999997,0.43851794013715645,0.44253833995294084,0.47999999999999993,0.51124637393463668,0.66258123078865883
0.35999999999999999,0.35999999999999999,0.39999999999999997,0.39999999999999997,0.43999999999999995,0.43999999999999995,0.47999999999999993,0.51999999999999991,0.64000000000000001,0.64000000000000001
0.32000000000000001,0.35999999999999999,0.35999999999999999,0.42578783090700767,0.43999999999999995,0.43999999999999995,0.47862398581563814,0.47999999999999993,0.55999999999999994,0.64000000000000001
0.42776743618758056,0.43504845232800887,0.43999999999999995,0.43999999999999995,0.46340414082018871,0.47999999999999993,0.47999999999999993,0.48486403845141479,0.51999999999999991,0.55999999999999994
0.3825056894308087,0.39999999999999997,0.39999999999999997,0.39999999999999997,0.42345918838135249,0.43999999999999995,0.43999999999999995,0.49846248186477193,0.57363629663364468,0.58434143351672407
0.33774864266460869,0.35999999999999999,0.35999999999999999,0.35999999999999999,0.39999999999999997,0.39999999999999997,0.39999999999999997,0.47999999999999993,0.47999999999999993,0.64000000000000001
0.39999999999999997,0.39999999999999997,0.40974301409906799,0.43999999999999995,0.43999999999999995,0.47999999999999993,0.51999999999999991,0.51999999999999991,0.51999999999999991,0.51999999999999991
0.35999999999999999,0.38060058828252369,0.43999999999999995,0.43999999999999995,0.47999999999999993,0.47999999999999993,0.50364295573834095,0.55999999999999994,0.58918584998941637,0.59999999999999998
0.30293590741933429,0.32000000000000001,0.33082713365501298,0.35999999999999999,0.35999999999999999,0.38314700064284396,0.43999999999999995,0.47999999999999993,0.47999999999999993,0.55999999999999994
0.35643942203073459,0.35999999999999999,0.35999999999999999,0.35999999999999999,0.39560978002283742,0.43999999999999995,0.43999999999999995,0.47999999999999993,0.55999999999999994,0.72000000000000008
0.39999999999999997,0.39999999999999997,0.39999999999999997,0.39999999999999997,0.41917182411644527,0.43999999999999995,0.43999999999999995,0.51664165415170293,0.51999999999999991,0.80000000000000016
0.35999999999999999,0.35999999999999999,0.39999999999999997,0.39999999999999997,0.47722294022204709,0.47999999999999993,0.47999999999999993,0.55999999999999994,0.59999999999999998,0.64000000000000001
0.42574681675056891,0.43999999999999995,0.43999999999999995,0.43999999999999995,0.45355845915399079,0.47999999999999993,0.47999999999999993,0.48983872149050556,0.55999999999999994,0.68000000000000005
0.3168843190197842,0.32000000000000001,0.32000000000000001,0.39999999999999997,0.42876772069518665,0.43999999999999995,0.43999999999999995,0.43999999999999995,0.55999999999999994,0.55999999999999994
0.3555351841193406,0.35999999999999999,0.35999999999999999,0.35999999999999999,0.39999999999999997,0.40995581896416688,0.43999999999999995,0.47999999999999993,0.55999999999999994,0.63169261398990451
0.39999999999999997,0.39999999999999997,0.39999999999999997,0.43210301025432069,0.43999999999999995,0.46685364180632832,0.47999999999999993,0.51999999999999991,0.59162213629965676,0.59999999999999998
0.35999999999999999,0.35999999999999999,0.39239233700501291,0.39999999999999997,0.43999999999999995,0.47999999999999993,0.49503656138954993,0.51999999999999991,0.55999999999999994,0.57129258035377006
0.34140545859070032,0.35999999999999999,0.3907830002418296,0.39999999999999997,0.4250941149097282,0.43999999999999995,0.43999999999999995,0.43999999999999995,0.4748292794662124,0.5944637176241383
0.32000000000000001,0.32000000000000001,0.32000000000000001,0.32000000000000001,0.32000000000000001,0.32000000000000001,0.34363554324346895,0.39999999999999997,0.39999999999999997,0.47999999999999993
0.35999999999999999,0.37028831425310316,0.39999999999999997,0.39999999999999997,0.42636937134737152,0.43999999999999995,0.43999999999999995,0.47850075177115742,0.47999999999999993,0.47999999999999993
0.35999999999999999,0.38873567383657137,0.42214687341981078,0.43999999999999995,0.43999999999999995,0.47999999999999993,0.49049685561987655,0.51999999999999991,0.52087576025845261,0.55999999999999994
0.35999999999999999,0.35999999999999999,0.35999999999999999,0.39999999999999997,0.39999999999999997,0.39999999999999997,0.43999999999999995,0.43999999999999995,0.47999999999999993,0.54543598154772988
0.35999999999999999,0.39999999999999997,0.39999999999999997,0.43999999999999995,0.46061305910821787,0.46944889913001303,0.47999999999999993,0.47999999999999993,0.51999999999999991,0.54778703109803384
0.32000000000000001,0.34693657996750388,0.35999999999999999,0.35999999999999999,0.39999999999999997,0.43999999999999995,0.49386043659599921,0.54373744218708331,0.55534947111915056,0.55999999999999994
0.3566042149091781,0.35999999999999999,0.35999999999999999,0.39999999999999997,0.39999999999999997,0.43999999999999995,0.43999999999999995,0.47999999999999993,0.47999999999999993,0.7651519414033412
0.39999999999999997,0.39999999999999997,0.39999999999999997,0.39999999999999997,0.43999999999999995,0.47999999999999993,0.47999999999999993,0.51999999999999991,0.55999999999999994,0.64000000000000001
0.35999999999999999,0.37878990849578198,0.39732932024826007,0.39999999999999997,0.43890985412548061,0.43999999999999995,0.43999999999999995,0.47999999999999993,0.55999999999999994,0.59999999999999998
0.35999999999999999,0.35999999999999999,0.35999999999999999,0.35999999999999999,0.35999999999999999,0.43999999999999995,0.43999999999999995,0.46068193999216439,0.47999999999999993,0.64000000000000001
0.41576531692216678,0.43999999999999995,0.44732519850385916,0.46761820260511616,0.47095221719470681,0.47999999999999993,0.49276042958521959,0.51999999999999991,0.55299985988430633,0.55999999999999994
0.39999999999999997,0.39999999999999997,0.43999999999999995,0.43999999999999995,0.45494385824049155,0.47611753572677623,0.51999999999999991,0.55999999999999994,0.56090022765560898,0.59999999999999998
0.33403565023863813,0.34603664339958595,0.39999999999999997,0.39999999999999997,0.39999999999999997,0.42314915970731043,0.43999999999999995,0.43999999999999995,0.47894324939308175,0.59999999999999998
0.41418578085428953,0.42857858227427409,0.45681744132512037,0.48149167345272503,0.48944902882925989,0.49284615040876018,0.51999999999999991,0.54059152241677333,0.60215780221816106,0.60545074714193869
0.35999999999999999,0.35999999999999999,0.35999999999999999,0.38799414223467699,0.39999999999999997,0.39999999999999997,0.40741039470214946,0.54974624049691145,0.55999999999999994,0.60787220355127891
0.36869402996618245,0.39721636690320333,0.39999999999999997,0.41458235250512299,0.43140201129041572,0.4606030466996241,0.46424056470631075,0.47097048504435252,0.48827653620906247,0.53832200219940207
0.3595469172982359,0.35999999999999999,0.39002799610074557,0.4078237544579783,0.43999999999999995,0.43999999999999995,0.43999999999999995,0.43999999999999995,0.55999999999999994,0.56203680165579006
0.43999999999999995,0.43999999999999995,0.43999999999999995,0.51999999999999991,0.51999999999999991,0.51999999999999991,0.52019361392482255,0.53066087116092564,0.55999999999999994,0.59999999999999998
0.41257035977511175,0.47999999999999993,0.49623218091046334,0.51013762235449878,0.51121544698781896,0.55999999999999994,0.55999999999999994,0.55999999999999994,0.6057100270385728,0.72000000000000008
0.35379932252123686,0.35999999999999999,0.39999999999999997,0.39999999999999997,0.40021267693569212,0.46565071575311434,0.47283034023443077,0.47999999999999993,0.63353093180360098,0.76580569998803094
0.35999999999999999,0.36156872070200519,0.46694618378931085,0.47999999999999993,0.48428932441634076,0.48910284577771618,0.49776775046003136,0.50570567796592292,0.51999999999999991,0.53788273584145041
0.43532930211833543,0.43999999999999995,0.45095981399100754,0.47999999999999993,0.47999999999999993,0.54004380539410113,0.58210681855768343,0.63245201719810462,0.67443843374947887,0.69989968431691429
0.38358460619739948,0.43999999999999995,0.43999999999999995,0.47419641126752932,0.47999999999999993,0.47999999999999993,0.47999999999999993,0.55999999999999994,0.58713544869192524,0.80156073279255902
0.34810961350730685,0.35999999999999999,0.37773048208508259,0.40767776991178406,0.43999999999999995,0.46507611030110541,0.47999999999999993,0.5094502021447247,0.51999999999999991,0.63362577335215375
0.32000000000000001,0.32000000000000001,0.35999999999999999,0.39999999999999997,0.40632190320162337,0.43999999999999995,0.43999999999999995,0.45980505419925016,0.55999999999999994,0.71328724736230076
0.35999999999999999,0.36777255790811519,0.39999999999999997,0.4254460313658438,0.50343123441647242,0.51999999999999991,0.51999999999999991,0.58191169960659983,0.58917907025878402,0.62466363344514264
0.39999999999999997,0.39999999999999997,0.39999999999999997,0.43999999999999995,0.47999999999999993,0.52091155081398222,0.54891323471259734,0.55482494716924113,0.55999999999999994,0.64000000000000001
0.35999999999999999,0.35999999999999999,0.37106817654048957,0.43999999999999995,0.46551750808328851,0.47999999999999993,0.47999999999999993,0.47999999999999993,0.5202893072647029,0.83502288887274323
0.39999999999999997,0.39999999999999997,0.42016328991209201,0.4321540601205226,0.43867564883413235,0.43999999999999995,0.43999999999999995,0.46179632221211908,0.47999999999999993,0.51999999999999991
0.28000000000000003,0.32000000000000001,0.32000000000000001,0.32000000000000001,0.35999999999999999,0.35999999999999999,0.39999999999999997,0.43999999999999995,0.55999999999999994,0.5828206706948873
0.32433279385028757,0.34987071639407574,0.35999999999999999,0.39999999999999997,0.39999999999999997,0.43212917956675662,0.44992652269650674,0.47999999999999993,0.5088562786159927,0.64000000000000001
0.36483782177612623,0.3991943037139889,0.39999999999999997,0.39999999999999997,0.41309487360475894,0.43999999999999995,0.45094222678138624,0.47999999999999993,0.47999999999999993,0.64000000000000001
0.32000000000000001,0.32000000000000001,0.39097510151683784,0.42574261178695766,0.43161357878418544,0.43304192388534063,0.51685763084536473,0.57542138608051907,0.57958811967068924,0.62098127080858956
0.35832742366592202,0.35999999999999999,0.35999999999999999,0.39999999999999997,0.39999999999999997,0.39999999999999997,0.47999999999999993,0.51999999999999991,0.55999999999999994,0.618538854100951
0.3548916635590742,0.35999999999999999,0.35999999999999999,0.39999999999999997,0.43999999999999995,0.43999999999999995,0.49313294620354242,0.51999999999999991,0.54352533739972486,0.56854479728346008
0.35999999999999999,0.35999999999999999,0.38164765413029766,0.38938857579189246,0.39999999999999997,0.43999999999999995,0.45398215713618062,0.47999999999999993,0.47999999999999993,0.6704699206196808
0.35999999999999999,0.35999999999999999,0.35999999999999999,0.35999999999999999,0.39999999999999997,0.43752745208459248,0.43999999999999995,0.47713866783870262,0.51999999999999991,0.55379557219781694
0.35999999999999999,0.35999999999999999,0.35999999999999999,0.43999999999999995,0.43999999999999995,0.47999999999999993,0.47999999999999993,0.50970627029105509,0.51999999999999991,0.54727215379500127
