0,0.040000000000000001,0.040000000000000001,0.056168090871903706,0.080000000000000002,0.080000000000000002,0.080000000000000002,0.10556173589485626,0.16,0.20000000000000001
0.040000000000000001,0.040000000000000001,0.065948461163115563,0.0724425938025859,0.073253965526705933,0.076199189129289899,0.080000000000000002,0.11974634957635846,0.12226243793566222,0.31949829299421267
0.02005488346566928,0.02720449129523983,0.034217810634082343,0.040000000000000001,0.040000000000000001,0.11362575532654325,0.12,0.14500437093020901,0.15099165768385944,0.31939670004527709
0.080000000000000002,0.080000000000000002,0.10478497661995106,0.11952951454218388,0.16,0.22366780574069214,0.24000000000000002,0.26189241017485032,0.35049602744218245,0.37358550812667807
0.040000000000000001,0.040000000000000001,0.040000000000000001,0.080000000000000002,0.080000000000000002,0.10029519522182126,0.17032175211554867,0.20000000000000001,0.28000000000000003,0.35281290549147221
0.080000000000000002,0.12,0.13669718974025943,0.15571794124571867,0.15753436395609521,0.17604796207555726,0.20000000000000001,0.20000000000000001,0.20000000000000001,0.26622831388812412
0.08201117585172947,0.099156418882859962,0.12,0.12,0.16,0.16253781408206974,0.16950661735372036,0.20000000000000001,0.32554404235741091,0.44817890252684855
0.040000000000000001,0.040000000000000001,0.040000000000000001,0.080000000000000002,0.080000000000000002,0.09820056292132634,0.11879269451513592,0.12,0.14021060573239194,0.20000000000000001
0.040000000000000001,0.062305848346452718,0.068418337265496829,0.07872650792695951,0.080000000000000002,0.11459010806985165,0.13543042305606454,0.177688952162327,0.20000000000000001,0.29676847066223727
0.06275082511532426,0.080000000000000002,0.080000000000000002,0.12,0.16,0.19629429374374449,0.20000000000000001,0.23636273668645361,0.26031063479274757,0.3489652400610892
0.040000000000000001,0.040000000000000001,0.040000000000000001,0.051759224572561047,0.080000000000000002,0.080000000000000002,0.10576651849185673,0.12,0.12,0.18301895799681814
0.071017582154051531,0.080000000000000002,0.080000000000000002,0.11956976916657053,0.12,0.15186891003258021,0.22557357857178295,0.23400632451134504,0.23668809254485684,0.28000000000000003
0.080000000000000002,0.080000000000000002,0.12,0.12,0.12,0.12,0.13938222541272408,0.16,0.16,0.31740392335006512
0.040000000000000001,0.06088950700188181,0.080000000000000002,0.080000000000000002,0.099753512829249519,0.12,0.13322331097243023,0.16,0.20000000000000001,0.24000000000000002
0.080000000000000002,0.080000000000000002,0.080000000000000002,0.1132475744172704,0.11698427498040562,0.12,0.16,0.18531420098213144,0.20000000000000001,0.20000000000000001
0.066412682383511445,0.080000000000000002,0.093744665424297435,0.096311392282893121,0.12,0.12,0.12,0.12,0.12,0.16
0.040000000000000001,0.040000000000000001,0.080000000000000002,0.080000000000000002,0.080000000000000002,0.085903573230578817,0.099731805207598057,0.12358732838832735,0.14103955345569344,0.15693466860989566
0.040000000000000001,0.040000000000000001,0.040000000000000001,0.095320590798235835,0.09723109977357193,0.12,0.18194543224974788,0.21079094073338944,0.29743549276870113,0.42813520371109431
0.040000000000000001,0.070142273148674272,0.080000000000000002,0.080000000000000002,0.080000000000000002,0.1505427471083646,0.16,0.17535408305458913,0.19051519255407751,0.20000000000000001
0.040000000000000001,0.060463681514546674,0.06426161085720325,0.074894914321074813,0.080000000000000002,0.10528059639806076,0.10856291554609343,0.16,0.20266205539793158,0.20811171584588392
0.080000000000000002,0.085036937262591747,0.12,0.12,0.1409855507833937,0.15976763920316572,0.16,0.16,0.23100890344057709,0.25970676385884867
0.040000000000000001,0.040000000000000001,0.0558795335597978,0.080000000000000002,0.080000000000000002,0.12,0.13985981750214416,0.14381576415556308,0.15436867842768887,0.20000000000000001
0,0,0.040000000000000001,0.080000000000000002,0.080000000000000002,0.12,0.12,0.16,0.1997414351057745,0.28000000000000003
0.040000000000000001,0.080000000000000002,0.080000000000000002,0.11248991009292547,0.12,0.16,0.16,0.24000000000000002,0.31055177495393815,0.32000000000000001
0,0.021904664438377772,0.025315387015165548,0.040000000000000001,0.040000000000000001,0.12,0.12,0.16,0.24445261113978936,0.30522706621963031
0.080000000000000002,0.080000000000000002,0.080000000000000002,0.097637804986624582,0.12,0.12,0.16,0.20000000000000001,0.28000000000000003,0.44199794912261198
0,0.020931085867986428,0.040000000000000001,0.040000000000000001,0.040000000000000001,0.040000000000000001,0.05045862250129092,0.064598026868802269,0.072952955654120036,0.080000000000000002
0.061627977184685115,0.076304991593519361,0.080000000000000002,0.080000000000000002,0.080000000000000002,0.10601376437393455,0.12,0.12,0.20000000000000001,0.44998935358044689
0.040000000000000001,0.080000000000000002,0.080000000000000002,0.10975246324525206,0.11962869287615908,0.12735259645114128,0.15624169635798749,0.16,0.26428459020570122,0.27360762233206376
0,0,0.040000000000000001,0.040000000000000001,0.040000000000000001,0.040000000000000001,0.080000000000000002,0.080000000000000002,0.080000000000000002,0.12
0.040000000000000001,0.078943558564620514,0.094453218621178447,0.12,0.12,0.12,0.12946897620555489,0.16,0.16842835710544038,0.27010582862272642
0.040000000000000001,0.040000000000000001,0.040000000000000001,0.080000000000000002,0.080000000000000002,0.080000000000000002,0.11229443830054878,0.12,0.16,0.16
0,0,0,0.034331635854876572,0.040000000000000001,0.040000000000000001,0.12,0.20000000000000001,0.20000000000000001,0.24000000000000002
0,0.040000000000000001,0.077950845008742164,0.080000000000000002,0.080000000000000002,0.080000000000000002,0.080000000000000002,0.15257849678843532,0.27781018165570814,0.28000000000000003
0.080000000000000002,0.080000000000000002,0.11978210136624544,0.12,0.12,0.12,0.16,0.16,0.16,0.24000000000000002
0.040000000000000001,0.040000000000000001,0.040000000000000001,0.040000000000000001,0.07386818298344075,0.080000000000000002,0.080000000000000002,0.16,0.20000000000000001,0.31657203325852007
0.040000000000000001,0.040000000000000001,0.040000000000000001,0.070475219222624647,0.080000000000000002,0.080000000000000002,0.080000000000000002,0.10869018753713403,0.12,0.16
0.080000000000000002,0.080000000000000002,0.080000000000000002,0.080000000000000002,0.10590017377563413,0.12,0.12,0.12,0.16,0.38420695272116201
0.031278558785322028,0.040000000000000001,0.040000000000000001,0.040000000000000001,0.040000000000000001,0.040000000000000001,0.080000000000000002,0.080000000000000002,0.20261653681636171,0.29507213476783689
0.07676371594502665,0.080000000000000002,0.080000000000000002,0.080000000000000002,0.080000000000000002,0.080000000000000002,0.080000000000000002,0.091495476857257091,0.20000000000000001,0.20000000000000001
0.080000000000000002,0.080000000000000002,0.080000000000000002,0.12,0.12,0.12,0.12,0.16,0.20000000000000001,0.28000000000000003
0.040000000000000001,0.040000000000000001,0.040000000000000001,0.059513946824919721,0.080000000000000002,0.080000000000000002,0.12,0.12,0.20000000000000001,0.20000000000000001
0.040000000000000001,0.040000000000000001,0.080000000000000002,0.080000000000000002,0.10145848892641199,0.10703082554078643,0.12,0.12,0.16,0.28000000000000003
0.040000000000000001,0.040000000000000001,0.057281960496091688,0.069221566932837,0.080000000000000002,0.080000000000000002,0.080000000000000002,0.12,0.15607777586131508,0.20000000000000001
0.040000000000000001,0.040000000000000001,0.090030151588437995,0.11560225026368293,0.12,0.12,0.16,0.16,0.20000000000000001,0.24000000000000002
0.032439221702876081,0.040000000000000001,0.040000000000000001,0.080000000000000002,0.080000000000000002,0.080000000000000002,0.11745306931622157,0.11961997347379302,0.19007822077014688,0.24000000000000002
0.07096695953017354,0.080000000000000002,0.080000000000000002,0.080000000000000002,0.080000000000000002,0.12,0.12,0.1399627972707336,0.21625161768527584,0.32000000000000001
0.040000000000000001,0.040000000000000001,0.040000000000000001,0.040000000000000001,0.080000000000000002,0.16,0.16,0.16864097266016465,0.22719608245228642,0.28000000000000003
0.040000000000000001,0.040000000000000001,0.040000000000000001,0.059715203905429379,0.080000000000000002,0.12,0.12,0.12,0.21887012847601492,0.25252283854233304
0.049761516236998732,0.061901413549588863,0.080000000000000002,0.092829758617745964,0.098425442821572964,0.11970054689562148,0.12,0.13944992392461389,0.16,0.22432838434368943
0.040000000000000001,0.065898427756821254,0.080000000000000002,0.080000000000000002,0.080000000000000002,0.096782880452969317,0.1111343669809729,0.12,0.12,0.12
0.029268680862122681,0.040000000000000001,0.040000000000000001,0.040000000000000001,0.040000000000000001,0.080000000000000002,0.080000000000000002,0.080000000000000002,0.080000000000000002,0.16
0.061720828082860751,0.077393521916075472,0.080000000000000002,0.080000000000000002,0.080000000000000002,0.11860011823780067,0.13993361690917497,0.14997161235340323,0.16,0.20000000000000001
0.028035347234995161,0.040000000000000001,0.040000000000000001,0.040000000000000001,0.040000000000000001,0.080000000000000002,0.080000000000000002,0.080000000000000002,0.16,0.23033641099851462
0,0,0,0.040000000000000001,0.040000000000000001,0.080000000000000002,0.1197630759373038,0.12,0.13978801257050041,0.15043335228949434
0,0,0,0.040000000000000001,0.040000000000000001,0.040000000000000001,0.040000000000000001,0.065231106420326687,0.12,0.16
0,0,0.03073434199740966,0.040000000000000001,0.040000000000000001,0.06045643361612936,0.076180377057501497,0.080000000000000002,0.080000000000000002,0.12
0.040000000000000001,0.058783141562849292,0.07172854951150355,0.080000000000000002,0.097572703144743589,0.11524338876981344,0.12,0.16,0.16,0.24000000000000002
0.029443529318466347,0.033697692770776194,0.040000000000000001,0.07165100144979844,0.080000000000000002,0.080000000000000002,0.1147066792059277,0.11502131041547994,0.13335400504434708,0.18464358260742891
0.040000000000000001,0.040000000000000001,0.040000000000000001,0.040000000000000001,0.040000000000000001,0.040000000000000001,0.080000000000000002,0.080000000000000002,0.14719159006860247,0.20000000000000001
0.040000000000000001,0.040000000000000001,0.040000000000000001,0.059442924872748881,0.080000000000000002,0.16,0.16,0.20000000000000001,0.25741261224321232,0.35999999999999999
0.080000000000000002,0.080000000000000002,0.080000000000000002,0.10401645196885501,0.1191951827964623,0.12,0.12,0.13898563209195192,0.14030984066836472,0.14853308211608338
0.056145538247764491,0.068778509297634044,0.080000000000000002,0.080000000000000002,0.097376355780809248,0.11009134866826349,0.11248063176563627,0.13743644495890064,0.16,0.28242464853018523
0.056645251413398191,0.080000000000000002,0.092215714993367948,0.10255468837323944,0.12,0.15065261781706663,0.16,0.16,0.19631924867221393,0.24000000000000002
0.068536325002644935,0.080000000000000002,0.080000000000000002,0.080000000000000002,0.10239345166469488,0.11310802064897099,0.14333220981728395,0.16,0.18036578696790803,0.20000000000000001
0.040000000000000001,0.06520277336274119,0.080000000000000002,0.14137764256195912,0.14975430556883862,0.16,0.16,0.20000000000000001,0.23175059847277141,0.30756156262944989
0.072522110409834362,0.080000000000000002,0.080000000000000002,0.080000000000000002,0.097077333166582125,0.10803838247205763,0.12,0.12,0.1407122409957452,0.15915511721509212
0.079532325947654442,0.080000000000000002,0.094737715739208556,0.098550132079538888,0.099424463320328393,0.10039170306466294,0.10309136563361995,0.12,0.13644534476128672,0.30602112663712439
0.040000000000000001,0.040000000000000001,0.080000000000000002,0.080000000000000002,0.1179231371164772,0.16,0.16,0.17629968946157457,0.20000000000000001,0.27208746826527541
0.040000000000000001,0.040000000000000001,0.040000000000000001,0.075095377392312243,0.080000000000000002,0.080000000000000002,0.080000000000000002,0.087698869691912332,0.092372740669753373,0.12
0.040000000000000001,0.040000000000000001,0.040000000000000001,0.04768019372831598,0.059666896882526632,0.062376401305689735,0.065348342762420339,0.073690571875025215,0.080000000000000002,0.080000000000000002
0,0,0,0,0,0.080000000000000002,0.080000000000000002,0.10043349124716128,0.12,0.16
0.040000000000000001,0.040000000000000001,0.040000000000000001,0.040000000000000001,0.06870701115038963,0.077639777246844455,0.17657317531781958,0.20000000000000001,0.24000000000000002,0.24897732100616879
0.054388306427913084,0.063942573365960528,0.080000000000000002,0.080000000000000002,0.080000000000000002,0.080000000000000002,0.080000000000000002,0.11304010241089073,0.20000000000000001,0.23509134806318696
0.040000000000000001,0.040000000000000001,0.065531605446244839,0.074337633169838602,0.080000000000000002,0.10454662473827053,0.12,0.12,0.20000000000000001,0.26870950753926265
0.040000000000000001,0.040000000000000001,0.040000000000000001,0.080000000000000002,0.080000000000000002,0.080000000000000002,0.080000000000000002,0.10069903820048472,0.14707952122994211,0.16
0,0,0,0.040000000000000001,0.040000000000000001,0.040000000000000001,0.066857148827667856,0.080000000000000002,0.080000000000000002,0.41650596931973621
0.040000000000000001,0.040000000000000001,0.049152996904152188,0.050587793523237654,0.1006995428669358,0.11973315644787602,0.155354508314029,0.19645204635175945,0.20000000000000001,0.38082256285847293
0.040000000000000001,0.040000000000000001,0.040000000000000001,0.069366634322100162,0.080000000000000002,0.080000000000000002,0.11924230956539306,0.16,0.21886328929251009,0.24000000000000002
0.035624220395975785,0.037444936141998994,0.0653781730176142,0.076794421094366974,0.080000000000000002,0.11080874359279286,0.12149359639783681,0.19473679199655269,0.20000000000000001,0.24000000000000002
0.040000000000000001,0.057468738694533145,0.080000000000000002,0.080000000000000002,0.080000000000000002,0.11642972622814785,0.11853424744448995,0.1626649152385195,0.24000000000000002,0.25607467973912079
0.086518933219338595,0.10631641388358906,0.12,0.12,0.1306448919360641,0.13319324646309066,0.15413535547575802,0.15690740556437394,0.18687506799298781,0.22896878657234246
0.080000000000000002,0.080000000000000002,0.096919881775677952,0.14825393540184165,0.16,0.16,0.17552735955742069,0.20000000000000001,0.20000000000000001,0.28000000000000003
0.055311718825034994,0.080000000000000002,0.080000000000000002,0.080000000000000002,0.15293941053366167,0.15875328722157456,0.20000000000000001,0.20000000000000001,0.22930889354334955,0.24000000000000002
0.040000000000000001,0.040000000000000001,0.059216005151795946,0.080000000000000002,0.080000000000000002,0.11751299400548619,0.11801460879018674,0.12470294386856884,0.14690410755496405,0.15113610992044491
0.040000000000000001,0.080000000000000002,0.12,0.12,0.12,0.12135495217803319,0.14867546660012851,0.20195324930594716,0.25088170519240177,0.27917137206711806
0.040000000000000001,0.040000000000000001,0.040000000000000001,0.044073148897683587,0.055583691342157682,0.075536115967324791,0.20000000000000001,0.20000000000000001,0.25785875882673548,0.35876075940801061
