0.040000000000000001,0.040000000000000001,0.080000000000000002,0.10933866183857102,0.11887289330299183,0.16,0.16,0.24000000000000002,0.24823268472467078,0.38043098891750754
0,0.040000000000000001,0.040000000000000001,0.076035777694450885,0.12,0.12916910913385116,0.13426733137057204,0.19715814547879829,0.20000000000000001,0.52739131366144409
0,0.040000000000000001,0.075779729657257877,0.080000000000000002,0.080000000000000002,0.080000000000000002,0.12,0.12,0.14807768221258394,0.16
0.040000000000000001,0.040000000000000001,0.040000000000000001,0.065469113492982872,0.086318191589470378,0.1591816534702544,0.16,0.18243364963467049,0.33869369364985785,0.47999999999999993
0.040000000000000001,0.040000000000000001,0.05570219085545975,0.063373922914043826,0.099198064621421639,0.10657782468943873,0.12,0.12,0.16,0.22697819328072844
0,0,0.018108073795769664,0.02340571725148231,0.039153910427364512,0.04255837422233736,0.057875278537431289,0.076290571372254701,0.080000000000000002,0.080302018316311521
0,0,0,0,0,0.03217988241030087,0.040000000000000001,0.040000000000000001,0.040000000000000001,0.080000000000000002
0,0.028449692384424293,0.031303273551791216,0.040000000000000001,0.040000000000000001,0.040000000000000001,0.059032452902340771,0.076246414257202161,0.09104277362161059,0.094033206982240852
0,0,0,0,0,0.027912419947870477,0.040000000000000001,0.080000000000000002,0.22780424073582092,0.27220216665825875
0,0.021549459648124755,0.036246889326190766,0.040000000000000001,0.076005993634780139,0.080000000000000002,0.11112121081973217,0.17721040577151195,0.20785026370152471,0.35932939090800509
0.019089326770517522,0.040000000000000001,0.047301910783625459,0.071134632595392641,0.080000000000000002,0.080000000000000002,0.080000000000000002,0.14847223228212586,0.17629923065198524,0.22834380406692947
0,0,0,0,0,0,0,0.0083314924350097221,0.040000000000000001,0.080000000000000002
0.040000000000000001,0.12,0.15129124345304976,0.15152298120693261,0.16,0.16,0.17403377806774037,0.1871284958820284,0.20000000000000001,0.23877868008800179
0.025469094593357784,0.080000000000000002,0.080000000000000002,0.11478028140450638,0.12,0.12,0.16,0.16,0.20000000000000001,0.24000000000000002
0.06682177866731269,0.068707897015537311,0.073568412283709125,0.080000000000000002,0.12,0.16,0.20000000000000001,0.22983596561628256,0.23323656774916077,0.26179849067306799
0.040000000000000001,0.040000000000000001,0.076756251787888904,0.080000000000000002,0.080000000000000002,0.12,0.16,0.18233636070494447,0.20000000000000001,0.28000000000000003
0.064937754401922412,0.070169129082328946,0.07734154309032365,0.080000000000000002,0.080000000000000002,0.12,0.14581211975597066,0.17740018130833768,0.2578327285517838,0.28000000000000003
0.066140316474953914,0.072916267337788276,0.073867488112966173,0.10496097623398669,0.12,0.14457688256024542,0.19890806320516646,0.28000000000000003,0.34946816600453751,0.39946421877106025
0.080000000000000002,0.080000000000000002,0.081980597479804962,0.12,0.16,0.19099689334973799,0.19979681881251501,0.22149056932292005,0.2619249056897261,0.32000000000000001
0.040000000000000001,0.040000000000000001,0.059299290759688608,0.091963869326117886,0.11053946140434959,0.11680212801518831,0.12,0.12,0.17293367713673322,0.26112318892273723
0.040000000000000001,0.060309995166150383,0.080000000000000002,0.080000000000000002,0.080000000000000002,0.10192875776901923,0.11038806896016284,0.12,0.12,0.20640324812927813
0.058593237470287614,0.077214325987853827,0.080000000000000002,0.080000000000000002,0.08180387444772258,0.10712920557815414,0.12,0.12,0.14922013552868596,0.31853692739978134
0.040000000000000001,0.080000000000000002,0.080000000000000002,0.080000000000000002,0.11840817818334815,0.12,0.12,0.12185530901682892,0.12790061934644409,0.31032898945590187
0.040000000000000001,0.071858906065358844,0.076940473602908205,0.080000000000000002,0.080000000000000002,0.11544431597861296,0.15027772862019659,0.20000000000000001,0.22264527367650519,0.27950618517216119
0.040000000000000001,0.040000000000000001,0.080000000000000002,0.12,0.13708697445852003,0.16,0.20000000000000001,0.2296339750047442,0.24000000000000002,0.24000000000000002
0.068615322494802428,0.069613314437528093,0.073636930543435009,0.080000000000000002,0.080000000000000002,0.10476186287398058,0.12,0.15648809067933547,0.20000000000000001,0.295844653937195
0.013854842751279009,0.035151270509800048,0.040000000000000001,0.043799346448090769,0.080000000000000002,0.080000000000000002,0.16,0.16314217975434075,0.18781395158866368,0.19648092494147601
0.075707846610927387,0.080000000000000002,0.080000000000000002,0.08965163154926481,0.10662847196979566,0.11722524749677354,0.11927441014171666,0.12,0.14592401532289281,0.16
0.040000000000000001,0.040000000000000001,0.080000000000000002,0.080000000000000002,0.080000000000000002,0.099912140353509454,0.12,0.23502902513429155,0.24000000000000002,0.35116703317086506
0.080000000000000002,0.080000000000000002,0.08915501476540047,0.10081665391104253,0.11968523597845282,0.12,0.16,0.19338845783253381,0.1957407232038236,0.22229367529459187
0.040000000000000001,0.040000000000000001,0.080000000000000002,0.10154993913928266,0.12,0.12833897865811802,0.14542419125078676,0.16618082840635687,0.16618618336326876,0.22868368715488713
0.080000000000000002,0.080000000000000002,0.10311781060932484,0.10959023415331672,0.12,0.14482302225127258,0.1692086061430754,0.20000000000000001,0.20126374445989412,0.29175062716390465
0.040000000000000001,0.073319461964505728,0.080000000000000002,0.080000000000000002,0.080000000000000002,0.1050111944926633,0.12,0.12,0.13962069052286943,0.28573927852587194
0.17094706857514252,0.19778863864293481,0.20000000000000001,0.20000000000000001,0.22125307437953889,0.22477806622299271,0.22693432481048922,0.22981631622641249,0.24707436193910465,0.25289810900878518
0.078761454019520075,0.083601437245329202,0.096368947742684452,0.13202383838721868,0.13329273695624022,0.15740434983173707,0.16,0.1689747357101907,0.17540432792497154,0.20000000000000001
0.080000000000000002,0.080000000000000002,0.080560283127410662,0.12,0.12,0.14670946121752565,0.20000000000000001,0.20000000000000001,0.23693290305932155,0.28000000000000003
0.099277592089766872,0.10414009236169941,0.11183895136009833,0.16,0.16972858437305319,0.17101769034104017,0.20000000000000001,0.2067859323901656,0.26439730135996714,0.32000000000000001
0.080000000000000002,0.11830797024280128,0.1245505820801599,0.14439700123441862,0.15264674381361967,0.16,0.19986441466528027,0.28000000000000003,0.31631196947012402,0.41143001460263801
0.12,0.12,0.1970108276816793,0.20635253905625969,0.20819625380415629,0.21085231358378537,0.24000000000000002,0.26458313471659661,0.30235468170888535,0.36409840618400291
0.040000000000000001,0.049415458587225729,0.070960297759385504,0.078752770949684359,0.11002696288376917,0.118617991267433,0.12,0.12,0.12,0.15918677956051272
0.072534503218659424,0.080000000000000002,0.085604780952422091,0.089396874243489521,0.13180451677005911,0.13747620538590974,0.16,0.16,0.19181065260891772,0.22485261365289347
0.026471754534463897,0.026521758023620615,0.033111014992144194,0.040000000000000001,0.040000000000000001,0.040000000000000001,0.047829855032436419,0.080000000000000002,0.16,0.19545246024691812
0.12,0.12,0.12,0.14710896868741882,0.15902831269154366,0.19090685204312879,0.21337263268160539,0.22446438113854816,0.29503473061236846,0.32000000000000001
0.040000000000000001,0.040000000000000001,0.064566177963781751,0.066881755232608808,0.10160666877295615,0.12,0.16385075239637237,0.30001431581767074,0.35999999999999999,0.38947783088773086
0.058476482381602704,0.079718738742057926,0.080000000000000002,0.080000000000000002,0.12,0.13337614313684162,0.1852935545865253,0.20000000000000001,0.24000000000000002,0.28000000000000003
0.040000000000000001,0.040000000000000001,0.080000000000000002,0.080000000000000002,0.080000000000000002,0.10881301539205565,0.12,0.12,0.1327849851376052,0.24000000000000002
0.080000000000000002,0.080000000000000002,0.082055649470128667,0.10323840151384353,0.12,0.12,0.18237136138014817,0.20000000000000001,0.23679306395341401,0.28000000000000003
0.080000000000000002,0.080000000000000002,0.080000000000000002,0.12,0.15639757012257899,0.19437168212646969,0.20000000000000001,0.20000000000000001,0.21296164880393961,0.24000000000000002
0.034434626464412033,0.040000000000000001,0.040000000000000001,0.040000000000000001,0.080000000000000002,0.12,0.16,0.16,0.16,0.20000000000000001
0.080000000000000002,0.080000000000000002,0.080000000000000002,0.080000000000000002,0.12,0.12,0.16,0.20000000000000001,0.24000000000000002,0.32000000000000001
0.067693036338907039,0.080000000000000002,0.080000000000000002,0.080000000000000002,0.12,0.12518462740260272,0.16,0.20000000000000001,0.24480420446564091,0.26140688894945613
0.031370646135419893,0.040000000000000001,0.040000000000000001,0.069479349404857838,0.075377374971420316,0.11540833753549953,0.12071252209761515,0.15955995527137171,0.16,0.20000000000000001
0.040000000000000001,0.078562314156031987,0.080000000000000002,0.080000000000000002,0.087279008868771907,0.12,0.12,0.15079172128570445,0.16,0.43999999999999995
0.040000000000000001,0.040000000000000001,0.080000000000000002,0.080000000000000002,0.080000000000000002,0.10203953986985881,0.12,0.1685213328173446,0.17064679740830041,0.20000000000000001
0.040000000000000001,0.040000000000000001,0.040000000000000001,0.040000000000000001,0.071832096363425246,0.12,0.15023116773660472,0.16,0.16,0.28000000000000003
0.040000000000000001,0.040000000000000001,0.056972919229069753,0.080000000000000002,0.080000000000000002,0.080000000000000002,0.080000000000000002,0.12,0.12,0.21671101654910332
0.080000000000000002,0.080000000000000002,0.083331389971823336,0.16345021828147296,0.20000000000000001,0.20000000000000001,0.23723312864030485,0.26890025979160093,0.28000000000000003,0.37196941996801725
0.080000000000000002,0.080000000000000002,0.110686313273305,0.12,0.12,0.13308371341307007,0.16,0.17478861901603748,0.28000000000000003,0.32000000000000001
0.040000000000000001,0.080000000000000002,0.080000000000000002,0.093732922983485983,0.11093820281276184,0.11381307803460498,0.12,0.13701977137880653,0.16,0.20000000000000001
0.047131603637198011,0.080000000000000002,0.080000000000000002,0.080000000000000002,0.080000000000000002,0.12,0.16,0.17714660394697634,0.18273439715591439,0.20000000000000001
0.040000000000000001,0.047712025294924264,0.080000000000000002,0.12,0.14418246725547332,0.15263580615926736,0.16,0.16,0.16,0.43509507816029913
0,0.040000000000000001,0.040826494917846859,0.080000000000000002,0.080000000000000002,0.12,0.16,0.18847737866500661,0.28000000000000003,0.32000000000000001
0.040000000000000001,0.040000000000000001,0.040000000000000001,0.040000000000000001,0.052325844058664354,0.062212269229282247,0.073761693902084521,0.080000000000000002,0.16,0.24000000000000002
0.040000000000000001,0.040000000000000001,0.066218448061073715,0.080000000000000002,0.087815210803976251,0.10746075824896753,0.11558876172584932,0.12,0.16,0.22337635880830622
0.01728517937701915,0.040000000000000001,0.040000000000000001,0.07491183983453395,0.080000000000000002,0.098172260191569966,0.11616654477250898,0.12,0.1348073232322505,0.2620095201018347
0,0.015785011644136211,0.018049679152761879,0.025626228086354091,0.031046601216902905,0.040000000000000001,0.080000000000000002,0.080000000000000002,0.15535169712164854,0.39376589770967596
0.0174926551919974,0.018870062752259172,0.040000000000000001,0.040000000000000001,0.055042163537585689,0.080000000000000002,0.080000000000000002,0.080000000000000002,0.080000000000000002,0.10219428382771739
0,0.040000000000000001,0.040000000000000001,0.068634571905561173,0.080000000000000002,0.12,0.12,0.13001051329836324,0.14557511823000235,0.16
0.031762224986296543,0.040000000000000001,0.063759313564676151,0.071764773271143292,0.078053093577100371,0.10499360389303714,0.15798147012707778,0.17675752773216646,0.1875246767048955,0.25923918208800639
0.040000000000000001,0.040000000000000001,0.076961712563384965,0.080000000000000002,0.093583911598502656,0.10323629803852066,0.11933502099664395,0.16,0.20000000000000001,0.27315712075765758
0.061176449285222936,0.065586170335939747,0.075820924676616358,0.11029306817968393,0.11240571318691514,0.11429875458318633,0.12,0.12851362762362256,0.17049559388673877,0.19122720152341621
0.040000000000000001,0.056044529790782671,0.059284838595669236,0.079587878796348113,0.080000000000000002,0.080000000000000002,0.080000000000000002,0.12,0.17866674691715645,0.27653517484715984
0.040000000000000001,0.090542882898363194,0.13623648743922404,0.16,0.16737332289197412,0.16950486655587538,0.20529277404201351,0.22671115031393163,0.2311126083061939,0.3886157136743662
0.06071254934385488,0.071925620813134652,0.092852753832236484,0.12,0.13741825750758652,0.16,0.17914673522123134,0.20079352293692393,0.2175046459600283,0.23122736252424034
0.040000000000000001,0.056476962600861248,0.091649462247244823,0.094159968108820852,0.10733267645358067,0.10992222789415509,0.15289215420636948,0.16,0.17614173408303488,0.29595258880617364
0.040000000000000001,0.040000000000000001,0.040000000000000001,0.077659179926063568,0.080000000000000002,0.12924117887598266,0.13024812577072528,0.13465723568523574,0.14567685952823103,0.16
0.05709874096087586,0.091424458652892282,0.10150159969679501,0.11221945130951563,0.12,0.12092226515404933,0.18063900806913769,0.21644078815610004,0.24766107302046095,0.32232347881421836
0.080000000000000002,0.11207887316143444,0.12,0.12,0.12,0.12302290844710126,0.12920699774200417,0.17015884110077312,0.20000000000000001,0.24228801115030565
0.070075041626419893,0.080000000000000002,0.090390310628627971,0.098098024984393323,0.11182009152852229,0.11909989505783916,0.12,0.1327583650792134,0.13444728798728059,0.16
0.11118199502566231,0.12,0.12,0.12,0.13879998584717748,0.16,0.19971010416335253,0.23213499960919659,0.2453770169408328,0.2567446568375118
0.12,0.12,0.14890172379369226,0.17406936249811164,0.190548991437993,0.20000000000000001,0.21539156804482912,0.28000000000000003,0.32090766324178033,0.3495352772495256
0.087534316849607566,0.12,0.13045358774982008,0.16,0.16,0.24450631103400014,0.2951559459216761,0.32083031905887799,0.34215652207393576,0.39999999999999997
0.06640728089803738,0.071361593601117629,0.080000000000000002,0.12,0.16,0.16,0.18042347584015686,0.19619747442438282,0.21220358591784019,0.23056917491943923
0.040000000000000001,0.040000000000000001,0.040000000000000001,0.063528089194331311,0.071495200027438671,0.080000000000000002,0.080000000000000002,0.080000000000000002,0.12,0.12
0.071831753608862292,0.077651623246078549,0.080000000000000002,0.090904971065992463,0.13341454605158445,0.14761158108676709,0.23853078231541927,0.23987313504261928,0.26685864209992116,0.27490377163842672
0.12,0.13300410956789344,0.15497036161466821,0.16,0.16962856165619963,0.16966653912298438,0.1911874870539842,0.20000000000000001,0.20396307808941327,0.31387698261953878
0.11138396191441086,0.12,0.12,0.13272459384628549,0.13973116824506143,0.16,0.16,0.20000000000000001,0.25759010430686025,0.31860056657028868
