0.00013636084482014925,0.00047659487764024926,0.001386571047764434,0.0015255331464887416,0.00303825719686242,0.004708705257067034,0.0066477854957710889,0.0079573910772519491,0.0086695462622624689,0.074123442651933671
0,0,0,0.00039990021779522903,0.00049752563602922036,0.00073751061889111417,0.00079897913680407242,0.0037497237486623577,0.0041382511823704763,0.040000000000000001
0.0062341043468536108,0.0095820191442803904,0.010101661483012085,0.017148949386382513,0.040000000000000001,0.040000000000000001,0.04035332162686061,0.040690631670541932,0.05111518895436426,0.080000000000000002
0.00025415047834438068,0.00043010164463080794,0.0011124741407861948,0.0014246517374122824,0.040000000000000001,0.040000000000000001,0.040195786255308709,0.040907327256075189,0.041602884232369491,0.042245377380327791
0.0011412576789724376,0.001239851133239283,0.003569530921863602,0.0039309292269816909,0.040000000000000001,0.040000000000000001,0.040000000000000001,0.041936047619012491,0.042992616559429091,0.080000000000000002
0,0.0001474985324289513,0.00039076306216312629,0.0021161984577136371,0.0058838129770658731,0.0081416026931514507,0.040000000000000001,0.040000000000000001,0.040000000000000001,0.040404943747011125
0.010477364230572515,0.014427708610414638,0.040000000000000001,0.040000000000000001,0.040000000000000001,0.040000000000000001,0.040000000000000001,0.041126768540353582,0.041467171534139813,0.04373298327267721
0.040000000000000001,0.040000000000000001,0.040000000000000001,0.040000000000000001,0.040000000000000001,0.040238363760080872,0.040560454979380565,0.040987779323403646,0.041030724463968028,0.056150460874600926
0.040000000000000001,0.040000000000000001,0.040000000000000001,0.040000000000000001,0.040000000000000001,0.040000000000000001,0.040000000000000001,0.040000000000000001,0.041674372694670475,0.042089371757970326
0.040000000000000001,0.040000000000000001,0.040000000000000001,0.040000000000000001,0.040000000000000001,0.040000000000000001,0.040000000000000001,0.041000374721860924,0.066084905379033998,0.080000000000000002
0.040000000000000001,0.040000000000000001,0.040000000000000001,0.040000000000000001,0.040269558067720479,0.040354562183215426,0.040733078773953858,0.040933243070988723,0.042792739820551762,0.080000000000000002
0.021266417482560408,0.040000000000000001,0.040000000000000001,0.040000000000000001,0.062753339472707753,0.074197924873762991,0.080000000000000002,0.080000000000000002,0.080000000000000002,0.080346242109387025
0.01898709598447778,0.024906613024338619,0.040000000000000001,0.040000000000000001,0.040738047490384691,0.041091747377137833,0.044343682755883129,0.080000000000000002,0.080000000000000002,0.080000000000000002
0.040000000000000001,0.040000000000000001,0.040000000000000001,0.040000000000000001,0.040000000000000001,0.040162916821188943,0.040451083210253293,0.040735964709016859,0.041093987608520628,0.044373375417724029
0.0023642281505619985,0.0080301059844613745,0.010954126512559717,0.018356742128473508,0.020335444573534676,0.024035666820349064,0.040000000000000001,0.040488622353386065,0.040665676033588942,0.11828511326268924
0.0019733197689630068,0.014608222835031458,0.021784015942134263,0.040000000000000001,0.040000000000000001,0.040000000000000001,0.040000000000000001,0.040098358361303807,0.04027941670413239,0.080470671761137619
0.0039464825866116701,0.01285652933112073,0.015518497929808511,0.040000000000000001,0.040000000000000001,0.040000000000000001,0.040000000000000001,0.040000000000000001,0.040000000000000001,0.040142931716607884
0.00071440856829792503,0.0019227691555063857,0.0069079729388739292,0.0073875047461516383,0.00743885044366502,0.027549586755228127,0.040000000000000001,0.040000000000000001,0.040770957448518053,0.040822439578537109
0.035731034735853068,0.040000000000000001,0.040000000000000001,0.040000000000000001,0.040000000000000001,0.040122770502125357,0.040155589793844884,0.040202921948674843,0.04077357397580305,0.080000000000000002
0.00038562939188601031,0.00068560325419614874,0.0013312917652304956,0.0014388944135645494,0.0057683373610720075,0.015560903250156261,0.040000000000000001,0.040000000000000001,0.040000000000000001,0.041300479860540161
0.0025039393775559784,0.023777517983789138,0.036468496115966545,0.040000000000000001,0.040000000000000001,0.040000000000000001,0.040000000000000001,0.040000000000000001,0.040579643540122001,0.080000000000000002
0.040000000000000001,0.040000000000000001,0.040000000000000001,0.040000000000000001,0.040000000000000001,0.040243643236276494,0.040885189401269506,0.041202599567422053,0.060067013311249487,0.12053556302628918
0.017116708506602768,0.021877235825131201,0.023426494545389337,0.040000000000000001,0.040000000000000001,0.040000000000000001,0.040625086243546452,0.041230581345926186,0.080000000000000002,0.080000000000000002
0.00032018441738625479,0.00064695689425811088,0.00073147955634584119,0.0034506633020536547,0.011728293424847,0.040000000000000001,0.040000000000000001,0.041153361779568041,0.053397608124474166,0.080000000000000002
0.0053746180300928079,0.018381988175982304,0.040000000000000001,0.040000000000000001,0.040000000000000001,0.040000000000000001,0.040000000000000001,0.040518809573456584,0.080000000000000002,0.0927996435510966
0,0,0,0,0.00099006238614077636,0.0015861689714022026,0.040000000000000001,0.040000000000000001,0.040000000000000001,0.044984045373286159
0.0068547815200604894,0.0076508408192408235,0.036844581656375067,0.040000000000000001,0.040000000000000001,0.040000000000000001,0.040000000000000001,0.040000000000000001,0.040000000000000001,0.040517986908811456
0.0065769446206451381,0.0092995525203073675,0.02933747105840066,0.029774846113666185,0.040000000000000001,0.040000000000000001,0.040000000000000001,0.040000000000000001,0.049427733803404941,0.12
0.040000000000000001,0.040000000000000001,0.040000000000000001,0.040000000000000001,0.040000000000000001,0.040000000000000001,0.040360806427318714,0.040837004605267416,0.042404661193562655,0.051655453750697564
0.035166341852201646,0.038516695047115329,0.040000000000000001,0.040000000000000001,0.040167572551644173,0.040223452770661437,0.040424603346642503,0.041842721966763689,0.045857180404953943,0.089184785615907758
0.019487397040884927,0.040000000000000001,0.040000000000000001,0.040000000000000001,0.040000000000000001,0.040000000000000001,0.040075223166421169,0.040380580071595243,0.041388501263827898,0.043314885298155616
0.040000000000000001,0.040000000000000001,0.040000000000000001,0.040000000000000001,0.040000000000000001,0.040000000000000001,0.040283790271383277,0.040387577887073235,0.040394849808247271,0.080351217249533535
0.0032253509790812797,0.040000000000000001,0.040000000000000001,0.040000000000000001,0.040000000000000001,0.040000000000000001,0.040000000000000001,0.040000000000000001,0.040000000000000001,0.04678986046743798
0.037107549872124446,0.040000000000000001,0.040000000000000001,0.040000000000000001,0.040000000000000001,0.040291033926878418,0.040552281691798198,0.040579422676024733,0.040860604408634045,0.048370672430800947
0.0090818555835667867,0.016413420278444991,0.040000000000000001,0.040000000000000001,0.040000000000000001,0.040000000000000001,0.040000000000000001,0.04007874829550321,0.042385735627189357,0.046969814939321682
0.0248497322053578,0.040000000000000001,0.040000000000000001,0.040000000000000001,0.040000000000000001,0.040000000000000001,0.040305080058353579,0.040395700109334055,0.040471684442231044,0.04244638148954781
0.040000000000000001,0.040000000000000001,0.040000000000000001,0.040000000000000001,0.040000000000000001,0.042976473946341506,0.045163157002766421,0.080000000000000002,0.080000000000000002,0.097151700015160547
0.00027051343511248007,0.00032351704724849993,0.0013269138500788282,0.036612913919025956,0.040000000000000001,0.040000000000000001,0.040000000000000001,0.040723833849554018,0.041283880092930991,0.050988060765591509
0.0042028331475920146,0.02126698225411015,0.040000000000000001,0.040000000000000001,0.040000000000000001,0.040000000000000001,0.040118675831580478,0.040201179981911667,0.040786045166835198,0.057947862973289729
0.0038868746853669752,0.024637017487400041,0.040000000000000001,0.040000000000000001,0.040000000000000001,0.040000000000000001,0.040000000000000001,0.042549370039611692,0.0458290825229914,0.083138713236967324
0.034481939325105661,0.040000000000000001,0.040000000000000001,0.040000000000000001,0.040136766986246339,0.040213825451938794,0.040316040471731748,0.040593968777996405,0.042895392893776654,0.080000000000000002
0.040000000000000001,0.040000000000000001,0.040000000000000001,0.040000000000000001,0.040000000000000001,0.040000000000000001,0.040115638438838107,0.040413595685277685,0.04249586066695922,0.080000000000000002
0.0057236101516765373,0.018745550802502148,0.040000000000000001,0.040000000000000001,0.040000000000000001,0.040000000000000001,0.040000000000000001,0.040176711658878574,0.04388480937427288,0.048862387780849031
0.040159803315382527,0.040253661126781221,0.040685440690732655,0.040908687825179632,0.042965165771275356,0.048134009713831888,0.075615059343868446,0.080000000000000002,0.080202633555892244,0.11869092047238994
0,0,0,0.0043286975539190446,0.040000000000000001,0.040000000000000001,0.040000000000000001,0.040000000000000001,0.040214396980061726,0.078479330495154098
0.0034059819406166347,0.0044470056268284463,0.0068118992387991625,0.040000000000000001,0.040000000000000001,0.040000000000000001,0.040472855955961236,0.041958813995042268,0.084052837459044308,0.1150517859981523
0.0064788944258603745,0.017191329357242758,0.028767008435339299,0.040000000000000001,0.040000000000000001,0.040000000000000001,0.040000000000000001,0.040000000000000001,0.040000000000000001,0.080000000000000002
0.0090726293327194445,0.016896303615663737,0.040000000000000001,0.040000000000000001,0.040000000000000001,0.040000000000000001,0.040000000000000001,0.042246131454533604,0.077903589196681819,0.080000000000000002
0.040000000000000001,0.040000000000000001,0.041210963709809437,0.042651879953075129,0.048244075060612172,0.056898489122216886,0.062425625137858209,0.066094470179810322,0.080000000000000002,0.080254559064021652
0.040000000000000001,0.040000000000000001,0.040000000000000001,0.040000000000000001,0.040000000000000001,0.040000000000000001,0.040628975045103585,0.061709683234661847,0.065447216923401011,0.081188379171978325
0.040000000000000001,0.040000000000000001,0.040000000000000001,0.040000000000000001,0.041695098129739303,0.042167647772414725,0.043275382427758975,0.04589592376445191,0.080000000000000002,0.080000000000000002
0.0038631354713088836,0.040000000000000001,0.040000000000000001,0.040000000000000001,0.040465391187889256,0.040801014191162339,0.061664866646370026,0.080000000000000002,0.080000000000000002,0.080335942726426468
0.012589257423633395,0.040000000000000001,0.040000000000000001,0.040000000000000001,0.040000000000000001,0.040000000000000001,0.040231951458152608,0.047472309765536923,0.080000000000000002,0.080118536633503323
0.040000000000000001,0.040000000000000001,0.040000000000000001,0.040000000000000001,0.040000000000000001,0.040000000000000001,0.040000000000000001,0.040000000000000001,0.042476217212236995,0.086985650412265247
0.040000000000000001,0.040000000000000001,0.040000000000000001,0.040000000000000001,0.040000000000000001,0.040215469071280791,0.040299695606988442,0.040757093388256019,0.043335794779756388,0.045440047292052893
0.040000000000000001,0.040000000000000001,0.040000000000000001,0.040000000000000001,0.040000000000000001,0.040324986309337812,0.043427920929352763,0.043752760497694672,0.044447820500892354,0.04842160600550173
0.040000000000000001,0.040000000000000001,0.040000000000000001,0.040203516668270496,0.040340562147863378,0.061312447328315568,0.063601667298580744,0.080000000000000002,0.080000000000000002,0.082804029260713868
0.0088797315599370968,0.022527651974795733,0.039867396069862011,0.040000000000000001,0.040000000000000001,0.040000000000000001,0.040000000000000001,0.040000000000000001,0.040000000000000001,0.040471883400363007
0.00041852052973281536,0.0019254081637216092,0.0023132308226491084,0.0039636298265075696,0.040000000000000001,0.040000000000000001,0.040000000000000001,0.040175797482151832,0.046319489332523944,0.06582946348771429
0.0050674998473271803,0.010056611591382148,0.040000000000000001,0.040000000000000001,0.040000000000000001,0.040000000000000001,0.040000000000000001,0.040732602570743563,0.043965370152880844,0.080000000000000002
0.013643886620294166,0.040000000000000001,0.040000000000000001,0.040000000000000001,0.040310296840361401,0.040318299932588911,0.040397341318524523,0.040929859219479163,0.04216266075252445,0.052528598020732231
0,0,0.00026647622054901365,0.0074646449615609614,0.013851197650222457,0.040000000000000001,0.040000000000000001,0.040000000000000001,0.047089891601586338,0.0506980698868401
0.040000000000000001,0.040000000000000001,0.040000000000000001,0.040000000000000001,0.040387399730867371,0.040529862878936271,0.040966051942816155,0.04447761764335921,0.047497368307049551,0.047572379525816035
0.040000000000000001,0.040000000000000001,0.040000000000000001,0.040000000000000001,0.040000000000000001,0.040000000000000001,0.040324078214533321,0.041785695898803273,0.044208416087571735,0.080000000000000002
0.001485218853678206,0.012808175212228663,0.019396150347204339,0.040000000000000001,0.040000000000000001,0.040000000000000001,0.040000000000000001,0.041154384291869704,0.042784190253032726,0.047082461385043572
0.013612048861149164,0.013699040256643575,0.020702043038862521,0.040000000000000001,0.040000000000000001,0.040000000000000001,0.040000000000000001,0.040000000000000001,0.040120372957516699,0.040926862702842348
0.022006214294466777,0.040000000000000001,0.040000000000000001,0.040000000000000001,0.040052924049700053,0.04014631900662128,0.040182508400725285,0.041815536097908758,0.046069616942543863,0.082932038002263841
0.040000000000000001,0.040000000000000001,0.040000000000000001,0.040000000000000001,0.040126520302621149,0.040272411583792057,0.040343801296586386,0.041639821251996383,0.044444091897906546,0.083142343098503407
0.013408652738909635,0.014729075213903939,0.021949721255396629,0.040000000000000001,0.040000000000000001,0.040000000000000001,0.040270320065000663,0.040487447919351348,0.048648322333150952,0.081060977956829067
0.040000000000000001,0.040000000000000001,0.040000000000000001,0.040000000000000001,0.040000000000000001,0.040000000000000001,0.043312412338001115,0.044282408868733997,0.066047961111033685,0.080617772019890926
0.040000000000000001,0.040000000000000001,0.040000000000000001,0.040248770096631588,0.040410373825866583,0.040668605611813895,0.040954610998128811,0.041265554603682059,0.04349508939505984,0.044341841682019677
0.040000000000000001,0.040000000000000001,0.040000000000000001,0.040000000000000001,0.040583900721494807,0.045128471382031937,0.052561141899112956,0.054158611631860726,0.057271544943997194,0.080184593530129328
0.040000000000000001,0.040000000000000001,0.040000000000000001,0.040000000000000001,0.040340184058850814,0.040401121255834976,0.040704206307926601,0.041762361397568615,0.042805097243200828,0.080000000000000002
0.0032061471791702744,0.016364897248258174,0.029247725653935866,0.035210790808772763,0.040000000000000001,0.040000000000000001,0.040000000000000001,0.04075631932855453,0.041085810582054329,0.080000000000000002
0.034927118642979177,0.040000000000000001,0.040000000000000001,0.040000000000000001,0.040000000000000001,0.040000000000000001,0.040170506770982141,0.040864294537403895,0.046100025178154334,0.081560690903846905
0.040000000000000001,0.040000000000000001,0.040000000000000001,0.040000000000000001,0.040000000000000001,0.040464290543676715,0.043883429039995363,0.045143531624503311,0.04700394720617046,0.080000000000000002
0.040000000000000001,0.040000000000000001,0.040000000000000001,0.040000000000000001,0.040190514501923999,0.040384161835310607,0.040491821585024811,0.040766495865638221,0.060123597401813077,0.080000000000000002
0.040000000000000001,0.040000000000000001,0.040000000000000001,0.040000000000000001,0.040000000000000001,0.040000000000000001,0.041169591426562749,0.041707819855666142,0.041826627942516653,0.048240873834555914
0.040000000000000001,0.040000000000000001,0.040000000000000001,0.040000000000000001,0.040000000000000001,0.040265579498614736,0.040368428406458365,0.040792432206622341,0.040873983586292496,0.080000000000000002
0.0023169516617852549,0.015134675623034236,0.040000000000000001,0.040000000000000001,0.040000000000000001,0.040000000000000001,0.040000000000000001,0.040000000000000001,0.040000000000000001,0.040131012422254045
0.040000000000000001,0.040000000000000001,0.040000000000000001,0.040000000000000001,0.040000000000000001,0.040000000000000001,0.040428110710744536,0.040875371502921955,0.076960751936593186,0.080000000000000002
0.017284753779092405,0.023733993984002322,0.029593334720875171,0.040000000000000001,0.040000000000000001,0.040000000000000001,0.040000000000000001,0.040000000000000001,0.040000000000000001,0.080296031318743674
0.011402475515936742,0.017025889867658787,0.040000000000000001,0.040000000000000001,0.040000000000000001,0.040000000000000001,0.040000000000000001,0.04254411841292232,0.046221151888037174,0.080000000000000002
0.040000000000000001,0.040000000000000001,0.040153627643216318,0.040551247195350068,0.043155758910478632,0.043873270233000368,0.080000000000000002,0.080000000000000002,0.080000000000000002,0.080000000000000002
0.040000000000000001,0.040000000000000001,0.040000000000000001,0.040000000000000001,0.040000000000000001,0.041048433097618686,0.041537957072214651,0.042295177812159017,0.062982330253789354,0.080000000000000002
0.040000000000000001,0.040000000000000001,0.040000000000000001,0.040000000000000001,0.040000000000000001,0.040000000000000001,0.040000000000000001,0.040000000000000001,0.045315847468317599,0.045721728784143517
0.040000000000000001,0.040000000000000001,0.040000000000000001,0.040000000000000001,0.040000000000000001,0.040333563872810799,0.040786857600672188,0.040831386625137453,0.042436141559904911,0.080000000000000002
0.040000000000000001,0.040000000000000001,0.040000000000000001,0.040000000000000001,0.040000000000000001,0.040000000000000001,0.040000000000000001,0.040342355849599436,0.040737706259876119,0.047730301572094944
0.031784875258538729,0.040000000000000001,0.040000000000000001,0.040000000000000001,0.040000000000000001,0.040440587766162599,0.042015325387268543,0.049841914916525253,0.054908825906537527,0.12
0.040000000000000001,0.040000000000000001,0.040000000000000001,0.040000000000000001,0.040167123005129785,0.040432160258580534,0.040540981497728487,0.041632926786498083,0.043857875244790748,0.080000000000000002
0.040000000000000001,0.040000000000000001,0.040000000000000001,0.04014270447956985,0.04045194891002659,0.040975147349817942,0.042652224959120806,0.062750963145058569,0.080000000000000002,0.080857936781638912
0.040000000000000001,0.040000000000000001,0.040000000000000001,0.040000000000000001,0.040110514338917998,0.040360818610869792,0.040650790431712928,0.041848760993476349,0.043069647717125605,0.071210519594504279
0.040000000000000001,0.040000000000000001,0.040000000000000001,0.040174480467634437,0.040316328141406205,0.045581894934698761,0.080000000000000002,0.080000000000000002,0.080000000000000002,0.080531825491481857
0.040000000000000001,0.040000000000000001,0.040000000000000001,0.040000000000000001,0.040000000000000001,0.04055930975978795,0.045812101758216831,0.080000000000000002,0.080000000000000002,0.12
0.040000000000000001,0.040000000000000001,0.040000000000000001,0.040000000000000001,0.040000000000000001,0.040326890439670679,0.040365628056162214,0.040880967714949222,0.043985700112754766,0.046864180240099577
0.040000000000000001,0.040000000000000001,0.040000000000000001,0.040000000000000001,0.040000000000000001,0.040362779602587835,0.040469132330803161,0.041338572040343559,0.052551070561627618,0.080000000000000002
0.040000000000000001,0.040000000000000001,0.040000000000000001,0.040000000000000001,0.040000000000000001,0.040000000000000001,0.040000000000000001,0.040187966292272573,0.045355449042604516,0.05117189208443939
0.040000000000000001,0.040000000000000001,0.040415778312017779,0.040460090403145778,0.044810941008630666,0.05993794784495704,0.080000000000000002,0.080000000000000002,0.080000000000000002,0.08121928571980791
0.040000000000000001,0.040000000000000001,0.040000000000000001,0.040000000000000001,0.040000000000000001,0.040000000000000001,0.040476151871567223,0.042542326708971782,0.042849074965726111,0.080000000000000002
0.040000000000000001,0.040000000000000001,0.040226843436160495,0.040239983980559384,0.040328777569863264,0.041326717478315227,0.042323947721256312,0.044765857773509214,0.050152498875612794,0.080000000000000002
0.040000000000000001,0.040000000000000001,0.040000000000000001,0.040000000000000001,0.040484546099003482,0.041731123253722045,0.041750979815821779,0.080000000000000002,0.080000000000000002,0.081222582457380399
0.040000000000000001,0.040000000000000001,0.040000000000000001,0.040000000000000001,0.0414314958573219,0.042015233412879868,0.042351539328581447,0.053891271814810196,0.080000000000000002,0.080000000000000002
0.040000000000000001,0.040000000000000001,0.040000000000000001,0.040000000000000001,0.040000000000000001,0.040000000000000001,0.040000000000000001,0.040111235844850782,0.040739095546962562,0.041483421991236974
0.040273754157745145,0.04084990979171646,0.041421622627473606,0.041889468515669576,0.042865352385245775,0.043149779033855043,0.058078342590577786,0.080000000000000002,0.080000000000000002,0.081603696744272425
0.001481905460103519,0.00225331201399823,0.040000000000000001,0.040000000000000001,0.040000000000000001,0.040000000000000001,0.040000000000000001,0.040194908131248833,0.040564929483860895,0.080000000000000002
0.040000000000000001,0.040000000000000001,0.040000000000000001,0.040000000000000001,0.04021117245253325,0.040385672165264022,0.043752200860957463,0.080000000000000002,0.080739850680120323,0.08475397045859584
0.040000000000000001,0.040000000000000001,0.040823060153539391,0.040862102631468472,0.04362327513929519,0.045570288602250909,0.053360501559634899,0.080000000000000002,0.080000000000000002,0.081803873094535198
0.0069282404790092789,0.024771706318971607,0.040000000000000001,0.040000000000000001,0.040000000000000001,0.040000000000000001,0.040000000000000001,0.043986484988968892,0.080000000000000002,0.081720576903724307
