0.040000000000000001,0.040000000000000001,0.040000000000000001,0.080000000000000002,0.10465851666034742,0.12,0.13660664509519582,0.16,0.20000000000000001,0.20000000000000001
0.11489276047854244,0.12,0.15858746402434756,0.16,0.20000000000000001,0.20000000000000001,0.2421624695005577,0.27688525562892874,0.28506488875416408,0.30060483829674922
0.080000000000000002,0.12,0.12690525209619655,0.13949479239000037,0.15164830266442164,0.15607731161026414,0.2848162374066544,0.3096061549759741,0.32532866643694097,0.37631951789530194
0.080000000000000002,0.080000000000000002,0.1079753122902786,0.10891240402926761,0.12,0.12,0.12,0.15980773380077629,0.26053386284029872,0.34044139064062495
0.040000000000000001,0.080000000000000002,0.080000000000000002,0.12,0.14105990889912298,0.20000000000000001,0.20000000000000001,0.22185792599689882,0.24000000000000002,0.25649672944176172
0.080000000000000002,0.12,0.14074987634169331,0.15936171402898033,0.16,0.16,0.18116283016894491,0.19206902644734875,0.24000000000000002,0.24872083840982859
0.080000000000000002,0.080000000000000002,0.080000000000000002,0.08551458851676319,0.12,0.13759540409347176,0.16,0.17573947988292316,0.20000000000000001,0.22685241636924036
0.080000000000000002,0.080000000000000002,0.080000000000000002,0.12,0.12,0.15270704280579045,0.17372728352797481,0.18401147451750099,0.32991107625699373,0.38122667941509719
0.06863121354356691,0.080000000000000002,0.12,0.13014733499445449,0.20000000000000001,0.20000000000000001,0.20000000000000001,0.2022683568041268,0.24949626244928746,0.31023285024995889
0.11680411402511259,0.12,0.13508482899454141,0.14161378903027294,0.15498263535057952,0.16,0.16,0.20000000000000001,0.33748004414210347,0.43999999999999995
0.040000000000000001,0.075716190054924234,0.080000000000000002,0.080000000000000002,0.10433400696296466,0.12,0.20000000000000001,0.20000000000000001,0.22611927557728845,0.35844872718756476
0.040000000000000001,0.040000000000000001,0.040000000000000001,0.080000000000000002,0.11550743538900501,0.12,0.14769589209264253,0.16,0.18590778836532232,0.24000000000000002
0.040000000000000001,0.040000000000000001,0.052610587300105233,0.080000000000000002,0.12,0.12,0.13224074528563878,0.16,0.24000000000000002,0.32000000000000001
0.080000000000000002,0.080000000000000002,0.080000000000000002,0.080000000000000002,0.080000000000000002,0.080000000000000002,0.10764901848275227,0.16,0.19179576396471085,0.29471510177638849
0.080000000000000002,0.080000000000000002,0.080000000000000002,0.10860277247654465,0.1538194902242612,0.16,0.17362599171770854,0.20000000000000001,0.25729570720656569,0.26421278046422586
0.080000000000000002,0.088375975327686457,0.11629584534713125,0.12,0.15934182781055517,0.16,0.1774845246382987,0.24383408845376597,0.25428019584778228,0.43999999999999995
0.070573776346054676,0.079964381496647585,0.080000000000000002,0.080000000000000002,0.080000000000000002,0.080000000000000002,0.095779360415480588,0.10834765136299093,0.14013272915435387,0.20000000000000001
0.12,0.12,0.12,0.16,0.16,0.17976568062958562,0.1809597087676911,0.22662353372049576,0.24000000000000002,0.28000000000000003
0.12,0.14844570301975329,0.16,0.16,0.17750616160369442,0.19978497105725571,0.20000000000000001,0.22525546134312338,0.25597056759751052,0.27433821450612539
0.080000000000000002,0.11437716932292552,0.12558099076515272,0.16,0.16478957164295377,0.2052897135092262,0.22795759910675167,0.24000000000000002,0.28000000000000003,0.32000000000000001
0.080000000000000002,0.11885743924470309,0.16,0.16,0.18386280438229244,0.18730694568914025,0.20000000000000001,0.20000000000000001,0.32724670767755715,0.35999999999999999
0.080000000000000002,0.080000000000000002,0.080000000000000002,0.080000000000000002,0.12,0.16,0.16,0.20000000000000001,0.21861629712447314,0.26834255271507113
0.040000000000000001,0.040000000000000001,0.079024181193711573,0.080000000000000002,0.080000000000000002,0.080000000000000002,0.080000000000000002,0.12,0.13922952963259735,0.18135572546069526
0.040000000000000001,0.040000000000000001,0.040000000000000001,0.080000000000000002,0.11533978568436537,0.16,0.16,0.20000000000000001,0.25930675221981964,0.32373131953714362
0.080000000000000002,0.080000000000000002,0.098203657192813112,0.12,0.12,0.12,0.19841194229123971,0.22983546067186175,0.24000000000000002,0.28000000000000003
0.080000000000000002,0.080000000000000002,0.080000000000000002,0.10579458288794046,0.12,0.12,0.17350077368102029,0.22879060395775305,0.24000000000000002,0.26752033971582206
0.040000000000000001,0.064545050700346385,0.079729933758638655,0.080000000000000002,0.1090813544873479,0.15418532367044005,0.16,0.16478744883904384,0.19263056894860628,0.28000000000000003
0.12,0.13146158087219262,0.14478909717142513,0.15695111077571344,0.20000000000000001,0.2248573842494713,0.23878772635119672,0.24000000000000002,0.24000000000000002,0.3018428307029411
0.080000000000000002,0.10005669745864207,0.12,0.14716389314168449,0.16,0.19632893966582857,0.19702549333100772,0.20000000000000001,0.20280257728831935,0.27032744459462743
0.066628858142211311,0.080000000000000002,0.080000000000000002,0.08389458647726665,0.090306431714378327,0.11177401492406697,0.11497857690836172,0.12007512695984104,0.16,0.18049078061249135
0.034952771942722248,0.036844283002620562,0.040000000000000001,0.040000000000000001,0.040000000000000001,0.080000000000000002,0.087683548311173642,0.13269397911667338,0.15241351566398365,0.17910893024393082
0.041217538440978682,0.080000000000000002,0.080000000000000002,0.12,0.12,0.12467504053858694,0.12773147124486228,0.16,0.27650511677881279,0.44047850963389135
0.036086140822833367,0.040000000000000001,0.066376743517298845,0.080000000000000002,0.088149807667143684,0.095264066082977578,0.11354565083581511,0.12,0.16,0.19946654394401378
0.067427804697547195,0.067688773030465874,0.076950906998027452,0.11524272500546483,0.12,0.15105717506983327,0.17277895944824156,0.22861686125382089,0.24000000000000002,0.41528545998438937
0.067665287875460542,0.078940274809485733,0.080000000000000002,0.080000000000000002,0.080000000000000002,0.087449561711622076,0.12,0.14322219216897808,0.16,0.17580896589423892
0.080000000000000002,0.080000000000000002,0.080000000000000002,0.12,0.12,0.12,0.13163049769164853,0.13956124663552147,0.16,0.23231906732843624
0.080000000000000002,0.080000000000000002,0.099339487369511537,0.1075765580512115,0.16,0.16,0.19608244728115387,0.22055123059509929,0.23793663103054732,0.29878330011553483
0.14905395592568171,0.15708939147621706,0.16,0.16,0.22843043529817861,0.24000000000000002,0.26513141266620832,0.29127543965272912,0.2992729115293728,0.3317252375176043
0.11890697022914165,0.12,0.12,0.15089981207100847,0.16,0.16,0.19002324303814125,0.19570421052975845,0.20000000000000001,0.28333860619976975
0.040000000000000001,0.040000000000000001,0.040000000000000001,0.040000000000000001,0.079810224435069688,0.080000000000000002,0.080000000000000002,0.12,0.14286191918938049,0.24000000000000002
0.080000000000000002,0.080000000000000002,0.080000000000000002,0.080000000000000002,0.11972455958893291,0.14808393246199064,0.16475039839928426,0.20000000000000001,0.26331233963160733,0.35999999999999999
0.080000000000000002,0.080000000000000002,0.080000000000000002,0.12,0.1353049946355285,0.16,0.20000000000000001,0.2256104424915284,0.28000000000000003,0.32000000000000001
0.11087632143290235,0.11762353098699124,0.12,0.12,0.13498310992747498,0.15354968341909614,0.1907434844624819,0.20000000000000001,0.24000000000000002,0.28000000000000003
0.11777696908664925,0.12,0.12,0.1307769320893267,0.1404578462576449,0.20000000000000001,0.21962180390740105,0.22339478483883662,0.24000000000000002,0.28000000000000003
0.10497299038605476,0.12,0.12,0.12,0.12628704704476412,0.16,0.20000000000000001,0.24000000000000002,0.24000000000000002,0.32000000000000001
0.080000000000000002,0.080000000000000002,0.080000000000000002,0.12,0.16,0.16,0.20243373564544342,0.22561582305982444,0.24667404138377802,0.28851383918379975
0.13798551286698929,0.14485173414152946,0.15682836723157204,0.16,0.16,0.16,0.18336338806526067,0.22675594457791004,0.2785134483919704,0.28000000000000003
0.088203425739572461,0.092489587951693819,0.10225932618472816,0.10614986397441281,0.12,0.13014661838742231,0.16,0.20000000000000001,0.26615730219091915,0.37151752303946978
0.080000000000000002,0.1089892641516782,0.12,0.1346993284548271,0.16,0.17357590438140399,0.20000000000000001,0.24000000000000002,0.26581616269364677,0.35999999999999999
0.080000000000000002,0.080000000000000002,0.08987330729444748,0.12,0.12,0.14305478226237378,0.20000000000000001,0.24000000000000002,0.24597572374002918,0.32000000000000001
0.080000000000000002,0.080000000000000002,0.083299384888238959,0.12,0.12,0.20000000000000001,0.21441891455020967,0.24000000000000002,0.25052202861167333,0.32000000000000001
0.11486812956305123,0.12,0.12,0.16,0.16,0.1812681457040223,0.20000000000000001,0.20000000000000001,0.24000000000000002,0.30881529470666391
0.10947827798984239,0.12,0.12,0.12,0.16,0.16,0.20000000000000001,0.24000000000000002,0.3153655815991328,0.39999999999999997
0.080000000000000002,0.10559464057758866,0.12,0.16,0.17408311665156334,0.24000000000000002,0.24000000000000002,0.24955878871715187,0.27101828020858593,0.37406727497869607
0.12,0.12,0.12,0.12220799607232624,0.16,0.16,0.20000000000000001,0.20000000000000001,0.28000000000000003,0.43102836686847285
0.080000000000000002,0.080000000000000002,0.080000000000000002,0.080000000000000002,0.080000000000000002,0.080000000000000002,0.12,0.20000000000000001,0.20000000000000001,0.22516195037224684
0.12,0.14433798471730666,0.16,0.16,0.16,0.19377454571143435,0.24000000000000002,0.31632574954684062,0.31741939788607071,0.38250596298116318
0.0889123514184499,0.12,0.12,0.12,0.16,0.18840655323553812,0.18913093305276418,0.20000000000000001,0.20000000000000001,0.20000000000000001
0.080000000000000002,0.080000000000000002,0.10208695411779463,0.10373356977849464,0.12,0.19541127244178158,0.24000000000000002,0.26667250487209698,0.27801133306233727,0.28000000000000003
0.040000000000000001,0.12,0.12,0.12,0.12,0.12,0.13948901533485328,0.14855066400829101,0.15888734033045915,0.16
0.099781320161072037,0.12,0.12,0.16,0.16,0.17921660155647112,0.18308199845644854,0.22456374972294205,0.30075166858477498,0.35999999999999999
0.040000000000000001,0.080000000000000002,0.080000000000000002,0.080000000000000002,0.15557699663693431,0.16276044422265709,0.20000000000000001,0.24000000000000002,0.24000000000000002,0.28000000000000003
0.066198609819303617,0.067363202357247298,0.080000000000000002,0.080000000000000002,0.080000000000000002,0.12,0.14781454331799018,0.16,0.16,0.21369337508272754
0.080000000000000002,0.11471239227548499,0.12,0.15337229635606162,0.16,0.1870413954096378,0.20000000000000001,0.21898522797953068,0.24000000000000002,0.30598341497606657
0.067562189057655681,0.080000000000000002,0.080000000000000002,0.080000000000000002,0.099010197675791722,0.12,0.12,0.20000000000000001,0.20000000000000001,0.28000000000000003
0.12,0.12,0.13220051378971123,0.16,0.20000000000000001,0.24000000000000002,0.28000000000000003,0.28000000000000003,0.30903673737377146,0.43148278492929909
0.080000000000000002,0.080000000000000002,0.080000000000000002,0.1141330518472948,0.12,0.12,0.15000252496691022,0.17521727206828372,0.18677838027788243,0.24497260587396788
0.040000000000000001,0.069847881477915541,0.080000000000000002,0.080000000000000002,0.12,0.12,0.12,0.19594808938861599,0.20000000000000001,0.27855452245961571
0.076497084030109033,0.080000000000000002,0.11549589073587382,0.12,0.16,0.18784601523171734,0.20000000000000001,0.21261607604180593,0.28000000000000003,0.31139000283977675
0.040000000000000001,0.040000000000000001,0.080000000000000002,0.14136544164457232,0.16,0.20000000000000001,0.29128228029402436,0.29243906672883091,0.32000000000000001,0.36063508100524755
0.07662339584049889,0.080000000000000002,0.12,0.12,0.14170722863092905,0.15617474412839044,0.18325831203118453,0.18841947218995034,0.28000000000000003,0.29005149581334438
0.080000000000000002,0.10794700100003474,0.12,0.16,0.16,0.19783804615516529,0.23485948378237659,0.23993325632729304,0.28609369011756836,0.29967344725450218
0.080000000000000002,0.080000000000000002,0.12,0.12,0.14330728230152467,0.16,0.16,0.28000000000000003,0.34881163739305532,0.35999999999999999
0.040000000000000001,0.040000000000000001,0.052032531045982856,0.058459104752399987,0.080000000000000002,0.080000000000000002,0.080000000000000002,0.12,0.12,0.28000000000000003
0.080000000000000002,0.12,0.12294701544215164,0.16204738395889023,0.20000000000000001,0.22684471635049619,0.24471634229280925,0.26364835594517699,0.31330715264591025,0.39999999999999997
0.040000000000000001,0.080000000000000002,0.080000000000000002,0.080000000000000002,0.13567864470068811,0.14823828375684306,0.20000000000000001,0.24000000000000002,0.34738489451212917,0.37562884952429826
0.040000000000000001,0.040000000000000001,0.080000000000000002,0.10145232035280605,0.16,0.18594322241005901,0.19275525773865992,0.25147146060896353,0.28000000000000003,0.28482138958864922
0.093697361792850931,0.10524234180306896,0.12,0.12,0.12,0.12,0.13536017014839682,0.2158921365220895,0.21717842840256246,0.32000000000000001
0.080000000000000002,0.12,0.16,0.16,0.16,0.20000000000000001,0.20000000000000001,0.22102804642128393,0.24000000000000002,0.39397172014083298
0.075288925065256154,0.080000000000000002,0.080000000000000002,0.12,0.12,0.14883349702788728,0.15564650627014304,0.20000000000000001,0.24000000000000002,0.29920862551049604
0.12,0.12,0.13028763491369819,0.16,0.18515448771259235,0.19085268074252493,0.20000000000000001,0.20000000000000001,0.22230505697543612,0.22595785833534371
0.080000000000000002,0.11853781995195543,0.11969352544308089,0.12,0.12,0.16,0.17694037673901858,0.19006352934200849,0.20000000000000001,0.2736152789055824
0.12,0.15768699725483579,0.16,0.16287977877896698,0.19554314938649822,0.20000000000000001,0.20000000000000001,0.20000000000000001,0.20000000000000001,0.24000000000000002
0.12,0.12,0.15010474127225626,0.15807689359688976,0.16,0.16,0.16,0.19936919570479589,0.32000000000000001,0.44439882582364981
0.12,0.12,0.12,0.12,0.12,0.12733471727182941,0.15116781230471044,0.16,0.24000000000000002,0.29748289175350706
0.099304633484293053,0.12,0.12,0.13588354202063466,0.17750745790615013,0.20000000000000001,0.20000000000000001,0.21230203812318635,0.28000000000000003,0.41834932486678861
0.065814729188401172,0.068097560388286849,0.080000000000000002,0.080000000000000002,0.080000000000000002,0.16,0.16,0.16,0.20000000000000001,0.35999999999999999
