0.001003730038368848,0.0013403817741125053,0.0015028141262357784,0.0015306407312728671,0.0022892669186458277,0.002327434400993509,0.0037149876953734545,0.011855642896962726,0.013211438502261915,0.014580783555826532
8.9524782345210525e-05,0.0013373190447075354,0.0019425191836867607,0.0028004610758064104,0.0032461107152526414,0.0078537430999259285,0.019733967031236921,0.040000000000000001,0.04024544315407691,0.064109832726291963
0.0018022548661835933,0.0020403154989056724,0.0020798385847769331,0.0023579711869537376,0.0057132194718876273,0.00595430650212823,0.0061759299413246963,0.016288514718185446,0.030549777319102338,0.040000000000000001
0.00031728793106948884,0.00035776700569156955,0.00037769435197521263,0.00072569539950894594,0.00090628037899318328,0.0009845721063551549,0.0013910736954224371,0.003891810202793184,0.014868663499778209,0.023032698919900427
0,0,0.00041071881324991508,0.00047303072652088972,0.0005530438651573954,0.00056843931340126122,0.00058930362692196162,0.00088763111644321266,0.0053035258458439287,0.014581464052646612
0.0010029446702048198,0.0038318444655527834,0.0052282890601008259,0.0072247953921240494,0.011299816150542423,0.014797995933768224,0.015824900250790697,0.033585051693312599,0.040000000000000001,0.080000000000000002
0.00066448342931752185,0.00073874903338686513,0.003410525845681116,0.010150637688402426,0.013960826884874803,0.015492497767459043,0.025844567852779686,0.027501106013628211,0.040000000000000001,0.041960029660076704
0,0.00022562608171283963,0.00082159869929702587,0.0010767312377910931,0.0019568277225564912,0.0020925669613770194,0.0039511365955017573,0.0089697418509141636,0.080000000000000002,0.080000000000000002
0.0022770827870830894,0.0026358198597500452,0.00424101876985538,0.0051292117409485402,0.014765870690588817,0.01628468611468727,0.016863592824540311,0.040000000000000001,0.040000000000000001,0.056580361654170144
0.0057059513962386121,0.0077619623656124221,0.0077773448715931981,0.0085566430359927999,0.01888418431917523,0.028010424278617604,0.031583126347546016,0.038710722098445609,0.040000000000000001,0.040000000000000001
0.0012943678640028229,0.0021751622900302685,0.0068841591580600121,0.0093844068321686756,0.012543695073858899,0.014087916178121227,0.026158776078453752,0.040428565407657394,0.043585056416233198,0.044836836095926466
0,0.00025229508915742025,0.0013158904309834819,0.0017849781897760907,0.0022846360040940351,0.010714638751660482,0.012152929327011799,0.036179410183918771,0.047371255488170422,0.080000000000000002
0.00099906665475251247,0.0015330767036972827,0.0023211824597360207,0.002921541033269053,0.0075480666426814402,0.018447963885389617,0.037296931472079228,0.040000000000000001,0.040000000000000001,0.045066833573580656
0.00023723700680722937,0.00041243521502418661,0.012034843501248154,0.024708096115356126,0.035903106092819249,0.040000000000000001,0.040000000000000001,0.040000000000000001,0.040000000000000001,0.061851202027152649
0,0.00019834709527045391,0.00067038843113177596,0.0075739847049969,0.040000000000000001,0.040298226064698059,0.040541879808243766,0.040604031111245643,0.042693983342442933,0.080000000000000002
0.0015744104301121829,0.0034817307055459339,0.0040474215428307151,0.01924236010930188,0.027502933882210277,0.040000000000000001,0.041912949433628187,0.042586481530805742,0.049317764233137849,0.080000000000000002
0.0017684360460517696,0.017992333804661108,0.02961639038788481,0.033807680484583373,0.040000000000000001,0.040000000000000001,0.040000000000000001,0.040000000000000001,0.040376347440289728,0.042376717108596876
0.040000000000000001,0.040000000000000001,0.040000000000000001,0.040000000000000001,0.040000000000000001,0.040132875059734799,0.040860017699938807,0.04186665781054362,0.042455905441544289,0.053300560549139744
0.00086954320841474322,0.0012845979912257134,0.024248911968524654,0.028518350643914146,0.040000000000000001,0.040000000000000001,0.040000000000000001,0.040000000000000001,0.040099655672793923,0.040367624685321901
0.0015079895491388936,0.0015165357595349988,0.0015450398873473256,0.019904817596437856,0.021222045334387606,0.028501008230752169,0.039201404258225221,0.040000000000000001,0.050803337888747413,0.062749512761284432
0.0030771188268828857,0.0048054417084242296,0.027716860720870637,0.035552965342941036,0.040000000000000001,0.040000000000000001,0.040000000000000001,0.040385638590176028,0.04181852500276239,0.043850096652596426
0.0017821840320942318,0.0044858218880165744,0.0063254306914125626,0.0096142653304488578,0.018692466161957133,0.021883244829315435,0.024037762699400486,0.040000000000000001,0.040000000000000001,0.04438667179884264
0.0057247111619615496,0.0061902604910818934,0.0085139304571431335,0.011979522985588768,0.036094942737863331,0.040000000000000001,0.040000000000000001,0.040000000000000001,0.040000000000000001,0.048415295770100848
0,0,0,0.0028730035622313143,0.0037737198424133409,0.0074015201775744516,0.040185694045982774,0.04079575733087891,0.041987120788639289,0.08168606803153497
0.00047605166488108461,0.0009901761236682763,0.0049423822404411717,0.0094912567501396657,0.010003553643324659,0.010360807654371341,0.040000000000000001,0.040000000000000001,0.040000000000000001,0.040459143896024639
0.0024583542203604849,0.0025103684572723808,0.0059797931837790724,0.0066422193919029697,0.010009460256241508,0.040000000000000001,0.040000000000000001,0.040000000000000001,0.040806662581857285,0.041853215604659863
0.00072026207885122833,0.0023243916889236281,0.0043431501327750735,0.0064854695571104903,0.010051711535310001,0.01224437720095195,0.040000000000000001,0.040000000000000001,0.040000000000000001,0.044990803502706095
0.0016342578707773353,0.0042692018928600084,0.012103838676397402,0.015529084561543465,0.016345586036544971,0.040000000000000001,0.040000000000000001,0.040000000000000001,0.040000000000000001,0.042213932561212038
0.0012773736665776907,0.001328769547552867,0.0015162024732004828,0.017434985562871732,0.040000000000000001,0.040193655483546843,0.043014858438623585,0.043242849639150337,0.059067269964758383,0.080000000000000002
0.027040079672068597,0.040000000000000001,0.040000000000000001,0.040000000000000001,0.041083856831941275,0.041382759857279162,0.043597822283734898,0.044407703537494174,0.047093332509080855,0.0678094792917876
0.0071243482525831263,0.0078601113867462873,0.0086768080788901091,0.02238660096055807,0.032646527268991164,0.040000000000000001,0.040000000000000001,0.040000000000000001,0.04066900565316469,0.047461433764841507
0.0083972314428042288,0.0085149105133381624,0.0098090268862857082,0.0099477808823551037,0.011004898826834935,0.017540553692141764,0.032124141503021647,0.035870834392481267,0.040000000000000001,0.040227646061019681
0,0,0,0.00040124560840204126,0.00075402335897262445,0.0054623522775713983,0.039357213243602966,0.040000000000000001,0.040000000000000001,0.04252062378816323
0.00017083898942355939,0.00057698159624775263,0.0020627176603844437,0.0036235815179432723,0.022298054671938065,0.027200932532785549,0.032754588854133952,0.033294618249193088,0.040000000000000001,0.042279326013246382
0.00046597338760812296,0.00064038566691301401,0.0016474560368906267,0.0022022958843240371,0.011376140191486885,0.018460260471105071,0.020968434964164048,0.021213994676054372,0.024539451692420194,0.040000000000000001
0,0.00062496612848864119,0.0014052300736445986,0.0091773594872797994,0.010934529081813683,0.01346132371857149,0.014266608982361227,0.01943853814852789,0.040855443373718721,0.041523388237781372
0.00016346664267299934,0.00039931535955427158,0.0012337918954454068,0.0049316619879315859,0.0076352924665839469,0.0098120259445689268,0.012570200609498726,0.013842874642364361,0.017940203382695717,0.023986796345517272
0.0092826468815645161,0.011226543020839473,0.020481143622888526,0.040000000000000001,0.040000000000000001,0.040000000000000001,0.040677446992190669,0.041990197946715525,0.043450756127024398,0.046847521146020019
0.0002377387247417273,0.00043736380126346201,0.00064647677095477734,0.0036344991810195026,0.0039733975045260278,0.0060817234594400743,0.0073172648058553343,0.026008056570741758,0.046737035260986555,0.051002994820266628
0.00026620519633975418,0.0012077531119718467,0.0072090053470704124,0.010029055181610918,0.012813779888817068,0.015286293620522603,0.040000000000000001,0.040000000000000001,0.040000000000000001,0.063461092568249181
0.00027697175578116827,0.00083855557471539653,0.00093889306019808805,0.0048261915070059464,0.021928086710456349,0.040000000000000001,0.040000000000000001,0.040000000000000001,0.040618569920800693,0.040896781510408903
0.0007845229462284122,0.0008782267225957974,0.0042776549888023322,0.0060920447663095857,0.010666456549517297,0.011528984213278958,0.016726968299086039,0.018729976889525955,0.040000000000000001,0.040936560509816346
0,0.00023653594773396063,0.00080699756373287706,0.00099731393628624959,0.003539954027686486,0.0042044079597857702,0.018902251699373616,0.038573076976029248,0.040000000000000001,0.042522471737364821
0,8.6003274219183557e-05,0.00042706187372064071,0.00046664655492382594,0.00085117936062079611,0.002245905149232434,0.01367338372826757,0.029060686563363233,0.040000000000000001,0.040000000000000001
0.006619925123452418,0.011113429674243974,0.011163219320186983,0.011546080949241163,0.016847871837658929,0.032029715593528144,0.040000000000000001,0.040000000000000001,0.040000000000000001,0.053767031036731784
0.0010283870106491328,0.0012960362994366289,0.0014739560389859826,0.0016173363760656275,0.0034573345568144941,0.010014498550012803,0.014378165589809418,0.036825683023456748,0.039136601746583524,0.040000000000000001
0.00013831745166671078,0.0004467048564987463,0.0013428268865298874,0.0014487495686210084,0.0041226487353055209,0.0042025507733180305,0.0043581358220667601,0.018928042144807991,0.045300590502096144,0.054477618917167611
0,0,0,0.00044736052592288418,0.00046088295875767137,0.0016492687709068381,0.040000000000000001,0.040000000000000001,0.040000000000000001,0.080000000000000002
0.00015211803066388245,0.00031427038629684305,0.0012999736525691685,0.0025271430028897604,0.0058605995452918795,0.02035580548862384,0.020723560190130719,0.024517569646413728,0.040000000000000001,0.040000000000000001
0.0051893170478700054,0.017442818350037727,0.033207133846101647,0.040000000000000001,0.040000000000000001,0.040000000000000001,0.040000000000000001,0.040518978075753352,0.042011492337147911,0.050603183968220375
0.0027218716472486204,0.008838514416891095,0.0094946122680292615,0.0101750525027,0.024042270577403498,0.040000000000000001,0.040136078948427058,0.040226778046773874,0.043019548696865306,0.053797567239895289
0.007230397201137018,0.00781423316803306,0.010585468458537153,0.010970584893801526,0.019367428309023896,0.024584687480272469,0.040000000000000001,0.040000000000000001,0.042159695051960336,0.045693879192386898
0,0.00085663440487546171,0.0023531400116032003,0.0074023435310848632,0.010393465432679506,0.040000000000000001,0.040000000000000001,0.051070778777863313,0.05465501187510418,0.080500405498953237
0.0006230947284739007,0.00107180190471083,0.0020446305042153747,0.0036788568453967486,0.0058530694537719712,0.0065808971064560502,0.0077588723227004757,0.033348877630327997,0.040000000000000001,0.040000000000000001
0.0060936978333738182,0.0072274913100477036,0.013576866119723514,0.01389598473275642,0.017480504733339317,0.027503385275197634,0.040000000000000001,0.040000000000000001,0.04031179970741787,0.040480393199203345
0.0037466515577593627,0.0068257605208539782,0.0073466286390086802,0.011212538672267422,0.011697935267163796,0.017867580477700498,0.020335488015459344,0.028517369228022098,0.030605780407446541,0.037126768714337233
0,0,0,0.00024810804508518366,0.00051597562126369035,0.0036358140481064075,0.0050276371086604198,0.006462005163659015,0.01629881047399211,0.040000000000000001
0.0017127284187246844,0.012522882748367959,0.013605629756967975,0.013763085360872753,0.014216985356102779,0.017253507454793805,0.019618356458382214,0.02674382678934464,0.040000000000000001,0.040000000000000001
0.0067722201117439724,0.010096941800233648,0.011412623389501504,0.01305210844951334,0.017577540287733773,0.020382317992774197,0.02100070082674314,0.035693657606313961,0.046811979027021069,0.070035170977586839
0.00032193801416403856,0.001104716426267472,0.0019191440333774666,0.0046984049137504787,0.0054062059855969754,0.018006229528576403,0.024866098421826882,0.040718796952693516,0.052165316234755482,0.05237873063175956
0.00042088212678180107,0.0005567821950527408,0.0062864083826649981,0.024207774750362596,0.02785809993630636,0.03537050096337202,0.039406822193642083,0.040000000000000001,0.040000000000000001,0.040000000000000001
0.0084174999436070035,0.0087834578572546611,0.015695521535737021,0.018903907249573595,0.024366643767619912,0.040000000000000001,0.040000000000000001,0.040000000000000001,0.040421056128945816,0.040931439434196248
0.0094050821427224783,0.014518177870265981,0.018212928412998451,0.019936095742701707,0.040000000000000001,0.040000000000000001,0.040000000000000001,0.040000000000000001,0.041397023691906357,0.048104460703131929
0.0041903349732613799,0.0057545883196620309,0.0094794726989469898,0.013168041509778074,0.0145405702526157,0.01569568902849576,0.016474757616452038,0.023064691291070291,0.040000000000000001,0.048384641274384563
0.0088642397337222179,0.011069333385680533,0.012174126097079426,0.018518470818265593,0.028109202754939711,0.035465480183094311,0.040000000000000001,0.040435755670950188,0.040743650951733233,0.0817806734864715
0.0089452572948538686,0.0091850574746844185,0.010512992807851732,0.0150235682092325,0.019719757846035742,0.032800564897432848,0.040000000000000001,0.040000000000000001,0.040467081749582079,0.040839846966237922
0.00034106401018246633,0.001200315143338287,0.0016965856780341011,0.0022582629033439214,0.0045384577668181212,0.0084587371510941832,0.017117889686145076,0.022260346512761976,0.040000000000000001,0.040000000000000001
0,0.00038985778590943146,0.00064356297914443608,0.0015162730239709913,0.0042420830430274677,0.004501909365784736,0.0091561587405955876,0.01242027721544315,0.034145547709408225,0.040000000000000001
0,0,0.00024079510064676732,0.0019031519628361752,0.0027528257257644949,0.0054046328924053652,0.016097578773611211,0.01822097266973715,0.040000000000000001,0.040217912496712922
0.0058874215242907335,0.0073714417798523175,0.017388469536439098,0.030863223229352945,0.040000000000000001,0.040000000000000001,0.040000000000000001,0.040281695900342189,0.041002859461266208,0.060736760065085757
0.0088667116383378802,0.0089140273504988207,0.019386472173085055,0.040000000000000001,0.040000000000000001,0.040000000000000001,0.040232024472028595,0.040326358808890704,0.046683206783038153,0.047314587685727591
0.008554180070110079,0.0089820132862571452,0.0097478149766219765,0.012684500228056022,0.040000000000000001,0.040000000000000001,0.040000000000000001,0.040721642841595407,0.040778039823354657,0.041453095634002318
0.00031042734058061232,0.0075704387364749466,0.018437040065217004,0.040000000000000001,0.040000000000000001,0.040000000000000001,0.040000000000000001,0.040228554455397712,0.041120692194552201,0.041144286533453207
0.0063054860548618545,0.0086280829702398872,0.009828437695672947,0.040000000000000001,0.040000000000000001,0.040000000000000001,0.040000000000000001,0.040000000000000001,0.040495267392263549,0.050456038035973018
0,0.00017786342294975335,0.0011868765105510432,0.0021203471521531437,0.0022577247019843626,0.0062327407905552971,0.019776342947726767,0.021720880661705029,0.040000000000000001,0.040380032794155682
0.0031593444433920324,0.0032939109743450388,0.0040787761399963861,0.0041685282096491361,0.0054331324504688985,0.0074471262193561757,0.03093773105619221,0.040000000000000001,0.040688347598372372,0.04321723673531639
6.9299409280337094e-05,0.00025684767667536336,0.0025202242211770681,0.0077033573640868007,0.0077512940481399648,0.011198304014010325,0.040137066049911747,0.040530222675198686,0.042917495076130116,0.051854199974494267
0.0060354083214166293,0.014491440783553952,0.01580388839357718,0.040000000000000001,0.040000000000000001,0.040000000000000001,0.040452357281029624,0.045008409392180232,0.045365361516818255,0.050062459309983577
0.00045632363932660393,0.00063672778529491614,0.00090768884314257499,0.0019724322240564306,0.0074373053738869465,0.0083958055103083434,0.010324089021408956,0.040000000000000001,0.040000000000000001,0.040000000000000001
0.00024070855156573876,0.00058133257982137879,0.0026239623815345519,0.0035699571395811673,0.01860322402810357,0.034479468789090945,0.040000000000000001,0.040000000000000001,0.040000000000000001,0.040000000000000001
0.0021333836895696366,0.0031390238428527528,0.0053645971391331777,0.011429394721066279,0.015948964956609375,0.034718270384077113,0.040000000000000001,0.042062908239436488,0.044855885474440541,0.080000000000000002
0.0015779595570611007,0.0015869501625142331,0.0022005610194050676,0.0069405132113261716,0.040000000000000001,0.040000000000000001,0.040000000000000001,0.040000000000000001,0.04017104799371285,0.043801604328304787
8.6318038841687282e-05,0.00015978350647977957,0.0012933072593962302,0.0028040467605762428,0.0029642791043559681,0.040000000000000001,0.040000000000000001,0.040000000000000001,0.040580473438585847,0.060385066375120026
0,0,0.00019473454790735293,0.00031650401241886244,0.00064324527856121042,0.0019132749164406627,0.0043828330157867253,0.012195343343377541,0.025242502317008766,0.040000000000000001
0,0,0.00012324068590119125,0.00072856597601251921,0.01432875536363191,0.02081521687749294,0.040000000000000001,0.040750351661119941,0.04088810228339191,0.04089813282923474
0,0.00017979790027939244,0.00030165885939309846,0.00070893686821831719,0.0054848067288457885,0.026918683288567086,0.040000000000000001,0.040000000000000001,0.040000000000000001,0.041138367490989231
0.00030849522998525165,0.00039806467177456388,0.0017833561149976627,0.018946044157046746,0.040000000000000001,0.040000000000000001,0.040000000000000001,0.040430839057811821,0.040506357412311102,0.040822331644117076
0.00025728290352719334,0.0003279696869261079,0.00034649218039755112,0.00054057893299364762,0.00074516892269593077,0.00081984354180896944,0.0012614973365026299,0.0081117029869692842,0.028280823136313464,0.040821212406616098
0.0010881719635008253,0.0048179323016637144,0.0050028048278303655,0.02647063442670718,0.033526662936423195,0.040000000000000001,0.040000000000000001,0.040000000000000001,0.040886603843208393,0.041905755187737571
0.00068585646107610513,0.0059716826393134692,0.040000000000000001,0.040000000000000001,0.040000000000000001,0.040000000000000001,0.040000000000000001,0.040125067561705204,0.07489087171362227,0.080216417374248478
0,0.00033967735477947683,0.00034798473051233294,0.00034878300442942034,0.0090291730001456159,0.022879901661203031,0.040000000000000001,0.040000000000000001,0.040000000000000001,0.040000000000000001
0.021976099425119761,0.03085010805298603,0.040000000000000001,0.040000000000000001,0.040000000000000001,0.040000000000000001,0.040000000000000001,0.040136498269241337,0.040602363811662281,0.047214216560691864
0.0021994992126984354,0.0054605736185012752,0.013811113144792263,0.017621728178802615,0.01808109941242653,0.040000000000000001,0.040000000000000001,0.040000000000000001,0.040000000000000001,0.04136350197719145
0.0093146821023898131,0.010902091352661215,0.019101008405341968,0.0318777409593511,0.040000000000000001,0.040000000000000001,0.040000000000000001,0.040000000000000001,0.040000000000000001,0.042751895920234866
0.0010899273779477721,0.0013254265201220088,0.0031608157360064389,0.037708069067286458,0.040000000000000001,0.040000000000000001,0.040000000000000001,0.040000000000000001,0.040000000000000001,0.055818403265779921
0.0096540951014717283,0.018133758651901612,0.040000000000000001,0.040000000000000001,0.040000000000000001,0.040000000000000001,0.040000000000000001,0.040000000000000001,0.040000000000000001,0.040000000000000001
0.038386099673006525,0.040000000000000001,0.040000000000000001,0.040000000000000001,0.040000000000000001,0.040000000000000001,0.040000000000000001,0.040000000000000001,0.040000000000000001,0.040079807152726458
0.0028409221910705501,0.010859615150486546,0.025905738894990163,0.030050600726327866,0.040000000000000001,0.040000000000000001,0.040000000000000001,0.040000000000000001,0.040449814581389937,0.040584134437816617
0.0019697847812707387,0.017956368167308709,0.040000000000000001,0.040000000000000001,0.040000000000000001,0.040000000000000001,0.040000000000000001,0.040000000000000001,0.040218093137836572,0.04331735985726072
0.00045539563757358154,0.032066533504231567,0.040000000000000001,0.040000000000000001,0.040000000000000001,0.040000000000000001,0.040000000000000001,0.040000000000000001,0.040000000000000001,0.067573557259112252
0.00032569301041835043,0.00069497022811165863,0.0028434108861817822,0.040000000000000001,0.040000000000000001,0.040000000000000001,0.040000000000000001,0.040000000000000001,0.040000000000000001,0.046489744201511272
0.00019665097124161503,0.00031165190752580735,0.00051075428751684755,0.00052178147480677313,0.027496520040346948,0.040000000000000001,0.040000000000000001,0.040000000000000001,0.040000000000000001,0.040000000000000001
0.01309674938030489,0.013667595120686341,0.014447246601621328,0.021831165996098398,0.039528523434161938,0.040000000000000001,0.040000000000000001,0.040000000000000001,0.040415699859357973,0.040562359485908736
0.00083919698839259038,0.0032011063013115421,0.004664781878125239,0.013782845069222404,0.032701333741306876,0.040000000000000001,0.040000000000000001,0.040000000000000001,0.040000000000000001,0.040321401195682366
0.0017333371776583448,0.0044576924929445446,0.0069230876165211827,0.0087527816822898508,0.012040260255170321,0.040000000000000001,0.040000000000000001,0.040000000000000001,0.040218139505733316,0.045642988086854602
0.00085970786197507132,0.0016834488056424531,0.0035003478469093491,0.0036409587874375328,0.0066405683265193883,0.030119227259909731,0.030142928527507041,0.031468791473369305,0.043028350766384456,0.043940447985348005
0.00053251942210340341,0.00070559123295146973,0.00073225856527760051,0.0012950541115563687,0.0015126184272519199,0.0019012431061584281,0.013205312221757321,0.028907436390716156,0.040000000000000001,0.040000000000000001
0,0.00056533187713385543,0.0012577355623553045,0.0051212163313574914,0.01039281468888437,0.017284327071368413,0.040000000000000001,0.040000000000000001,0.040000000000000001,0.080000000000000002
