0.040000000000000001,0.040000000000000001,0.080000000000000002,0.091082889193783878,0.11379450249921264,0.12,0.13856968896483304,0.18197264797075227,0.28000000000000003,0.39991350816986393
0.040000000000000001,0.080000000000000002,0.080000000000000002,0.080000000000000002,0.12,0.12,0.16,0.18910358358957635,0.25627808832672433,0.4727237453464132
0.080000000000000002,0.11150083935998009,0.12,0.12,0.12,0.14965843018652436,0.19709332122041187,0.19913257097740553,0.24000000000000002,0.35999999999999999
0.10984787956084935,0.11560270238064024,0.16,0.17962521811160531,0.19666241990469713,0.20000000000000001,0.20000000000000001,0.23293051479931401,0.24000000000000002,0.39451436234183779
0.12,0.12,0.12,0.12,0.12,0.16,0.18976309683906098,0.20396748776039719,0.24000000000000002,0.38718016994572046
0.040000000000000001,0.080000000000000002,0.080000000000000002,0.095242302515805066,0.12,0.19667263326240744,0.21188749399131718,0.28000000000000003,0.32882328046092379,0.36033549546655064
0.17407546723472633,0.1967091932203496,0.20000000000000001,0.20000000000000001,0.22010821311652173,0.23747259016945654,0.24000000000000002,0.25448264590302316,0.39999999999999997,0.40259826243961933
0.12,0.12,0.12,0.12,0.18926002269707673,0.24000000000000002,0.24000000000000002,0.24000000000000002,0.25944528667131456,0.28000000000000003
0.12,0.16,0.16,0.16,0.22998691559605358,0.24000000000000002,0.26117539886422309,0.28000000000000003,0.31575995137270413,0.34279096126024289
0.15735493016657209,0.16,0.16,0.16,0.20000000000000001,0.23223820377454721,0.28000000000000003,0.29829239448209699,0.37953821849759195,0.46274814405624326
0.12,0.12,0.14297330476972553,0.15303132440290776,0.16,0.16,0.16,0.20000000000000001,0.24000000000000002,0.28000000000000003
0.13801461493286207,0.14428977750352334,0.16,0.20000000000000001,0.20000000000000001,0.23395962944185794,0.24000000000000002,0.26006595792007486,0.28000000000000003,0.45699475860658006
0.12,0.12,0.1539056030250199,0.20000000000000001,0.20000000000000001,0.20000000000000001,0.24000000000000002,0.26006582584243892,0.30506725468244478,0.32000000000000001
0.12,0.12,0.12,0.12,0.12,0.14188847402357496,0.15346378911700634,0.16,0.24000000000000002,0.34160452122078755
0.1074962753192642,0.16173770394901008,0.20000000000000001,0.22841970828261454,0.24000000000000002,0.24000000000000002,0.25312312451197916,0.28000000000000003,0.29156695407550998,0.34770998794980901
0.080000000000000002,0.11607828389875594,0.12,0.12,0.12,0.12,0.16,0.19228046858813794,0.20000000000000001,0.24000000000000002
0.16,0.18041789370697214,0.20000000000000001,0.24000000000000002,0.24000000000000002,0.28000000000000003,0.29476213570425869,0.29538603495026061,0.30181689578830895,0.30464112383531994
0.080000000000000002,0.080000000000000002,0.080000000000000002,0.12,0.18094530138450135,0.20000000000000001,0.20000000000000001,0.20000000000000001,0.21027698486795998,0.2490246349517781
0.12,0.12,0.16,0.16,0.20000000000000001,0.22024624077601465,0.24000000000000002,0.24000000000000002,0.25462123038768208,0.37148186132664218
0.080000000000000002,0.12,0.14783113583013921,0.16,0.16,0.16,0.20000000000000001,0.23241724751245355,0.24000000000000002,0.28000000000000003
0.12,0.12,0.12,0.12,0.13236835162086572,0.16,0.16,0.20000000000000001,0.28000000000000003,0.45261564993731035
0.12,0.14590446469429641,0.15699072373307837,0.16,0.20000000000000001,0.20000000000000001,0.20854918853745349,0.24000000000000002,0.28000000000000003,0.33647640680926283
0.080000000000000002,0.080000000000000002,0.11646853127784326,0.12,0.12,0.14450969515504697,0.16,0.16,0.20000000000000001,0.31554111944932978
0.080000000000000002,0.080000000000000002,0.12,0.12,0.15845279825339925,0.15911967278974215,0.16,0.16,0.24000000000000002,0.35999999999999999
0.12,0.12,0.12,0.12,0.14848121757700752,0.16,0.20000000000000001,0.22729469967863755,0.24000000000000002,0.32000000000000001
0.12,0.12,0.16,0.16,0.16,0.16,0.16771922983085305,0.20000000000000001,0.21782613836543807,0.24000000000000002
0.16,0.16,0.16,0.18894679758264368,0.22486895818187819,0.23928861549556088,0.28000000000000003,0.31872399673255669,0.32000000000000001,0.51438519780300818
0.16,0.16,0.16,0.16,0.16,0.20000000000000001,0.24000000000000002,0.27402737851357623,0.28000000000000003,0.38457971597911439
0.12,0.13742631225765831,0.15653411239353426,0.16,0.20000000000000001,0.20000000000000001,0.20000000000000001,0.20000000000000001,0.28000000000000003,0.32000000000000001
0.080000000000000002,0.080000000000000002,0.12,0.16,0.16,0.18162197341391476,0.24000000000000002,0.24000000000000002,0.25100416754257804,0.32000000000000001
0.080000000000000002,0.11699174235298385,0.12,0.14834770385634108,0.16,0.16,0.20000000000000001,0.22480696717118315,0.24000000000000002,0.30709351561968318
0.080000000000000002,0.096151321046702987,0.12,0.12,0.12,0.13798631555175411,0.16,0.2272830407601211,0.24000000000000002,0.28000000000000003
0.080000000000000002,0.12,0.12,0.14079928951348272,0.16,0.17798907778382389,0.19198852703481875,0.20000000000000001,0.24000000000000002,0.28000000000000003
0.12,0.12,0.16,0.16,0.24000000000000002,0.24000000000000002,0.24960765778200844,0.28000000000000003,0.31284890488003397,0.39999999999999997
0.080000000000000002,0.080000000000000002,0.12,0.12,0.16,0.20000000000000001,0.24000000000000002,0.26354637108800061,0.28000000000000003,0.32000000000000001
0.12,0.12,0.12,0.12629325607689912,0.16,0.20000000000000001,0.20000000000000001,0.24000000000000002,0.32000000000000001,0.39999999999999997
0.12,0.12,0.12,0.12,0.15681868682718891,0.16,0.16,0.16,0.16,0.2174360740900437
0.12,0.12,0.15098232355088254,0.16,0.16,0.16,0.1845379933581425,0.18574750073949384,0.19860712476782916,0.38025286792259916
0.12,0.12,0.12,0.14437027308733108,0.16,0.16,0.20000000000000001,0.20000000000000001,0.24000000000000002,0.24000000000000002
0.12,0.12,0.12,0.16,0.16,0.18643786964136466,0.20000000000000001,0.20000000000000001,0.32000000000000001,0.35999999999999999
0.080000000000000002,0.10686871292314501,0.14712300864401345,0.16,0.16,0.20000000000000001,0.2353664840585703,0.25379674855965129,0.32000000000000001,0.32000000000000001
0.080000000000000002,0.11671554511665158,0.12,0.18728509226125864,0.21409285798543434,0.24000000000000002,0.24000000000000002,0.28000000000000003,0.29218333452734779,0.32000000000000001
0.080000000000000002,0.080000000000000002,0.080000000000000002,0.080000000000000002,0.12,0.16,0.16,0.20000000000000001,0.20000000000000001,0.21362018635425997
0.12,0.12,0.14948279232111514,0.16,0.19603113159772498,0.20000000000000001,0.20000000000000001,0.24000000000000002,0.24000000000000002,0.26930586160620701
0.080000000000000002,0.10697408794233226,0.12,0.16,0.16,0.16,0.20000000000000001,0.24000000000000002,0.24000000000000002,0.28000000000000003
0.12,0.12,0.12,0.12,0.16,0.16,0.18092646593083631,0.20000000000000001,0.20000000000000001,0.31479525625560828
0.12,0.12,0.12,0.16,0.16,0.16,0.21346087317731194,0.24441745787640573,0.32000000000000001,0.33799731156702073
0.080000000000000002,0.080000000000000002,0.080000000000000002,0.12,0.12,0.12,0.12,0.16,0.31471630546792173,0.3499076132320959
0.11438659890293328,0.12,0.12,0.12,0.12,0.20000000000000001,0.20000000000000001,0.20000000000000001,0.20000000000000001,0.47705647193262196
0.12,0.12,0.15693059107711033,0.16,0.16,0.20000000000000001,0.20089154163868198,0.24000000000000002,0.24000000000000002,0.28000000000000003
0.080000000000000002,0.080000000000000002,0.11319434690823504,0.11491797573373706,0.12,0.16,0.2020941367174455,0.24000000000000002,0.28000000000000003,0.30409696496773431
0.1385406513338471,0.16,0.16,0.20000000000000001,0.24000000000000002,0.24000000000000002,0.26816092876415226,0.27039571796039519,0.31094496253750142,0.35999999999999999
0.09944196885601711,0.099707195688591627,0.12,0.12,0.12,0.12,0.15015762182003198,0.16,0.16,0.31421135981407616
0.12,0.13787989248841995,0.16,0.16,0.16,0.20000000000000001,0.21767944316596588,0.22817928667853887,0.24000000000000002,0.32000000000000001
0.12,0.12,0.12,0.15050109110964588,0.16,0.16,0.20000000000000001,0.24821236267208613,0.32000000000000001,0.36744760562062434
0.15475066465117593,0.16,0.16,0.16,0.20000000000000001,0.20000000000000001,0.20000000000000001,0.22652269249892198,0.28000000000000003,0.35999999999999999
0.13821403068775481,0.15890324127793021,0.16,0.16,0.18446055923435237,0.20000000000000001,0.20000000000000001,0.25277150629099071,0.32000000000000001,0.395528071984658
0.080000000000000002,0.12,0.12,0.16,0.16,0.16,0.19024287460855607,0.20000000000000001,0.20000000000000001,0.28000000000000003
0.080000000000000002,0.080000000000000002,0.080000000000000002,0.080000000000000002,0.14175251553854135,0.15699912665328672,0.16,0.16,0.16,0.24000000000000002
0.080000000000000002,0.080000000000000002,0.080000000000000002,0.11516954002270302,0.12,0.12,0.14518393276845318,0.16,0.24000000000000002,0.24839815598772394
0.20000000000000001,0.20000000000000001,0.20000000000000001,0.20000000000000001,0.22447585572149409,0.24000000000000002,0.24000000000000002,0.24000000000000002,0.28000000000000003,0.32232712743506731
0.080000000000000002,0.12,0.12,0.12,0.16,0.16951489270179296,0.18166266296949185,0.1968285398540911,0.20000000000000001,0.20000000000000001
0.080000000000000002,0.080000000000000002,0.10275240450264554,0.12,0.12,0.12,0.16,0.24000000000000002,0.25877750263812643,0.28000000000000003
0.12,0.12,0.12,0.12,0.12,0.12,0.13963192953684891,0.16,0.20000000000000001,0.28000000000000003
0.040000000000000001,0.080000000000000002,0.080000000000000002,0.080000000000000002,0.12,0.12626856152850779,0.20000000000000001,0.22865680819649628,0.24000000000000002,0.32000000000000001
0.040000000000000001,0.040000000000000001,0.080000000000000002,0.080000000000000002,0.12,0.12,0.12,0.24000000000000002,0.28000000000000003,0.35256308276656384
0.040000000000000001,0.080000000000000002,0.080000000000000002,0.080000000000000002,0.10658636401157598,0.16,0.18777189956800852,0.20000000000000001,0.20000000000000001,0.24000000000000002
0.040000000000000001,0.040000000000000001,0.080000000000000002,0.12,0.12,0.12,0.12,0.16,0.16,0.24000000000000002
0.080000000000000002,0.12,0.12,0.12,0.15493682057095864,0.16,0.20000000000000001,0.24000000000000002,0.28000000000000003,0.3485777473402259
0.040000000000000001,0.040000000000000001,0.080000000000000002,0.080000000000000002,0.080000000000000002,0.12,0.12,0.12,0.12,0.20000000000000001
0.080000000000000002,0.11548114120944819,0.12,0.12,0.12,0.16,0.16,0.16652461295704893,0.20000000000000001,0.22849766588268369
0,0,0,0.040000000000000001,0.040000000000000001,0.083355623554586616,0.24000000000000002,0.28492242016050212,0.32000000000000001,0.45164969788888798
0.052671329413555887,0.060528904955093284,0.080000000000000002,0.080000000000000002,0.12,0.19562147629878779,0.20000000000000001,0.20000000000000001,0.21451668708743188,0.27000107062638712
0.093515027877943233,0.11857847190715273,0.12,0.12,0.13743114427465206,0.14838074097554402,0.22601098317210649,0.28000000000000003,0.28522935530305465,0.3085700116846693
0.040000000000000001,0.040000000000000001,0.080000000000000002,0.080000000000000002,0.12,0.12,0.12,0.13473903048770597,0.15321103010489523,0.27060521609623428
0.080000000000000002,0.080000000000000002,0.099398482610876401,0.12,0.12,0.16,0.1839834392617285,0.24000000000000002,0.25248919751498766,0.31596482401450993
0.040000000000000001,0.040000000000000001,0.040000000000000001,0.073345285156253798,0.080000000000000002,0.10456641008481191,0.1084422600166326,0.12,0.16,0.16778990938344043
0.040000000000000001,0.040000000000000001,0.080000000000000002,0.090035073061179222,0.12,0.14188301885766078,0.15389854794556429,0.1564505281395038,0.16,0.24000000000000002
0.040000000000000001,0.040000000000000001,0.057535398599300451,0.080000000000000002,0.11162039410171296,0.12,0.12,0.13667527519668898,0.24716724345678023,0.30478819751350794
0.040000000000000001,0.040000000000000001,0.040000000000000001,0.040000000000000001,0.047841711395868805,0.076489839393672765,0.080000000000000002,0.12,0.17542647241381981,0.20000000000000001
0.040000000000000001,0.040000000000000001,0.040000000000000001,0.080000000000000002,0.12,0.12,0.12,0.12,0.12,0.16
0.040000000000000001,0.040000000000000001,0.040000000000000001,0.040000000000000001,0.040000000000000001,0.080000000000000002,0.080000000000000002,0.12,0.12,0.15036536471716835
0,0.040000000000000001,0.080000000000000002,0.080000000000000002,0.11163481121798061,0.12,0.14484617891170476,0.22605911410589219,0.2577622644130359,0.30402747807324682
0.040000000000000001,0.079602322069168174,0.080000000000000002,0.080000000000000002,0.080000000000000002,0.080000000000000002,0.12,0.16,0.16,0.34395646908050859
0.040000000000000001,0.048995681779167639,0.080000000000000002,0.080000000000000002,0.080000000000000002,0.12,0.12,0.12,0.16,0.16
0.040000000000000001,0.040000000000000001,0.040000000000000001,0.058745882556991702,0.068835680107379837,0.071423277114100223,0.080000000000000002,0.11448273542773599,0.12,0.42960060559093216
0.040000000000000001,0.069101198195917174,0.080000000000000002,0.080000000000000002,0.080000000000000002,0.12,0.12892154265631428,0.16,0.16,0.23101362245970328
