0.15834931425559365,0.19359514889660631,0.21751235896218724,0.22133866952842471,0.23801765169799355,0.28000000000000003,0.32000000000000001,0.33936973104710788,0.35999999999999999,0.35999999999999999
0.15026833180594162,0.15297251937385184,0.20000000000000001,0.20000000000000001,0.20000000000000001,0.20000000000000001,0.21752001770269469,0.23346269693433144,0.32000000000000001,0.43833194324211694
0.12,0.12,0.12,0.15154869558843376,0.20000000000000001,0.24000000000000002,0.25516998967748655,0.26292288013010706,0.31081637748461377,0.32000000000000001
0.16,0.18771509673046527,0.19581614563529215,0.20000000000000001,0.20000000000000001,0.23878307551613132,0.24000000000000002,0.26789662710567708,0.27940748153289946,0.28000000000000003
0.080000000000000002,0.080000000000000002,0.094814940153146399,0.1217710644814721,0.21523028630872673,0.24000000000000002,0.24000000000000002,0.24135782364521052,0.25708590883784105,0.42168678945562277
0.080000000000000002,0.080000000000000002,0.080000000000000002,0.080000000000000002,0.12,0.12,0.12,0.14518152939047085,0.20000000000000001,0.24000000000000002
0.16,0.16016410532389602,0.16894088585001224,0.20000000000000001,0.20000000000000001,0.24000000000000002,0.27440566832286023,0.29250175671689688,0.37755391662187782,0.47327553176102771
0.12,0.13600753900888135,0.14077364611794474,0.15112113626898949,0.16672896028924228,0.20000000000000001,0.23070321919907716,0.24000000000000002,0.27127405999750415,0.30230552490094437
0.11848664943590291,0.16,0.17879137632468439,0.20000000000000001,0.20000000000000001,0.22253768267185972,0.24000000000000002,0.32000000000000001,0.32000000000000001,0.41330352915455226
0.15822174520443055,0.20000000000000001,0.24000000000000002,0.24000000000000002,0.24000000000000002,0.24000000000000002,0.27088921618436995,0.2771508721931405,0.32000000000000001,0.35212647286585125
0.19001981306882523,0.20000000000000001,0.20000000000000001,0.25889092555057658,0.28000000000000003,0.28000000000000003,0.28000000000000003,0.30942961984042483,0.35214543945861193,0.39999999999999997
0.24000000000000002,0.25796544059638044,0.27463881892055192,0.28000000000000003,0.29789908535221443,0.32000000000000001,0.33832297905939962,0.35687669096037766,0.39999999999999997,0.4101475000113024
0.18051115996138004,0.18659097929512777,0.20000000000000001,0.23577035684735231,0.24000000000000002,0.24000000000000002,0.28000000000000003,0.32000000000000001,0.32000000000000001,0.43668769749977354
0.16,0.20000000000000001,0.20000000000000001,0.22640419670333398,0.24000000000000002,0.27961638675412104,0.28675015028618211,0.32000000000000001,0.33013279291762471,0.34390517981273311
0.20000000000000001,0.21082735790558887,0.21638582612920235,0.22135062862132837,0.24000000000000002,0.26262539541222735,0.27093058213252846,0.28000000000000003,0.28000000000000003,0.32000000000000001
0.16,0.1761255166181506,0.19769510974631668,0.20000000000000001,0.24000000000000002,0.24361485968037122,0.27311469961298701,0.28976959913882,0.30656138431149771,0.35051990094780222
0.24000000000000002,0.24000000000000002,0.24000000000000002,0.24000000000000002,0.28000000000000003,0.31158066442571375,0.35548998728061676,0.35999999999999999,0.37330975852132214,0.44628116981281368
0.20000000000000001,0.20000000000000001,0.23344532512319266,0.25797163577755899,0.28000000000000003,0.28000000000000003,0.2959963927590844,0.35316661349607398,0.37309183995874784,0.39999999999999997
0.16,0.16,0.20000000000000001,0.20000000000000001,0.20000000000000001,0.20000000000000001,0.25850763580113462,0.28000000000000003,0.28000000000000003,0.47611678520727957
0.20000000000000001,0.20000000000000001,0.24000000000000002,0.25762378021333643,0.26143925155361908,0.28000000000000003,0.28000000000000003,0.28000000000000003,0.35999999999999999,0.37048872976030411
0.20000000000000001,0.22930823123720459,0.24000000000000002,0.26805274797484718,0.28000000000000003,0.28000000000000003,0.28000000000000003,0.35072493976755953,0.35999999999999999,0.35999999999999999
0.20000000000000001,0.20000000000000001,0.22377070936555979,0.24000000000000002,0.25126626881026026,0.26313837219452468,0.28000000000000003,0.32000000000000001,0.32000000000000001,0.38410965469358416
0.19026822406953817,0.20000000000000001,0.20000000000000001,0.24000000000000002,0.24000000000000002,0.25085494119915358,0.32000000000000001,0.32000000000000001,0.35172128222414323,0.47999999999999993
0.16,0.19050119657045514,0.19703420357972665,0.20000000000000001,0.20000000000000001,0.20000000000000001,0.27800416190925753,0.28000000000000003,0.29514107875687468,0.29644913000660345
0.16,0.20000000000000001,0.20000000000000001,0.20000000000000001,0.21879187271559977,0.25186807750480011,0.28000000000000003,0.29745368238295833,0.34276969203743402,0.35999999999999999
0.20000000000000001,0.20000000000000001,0.20000000000000001,0.20267812178584202,0.23958797468141282,0.24000000000000002,0.28000000000000003,0.35999999999999999,0.35999999999999999,0.37916841946499125
0.15491382880548252,0.16,0.16,0.16,0.24000000000000002,0.24000000000000002,0.24000000000000002,0.27971581139633622,0.28752532570291905,0.313182851919665
0.22510345117027919,0.22950993275842221,0.24000000000000002,0.24000000000000002,0.24000000000000002,0.24000000000000002,0.27785098875256187,0.28000000000000003,0.35999999999999999,0.46743967429181715
0.12,0.12,0.12,0.19274942173689846,0.20000000000000001,0.24000000000000002,0.24000000000000002,0.28000000000000003,0.29613435053212228,0.35345809953584723
0.16,0.16,0.16,0.20000000000000001,0.20000000000000001,0.26998070641068139,0.28000000000000003,0.28862943612072645,0.36560532698144244,0.43999999999999995
0.15300816184503277,0.20000000000000001,0.20000000000000001,0.24000000000000002,0.24000000000000002,0.28000000000000003,0.28000000000000003,0.30563326231670279,0.31246133587043107,0.35999999999999999
0.12,0.12585407918745423,0.16,0.19301757814919687,0.24000000000000002,0.24000000000000002,0.24000000000000002,0.28000000000000003,0.29490226700683581,0.32005062714718074
0.12,0.12,0.16,0.16,0.16,0.16,0.17845828894418214,0.18604786575671453,0.26200682516270912,0.41151171742302284
0.16,0.17513662735480065,0.20000000000000001,0.22861517678257404,0.24000000000000002,0.24000000000000002,0.28000000000000003,0.28006779413461225,0.32000000000000001,0.35999999999999999
0.16,0.16,0.20000000000000001,0.20000000000000001,0.20000000000000001,0.20000000000000001,0.24399831779049314,0.2814352389630706,0.35999999999999999,0.43385640096066441
0.12,0.12,0.13308187437455016,0.14066925673267128,0.18177676229993814,0.20000000000000001,0.28000000000000003,0.28000000000000003,0.28000000000000003,0.32000000000000001
0.20000000000000001,0.20107591305761494,0.22188056937614969,0.24000000000000002,0.2757877627366086,0.28000000000000003,0.28000000000000003,0.32000000000000001,0.35999999999999999,0.39999999999999997
0.12,0.14233579563762197,0.16,0.19129115761715848,0.20000000000000001,0.20000000000000001,0.21665162228913126,0.24000000000000002,0.28000000000000003,0.39745120118978855
0.16,0.16,0.20000000000000001,0.20000000000000001,0.20000000000000001,0.21406830827101922,0.24000000000000002,0.26616078914957614,0.27286379776553571,0.35848112076769967
0.12,0.12568291425195624,0.16,0.16,0.17940191063866459,0.20000000000000001,0.20000000000000001,0.20000000000000001,0.24000000000000002,0.28000000000000003
0.10447623586132511,0.10849806462828637,0.11890301212313326,0.12,0.16,0.16,0.24000000000000002,0.26391011992054797,0.28975823187991917,0.30996661275455267
0.13170441065757726,0.14247098464669997,0.16,0.16,0.17512599299823314,0.18045774102434828,0.20000000000000001,0.23875782926875769,0.31662770778307436,0.3586374380935109
0.14406670704661129,0.16,0.16,0.16,0.20000000000000001,0.22269716046932475,0.23385936621533113,0.24000000000000002,0.33946936162799524,0.35999999999999999
0.14531433769734536,0.16,0.16,0.16,0.20000000000000001,0.20000000000000001,0.20000000000000001,0.23889442501181823,0.26437694887122676,0.28000000000000003
0.16,0.16,0.18416334142554697,0.19932903573097602,0.20000000000000001,0.23161347138150426,0.24000000000000002,0.30281577404870669,0.32000000000000001,0.35165723021278739
0.12,0.12,0.12,0.16,0.16,0.16154568946997933,0.17077965216535793,0.28000000000000003,0.29922705327954652,0.35994647342732194
0.11259428185095124,0.11759004043457894,0.12,0.12,0.16,0.16,0.18300935032541746,0.20000000000000001,0.23404906139620385,0.29180468910257906
0.15150687062660456,0.16,0.18736346969026382,0.20000000000000001,0.24000000000000002,0.24000000000000002,0.24753620616320088,0.26946420754069278,0.27446162438011235,0.32000000000000001
0.080000000000000002,0.099154439054781968,0.12,0.16,0.16,0.19550975107473784,0.20000000000000001,0.30730004954475515,0.38214601377472812,0.38534362113011189
0.16,0.16,0.16,0.19272546421679532,0.19390907184345912,0.20000000000000001,0.24000000000000002,0.28000000000000003,0.31012335269832159,0.32000000000000001
0.13785456345258118,0.14062850903708424,0.16,0.17258242933008,0.20000000000000001,0.20000000000000001,0.21642815783914429,0.21739399494027112,0.24000000000000002,0.24000000000000002
0.16,0.16,0.16,0.16,0.16,0.20266038854427323,0.24000000000000002,0.25418763013474327,0.26739612853064038,0.4238260814126652
0.16072343919890486,0.16093636751632487,0.20000000000000001,0.2374367545795153,0.24000000000000002,0.28001115739865656,0.34520920300792846,0.36893380460624714,0.4247942106508269,0.48390297331720877
0.16,0.16,0.19749681173155373,0.20000000000000001,0.25582536082958329,0.26170520647697582,0.26777792608707646,0.2678768751565293,0.33791530539613346,0.34542427501338269
0.20000000000000001,0.20000000000000001,0.23263908641385259,0.2707222618491229,0.28000000000000003,0.28000000000000003,0.30365952797433837,0.35747945729900171,0.35999999999999999,0.37095157534632534
0.21267175001591498,0.22649532151346483,0.23109833303417404,0.23118047218778529,0.24000000000000002,0.31713704032548562,0.31955829740618868,0.3437572794980292,0.34873708357957289,0.35906397030659937
0.20101802475350825,0.22848470852944033,0.24000000000000002,0.24000000000000002,0.26855322166482576,0.32000000000000001,0.32000000000000001,0.32484587162512168,0.35892775795526238,0.42463658988048447
0.19988721455718791,0.20000000000000001,0.20000000000000001,0.20000000000000001,0.22463400861585381,0.2891918912477649,0.29298098467854566,0.32000000000000001,0.35999999999999999,0.61102275889925528
0.12,0.12,0.14462801631594363,0.20000000000000001,0.20000000000000001,0.20000000000000001,0.20935919354012786,0.24000000000000002,0.25462704063439556,0.32000000000000001
0.16,0.16,0.20000000000000001,0.21855423554563969,0.22500668924536846,0.24000000000000002,0.24000000000000002,0.2643524645400116,0.27268015628453196,0.31625514217988537
0.12,0.12,0.16,0.16,0.16,0.23218108079848743,0.27308115298396468,0.29093830966617612,0.30915948996676329,0.31282265809872745
0.16,0.1832221306671836,0.20000000000000001,0.20000000000000001,0.24539477019047426,0.26772164812818,0.31536560531605978,0.32000000000000001,0.32000000000000001,0.32282715795184108
0.080000000000000002,0.10405694371384416,0.12,0.12,0.12,0.17219544077460536,0.20000000000000001,0.20013345400293664,0.27582098734500021,0.30811701354075316
0.16,0.16,0.20000000000000001,0.25048955380166926,0.2524899607870601,0.26413833441655499,0.26996006749483781,0.28014165482319303,0.30108601762047343,0.35999999999999999
0.16,0.16,0.16,0.16,0.16,0.28000000000000003,0.28000000000000003,0.28000000000000003,0.32000000000000001,0.32000000000000001
0.12,0.12,0.12,0.14604934198899608,0.16,0.16,0.16,0.16,0.18763296568597518,0.20000000000000001
0.16,0.18896273308047237,0.20000000000000001,0.23183815553143905,0.24000000000000002,0.24814646057136822,0.26775456714437929,0.30962145810455538,0.35155605341511015,0.37756170145674428
0.12,0.12,0.12840747414881545,0.16,0.20000000000000001,0.20000000000000001,0.24000000000000002,0.32000000000000001,0.35999999999999999,0.35999999999999999
0.17312420014518975,0.19257961954385175,0.20000000000000001,0.20000000000000001,0.20000000000000001,0.20000000000000001,0.20000000000000001,0.20000000000000001,0.28000000000000003,0.43999999999999995
0.16,0.16,0.16,0.21692056992529885,0.23480358758027228,0.28000000000000003,0.28000000000000003,0.29803028911235963,0.32000000000000001,0.5073945586984101
0.16,0.20000000000000001,0.20000000000000001,0.20000000000000001,0.20000000000000001,0.22235320112763132,0.3063726997806106,0.3115258371915422,0.32000000000000001,0.47999999999999993
0.20000000000000001,0.24000000000000002,0.24000000000000002,0.24000000000000002,0.24000000000000002,0.24000000000000002,0.25357762709505799,0.28000000000000003,0.29896752609222976,0.35999999999999999
0.15943556404617873,0.16,0.16,0.17747412142473706,0.20000000000000001,0.20000000000000001,0.24000000000000002,0.32000000000000001,0.32000000000000001,0.39999999999999997
0.19475424757521212,0.2410907987118088,0.26623948019738053,0.2708592449581233,0.35999999999999999,0.3696390436896525,0.37896217120780895,0.39999999999999997,0.44380064923373114,0.45322218544238119
0.13935923340270792,0.16,0.16,0.16,0.16,0.18348662916576125,0.24000000000000002,0.28000000000000003,0.35999999999999999,0.55999999999999994
0.16,0.19430705359819306,0.20000000000000001,0.20000000000000001,0.20964588511287885,0.23590971293073226,0.24000000000000002,0.3447347447315337,0.35999999999999999,0.42584049936289226
0.16,0.16,0.16,0.16,0.20000000000000001,0.20000000000000001,0.24000000000000002,0.28000000000000003,0.35999999999999999,0.37351898536289391
0.080000000000000002,0.080000000000000002,0.12,0.12,0.12,0.16,0.16,0.20000000000000001,0.24000000000000002,0.24000000000000002
0.24000000000000002,0.24000000000000002,0.24000000000000002,0.24000000000000002,0.27537769756340946,0.28000000000000003,0.28000000000000003,0.28000000000000003,0.35999999999999999,0.42340822295414421
0.16,0.20000000000000001,0.20000000000000001,0.20000000000000001,0.20000000000000001,0.24000000000000002,0.28000000000000003,0.28000000000000003,0.32000000000000001,0.35999999999999999
0.16,0.16,0.20000000000000001,0.20000000000000001,0.20000000000000001,0.20000000000000001,0.24000000000000002,0.26282318984336833,0.31065342521508599,0.47999999999999993
0.1073797613470252,0.12,0.16,0.16,0.16,0.16,0.24000000000000002,0.24000000000000002,0.27603266098069779,0.39999999999999997
0.20000000000000001,0.20000000000000001,0.20000000000000001,0.20000000000000001,0.20000000000000001,0.21894706322497662,0.22706539734979539,0.23058315282282385,0.28000000000000003,0.39820837412577614
0.16,0.18337475367989431,0.19957870447883533,0.20000000000000001,0.24000000000000002,0.24000000000000002,0.27580055631365186,0.28000000000000003,0.28000000000000003,0.32000000000000001
0.20000000000000001,0.20000000000000001,0.24000000000000002,0.24000000000000002,0.257269349716087,0.28000000000000003,0.28000000000000003,0.32000000000000001,0.34579628255534606,0.43999999999999995
0.20000000000000001,0.20000000000000001,0.20000000000000001,0.24000000000000002,0.27628097964984305,0.28000000000000003,0.28000000000000003,0.28000000000000003,0.35999999999999999,0.35999999999999999
0.20000000000000001,0.20000000000000001,0.21906394464740539,0.23152541702511989,0.24000000000000002,0.24000000000000002,0.24000000000000002,0.28000000000000003,0.28000000000000003,0.43999999999999995
