0.080000000000000002,0.080000000000000002,0.080000000000000002,0.12,0.12,0.15609863099581425,0.16,0.18624638207517399,0.19741841730815721,0.20000000000000001
0.031135259474191143,0.035091761781449508,0.040000000000000001,0.040000000000000001,0.040000000000000001,0.10208399405231089,0.12,0.12,0.23238188233811144,0.28000000000000003
0.067031890061999569,0.080000000000000002,0.080000000000000002,0.080000000000000002,0.119507948132449,0.12,0.16,0.18623556117787962,0.20000000000000001,0.30497288086307878
0.069089926306756422,0.069111965222340255,0.072399117429357812,0.080000000000000002,0.11665281019715767,0.14880530245547718,0.19364549356759705,0.20906757123376651,0.23284709486323502,0.24000000000000002
0,0,0.02844199783375503,0.033587834417818638,0.035999442775811262,0.040000000000000001,0.040000000000000001,0.040000000000000001,0.057547421517761668,0.080000000000000002
0.040000000000000001,0.040000000000000001,0.040000000000000001,0.040000000000000001,0.06921984832930056,0.12,0.12,0.13519723343771309,0.20000000000000001,0.26736663650517301
0.063600791974172038,0.080000000000000002,0.080000000000000002,0.10314895975049722,0.12,0.13790011955914591,0.1765368341489077,0.20000000000000001,0.21515534486649096,0.44925533630743281
0,0,0,0,0.033740457996674723,0.040000000000000001,0.040000000000000001,0.060028839430101323,0.076098690989281584,0.080485384053322201
0.040000000000000001,0.040000000000000001,0.062515369119853559,0.080000000000000002,0.12,0.12,0.12439415098618831,0.14149364095496128,0.1446952980581615,0.21278752197790682
0.040000000000000001,0.079870591130353469,0.080000000000000002,0.12,0.16,0.16,0.17094991741780094,0.28000000000000003,0.30240282257791118,0.32000000000000001
0.040000000000000001,0.040000000000000001,0.080000000000000002,0.080000000000000002,0.098665834094311733,0.12,0.13221316068100594,0.15234041889571642,0.18920676070805978,0.19665544280931926
0,0,0,0,0.029604371947606806,0.080000000000000002,0.12155694276457563,0.15360874487069687,0.1591540485213418,0.24000000000000002
0,0.02089421480663849,0.026380316691449551,0.040000000000000001,0.040000000000000001,0.055658212806112453,0.080000000000000002,0.12,0.12376127740146135,0.21127716421146517
0.040000000000000001,0.040000000000000001,0.060068980333786708,0.062826759746964542,0.080000000000000002,0.080000000000000002,0.080000000000000002,0.080000000000000002,0.14453272072266171,0.22846042700053246
0,0,0.019128336432325484,0.022260525260062232,0.040000000000000001,0.040000000000000001,0.07071699229041925,0.1028588280470919,0.15550390200423139,0.1793663672928876
0,0,0,0.040000000000000001,0.040000000000000001,0.040000000000000001,0.040000000000000001,0.040000000000000001,0.10855256838027949,0.23119298118997955
0,0,0,0,0,0.040000000000000001,0.12,0.1634237023866891,0.18353492919116432,0.19681123856041269
0,0,0,0.040000000000000001,0.080000000000000002,0.10553272484108447,0.11965414274662894,0.13177901277561382,0.16,0.25644735738972485
0.040000000000000001,0.040000000000000001,0.055081558714498671,0.061798706058288161,0.067997382630278394,0.080000000000000002,0.11143108364784116,0.14697058981275538,0.15535069905236834,0.24593965464922504
0,0,0.032974034552799888,0.040000000000000001,0.040000000000000001,0.040000000000000001,0.080000000000000002,0.10549680104632085,0.1159545765983078,0.20000000000000001
0.024671944781885103,0.038296406975972017,0.040000000000000001,0.040000000000000001,0.040000000000000001,0.056857963844668034,0.080000000000000002,0.080000000000000002,0.11083664671121066,0.14797786115836548
0.040000000000000001,0.040000000000000001,0.048140147249209203,0.10482396216741365,0.10943696645093146,0.11861185988002404,0.12,0.15352824609019786,0.1575122063130612,0.17622889389212923
0.01829006429374477,0.021926574524288284,0.040000000000000001,0.040000000000000001,0.05580206340712808,0.080000000000000002,0.12,0.14438240186252829,0.15244317286279685,0.16
0,0.040000000000000001,0.040000000000000001,0.040000000000000001,0.040000000000000001,0.077227942510959643,0.080000000000000002,0.081912904188651645,0.1360103354280473,0.26526098182997659
0.033062294093969546,0.038050026506332532,0.040000000000000001,0.0468290110972861,0.064094045733094615,0.065155786758263209,0.076653430425320246,0.080000000000000002,0.080000000000000002,0.18338748098899177
0.040000000000000001,0.040000000000000001,0.040000000000000001,0.040000000000000001,0.040000000000000001,0.079123700058707239,0.080000000000000002,0.10136282359539518,0.12,0.12
0.080000000000000002,0.080000000000000002,0.080000000000000002,0.10728420886256951,0.11201279581748738,0.12,0.12,0.16,0.17689776150007128,0.22369905999877532
0,0,0,0.030052404011287604,0.040000000000000001,0.040000000000000001,0.058760803272062033,0.080000000000000002,0.080000000000000002,0.14311240849047394
0,0.026702036236008728,0.040000000000000001,0.040000000000000001,0.040000000000000001,0.10566636748563699,0.11477136030777063,0.12,0.12,0.15714815807545235
0.040000000000000001,0.040000000000000001,0.040000000000000001,0.10943713583611511,0.12,0.12,0.12,0.16,0.16,0.19781683612111262
0,0.028112818310618577,0.031910104728200522,0.036132684584607812,0.040000000000000001,0.040000000000000001,0.076095225236887207,0.10199093141864241,0.12,0.2832070198542288
0.040000000000000001,0.040000000000000001,0.11617917601304842,0.15225776344950626,0.19691778702489018,0.20000000000000001,0.21322237503701505,0.21895506326699729,0.258853828946432,0.31286649364719793
0.040000000000000001,0.05629887940375429,0.076401799621866329,0.080000000000000002,0.099067913409469327,0.11639785030156118,0.12,0.14981717923686869,0.15075428841821509,0.22452220890004543
0.057727935831000429,0.080000000000000002,0.080000000000000002,0.080000000000000002,0.080000000000000002,0.12,0.12,0.12,0.1488837564718645,0.24000000000000002
0.040000000000000001,0.040000000000000001,0.040000000000000001,0.040000000000000001,0.040000000000000001,0.040000000000000001,0.078870010439533039,0.10568967721037477,0.19616316024947911,0.372283214070454
0,0.018218394997506705,0.040000000000000001,0.040000000000000001,0.055843561960492706,0.0649484657033923,0.067220408471950793,0.080000000000000002,0.14220022243599595,0.19154978085334265
0,0.021809615270485212,0.032526680913555546,0.040000000000000001,0.040000000000000001,0.040000000000000001,0.080000000000000002,0.080000000000000002,0.086177821970568363,0.14236791004021346
0,0,0,0,0.019872610771017464,0.040000000000000001,0.044917779808633027,0.080000000000000002,0.09256638448052136,0.12
0.018202668500457972,0.036133322717573288,0.040000000000000001,0.040000000000000001,0.040000000000000001,0.040000000000000001,0.054720718137298216,0.12,0.14542266715361168,0.16
0.040000000000000001,0.040000000000000001,0.040000000000000001,0.060342337379643812,0.080000000000000002,0.09302180559680534,0.10719343019237683,0.12,0.1345475926896485,0.24000000000000002
0.040000000000000001,0.040000000000000001,0.040000000000000001,0.068093937801214338,0.080000000000000002,0.080000000000000002,0.12,0.15596147750199654,0.16,0.20000000000000001
0.080000000000000002,0.080000000000000002,0.080000000000000002,0.10253889366631165,0.10591929036985888,0.11879942759138494,0.12,0.14691808807197587,0.24000000000000002,0.35932476023270699
0,0,0,0,0.040000000000000001,0.077792954399841713,0.080000000000000002,0.12,0.20000000000000001,0.22620069169975712
0.040000000000000001,0.040000000000000001,0.040000000000000001,0.040000000000000001,0.067464278424259103,0.072615815522428212,0.076065302270032234,0.10429672205247495,0.12,0.14175420271778522
0.080000000000000002,0.080000000000000002,0.094291192067003898,0.097285752772364398,0.12,0.12936286039492653,0.1421200792832327,0.19218163188332724,0.19531040890975429,0.21608941764365852
0.040000000000000001,0.068189146584296187,0.076003055916764428,0.10546963798112201,0.12,0.12,0.1237708895196007,0.16491926441450383,0.17306669424044038,0.20000000000000001
0.040000000000000001,0.040000000000000001,0.040000000000000001,0.065297281002309832,0.065529262067130167,0.070554675852802923,0.080000000000000002,0.080000000000000002,0.16,0.24000000000000002
0,0,0.011460244631391487,0.040000000000000001,0.040000000000000001,0.080000000000000002,0.12,0.12,0.12822368088400826,0.17246187911361066
0.040000000000000001,0.040000000000000001,0.040000000000000001,0.073679799674004343,0.080000000000000002,0.080000000000000002,0.12,0.12049072272995846,0.14405808289031308,0.18635870915722197
0.029686860527215489,0.034783134598719047,0.040000000000000001,0.057347316011622462,0.064561771324053774,0.068669652855125315,0.080000000000000002,0.16,0.16302394590482508,0.45531263580637038
0.040000000000000001,0.040000000000000001,0.056327414745641805,0.06679653555497983,0.080000000000000002,0.080000000000000002,0.080000000000000002,0.11631088471714152,0.12,0.27725347879745338
0.049334246506371193,0.060832046942609339,0.068670810995554568,0.074776338762384736,0.12,0.13680671373774533,0.14791141415390555,0.16,0.16,0.24000000000000002
0,0.040000000000000001,0.055338862222843753,0.061346765990926935,0.075406501036667323,0.12,0.12,0.14834502028303737,0.16,0.22706727786794637
0.080000000000000002,0.087171609540099004,0.087313435939861725,0.16,0.20000000000000001,0.20772061524535967,0.24502847128431562,0.2611081330640197,0.30524191683512192,0.31055945405494956
0,0,0,0.040000000000000001,0.040000000000000001,0.040000000000000001,0.071537932551835992,0.080000000000000002,0.080000000000000002,0.39999999999999997
0.063081802844642904,0.072175566525145368,0.073455808577113868,0.080000000000000002,0.080000000000000002,0.081904191769444898,0.16,0.16,0.18875066732804585,0.21814650628772217
0,0,0,0.027927020099253189,0.040000000000000001,0.040000000000000001,0.040000000000000001,0.080000000000000002,0.10534371424799557,0.16
0.040000000000000001,0.040000000000000001,0.043909155782241485,0.067749091264932643,0.080000000000000002,0.080000000000000002,0.080000000000000002,0.11562224648086011,0.12,0.16
0.040000000000000001,0.040000000000000001,0.040000000000000001,0.048750620193849709,0.078779985379094808,0.080000000000000002,0.10537861753672892,0.12,0.24000000000000002,0.28000000000000003
0.040000000000000001,0.040000000000000001,0.040000000000000001,0.049111921434063038,0.073173382895105693,0.080000000000000002,0.10874943091216599,0.12,0.13528956062798458,0.2033837283655415
0.040000000000000001,0.05008846773803638,0.080000000000000002,0.080000000000000002,0.080000000000000002,0.080000000000000002,0.11222148245079253,0.12,0.12,0.26315864574623155
0.040000000000000001,0.09524013114860283,0.11126275041166891,0.12,0.12,0.15089010517404597,0.16497346995188228,0.195609848512213,0.20000000000000001,0.20000000000000001
0.040000000000000001,0.040000000000000001,0.080000000000000002,0.089119845797455299,0.089579045505124411,0.099683379047051379,0.12,0.12,0.17541421712509939,0.20000000000000001
0.10923557635986236,0.11578359331627761,0.11903719852258501,0.12,0.16,0.1746061207801585,0.20000000000000001,0.23758173987575204,0.25890969714582152,0.29380086976907699
0.080000000000000002,0.080000000000000002,0.080000000000000002,0.08820087513382309,0.10728141043568024,0.12,0.25672139266614952,0.25757871333351645,0.28000000000000003,0.30440488860364456
0.078738326922045757,0.085980988399170399,0.10002292662363799,0.10696341460786032,0.11028541986612991,0.12075574955839424,0.12380801939733083,0.16,0.23346831665802334,0.24000000000000002
0.090433865351803297,0.11525970012931883,0.12,0.16,0.16,0.17322130978766001,0.1803276603587555,0.20000000000000001,0.23708086163967015,0.32735378066379267
0.080000000000000002,0.080000000000000002,0.11491389265833252,0.12,0.13715996956243481,0.1398883265237523,0.14159846009391899,0.15347335667824866,0.16613011573908326,0.18806295245251939
0.12,0.15082987823294397,0.16,0.16,0.16,0.16090032716426719,0.18998944449456975,0.22747197753564172,0.25751811400481772,0.37014002399067786
0.040000000000000001,0.070114700504607635,0.11232161239099794,0.12,0.12,0.15514569645278897,0.20000000000000001,0.20000000000000001,0.26584367708692447,0.30160863228791135
0.068138391482620728,0.080000000000000002,0.080000000000000002,0.09281685568163367,0.14491226168319304,0.15922791875537423,0.16,0.17804491356449853,0.19539913000832104,0.24000000000000002
0.12,0.12,0.12,0.12,0.13074818628273871,0.16,0.22042367416810854,0.22776385634317131,0.24000000000000002,0.54179470236653016
0.069941047970425038,0.073083547545801722,0.080000000000000002,0.080000000000000002,0.080000000000000002,0.10546630293905043,0.12,0.12,0.12,0.12
0.033484456970046171,0.040000000000000001,0.040000000000000001,0.054816400550317571,0.080000000000000002,0.090780537019747143,0.12,0.15290507514960952,0.16,0.30403823032372357
0.027730536652761529,0.036698850914182839,0.040000000000000001,0.040000000000000001,0.074431914091674684,0.080730555738816573,0.15013636627343466,0.2109324283787101,0.22100758936877232,0.22429153273250355
0,0,0.014208144499623711,0.040000000000000001,0.040000000000000001,0.040000000000000001,0.07488141171438098,0.080000000000000002,0.080000000000000002,0.080000000000000002
0.040000000000000001,0.040000000000000001,0.053575547439488475,0.080000000000000002,0.080000000000000002,0.080000000000000002,0.085644211346650109,0.11448726667821697,0.1542354749999798,0.22788738370373041
0.039930815555426359,0.040000000000000001,0.040000000000000001,0.040000000000000001,0.040000000000000001,0.074082248118118671,0.080000000000000002,0.080000000000000002,0.10296061888396482,0.10361567040810825
0.029478752350119906,0.040000000000000001,0.040000000000000001,0.040000000000000001,0.040000000000000001,0.061141948864271704,0.063953837038034672,0.080000000000000002,0.16,0.22802526344438886
0,0.040000000000000001,0.040000000000000001,0.078150240978730523,0.080000000000000002,0.080000000000000002,0.12,0.13457834318727371,0.15973090560431727,0.24000000000000002
0,0.025471732475531795,0.031048127314930889,0.040000000000000001,0.040000000000000001,0.040000000000000001,0.040000000000000001,0.080000000000000002,0.14894191733017623,0.16
0.040000000000000001,0.06598910390220461,0.073596576654878287,0.080000000000000002,0.080000000000000002,0.080000000000000002,0.097830000464336736,0.13279029460116104,0.16,0.16
0,0,0.040000000000000001,0.040000000000000001,0.040000000000000001,0.080000000000000002,0.12,0.12,0.19268823544452557,0.21976885261691201
0.040000000000000001,0.040000000000000001,0.070476739643999725,0.080000000000000002,0.095322471863344527,0.12,0.12,0.14874387806533393,0.16,0.24000000000000002
0.040000000000000001,0.040000000000000001,0.040000000000000001,0.080000000000000002,0.093850009383430147,0.099729602886097016,0.10643621163198436,0.13515554264201343,0.14989825376698707,0.20000000000000001
0.040000000000000001,0.040930249793754647,0.067844829814070265,0.075123519891185375,0.080000000000000002,0.10843818734835126,0.14100876244958033,0.18906348704660525,0.2270357789829015,0.22929991500735339
0.069774678847084645,0.074411134023511849,0.080000000000000002,0.088792523199315201,0.10526465988795683,0.11762507527776161,0.12,0.15386324799096057,0.16,0.20000000000000001
