0.15814906872543155,0.23854165978202085,0.24000000000000002,0.24591428383277511,0.25337040882578782,0.25420243732506903,0.26178291176138818,0.28000000000000003,0.34448311678941895,0.39391913220992258
0.16,0.16,0.16,0.19035894355688771,0.20000000000000001,0.20000000000000001,0.25606134069875969,0.27204465998100591,0.28000000000000003,0.32000000000000001
0.24000000000000002,0.24000000000000002,0.24000000000000002,0.25125044514902939,0.26454672045744704,0.26669919034716905,0.28000000000000003,0.28000000000000003,0.35999999999999999,0.43999999999999995
0.24000000000000002,0.30512822945205115,0.32000000000000001,0.35228038187276411,0.35999999999999999,0.35999999999999999,0.39116334051445223,0.39999999999999997,0.39999999999999997,0.42994719829934935
0.24000000000000002,0.24000000000000002,0.24000000000000002,0.277163083191656,0.28000000000000003,0.32000000000000001,0.36584881273597908,0.40883344960329698,0.46452957462220346,0.51999999999999991
0.21691121366525981,0.24000000000000002,0.24000000000000002,0.24539972279510661,0.26253299847334594,0.32000000000000001,0.32000000000000001,0.32000000000000001,0.39999999999999997,0.39999999999999997
0.20000000000000001,0.20000000000000001,0.20000000000000001,0.20640109897639694,0.32000000000000001,0.32512682097732204,0.33539522332288796,0.39589876509871341,0.47932840441352387,0.53490948636054303
0.25126280522474403,0.27918632276046618,0.28000000000000003,0.29440690306285322,0.31661860722345625,0.32000000000000001,0.32000000000000001,0.34506711373689741,0.4717400341124724,0.47999999999999993
0.24857245010463769,0.29478996410541786,0.30053079914752773,0.31674781510630201,0.35999999999999999,0.39999999999999997,0.42983043424452638,0.58709571267573191,0.59829700431654953,0.59942775572751195
0.16911139817978951,0.19444619468977822,0.20000000000000001,0.21315071633035884,0.24000000000000002,0.27133085466707302,0.2754905424382425,0.38292226858373118,0.42011328736770759,0.43269697514284922
0.21570023675246899,0.28000000000000003,0.31484573851343156,0.32000000000000001,0.34389800636121609,0.38707872345759864,0.43999999999999995,0.47560817411716372,0.51785583415642655,0.63051368489338722
0.28869890767670736,0.29506256195076186,0.29997721582758358,0.30599680128023449,0.35498514791997543,0.35744497218232008,0.37466209567880804,0.41079246775064787,0.54354592251032863,0.57909429214960517
0.24560122002501716,0.27127705639851196,0.27632462613605291,0.28000000000000003,0.31044560120706111,0.322042062430691,0.3934709685357145,0.41669437263188441,0.4263248477386764,0.46575493352573888
0.21545363388363131,0.24000000000000002,0.24000000000000002,0.24000000000000002,0.26778191171997884,0.28000000000000003,0.35386726608406111,0.38579465614624847,0.45059583302042722,0.45873564126088623
0.20000000000000001,0.24000000000000002,0.25533973025222839,0.26858502524526062,0.28000000000000003,0.28000000000000003,0.28000000000000003,0.28524545656331157,0.32000000000000001,0.32000000000000001
0.17896651050435936,0.18172237645195582,0.20016944549872742,0.22160222844609531,0.26668324738705834,0.28000000000000003,0.28000000000000003,0.31331570130448144,0.3459762600307702,0.43999999999999995
0.28000000000000003,0.28000000000000003,0.32000000000000001,0.33081422918551967,0.35157953294970173,0.35286104387944484,0.35999999999999999,0.39999999999999997,0.42004687819090675,0.43784363667432025
0.21929052335191579,0.22250743231495626,0.22264616515010274,0.23637245615039873,0.24000000000000002,0.28000000000000003,0.28000000000000003,0.29994643543088045,0.46191077187895785,0.47911498093398086
0.20199845313834627,0.22233587110536102,0.24000000000000002,0.24000000000000002,0.24892090862286212,0.27299432924954237,0.35587788230178324,0.43999999999999995,0.43999999999999995,0.47999999999999993
0.20000000000000001,0.23383082124049848,0.24000000000000002,0.24038049775272666,0.26801609453163666,0.32000000000000001,0.32787119050465946,0.3605146845991668,0.37045557196564499,0.44635866866377433
0.25550645634838703,0.25748647753922044,0.28000000000000003,0.28364737655349082,0.32000000000000001,0.32000000000000001,0.37651633170450438,0.37938625589180025,0.39483305694758952,0.42154047830559288
0.22544942464043927,0.23836067733287586,0.24794637593924201,0.27042637853609602,0.27322109369601172,0.28314059815851378,0.29160820578343521,0.29667438019078601,0.31074376848194679,0.32000000000000001
0.17301540219264258,0.20000000000000001,0.20000000000000001,0.20000000000000001,0.20000000000000001,0.23720825609261528,0.24000000000000002,0.28734326842290703,0.29585372482036704,0.49755069306010163
0.18713886932770224,0.20000000000000001,0.22111488264652121,0.24000000000000002,0.26407392886790976,0.29132107121628997,0.3189380638825432,0.32000000000000001,0.39999999999999997,0.41408426367951051
0.16,0.17421991249630328,0.18825014920162189,0.20000000000000001,0.20572867919892174,0.2728886831141949,0.3087700196408697,0.32000000000000001,0.35977828891848396,0.42876376877911226
0.16,0.20000000000000001,0.20000000000000001,0.20000000000000001,0.22727215318127039,0.26890754138758793,0.31029561308602693,0.32000000000000001,0.35999999999999999,0.37193489707973088
0.18574113001211057,0.1980440240267155,0.20000000000000001,0.20187897457577078,0.21695130993964687,0.24000000000000002,0.27342617070039332,0.28000000000000003,0.28733609650941383,0.44512379457067885
0.12,0.13491535721601655,0.1441600860082449,0.15528418344798572,0.17738097880700857,0.20000000000000001,0.20000000000000001,0.23401709780431915,0.24000000000000002,0.33060170032413261
0.15650034802908008,0.16,0.17686840351601507,0.20000000000000001,0.20000000000000001,0.20000000000000001,0.23138181442156538,0.35561281211504303,0.52662291483937806,0.56247070973140068
0.20000000000000001,0.22041224444037663,0.22544268718893179,0.24000000000000002,0.24000000000000002,0.24000000000000002,0.28000000000000003,0.30262945159445648,0.32356557482976489,0.35999999999999999
0.14845088266810155,0.16,0.20000000000000001,0.2332600157712178,0.24000000000000002,0.26632402700208141,0.27479642561267698,0.32000000000000001,0.36973305480399049,0.4125480864873185
0.24000000000000002,0.25862711227568119,0.28000000000000003,0.28000000000000003,0.28000000000000003,0.28000000000000003,0.31687965332222545,0.33394163809032335,0.34453018069115038,0.4469803849141844
0.23793582826764739,0.23828307667174739,0.24000000000000002,0.24000000000000002,0.24975762568745088,0.27163050253218751,0.28000000000000003,0.32000000000000001,0.39999999999999997,0.39999999999999997
0.20000000000000001,0.20000000000000001,0.20000000000000001,0.24000000000000002,0.26523395417255263,0.28000000000000003,0.3058879418345718,0.32000000000000001,0.34854493179877033,0.46296270200160766
0.20000000000000001,0.20000000000000001,0.24000000000000002,0.24000000000000002,0.24000000000000002,0.25915168053947052,0.27715597412858844,0.28000000000000003,0.32000000000000001,0.35999999999999999
0.24000000000000002,0.24000000000000002,0.24000000000000002,0.28000000000000003,0.2803569618900506,0.29477369470203607,0.30344413799590764,0.32000000000000001,0.32000000000000001,0.39857021210337223
0.16,0.17461531289390647,0.17723992213905673,0.20000000000000001,0.20000000000000001,0.22352536178694307,0.26309653688848861,0.28000000000000003,0.32000000000000001,0.41530626187645797
0.20000000000000001,0.20000000000000001,0.24000000000000002,0.24000000000000002,0.24000000000000002,0.24000000000000002,0.24000000000000002,0.24000000000000002,0.24806362065796678,0.28000000000000003
0.21229914152707569,0.21567702438360148,0.22275725732119425,0.22395528992183583,0.23190609693171735,0.24000000000000002,0.25558260575014069,0.25667139788477283,0.30039326500137442,0.30427509706765038
0.18514668576402604,0.20000000000000001,0.20000000000000001,0.23499098636155338,0.2392120506611691,0.2557769906712255,0.27042662365929337,0.29383690204703866,0.32000000000000001,0.34461336649495561
0.15608231307199999,0.15980295829767607,0.16,0.16,0.20000000000000001,0.23654134129913171,0.24000000000000002,0.24000000000000002,0.32000000000000001,0.35765452223849553
0.20000000000000001,0.20000000000000001,0.20000000000000001,0.20148326959374602,0.20458845963174763,0.21927663095982133,0.24000000000000002,0.2567938153182705,0.28000000000000003,0.35999999999999999
0.16,0.16049900545368104,0.20000000000000001,0.20000000000000001,0.20000000000000001,0.24000000000000002,0.32000000000000001,0.32000000000000001,0.35999999999999999,0.51533850715866425
0.16,0.16,0.16,0.20000000000000001,0.23694503767079481,0.29876955959189172,0.32000000000000001,0.32453145965615376,0.34435361211333221,0.38916627413355376
0.17624858466236223,0.19371056119496238,0.24000000000000002,0.25495489454194376,0.28000000000000003,0.28000000000000003,0.32000000000000001,0.32000000000000001,0.35999999999999999,0.39960196351736282
0.16,0.16061717417907084,0.19680944574479245,0.20000000000000001,0.20000000000000001,0.24000000000000002,0.24544129998963471,0.28000000000000003,0.32000000000000001,0.34512976627009961
0.20000000000000001,0.20000000000000001,0.20000000000000001,0.20000000000000001,0.20963311047985583,0.22206822010240426,0.24000000000000002,0.27698339013857343,0.28649871135360028,0.30980422745128572
0.12,0.16,0.16,0.16,0.16,0.1958112815807293,0.20000000000000001,0.20000000000000001,0.2189849866089115,0.24000000000000002
0.20000000000000001,0.24000000000000002,0.24000000000000002,0.24000000000000002,0.28000000000000003,0.28000000000000003,0.28000000000000003,0.28329312969097725,0.30305249667668843,0.32000000000000001
0.23967441788025323,0.24000000000000002,0.24000000000000002,0.24103481158533438,0.2694160894660334,0.27609046861391395,0.284095699088739,0.30256337441172743,0.317674705642987,0.32000000000000001
0.18201668819248054,0.18612279231710283,0.20000000000000001,0.20000000000000001,0.22341783413416585,0.27786922783216111,0.28000000000000003,0.33008486510821622,0.39999999999999997,0.62239910328546499
0.16,0.18369773713010681,0.20000000000000001,0.20000000000000001,0.238429393597168,0.24000000000000002,0.28000000000000003,0.28000000000000003,0.29792676125074374,0.31085357141798403
0.16,0.20000000000000001,0.20000000000000001,0.20156529238788767,0.2299645360823733,0.26247586994907646,0.28000000000000003,0.3015021096136285,0.30902875879893327,0.32000000000000001
0.20000000000000001,0.21125696565604768,0.24000000000000002,0.24000000000000002,0.24000000000000002,0.26771216141210441,0.26863889284838838,0.31125855715654899,0.34761220649023034,0.39999999999999997
0.16,0.20000000000000001,0.20000000000000001,0.20000000000000001,0.23183683982895098,0.24000000000000002,0.24000000000000002,0.24000000000000002,0.2993221961556739,0.32000000000000001
0.12,0.12,0.12,0.14455413726406405,0.15093899626709928,0.16,0.20000000000000001,0.20000000000000001,0.28000000000000003,0.32000000000000001
0.16,0.18507960668936449,0.18896472898476155,0.20000000000000001,0.21990974127984284,0.24000000000000002,0.28000000000000003,0.28000000000000003,0.29332876051104617,0.32000000000000001
0.080000000000000002,0.11363336280503122,0.16,0.16,0.16,0.20000000000000001,0.24000000000000002,0.26087614453358976,0.28000000000000003,0.28000000000000003
0.20000000000000001,0.20000000000000001,0.24000000000000002,0.24000000000000002,0.27060259301036449,0.28000000000000003,0.28000000000000003,0.29912479686292848,0.32000000000000001,0.35999999999999999
0.19679876730333973,0.20000000000000001,0.22929856368898946,0.24000000000000002,0.24000000000000002,0.28000000000000003,0.28000000000000003,0.31107976991216357,0.35752717276801266,0.35925839356772327
0.16,0.16,0.1923303820815227,0.19423125314548789,0.20000000000000001,0.21119105060247295,0.24000000000000002,0.28000000000000003,0.28000000000000003,0.39999999999999997
0.18760397342825505,0.18983902334152095,0.20000000000000001,0.20000000000000001,0.22390081663804412,0.28000000000000003,0.29252833492007585,0.31406785093124273,0.39999999999999997,0.40910913745946453
0.20000000000000001,0.20000000000000001,0.20000000000000001,0.20000000000000001,0.20000000000000001,0.20000000000000001,0.24000000000000002,0.24000000000000002,0.29417742746214925,0.35999999999999999
0.20000000000000001,0.22221960141291872,0.2466565915394483,0.262980215460209,0.26999148629501485,0.30452503010027154,0.32000000000000001,0.32000000000000001,0.34660614274345125,0.39999999999999997
0.12,0.16,0.16,0.16,0.20000000000000001,0.28773262062591848,0.32000000000000001,0.35999999999999999,0.36152525284618886,0.47999999999999993
0.1555330547047962,0.16,0.19853134752031945,0.20000000000000001,0.20000000000000001,0.22416825777454671,0.27230857640479017,0.28000000000000003,0.30935902423996664,0.35999999999999999
0.16,0.16,0.16,0.16,0.16,0.18726769692060033,0.25937253336415245,0.28000000000000003,0.29611939555042854,0.32000000000000001
0.12,0.12,0.12,0.16,0.16,0.24000000000000002,0.24333423641099106,0.3202639065567805,0.34317451935670257,0.51412868250282839
0.16,0.18838231563087779,0.20000000000000001,0.20000000000000001,0.28000000000000003,0.3045488857126164,0.32000000000000001,0.32000000000000001,0.32171850345350061,0.39999999999999997
0.16,0.16,0.16,0.20000000000000001,0.20000000000000001,0.20000000000000001,0.20000000000000001,0.25539978924553625,0.28000000000000003,0.35999999999999999
0.20000000000000001,0.20000000000000001,0.20000000000000001,0.24000000000000002,0.24000000000000002,0.24000000000000002,0.27880786711948491,0.28000000000000003,0.34889875249425367,0.39627984351785273
0.2568339918603959,0.25958106885191956,0.28000000000000003,0.29937458840807063,0.3165139572991249,0.32000000000000001,0.32000000000000001,0.35999999999999999,0.35999999999999999,0.40878182700274435
0.17619512571386026,0.20000000000000001,0.20000000000000001,0.23053126946518496,0.24000000000000002,0.24000000000000002,0.24000000000000002,0.28779110854494211,0.39999999999999997,0.42389418719691685
0.20000000000000001,0.20000000000000001,0.20000000000000001,0.20000000000000001,0.24000000000000002,0.25887778382360238,0.31872028203305069,0.32194937782029526,0.35999999999999999,0.513555963381782
0.24000000000000002,0.24000000000000002,0.28000000000000003,0.32000000000000001,0.32000000000000001,0.3271586396446044,0.35999999999999999,0.35999999999999999,0.47928906781939301,0.59246207596040568
0.16396339960420381,0.17037918925168696,0.19995397033400431,0.20000000000000001,0.20000000000000001,0.21996834766545964,0.2554516749756412,0.28000000000000003,0.28000000000000003,0.32000000000000001
0.18640145165917704,0.19458339065170541,0.24000000000000002,0.24000000000000002,0.24000000000000002,0.26400752921947257,0.28000000000000003,0.28000000000000003,0.32000000000000001,0.40691731895670041
0.20000000000000001,0.20000000000000001,0.20000000000000001,0.21683972415992001,0.22486421068522078,0.24000000000000002,0.25897311434811821,0.28000000000000003,0.33748219241564881,0.35800740077263615
0.20000000000000001,0.20000000000000001,0.20000000000000001,0.24000000000000002,0.28000000000000003,0.28000000000000003,0.28000000000000003,0.29755001059514941,0.31788617834709854,0.34536771049748394
0.16,0.16,0.18293619510978046,0.20000000000000001,0.24000000000000002,0.27057352941736312,0.28000000000000003,0.31058753741152417,0.35999999999999999,0.37409500167781307
0.16,0.16,0.20000000000000001,0.20000000000000001,0.20000000000000001,0.23100686612786261,0.24000000000000002,0.32000000000000001,0.32000000000000001,0.35999999999999999
0.16,0.16,0.17108954634283929,0.18934390282133953,0.19151857610826364,0.20000000000000001,0.24000000000000002,0.35999999999999999,0.35999999999999999,0.42854831426523665
0.20000000000000001,0.20000000000000001,0.24000000000000002,0.24000000000000002,0.24932792622177871,0.28000000000000003,0.32000000000000001,0.32000000000000001,0.35999999999999999,0.39488721904183882
0.20000000000000001,0.20000000000000001,0.20000000000000001,0.26200212706687326,0.28000000000000003,0.28000000000000003,0.31922939087121766,0.35999999999999999,0.37598870310242105,0.39999999999999997
0.16,0.20000000000000001,0.20000000000000001,0.24000000000000002,0.24000000000000002,0.28000000000000003,0.28000000000000003,0.31130493201333731,0.39999999999999997,0.43999999999999995
0.15568070356303229,0.16,0.20000000000000001,0.24000000000000002,0.24000000000000002,0.28000000000000003,0.35999999999999999,0.35999999999999999,0.39999999999999997,0.40116280282453531
0.20000000000000001,0.24000000000000002,0.24000000000000002,0.24000000000000002,0.24000000000000002,0.28000000000000003,0.28000000000000003,0.32000000000000001,0.33239217204459409,0.40619123192567408
