0.19289119976801902,0.21830657240886167,0.22815436725155236,0.2588049111733991,0.29632358476938314,0.32000000000000001,0.32000000000000001,0.3442367986999626,0.39999999999999997,0.41793599780961227
0.16,0.16,0.1629897630933653,0.19859949896161289,0.22467950547542653,0.24000000000000002,0.24000000000000002,0.30835693299407785,0.32000000000000001,0.32000000000000001
0.16,0.20216661228734209,0.24000000000000002,0.26411000222209163,0.28000000000000003,0.28000000000000003,0.30191389255579953,0.35999999999999999,0.37008953249615628,0.41999000958175697
0.085653550217228619,0.12,0.12,0.12,0.12,0.14106478211739271,0.15370674177764629,0.16,0.24000000000000002,0.44544588658411471
0.16,0.16,0.16,0.17656612096897917,0.20000000000000001,0.26408577734460137,0.28000000000000003,0.43999999999999995,0.43999999999999995,0.45176333209990727
0.12,0.14653075531511733,0.16,0.22752410458502623,0.23034015890622705,0.23462755439006314,0.24000000000000002,0.24000000000000002,0.33278354785546338,0.39163050405207983
0.16937694556365027,0.18146406168124829,0.20000000000000001,0.20000000000000001,0.20178836865376162,0.2021990967888205,0.21436425530730677,0.28000000000000003,0.31218592289168645,0.41793440003250715
0.080000000000000002,0.12,0.16,0.16081040842873198,0.16175939470570908,0.17389185791303474,0.19448307800909492,0.20000000000000001,0.28000000000000003,0.39695744775757819
0.080000000000000002,0.080000000000000002,0.10546155044813821,0.1159614858672183,0.12,0.19496606311381995,0.24000000000000002,0.27612168385347025,0.27902859150248727,0.42384030006497231
0.1410693861288925,0.1423005100215281,0.1473190961775358,0.1703986379894353,0.1898874506185988,0.20000000000000001,0.20000000000000001,0.20909254549269291,0.28000000000000003,0.32807643185239915
0.10615245379764321,0.10812928460148666,0.11687518685252671,0.14512059746374478,0.14694740391762323,0.17197236467472338,0.17565383885456454,0.23408076355946386,0.2480759226778757,0.25293656160510503
0.12,0.15986367089092099,0.17318812217952556,0.17862543312595353,0.19363159332715621,0.2070328648855386,0.21281624641739669,0.27509118634868091,0.28000000000000003,0.28008183038176482
0.10018020767324202,0.11093854765242425,0.12,0.12,0.14968151601411975,0.17817024730048686,0.19302263652407267,0.20000000000000001,0.23349504400809051,0.43474467170229186
0.13170404707016381,0.13417454289577896,0.16,0.16387006054880782,0.17258570985664137,0.17669678524851645,0.21137372762320383,0.24519470872775359,0.25712034549941004,0.41861342937729967
0.078530722658911534,0.093850503661603912,0.11429529032784343,0.16294182620671088,0.18077388939478578,0.19947642373563812,0.20000000000000001,0.21400599818614496,0.25440417365910711,0.38641745728388144
0.040000000000000001,0.043682557042443067,0.11825337847397338,0.12,0.15753194813273888,0.20392780807272542,0.2207528965438037,0.23752365049974378,0.30800036306737322,0.39999999999999997
0.080000000000000002,0.09238831809597256,0.11023300962491916,0.12,0.1398801503528927,0.15366687619561376,0.15749800482217463,0.23238190265073835,0.30255246971831679,0.35738279440189513
0.099535793160758057,0.12,0.12,0.1331888625790838,0.14527354457529745,0.15457360828016969,0.16747050231030181,0.20000000000000001,0.24000000000000002,0.27874818769765208
0.087160646098161515,0.12,0.12492095048266283,0.13301678403957173,0.16,0.16,0.16,0.16,0.19170257515621583,0.27824820770331576
0.10308683001578717,0.12,0.12,0.13417678170959219,0.14913931758270754,0.15550294456383462,0.18605444346328173,0.22103537573822063,0.28000000000000003,0.43854701387093592
0.20000000000000001,0.21862478656844647,0.2333113923680071,0.25576568783378451,0.32705657171534508,0.34465385581729474,0.34533055640277249,0.39999999999999997,0.39999999999999997,0.46797907364545954
0.18639413807916924,0.20000000000000001,0.20000000000000001,0.24000000000000002,0.26874640516994547,0.28000000000000003,0.32334090188081605,0.38759545753859909,0.43465208007065476,0.47743724276190647
0.087073542187534131,0.12147014557423742,0.13584245297793665,0.15625964049583491,0.15809807839131726,0.21083668430256416,0.24000000000000002,0.28073620808414607,0.42339644169689183,0.4380378971347868
0.16054317824632927,0.17335954954797009,0.19164896695770359,0.20000000000000001,0.21227214597826399,0.22468397083291763,0.24000000000000002,0.24000000000000002,0.27329538593573055,0.34445393209649988
0.12,0.12706611518006986,0.12774783118364536,0.14693701779329146,0.1496100181236521,0.16,0.20830741518831739,0.21056101255669449,0.24000000000000002,0.27364067872107556
0.080000000000000002,0.14508819570382087,0.14820311798819746,0.16,0.16,0.20000000000000001,0.20000000000000001,0.20000000000000001,0.26591411185575303,0.26720168438580505
0.040000000000000001,0.080000000000000002,0.16,0.16923383605802664,0.17465511580772045,0.18014586269584959,0.2029962258551386,0.24000000000000002,0.32000000000000001,0.46502291264320728
0.040000000000000001,0.051212568629773206,0.14286415776208797,0.14568271685476011,0.16,0.16951526021456054,0.19695227144300059,0.21687075413168344,0.23250474201905233,0.24000000000000002
0.1048175516706393,0.12,0.12,0.13424258303518724,0.14253694860050739,0.14561563103441683,0.16,0.1908545431148278,0.24000000000000002,0.34377444188837974
0.072597378512862798,0.079980122323627334,0.080000000000000002,0.080000000000000002,0.12,0.12,0.13585692658407844,0.14550714659048319,0.16,0.24000000000000002
0.08440562499660563,0.11916853910774555,0.12,0.12,0.12552043048545319,0.16,0.24000000000000002,0.28000000000000003,0.39947531917510087,0.4120032219237541
0.12,0.12,0.12,0.16,0.16,0.17328216807895827,0.20000000000000001,0.20000000000000001,0.24119494127756064,0.24563017090892622
0.12,0.12,0.12,0.12,0.17051375703339203,0.20000000000000001,0.20000000000000001,0.24628993339357416,0.32000000000000001,0.37410451058477473
0.080000000000000002,0.12,0.12,0.12,0.12,0.16,0.16,0.23759298553812375,0.24000000000000002,0.27804068469335219
0.11996985956549189,0.16,0.16,0.16,0.18707408835956418,0.20000000000000001,0.20229439625315113,0.23205893600828573,0.25793024833376671,0.36855399959742646
0.18264004579885793,0.20000000000000001,0.22391199922927379,0.24000000000000002,0.28000000000000003,0.28000000000000003,0.2806717396288565,0.28529035777850037,0.35999999999999999,0.45078248879898408
0.16,0.16,0.20000000000000001,0.22766271408975561,0.23702405307042754,0.24000000000000002,0.24000000000000002,0.24000000000000002,0.28000000000000003,0.28000000000000003
0.12,0.15440908165692424,0.16,0.16,0.16,0.20000000000000001,0.29154065704699822,0.35380680756371213,0.37745193124973581,0.54173666070422666
0.2240234111651544,0.23872643251152492,0.24000000000000002,0.24000000000000002,0.32000000000000001,0.32000000000000001,0.35999999999999999,0.37071438747467811,0.37788994163186357,0.39999999999999997
0.15879280044163616,0.16,0.20000000000000001,0.21723686866018196,0.22517570924935407,0.28000000000000003,0.30128893312292154,0.3177271372087529,0.3599096870236127,0.39999999999999997
0.12,0.12,0.15464579668757689,0.15479976181949659,0.20000000000000001,0.26288315500767151,0.28000000000000003,0.32000000000000001,0.32000000000000001,0.4328599178343665
0.16,0.16,0.16,0.20000000000000001,0.20000000000000001,0.20000000000000001,0.20000000000000001,0.20000000000000001,0.2392556305166364,0.39999999999999997
0.12,0.19029629702071613,0.20000000000000001,0.20000000000000001,0.20000000000000001,0.20000000000000001,0.20000000000000001,0.24000000000000002,0.28000000000000003,0.28228523809278872
0.12,0.1300550915380764,0.16,0.16,0.16,0.16,0.18543351578367584,0.24000000000000002,0.32000000000000001,0.33574429288687729
0.15725564541090267,0.16,0.16,0.1717005658124573,0.20000000000000001,0.20000000000000001,0.22861563932921655,0.28725613549437418,0.38664552687825393,0.46394665850821687
0.12,0.12,0.12919773551032893,0.16,0.20000000000000001,0.23705227245518729,0.27973447208096552,0.28000000000000003,0.31497476129871382,0.32000000000000001
0.080000000000000002,0.12,0.12,0.16,0.16,0.24000000000000002,0.32000000000000001,0.35999999999999999,0.37656944202455245,0.39769012518387981
0.10721882097578803,0.12,0.14369828216673564,0.16,0.16,0.20000000000000001,0.20000000000000001,0.24000000000000002,0.2751480740254113,0.30399234724262814
0.16,0.16,0.16,0.16587618218816702,0.18638367801212713,0.24000000000000002,0.28000000000000003,0.31334304706738059,0.3950350760752353,0.47819063791219696
0.13891478992221581,0.16,0.16,0.20000000000000001,0.24000000000000002,0.28000000000000003,0.28000000000000003,0.28000000000000003,0.31408166634199697,0.31785906316807144
0.080000000000000002,0.10991121920921135,0.12,0.12,0.14827978645849427,0.15169523884669509,0.21318028887790827,0.27942851419609843,0.30675120856015659,0.47999999999999993
0.16,0.16,0.16,0.16,0.18663129064451137,0.20000000000000001,0.20923877119617715,0.21091214672086889,0.26557273007923254,0.35999999999999999
0.11530305754184556,0.12,0.13896916571374168,0.14165866558187179,0.16,0.24008116829358819,0.27958240948142743,0.28674010059487104,0.30109029686038691,0.31516069953877018
0.16,0.16,0.16,0.16,0.16,0.20690976836377109,0.21643744483858468,0.24000000000000002,0.29762288451736574,0.41256424896961558
0.080000000000000002,0.080000000000000002,0.12097172378509413,0.16,0.19585515045799065,0.20000000000000001,0.26365227062734314,0.28000000000000003,0.39999999999999997,0.50208169871249564
0.080000000000000002,0.080000000000000002,0.090601411521709418,0.12,0.12,0.13846703479231012,0.14585725368041541,0.31048500391696943,0.38634388548881848,0.47467588846972381
0.080000000000000002,0.12,0.12,0.12,0.16,0.1757946942411521,0.20000000000000001,0.21621477754512383,0.26014350482951959,0.32000000000000001
0.11761008912942281,0.12,0.12,0.16,0.16201214026949451,0.18395226979076673,0.20000000000000001,0.24421672639739231,0.29808130091136237,0.32797559105703444
0.13812496874540198,0.16,0.16,0.18372137745219622,0.20000000000000001,0.23887979541049897,0.24000000000000002,0.26067364374082902,0.28000000000000003,0.52371229937710806
0.16,0.19111767983325359,0.20000000000000001,0.24000000000000002,0.24000000000000002,0.25719748627020411,0.29081359989342548,0.29118444790512732,0.39010367301743915,0.4207393877074071
0.062695951477095155,0.11427140091819186,0.11583489796661159,0.16,0.16,0.20000000000000001,0.21507551910384237,0.25553142887522817,0.32000000000000001,0.35999999999999999
0.12,0.14068633527099023,0.17082322882761991,0.18581861719587936,0.23763448751987934,0.24810299766427094,0.28000000000000003,0.29690633039478143,0.31782310523222584,0.34190482219979029
0.12,0.16,0.16,0.20000000000000001,0.20000000000000001,0.20000000000000001,0.22195558993600459,0.24000000000000002,0.27308682352828983,0.39962972479869269
0.080000000000000002,0.1207799686893599,0.1223673035650068,0.24000000000000002,0.24000000000000002,0.27390162814523256,0.27396689865202506,0.32000000000000001,0.42634112698032334,0.43999999999999995
0.16,0.16,0.17860463153495362,0.18587966304214146,0.18975611779280094,0.19462755305576873,0.25475845080859216,0.26302029892901746,0.27611924180148856,0.44771313938997204
0.16,0.19505199680567348,0.20000000000000001,0.20000000000000001,0.21133937247779502,0.23089775325653189,0.24000000000000002,0.25193743660131906,0.27206427105336312,0.29470822057943785
0.080000000000000002,0.14534498138485566,0.22334569220253683,0.24000000000000002,0.24000000000000002,0.2683714813207429,0.28000000000000003,0.3348483391184599,0.37492907167055539,0.40193342591453723
0.12,0.18591938427153906,0.20000000000000001,0.23663949750236379,0.24000000000000002,0.24000000000000002,0.24000000000000002,0.25382027519466671,0.27037944988664242,0.28000000000000003
0.17965320253005074,0.18979252863701007,0.19804322037857561,0.20000000000000001,0.22154989623374363,0.23748203289329195,0.3348674978712663,0.35999999999999999,0.36632365103573106,0.52057059551692497
0.16,0.20000000000000001,0.20000000000000001,0.20000000000000001,0.20000000000000001,0.20000000000000001,0.28000000000000003,0.29221539176575906,0.32000000000000001,0.53646986510520134
0.12,0.13415523616638206,0.18699233869704326,0.20000000000000001,0.20000000000000001,0.24000000000000002,0.24964334319516787,0.28000000000000003,0.31667152835425211,0.3314562255111721
0.080000000000000002,0.080000000000000002,0.12,0.12,0.15156955735034497,0.16,0.16,0.20000000000000001,0.20000000000000001,0.23181238527079043
0.16,0.16,0.16,0.18402715331186753,0.22537051519188997,0.28000000000000003,0.28000000000000003,0.32000000000000001,0.35999999999999999,0.35999999999999999
0.16,0.16,0.16,0.16,0.16,0.16,0.19457740802160356,0.2032942226898993,0.24000000000000002,0.33812129273500546
0.15061509698026171,0.16,0.18080780817364142,0.18954844098540341,0.20000000000000001,0.26196494107128115,0.28000000000000003,0.30438570817104538,0.34264063805575085,0.35358493940084212
0.080000000000000002,0.080000000000000002,0.12,0.13332852483539995,0.13482652366053605,0.16,0.16,0.20000000000000001,0.26977220042742678,0.34562880792358996
0.080000000000000002,0.15006622944556136,0.16,0.16,0.16,0.16,0.19433437679563337,0.20000000000000001,0.20000000000000001,0.25432862290279035
0.080000000000000002,0.10256663814157654,0.18743214112146536,0.19728082933991414,0.22197900465212628,0.23376073803636843,0.24000000000000002,0.32000000000000001,0.37754923938618584,0.46054719731675747
0.15251528205990306,0.17563663082631636,0.18613808589415665,0.20000000000000001,0.20000000000000001,0.24000000000000002,0.25421532892402338,0.25791626866627793,0.32000000000000001,0.32000000000000001
0.12,0.16,0.16,0.16,0.16,0.19045645009415152,0.20000000000000001,0.20000000000000001,0.28000000000000003,0.32000000000000001
0.11993751687391341,0.12,0.12,0.14157578941467164,0.15153022425049406,0.16,0.20000000000000001,0.21242092923844735,0.2552772586543503,0.34987546196036051
0.12,0.12,0.12,0.12,0.16,0.18399080743591381,0.20000000000000001,0.24000000000000002,0.24378181563033108,0.39999999999999997
0.080000000000000002,0.080000000000000002,0.080000000000000002,0.12,0.12,0.14920294507096116,0.15446676818310809,0.23012858982404527,0.24487908110677076,0.28000000000000003
0.10591572387586348,0.10687356641685364,0.12,0.12,0.14872630088941394,0.18968611575352948,0.19888283693351624,0.20000000000000001,0.20000000000000001,0.24000000000000002
0.11111433101006198,0.12,0.12,0.12,0.12889935441362455,0.16,0.16,0.16,0.16,0.24000000000000002
0.080000000000000002,0.080000000000000002,0.080000000000000002,0.10956780694228598,0.12,0.13753821665594579,0.16,0.16,0.16,0.20000000000000001
0.12,0.12,0.12,0.12,0.14707676035874734,0.16,0.20000000000000001,0.24000000000000002,0.270491529888223,0.28000000000000003
