0.080000000000000002,0.080000000000000002,0.11446714776842853,0.12,0.12,0.12826681915973184,0.14514985543056511,0.15750533495769925,0.16978967009515472,0.38891333836720482
0.05731361894118564,0.057528594886557101,0.080000000000000002,0.080000000000000002,0.09819373140112736,0.11154764806942438,0.12,0.16230357477467547,0.22921937556188213,0.24389992294647542
0.024224881631045695,0.040000000000000001,0.040000000000000001,0.040000000000000001,0.040000000000000001,0.080000000000000002,0.080000000000000002,0.096611332860464819,0.11981016907757899,0.12247795591972405
0.080000000000000002,0.080000000000000002,0.080000000000000002,0.12,0.12,0.15002038963737557,0.16,0.16,0.24000000000000002,0.31701006229275941
0.040000000000000001,0.040000000000000001,0.040000000000000001,0.12,0.16,0.18094095013560482,0.19763880878450926,0.20037587219367656,0.27631963988016189,0.41457627880594544
0.040000000000000001,0.080000000000000002,0.080000000000000002,0.083558998272260848,0.10666276390797441,0.12,0.12,0.12,0.13069553354565722,0.17505059224812344
0,0,0,0.036381318123427646,0.040000000000000001,0.040000000000000001,0.070285754171507661,0.080000000000000002,0.096579279029777948,0.12
0.040000000000000001,0.040000000000000001,0.040000000000000001,0.040000000000000001,0.040000000000000001,0.080000000000000002,0.080000000000000002,0.080000000000000002,0.11388370139977254,0.11596269193808093
0.040000000000000001,0.040000000000000001,0.040000000000000001,0.060246891300723054,0.072702185581822384,0.12,0.15489336631540185,0.16,0.17040362651709653,0.2181711949329953
0,0,0.01476527171285783,0.040000000000000001,0.040000000000000001,0.040000000000000001,0.080000000000000002,0.12,0.14211894189703711,0.18548136423208655
0.040000000000000001,0.080000000000000002,0.080000000000000002,0.080000000000000002,0.12,0.12,0.12540958375163455,0.24000000000000002,0.24305733615118902,0.310744812100334
0.11678592986140762,0.12,0.12,0.13771840055600229,0.16,0.16,0.16,0.23155459188895541,0.25637322587285494,0.29333764131397327
0.040000000000000001,0.040000000000000001,0.040000000000000001,0.040000000000000001,0.057486997749859832,0.16,0.16,0.16,0.29820338722740014,0.32005771475205164
0.069319310846105056,0.080000000000000002,0.080000000000000002,0.080000000000000002,0.10168138409004626,0.10207376125301976,0.11735919519056773,0.18000995102174977,0.27843785912286056,0.47999999999999993
0.063310676508977759,0.073346633561819502,0.080000000000000002,0.080000000000000002,0.080000000000000002,0.092138019820934614,0.094074362997988756,0.12,0.15468822998368723,0.40283251346110727
0,0.01761746462555171,0.040000000000000001,0.040000000000000001,0.040000000000000001,0.077358801751092388,0.080000000000000002,0.14810419665435834,0.24982882635468132,0.27585902987579547
0.070395125545116038,0.080000000000000002,0.080000000000000002,0.080000000000000002,0.10877032272209339,0.11512924684694276,0.11706207483377037,0.16,0.17790991216473406,0.19532812929744203
0,0,0,0.040000000000000001,0.079375005818659153,0.12,0.12,0.15293329570835218,0.17145284112607459,0.21376265437512607
0.074749490088182324,0.080000000000000002,0.080000000000000002,0.080000000000000002,0.097399264760406626,0.12,0.12,0.20531313406321242,0.27468054631171029,0.28000000000000003
0.040000000000000001,0.040000000000000001,0.040000000000000001,0.040000000000000001,0.071882827117974168,0.080000000000000002,0.10575791172184025,0.14823883925571024,0.15526920874463476,0.21856138095904221
0.043013655695598618,0.056828558744922278,0.080000000000000002,0.080000000000000002,0.080000000000000002,0.080000000000000002,0.12,0.16,0.1936678759730788,0.20000000000000001
0.080000000000000002,0.099862671912650636,0.10325959196948531,0.12,0.12,0.12,0.12,0.21352041821664561,0.24000000000000002,0.25908502876487643
0.080000000000000002,0.12,0.12,0.14901644965738195,0.15516721571036007,0.16,0.19710200022254817,0.20000000000000001,0.24000000000000002,0.28000000000000003
0.059681512539348301,0.070258322343639684,0.080000000000000002,0.080000000000000002,0.080000000000000002,0.080000000000000002,0.080000000000000002,0.16,0.16862858563756133,0.24000000000000002
0.040000000000000001,0.040000000000000001,0.050797495189114222,0.066297256323100628,0.080000000000000002,0.080000000000000002,0.080000000000000002,0.105588395815994,0.16,0.18818266735727376
0.040000000000000001,0.040000000000000001,0.063843021621302162,0.06961905518463346,0.080000000000000002,0.080000000000000002,0.11922545239836291,0.12,0.13859103299918624,0.16
0.040000000000000001,0.040000000000000001,0.040000000000000001,0.062344052703977033,0.080000000000000002,0.12,0.1413330837201755,0.17062397851560401,0.20000000000000001,0.21834152075825095
0.040000000000000001,0.040000000000000001,0.040000000000000001,0.076781341319830443,0.11688581592428704,0.12232594897120384,0.12449304085953694,0.16,0.18266109456623333,0.1866707818695027
0.040000000000000001,0.040000000000000001,0.040000000000000001,0.040000000000000001,0.051873727732985125,0.10017530780791895,0.10959339036833521,0.14730737338080588,0.15150880222935006,0.15424172568322189
0.037181784590985985,0.040000000000000001,0.040000000000000001,0.040000000000000001,0.040000000000000001,0.0615101340889984,0.089249514369361349,0.12,0.12,0.26256300919265946
0.040000000000000001,0.040000000000000001,0.040000000000000001,0.040000000000000001,0.046371567275420827,0.080000000000000002,0.080000000000000002,0.080000000000000002,0.10568908022677756,0.13565433019801093
0,0,0.040000000000000001,0.080000000000000002,0.11875332565695457,0.12,0.16,0.23533516921559025,0.24000000000000002,0.3104887845244646
0.040000000000000001,0.040000000000000001,0.040000000000000001,0.062723082155754756,0.080000000000000002,0.10505228196692129,0.12,0.12,0.12,0.24000000000000002
0.017859754667387692,0.040000000000000001,0.040000000000000001,0.040000000000000001,0.059542822504636418,0.079730931650716402,0.080000000000000002,0.12,0.12,0.14684924126401713
0.040000000000000001,0.040000000000000001,0.073229134288144301,0.080000000000000002,0.080000000000000002,0.080000000000000002,0.080000000000000002,0.11882248454562663,0.12,0.16
0,0,0,0,0.040000000000000001,0.040000000000000001,0.067920799705037699,0.10941588659989508,0.13937043730702747,0.1419416560865365
0.030978620971466468,0.0356018508594758,0.040000000000000001,0.040000000000000001,0.040000000000000001,0.080000000000000002,0.080000000000000002,0.080000000000000002,0.080000000000000002,0.080000000000000002
0,0.040000000000000001,0.059015597450540969,0.080000000000000002,0.086190190186995932,0.11073546215829033,0.16,0.18441562041766918,0.20000000000000001,0.24000000000000002
0.029109619415775115,0.040000000000000001,0.040000000000000001,0.040000000000000001,0.062523645479362538,0.080000000000000002,0.12,0.12,0.12,0.14778553333775307
0,0.040000000000000001,0.040000000000000001,0.040000000000000001,0.040000000000000001,0.073185867731517737,0.11120169923319763,0.13740991554030269,0.15612117268650197,0.23854202803132274
0.040000000000000001,0.040000000000000001,0.040000000000000001,0.080000000000000002,0.080000000000000002,0.11367981481395056,0.16,0.16,0.16,0.19756169189195549
0,0,0.024552404871771519,0.040000000000000001,0.073476417482230313,0.079898397129912452,0.09661693391371956,0.16558231763526818,0.24900304609992976,0.27465429729414237
0,0,0.016793132391411898,0.040000000000000001,0.10524905429275447,0.12,0.12,0.16,0.26585132900115055,0.27416708549725488
0.053819293077372252,0.062097619589018951,0.080000000000000002,0.080000000000000002,0.080000000000000002,0.12,0.12,0.24000000000000002,0.24000000000000002,0.24920173610149676
0,0.040000000000000001,0.040000000000000001,0.040000000000000001,0.061083791430047413,0.080000000000000002,0.080000000000000002,0.080000000000000002,0.080000000000000002,0.14798765160751157
0.080000000000000002,0.080000000000000002,0.080000000000000002,0.080000000000000002,0.11024631587880379,0.12,0.12,0.12,0.16,0.16
0,0.040000000000000001,0.040000000000000001,0.040000000000000001,0.040000000000000001,0.040000000000000001,0.080000000000000002,0.080000000000000002,0.096340432572271886,0.16
0.012646570545858575,0.040000000000000001,0.040000000000000001,0.045846555654942119,0.070692015823450624,0.080000000000000002,0.080000000000000002,0.080000000000000002,0.13251671718291175,0.16
0.040000000000000001,0.040000000000000001,0.062612441390101664,0.080000000000000002,0.098307387728931314,0.11428821588411545,0.15618930007478918,0.16,0.24517064132452632,0.29158215949656702
0.03948115251412225,0.040000000000000001,0.040000000000000001,0.057189045584329773,0.066763722677602888,0.094554995580319351,0.1041297681365278,0.10833687417839324,0.16,0.18670335526537102
0.040000000000000001,0.040000000000000001,0.080000000000000002,0.080000000000000002,0.080000000000000002,0.080000000000000002,0.087497899306365506,0.10404890345062429,0.12,0.22402825665946458
0.040000000000000001,0.040000000000000001,0.040000000000000001,0.040000000000000001,0.040000000000000001,0.040000000000000001,0.080000000000000002,0.080000000000000002,0.12,0.20000000000000001
0,0.040000000000000001,0.040000000000000001,0.040000000000000001,0.080000000000000002,0.080000000000000002,0.080000000000000002,0.12,0.15768521545852801,0.16
0.01684558380920409,0.040000000000000001,0.040000000000000001,0.040000000000000001,0.040000000000000001,0.080000000000000002,0.080000000000000002,0.085039033787309565,0.14237079720602522,0.23036172008337491
0,0,0,0,0,0,0.040000000000000001,0.040000000000000001,0.09134087745179835,0.11647943010257752
0,0.025639303643867545,0.036918791202138181,0.040000000000000001,0.071660536698046201,0.12,0.12,0.14988783084507007,0.16,0.24000000000000002
0.040000000000000001,0.040000000000000001,0.054955472811580232,0.061351012953345926,0.078440304900716767,0.080000000000000002,0.080000000000000002,0.080000000000000002,0.080000000000000002,0.15239736602230342
0.040000000000000001,0.040000000000000001,0.040000000000000001,0.040000000000000001,0.055666193628510947,0.080000000000000002,0.091407725238358523,0.12,0.16,0.21075834795295931
0.040000000000000001,0.040000000000000001,0.056958647695353443,0.062150015653009968,0.080000000000000002,0.080000000000000002,0.080000000000000002,0.10522670076247626,0.22865762511310725,0.28000000000000003
0.051229153545959125,0.072391981027445568,0.080000000000000002,0.080000000000000002,0.12,0.12,0.12,0.16,0.20000000000000001,0.20000000000000001
0.034770286193563059,0.040000000000000001,0.040000000000000001,0.040000000000000001,0.040000000000000001,0.080000000000000002,0.080000000000000002,0.10984573169997988,0.16,0.20841731320342072
0,0,0,0,0.025303313605892108,0.040000000000000001,0.080000000000000002,0.12,0.12,0.16
0,0,0,0,0.040000000000000001,0.040000000000000001,0.075718986297563157,0.080000000000000002,0.11119071195622404,0.12
0,0,0.01204149295455968,0.025339284438102204,0.040000000000000001,0.040000000000000001,0.040000000000000001,0.040000000000000001,0.080000000000000002,0.16
0.038697233721321347,0.040000000000000001,0.040000000000000001,0.040000000000000001,0.080000000000000002,0.08293862471243503,0.12,0.14577536407002489,0.16,0.20000000000000001
0,0,0.040000000000000001,0.040000000000000001,0.040000000000000001,0.080000000000000002,0.080000000000000002,0.080000000000000002,0.12,0.12
0.038058105936504848,0.040000000000000001,0.040000000000000001,0.040000000000000001,0.040000000000000001,0.080000000000000002,0.12,0.12,0.16,0.16
0,0.040000000000000001,0.040000000000000001,0.040000000000000001,0.040000000000000001,0.063120339626659708,0.078114139159374166,0.080000000000000002,0.12,0.12
0,0.040000000000000001,0.040000000000000001,0.040000000000000001,0.040000000000000001,0.040000000000000001,0.052917036688020447,0.10776400685964646,0.12,0.19420954211665034
0,0,0,0,0,0.026486256495751464,0.040000000000000001,0.040000000000000001,0.080000000000000002,0.20000000000000001
0,0,0.040000000000000001,0.040000000000000001,0.080000000000000002,0.080000000000000002,0.11212742983536893,0.12,0.13963288138663366,0.20000000000000001
0.040000000000000001,0.066128937467686721,0.080000000000000002,0.080000000000000002,0.080000000000000002,0.12,0.13676126849813555,0.16,0.16,0.16
0,0.036287972126929309,0.040000000000000001,0.040000000000000001,0.040000000000000001,0.079398272272223583,0.080000000000000002,0.10365759469229438,0.15151313937791322,0.2324589048662962
0.040000000000000001,0.060218698321516897,0.060232278618854121,0.066308615650034472,0.073964502636101812,0.080000000000000002,0.080000000000000002,0.080000000000000002,0.080000000000000002,0.57874889577631605
0,0,0,0,0.02465746123430446,0.032895939246132953,0.039644577742223346,0.040000000000000001,0.07678426497156729,0.24000000000000002
0.040000000000000001,0.040000000000000001,0.040000000000000001,0.040000000000000001,0.048821372186919204,0.052965446653750095,0.080000000000000002,0.080000000000000002,0.12,0.24000000000000002
0,0,0.040000000000000001,0.040000000000000001,0.080000000000000002,0.080000000000000002,0.10032943455870427,0.1060804405093769,0.12,0.27946274422570239
0,0,0,0.035462295103057512,0.036943343119803122,0.040000000000000001,0.10164858270809476,0.16,0.1876842626835499,0.20000000000000001
0,0,0.039362066624815069,0.040000000000000001,0.080000000000000002,0.087177306323595535,0.12,0.14396263349019392,0.16,0.1662135637764969
0,0,0,0.037652044648757099,0.040000000000000001,0.048004207919397732,0.063818825609734842,0.079919299242882436,0.080000000000000002,0.2229658197391178
0,0.026663205959260607,0.040000000000000001,0.040000000000000001,0.080000000000000002,0.080000000000000002,0.080000000000000002,0.12,0.12764153482201382,0.18961338204130615
0.030286419081423273,0.040000000000000001,0.040000000000000001,0.058391649406501669,0.12,0.12,0.12,0.16696548754359047,0.18025486717984196,0.24325584969023312
0.032980257024925394,0.040000000000000001,0.040000000000000001,0.076550117449779506,0.080000000000000002,0.080000000000000002,0.080000000000000002,0.10267994871299144,0.1479044508222247,0.15373280678487294
0.040000000000000001,0.040000000000000001,0.077726664274258811,0.080000000000000002,0.080000000000000002,0.093700185846110839,0.12,0.1995413008192797,0.32000000000000001,0.32688195280102922
0,0,0,0,0.040000000000000001,0.040000000000000001,0.080000000000000002,0.080000000000000002,0.17363181666927946,0.23656445944626098
0,0.035798044764996505,0.038345495234377386,0.045470288887829662,0.052301067719252088,0.061318605957275035,0.070738425409063485,0.080000000000000002,0.080000000000000002,0.10123698223568875
0,0,0,0,0.025486489104824778,0.040000000000000001,0.080000000000000002,0.083528879024162991,0.12,0.18674798347620086
