0.040000000000000001,0.056190106051351899,0.06210413549284384,0.080000000000000002,0.12,0.12,0.18591966021867237,0.21281772388830628,0.29235869028594236,0.43839080152172222
0.040000000000000001,0.079813800986476918,0.080000000000000002,0.080000000000000002,0.14098509445768292,0.16,0.16,0.20000000000000001,0.28000000000000003,0.28000000000000003
0.080248114317842151,0.096179362002336441,0.11566370619253982,0.12,0.12,0.13095155697102365,0.15827204138174178,0.16,0.19128366619092504,0.22088966902604801
0.040000000000000001,0.063876068790037044,0.080000000000000002,0.090981793465599925,0.16741311344355606,0.18938140462047603,0.18971519716442631,0.19965330699694439,0.25831115879893485,0.31009862037770702
0.068125019324463326,0.076880621369581459,0.080000000000000002,0.080000000000000002,0.080000000000000002,0.12,0.15164323191010753,0.16,0.16,0.26285825673693508
0.040000000000000001,0.040000000000000001,0.055741798509446654,0.062486000987834051,0.11971946507166642,0.12,0.12,0.13872848762111695,0.15573494035039004,0.20594070900888164
0.085589236778459241,0.095839756686446648,0.12,0.13112280179009242,0.13629418990446804,0.15175749983882078,0.15230557201442183,0.16730740616730502,0.23376075842638905,0.26580902000147982
0.096782759546956629,0.097536319285953244,0.1155278114798311,0.11887723753845067,0.12,0.13614251645649503,0.14679718248421467,0.16,0.16,0.24000000000000002
0.080000000000000002,0.080000000000000002,0.080000000000000002,0.09391277151049407,0.11856666085190229,0.12,0.12,0.21744771434419524,0.27744331057386773,0.29834349007926858
0.040000000000000001,0.040000000000000001,0.080000000000000002,0.10131182952398052,0.12,0.12,0.12,0.12,0.14846806794592038,0.17714755083530981
0.080000000000000002,0.080000000000000002,0.11903038581654896,0.12,0.12,0.12,0.12,0.1441940134467713,0.16965804321740274,0.30954717773344914
0.040000000000000001,0.068580359121615322,0.079348280585141484,0.080000000000000002,0.080000000000000002,0.12,0.14018673229247736,0.16,0.18693695532581728,0.20000000000000001
0.077739703411884895,0.080000000000000002,0.080000000000000002,0.093503017730864599,0.12,0.12,0.12262744318968988,0.16,0.16,0.22826645698317072
0.040000000000000001,0.077066656722948962,0.080000000000000002,0.080000000000000002,0.13680165541713354,0.13863741166013607,0.16,0.16,0.17368890957361904,0.3344745436876248
0.071313061548733597,0.12,0.12,0.12,0.14511621656610357,0.16,0.16,0.16,0.23131855646244406,0.24000000000000002
0.040000000000000001,0.040000000000000001,0.040000000000000001,0.040000000000000001,0.040000000000000001,0.040000000000000001,0.070546819657768781,0.079813581641437759,0.16,0.28000000000000003
0.03281942229310536,0.037427794658046062,0.040000000000000001,0.091777357658225686,0.0991312410933049,0.12,0.13393086900879714,0.16,0.22378312199093728,0.24000000000000002
0.080000000000000002,0.080000000000000002,0.090847999613340613,0.12,0.12,0.1489845287783004,0.15419505822755272,0.16,0.2534782528579419,0.2625479497678016
0.080000000000000002,0.080000000000000002,0.083818993232603431,0.12,0.12,0.1461130808536408,0.16,0.183202944669485,0.20000000000000001,0.20000000000000001
0.040000000000000001,0.040000000000000001,0.070594453955121525,0.12,0.12868968123326424,0.15155445175838744,0.20000000000000001,0.23135587092262258,0.32000000000000001,0.35999999999999999
0.040000000000000001,0.040000000000000001,0.040000000000000001,0.080000000000000002,0.080000000000000002,0.11611666829605503,0.18955735616764813,0.20000000000000001,0.24000000000000002,0.28710451224065997
0.016305056603425509,0.040000000000000001,0.040000000000000001,0.040000000000000001,0.040000000000000001,0.040000000000000001,0.096973699308839242,0.15011672722381181,0.18692371123983484,0.24000000000000002
0.040000000000000001,0.040000000000000001,0.064362972888267866,0.077812418725366747,0.080000000000000002,0.080000000000000002,0.094687405306094347,0.11093339314062503,0.16776603274957985,0.20000000000000001
0.063166721574051871,0.07151695589642651,0.080000000000000002,0.080000000000000002,0.1018621649176587,0.12,0.12,0.16,0.21891334682521427,0.26566855540474577
0.080000000000000002,0.080000000000000002,0.095290165137939975,0.10622986345013774,0.16,0.20000000000000001,0.20791367045679404,0.23417997900153642,0.24000000000000002,0.30730517587640965
0.040000000000000001,0.040000000000000001,0.040000000000000001,0.040000000000000001,0.074459108469988572,0.080000000000000002,0.080000000000000002,0.10578427202612138,0.16,0.28000000000000003
0.057622034471456744,0.067303339282167265,0.069070419891315044,0.080000000000000002,0.094831525243340251,0.11648006046609616,0.13765360286973366,0.14621019106435545,0.16,0.19948782245657479
0.076212620056790054,0.080000000000000002,0.080000000000000002,0.12,0.12,0.17189553259013313,0.23105371154758975,0.24000000000000002,0.24000000000000002,0.27070429335707574
0.10917553393949878,0.11047391003292317,0.14910469770090007,0.16,0.16,0.19271015674282771,0.19640583499809902,0.20000000000000001,0.26366602433961916,0.28856189928930132
0.065987614815360265,0.07086865983468893,0.073938943362145071,0.080000000000000002,0.080000000000000002,0.084223265724049673,0.084244898967454074,0.11821506208140481,0.23062798950567617,0.44037914636308428
0.040000000000000001,0.055806232446518292,0.075199739992316397,0.096432020249757444,0.12322073478765305,0.14890570188664054,0.20000000000000001,0.26072989507245392,0.26520155658972033,0.27596506098706114
0.080000000000000002,0.080000000000000002,0.080000000000000002,0.080000000000000002,0.1014052299472995,0.10588307229723637,0.12,0.17509539706233321,0.23885942744554498,0.26645081555289857
0.12,0.12,0.12,0.13761870712766694,0.16,0.1995763342946347,0.23846351255081763,0.27708328684530042,0.29409268465227922,0.37062025460391934
0.050107126678852781,0.071347009579442677,0.097239784844847285,0.12,0.12,0.12847097447082892,0.15002333345913543,0.15033232765728005,0.15634253440994383,0.24000000000000002
0.080000000000000002,0.080000000000000002,0.080000000000000002,0.12,0.12,0.12,0.16,0.16,0.19371016958169729,0.29629241727982786
0.040000000000000001,0.040000000000000001,0.040000000000000001,0.040000000000000001,0.046459791157879876,0.096470692282348447,0.12,0.16,0.20000000000000001,0.25626589299646718
0.080000000000000002,0.095022263628907228,0.10774369104066203,0.12,0.12,0.12,0.129407927322473,0.15373543682266369,0.1970576806320066,0.20025034559891536
0,0,0.040000000000000001,0.040000000000000001,0.053037681799974833,0.080000000000000002,0.12,0.12,0.16,0.16
0.040000000000000001,0.040000000000000001,0.040000000000000001,0.080000000000000002,0.080000000000000002,0.080000000000000002,0.10100742615578473,0.12,0.16,0.16910011652409065
0.040000000000000001,0.040000000000000001,0.040000000000000001,0.040000000000000001,0.080000000000000002,0.080000000000000002,0.14430569006332475,0.15158955763410534,0.21380520609593595,0.2425471093170391
0.068179505995033002,0.077590537657948461,0.080000000000000002,0.080000000000000002,0.080000000000000002,0.080000000000000002,0.080000000000000002,0.088535792702774591,0.12,0.18243886637268589
0.040000000000000001,0.041384927374836691,0.050827703389670902,0.064305422462824502,0.065172473278423224,0.071217863573884779,0.080000000000000002,0.080000000000000002,0.12,0.12
0.040000000000000001,0.040000000000000001,0.040000000000000001,0.040000000000000001,0.040000000000000001,0.080000000000000002,0.080000000000000002,0.080000000000000002,0.12,0.16
0.040000000000000001,0.064154005663103919,0.07131618228614231,0.074927395968946181,0.080000000000000002,0.080000000000000002,0.080000000000000002,0.10740247035675213,0.27071407259404234,0.35205148726694685
0.080000000000000002,0.08848213974778929,0.10163979136078564,0.11285338447319493,0.12,0.12,0.12742145456283313,0.15519990347429843,0.16,0.20000000000000001
0.040000000000000001,0.040000000000000001,0.040000000000000001,0.040000000000000001,0.040000000000000001,0.040000000000000001,0.042442471060511827,0.080000000000000002,0.1181564959451985,0.16
0,0.020938066377150264,0.040000000000000001,0.040000000000000001,0.043540310669871539,0.12,0.16,0.21926558903976484,0.24000000000000002,0.26459676343138294
0.0081039658675614752,0.022222272893161032,0.033874902341407623,0.040000000000000001,0.080000000000000002,0.080000000000000002,0.12,0.12,0.14433547716144018,0.16
0,0,0,0.026094171609387217,0.040000000000000001,0.065847374004455922,0.080000000000000002,0.12,0.16,0.19019216531471911
0,0,0,0.040000000000000001,0.040000000000000001,0.054566311623522587,0.080000000000000002,0.16,0.16,0.21404012967848049
0.029538773146777934,0.040000000000000001,0.040000000000000001,0.040000000000000001,0.04228426349169559,0.053471778731911904,0.068065160801765306,0.080000000000000002,0.16,0.20000000000000001
0.040000000000000001,0.052050186786317322,0.075118370601746393,0.079105981853586249,0.079374579235719819,0.080000000000000002,0.080000000000000002,0.11334550744220512,0.16,0.22930396057908842
0.040000000000000001,0.040000000000000001,0.040000000000000001,0.055130609111755019,0.10163395449115568,0.11685883209356587,0.12,0.12,0.13621127717373097,0.16
0,0.040000000000000001,0.040000000000000001,0.040000000000000001,0.049541471258859014,0.071847670531614741,0.080000000000000002,0.12,0.15037081099809357,0.24000000000000002
0.040000000000000001,0.080000000000000002,0.080000000000000002,0.080000000000000002,0.080000000000000002,0.10925400982460969,0.12,0.1554413692902385,0.18062001564627878,0.23869006689174316
0.040000000000000001,0.04697856851146795,0.078541672135170659,0.079853284253063803,0.080000000000000002,0.085726874225140359,0.098952241853401485,0.16,0.19388542358072794,0.23112640834499243
0,0.029519230557957778,0.040000000000000001,0.040000000000000001,0.078216582890149405,0.080000000000000002,0.094118021796554652,0.11231234370571738,0.12,0.17525181056189437
0.080000000000000002,0.080000000000000002,0.080000000000000002,0.080000000000000002,0.14455655692931069,0.16,0.16,0.16,0.16060746926871769,0.18668214095072283
0,0,0,0.040000000000000001,0.040000000000000001,0.071038604854265081,0.11479807524387198,0.12,0.12,0.13496349533565724
0,0.022732879854452034,0.03235396330502581,0.036270292783920598,0.040000000000000001,0.083118321532968178,0.092169227635033171,0.12,0.12,0.13545378169579278
0,0,0.024147594424710737,0.068708285150574339,0.070458005618117742,0.080000000000000002,0.089015928923645085,0.09323400802928819,0.096489266355731101,0.21331620220059555
0.040000000000000001,0.043230678481510992,0.071318167057325479,0.075107644930574674,0.080000000000000002,0.080000000000000002,0.080000000000000002,0.1134058056619227,0.1371635932903065,0.20000000000000001
0.080000000000000002,0.080000000000000002,0.093985892924074665,0.10821657855974449,0.11376877864271442,0.14526875348802989,0.14917604441750715,0.14997416954879139,0.15821264203426369,0.16818456472354504
0.024457489312950598,0.035244864292902349,0.040000000000000001,0.040000000000000001,0.060626387274418041,0.11412248178532641,0.12,0.12,0.16,0.20000000000000001
0.040000000000000001,0.045992425771504461,0.1156700046956991,0.12,0.14274435613122707,0.15864874108682481,0.16,0.17863570397404696,0.20000000000000001,0.32285874896624889
0.031987883303926566,0.035391918999092983,0.040000000000000001,0.041433707112510633,0.080000000000000002,0.1036661942179776,0.1328113745796235,0.14246411274076895,0.15062333164265115,0.1802426416284712
0.040000000000000001,0.040000000000000001,0.063064485786622729,0.07014459902146096,0.073505029846303735,0.080000000000000002,0.12,0.1441330394365414,0.159651864017058,0.20000000000000001
0.042441893611767714,0.04251840243480641,0.050953077264346211,0.074718597211721971,0.078952124917128053,0.080000000000000002,0.10883102296817718,0.11217038927950743,0.12,0.12
0.040000000000000001,0.040000000000000001,0.07729774940070934,0.080000000000000002,0.080000000000000002,0.080000000000000002,0.090735605542584058,0.1365865138167788,0.22275237572520379,0.29799420501568175
0.040000000000000001,0.040000000000000001,0.079536443241721516,0.080000000000000002,0.093360694253540766,0.13798723434859267,0.16,0.20000000000000001,0.24000000000000002,0.24000000000000002
0,0,0,0.029525028322836971,0.040000000000000001,0.040000000000000001,0.040000000000000001,0.055966600926714891,0.076660875554206198,0.080000000000000002
0.040000000000000001,0.040000000000000001,0.040000000000000001,0.059271992470799215,0.064347563995119844,0.080000000000000002,0.080000000000000002,0.080000000000000002,0.13177080328807311,0.16
0.040000000000000001,0.040000000000000001,0.040000000000000001,0.040000000000000001,0.080000000000000002,0.080000000000000002,0.10557019181156591,0.15280302249945943,0.22345293963956075,0.24000000000000002
0.040000000000000001,0.080000000000000002,0.080000000000000002,0.080000000000000002,0.080000000000000002,0.12,0.15316201376368929,0.15889456518223619,0.19913830730471496,0.24375744807012686
0.080000000000000002,0.080000000000000002,0.11246053949801131,0.12,0.12,0.12,0.2293024590777018,0.24000000000000002,0.24000000000000002,0.24000000000000002
0.040000000000000001,0.079981169240959354,0.080000000000000002,0.10127178864761729,0.12,0.12,0.12,0.16,0.18957229689171767,0.36497905552200904
0.080000000000000002,0.096460778534788794,0.12268530568174393,0.12990715104391656,0.14658663336894623,0.14853993618383687,0.16,0.1955115898946401,0.20000000000000001,0.28000000000000003
0.080000000000000002,0.080000000000000002,0.080000000000000002,0.080000000000000002,0.097898240260254454,0.12,0.16,0.18203420581634991,0.24000000000000002,0.24848345079196088
0.010675075092012151,0.040000000000000001,0.040000000000000001,0.04475857278308816,0.054903664165283958,0.12,0.12,0.20000000000000001,0.24689530652821332,0.28000000000000003
0.040000000000000001,0.040000000000000001,0.064100178794035789,0.072869482613686642,0.078485775645302347,0.080000000000000002,0.10457467493148602,0.18905854148015189,0.20000000000000001,0.20248271468631762
0.080000000000000002,0.080000000000000002,0.095041592373050252,0.11731589283997929,0.12,0.14738448168682111,0.15825004774050858,0.16,0.24000000000000002,0.27355658559288193
0.040000000000000001,0.080000000000000002,0.080000000000000002,0.080000000000000002,0.080000000000000002,0.097096870876149183,0.11023100343096073,0.13592963145281059,0.20000000000000001,0.29824425320009851
0.040000000000000001,0.040000000000000001,0.070824799941357999,0.080000000000000002,0.080000000000000002,0.11128567056870226,0.11863996393936294,0.11957232684531727,0.12,0.14762930546403358
0.040000000000000001,0.040000000000000001,0.040000000000000001,0.040000000000000001,0.080000000000000002,0.12,0.12,0.20000000000000001,0.22260103155237168,0.35999999999999999
0.040000000000000001,0.080000000000000002,0.080000000000000002,0.097835048060738394,0.12,0.12,0.16,0.20000000000000001,0.20000000000000001,0.22889245300631678
0.080000000000000002,0.080000000000000002,0.080000000000000002,0.080000000000000002,0.093575370753293363,0.16,0.20000000000000001,0.20000000000000001,0.28000000000000003,0.30383766001965629
0,0.03339511978534724,0.035037689600626247,0.040000000000000001,0.040000000000000001,0.080000000000000002,0.080000000000000002,0.12,0.15998634836400014,0.1683011291770331
