0.040000000000000001,0.040000000000000001,0.040000000000000001,0.040000000000000001,0.040000000000000001,0.040000000000000001,0.080000000000000002,0.087774956507353508,0.11232891943422735,0.12848179832067314
0.040000000000000001,0.080000000000000002,0.080000000000000002,0.12,0.12,0.14483386287899519,0.16,0.16,0.24121368910830951,0.42510015737638923
0.040000000000000001,0.040000000000000001,0.040000000000000001,0.050488193116014685,0.05261240822734399,0.080000000000000002,0.080000000000000002,0.11659721203336038,0.17054697712783309,0.2160635942471672
0.07666508666777197,0.080000000000000002,0.080000000000000002,0.10363307112340869,0.11672098073778425,0.12,0.13956206918105832,0.16,0.19027235607594364,0.2300532351936731
0.040000000000000001,0.040000000000000001,0.076480302035473346,0.080000000000000002,0.12,0.14459576204558527,0.17908791398147275,0.18035361784311021,0.20000000000000001,0.23601356013149169
0.040000000000000001,0.040000000000000001,0.040000000000000001,0.071586792540907274,0.1060460510043426,0.12,0.12,0.13820114695104133,0.15434243551231291,0.20000000000000001
0.036165588357529921,0.040000000000000001,0.040000000000000001,0.040000000000000001,0.080000000000000002,0.11554282813119721,0.12,0.1391148423122229,0.14014938267366872,0.14908717563044807
0.040000000000000001,0.040000000000000001,0.078560611829159036,0.080000000000000002,0.080000000000000002,0.080000000000000002,0.12,0.24021494083939718,0.34855874583742463,0.37847925965329093
0.040000000000000001,0.040000000000000001,0.040000000000000001,0.040000000000000001,0.040000000000000001,0.080000000000000002,0.16,0.18777090023798571,0.19808939918464072,0.20219712926051647
0.075243779353574944,0.080000000000000002,0.090820685456411698,0.11099848382797126,0.11507366904384253,0.12,0.14055505145947969,0.15403039078648342,0.16,0.20000000000000001
0.040000000000000001,0.07080922741509757,0.080000000000000002,0.090439502242768671,0.098106181884357824,0.10830812432358147,0.14544207262584855,0.1613690683585644,0.19036274648562632,0.30177317079525789
0.037602433644505252,0.040000000000000001,0.040000000000000001,0.040000000000000001,0.080000000000000002,0.093710339946549204,0.12,0.13727586287069454,0.17250506385488482,0.47386215557153027
0.048333422870105183,0.053625943485600083,0.079786365138863641,0.080000000000000002,0.085645409289623414,0.23637666041884925,0.26226862459859096,0.27573603944853908,0.28353498322200671,0.29216613567937438
0.062417163951977467,0.078774874365708916,0.079999218562257265,0.080000000000000002,0.080000000000000002,0.097544547200174386,0.10499967714822314,0.12,0.23706883994439024,0.25480901328215133
0.080000000000000002,0.083048399528970265,0.12,0.14438082130876187,0.14610943741010388,0.17274231388716335,0.19686864007497162,0.22800397771061376,0.25512453037612459,0.37871602986142427
0.14305480841494184,0.21644201540558233,0.23106753300995864,0.24000000000000002,0.25618787041656482,0.28000000000000003,0.30390272455466333,0.32160338933884181,0.33458776777840094,0.37027079726651246
0.10681142650408598,0.10808600958217349,0.12,0.12,0.14013529593137533,0.16,0.18732177788996568,0.20000000000000001,0.20193287253416942,0.24000000000000002
0.11061801239714167,0.11173537544959905,0.12,0.14475287551793087,0.1569063585339121,0.19252428117053053,0.20000000000000001,0.21963619675373391,0.22022330032836446,0.28945784851676487
0.080000000000000002,0.16,0.16,0.16,0.19432014027678932,0.20000000000000001,0.20000000000000001,0.21142832837954884,0.24312210683693319,0.28532676068722346
0.080000000000000002,0.082589850106605023,0.099856089860305641,0.10541511667644668,0.11273183604556286,0.12,0.12176593218251018,0.16,0.19971864405122847,0.32073652330414509
0.040000000000000001,0.061009445456289724,0.062551966432000644,0.080000000000000002,0.080000000000000002,0.10713024527688711,0.10765025922624533,0.12,0.20000000000000001,0.24711266789516101
0.040000000000000001,0.066862381807296561,0.080000000000000002,0.080000000000000002,0.080000000000000002,0.11795824910110925,0.12,0.13947755167220144,0.20000000000000001,0.21366903434510304
0.040000000000000001,0.065791404015168461,0.080000000000000002,0.099340410470076412,0.12,0.15242070972012414,0.16,0.20659683334544263,0.21513561712834273,0.38721257183763841
0.040000000000000001,0.040000000000000001,0.06735476760397216,0.080000000000000002,0.12,0.12,0.12,0.12,0.20000000000000001,0.25790251362322886
0.068710172444373066,0.080000000000000002,0.095065851566841872,0.10086595736553298,0.11370398980869509,0.13976819548330494,0.16,0.16,0.17891807999472648,0.33528803307415
0.040000000000000001,0.040000000000000001,0.051991006722076329,0.080000000000000002,0.080000000000000002,0.12,0.18364191386042186,0.19397063571101844,0.24000000000000002,0.28000000000000003
0.075520697629928718,0.078416611879395665,0.080000000000000002,0.080000000000000002,0.080000000000000002,0.096811282589499975,0.10921949042689505,0.12,0.16,0.20000000000000001
0.040000000000000001,0.080000000000000002,0.080000000000000002,0.080000000000000002,0.092205343761031705,0.12,0.18261920957109287,0.24000000000000002,0.46818771256909875,0.58857058131143347
0.040000000000000001,0.046843082988359049,0.061592872459439077,0.080000000000000002,0.087321849743743823,0.10394996042916965,0.10719093781499506,0.12,0.12494914839014717,0.20000000000000001
0.040000000000000001,0.068310142674958427,0.080000000000000002,0.080000000000000002,0.098751622064030098,0.12,0.15788218594296774,0.16,0.19536541961603768,0.19639244725897048
0.040000000000000001,0.072563138698001725,0.080000000000000002,0.080000000000000002,0.080000000000000002,0.1242344922885005,0.13181956763371638,0.16,0.23204343277234857,0.33156958374487322
0.040000000000000001,0.040000000000000001,0.040000000000000001,0.040000000000000001,0.052951459342220335,0.067204503051263756,0.072761054392438074,0.10141894340392887,0.20000000000000001,0.3063701071605
0.040000000000000001,0.040000000000000001,0.040000000000000001,0.040000000000000001,0.080000000000000002,0.080000000000000002,0.080000000000000002,0.12,0.12,0.46163543348415725
0.013748706204834791,0.037630130203226871,0.040000000000000001,0.040000000000000001,0.052512573572622956,0.056217594283020728,0.079993606295543085,0.12,0.15554902899703896,0.1733328183155648
0.080000000000000002,0.10052259066721794,0.11417425472206449,0.11428240814091024,0.11564388074414571,0.12,0.12,0.13814155928076069,0.19952457814326419,0.21706923625468136
0.062276659584597965,0.06404881205254169,0.072977198517402891,0.080000000000000002,0.090637645524367566,0.13420005469118457,0.14427629887109236,0.14608481569506418,0.15629419307527437,0.16
0.07951622903689623,0.080000000000000002,0.080000000000000002,0.080000000000000002,0.12,0.13713238847484144,0.14753975250912726,0.14915190694647265,0.1502764503560754,0.23171113390105633
0.098484336344965701,0.12,0.19141820920383049,0.19571489404127815,0.21146615314739795,0.23653584807354922,0.27568102444518744,0.28000000000000003,0.29964798348891619,0.33333421265066221
0.040000000000000001,0.040000000000000001,0.040000000000000001,0.066098632215748687,0.080000000000000002,0.080000000000000002,0.080000000000000002,0.11834769504799741,0.16,0.20747915958237279
0.080000000000000002,0.080000000000000002,0.1091737687332969,0.12,0.12,0.12152250426189296,0.12397278962065057,0.12534501027563716,0.16,0.24000000000000002
0.045462021575344139,0.07399024706112671,0.076593265200493615,0.077606030987292712,0.080000000000000002,0.080000000000000002,0.097616179154142418,0.102433133121871,0.13871871125051652,0.16406100547485591
0.036384258600390545,0.036747971614624342,0.040000000000000001,0.045326489367610578,0.063026640434708556,0.080000000000000002,0.10077386319808143,0.12,0.13419606458436237,0.23053585705929081
0.040000000000000001,0.040000000000000001,0.080000000000000002,0.080000000000000002,0.10211871127640529,0.10422952912211228,0.12,0.13574873667643195,0.18978548306937629,0.24000000000000002
0.040000000000000001,0.040000000000000001,0.040000000000000001,0.070040162490145663,0.080000000000000002,0.12,0.13157018439957843,0.13795950256361769,0.16,0.16962718901357482
0.030749419947340755,0.035791881045408182,0.079436500585069098,0.080000000000000002,0.080000000000000002,0.11795443234196287,0.12,0.15256362879489602,0.16,0.20000000000000001
0.065394528677256814,0.080000000000000002,0.080000000000000002,0.080000000000000002,0.080000000000000002,0.080000000000000002,0.12,0.12,0.12,0.26809081329201173
0.040000000000000001,0.040000000000000001,0.040000000000000001,0.041226773573821214,0.047391686285871489,0.052492604762008288,0.064770467737863158,0.092118499300270745,0.093466017357745873,0.11361465691132015
0.080000000000000002,0.10373013820449936,0.11206417951850714,0.12,0.14686229977063434,0.15785998325662409,0.20000000000000001,0.22702424013219977,0.25130987481945194,0.2557774023619373
0.040000000000000001,0.069170524533301844,0.071687830919965015,0.080000000000000002,0.080000000000000002,0.080000000000000002,0.090674717210072614,0.12,0.16949890942275286,0.19081817094191575
0.016418705902085703,0.040000000000000001,0.040000000000000001,0.040000000000000001,0.040000000000000001,0.040000000000000001,0.080000000000000002,0.15867724621742446,0.16,0.17643037809679765
0.080000000000000002,0.10220286977175522,0.12,0.12,0.13622214998624474,0.14062163634745989,0.16,0.16,0.19785420249763055,0.29999960462171704
0.040000000000000001,0.040000000000000001,0.080000000000000002,0.11782836150122256,0.12,0.12,0.14274253174020515,0.15945989859885734,0.19898269433746565,0.20000000000000001
0.040000000000000001,0.040000000000000001,0.077337370224114008,0.080000000000000002,0.11285440601482599,0.11924881366611825,0.12780951407661922,0.14310910598763429,0.20000000000000001,0.26125660226721004
0.040000000000000001,0.040000000000000001,0.040000000000000001,0.040000000000000001,0.080000000000000002,0.10478090371314591,0.13073633933499954,0.20000000000000001,0.22357960124547904,0.23855352986253159
0.035090301239026796,0.040000000000000001,0.040000000000000001,0.071223627567634118,0.080000000000000002,0.097920304044479434,0.16,0.16,0.23960339324166663,0.24000000000000002
0.041719693952040338,0.080000000000000002,0.080000000000000002,0.080000000000000002,0.080000000000000002,0.12,0.12,0.13396671492049919,0.20000000000000001,0.28000000000000003
0.064899647210763287,0.073563379140949403,0.080000000000000002,0.080000000000000002,0.080000000000000002,0.11843789096049001,0.16,0.18342381429634499,0.24000000000000002,0.34212388882757078
0.080000000000000002,0.080000000000000002,0.095921998860940799,0.10634750771573143,0.12,0.14380802971294104,0.16,0.16946767047287067,0.35999999999999999,0.35999999999999999
0.072639858420551831,0.078918426766849903,0.080000000000000002,0.094364449282505591,0.096575830506399174,0.099895244604880584,0.12,0.13916762835153004,0.17911943046661843,0.20000000000000001
0.13371004089533575,0.14083514892119364,0.14964706490954113,0.15874531457765051,0.16,0.19477974926581176,0.20000000000000001,0.20000000000000001,0.26294509431183771,0.34452834841331237
0.080000000000000002,0.080000000000000002,0.080000000000000002,0.12,0.12,0.13002210623576338,0.15773432383857033,0.21265394701109114,0.2684965152846418,0.30447344750407473
0.092448310646460585,0.11020945516854766,0.11624482934534747,0.15071859789833608,0.16,0.20000000000000001,0.20978903099434831,0.22592454495789124,0.3123075957110788,0.34972899101654897
0.12,0.13883896010010366,0.13995010413221129,0.16,0.16,0.16,0.16,0.19716856233802471,0.19874301429979263,0.24000000000000002
0.12,0.13933322579011986,0.15465367208213518,0.17983794032078307,0.19448725057174532,0.20000000000000001,0.20000000000000001,0.21214266520751474,0.2381305751241064,0.35858587923050372
0.12,0.12,0.12,0.1399645800850301,0.14696260189217564,0.16,0.16,0.20000000000000001,0.24000000000000002,0.26355060584078011
0.10408714327655696,0.11249083174509489,0.16991569456610844,0.17177439766627428,0.18090591119353464,0.20359873339158413,0.23484398262655476,0.23948806764122146,0.25779189127811208,0.26997544667844503
0.080000000000000002,0.12,0.15197101033465926,0.16,0.16,0.16,0.16,0.17293747006806368,0.20000000000000001,0.24000000000000002
0.080000000000000002,0.12,0.16,0.16,0.20000000000000001,0.20898292659271966,0.24000000000000002,0.27651899798672969,0.31401870012552996,0.38343745392247225
0.080000000000000002,0.080000000000000002,0.080000000000000002,0.095829450758848009,0.12,0.16,0.20000000000000001,0.20000000000000001,0.24000000000000002,0.26459905837308123
0.094520794189728724,0.12322516914383545,0.16,0.16161860505526754,0.17556120450511098,0.21334435273338245,0.22482832621946494,0.25121116508085628,0.28000000000000003,0.37285510251361237
0.080000000000000002,0.080000000000000002,0.10071182337518325,0.10141822747053617,0.11335355025148608,0.12,0.12,0.15053729751260028,0.19790285212620329,0.26429845827256426
0.080000000000000002,0.080000000000000002,0.080000000000000002,0.10799341508042137,0.12,0.12,0.16,0.16,0.17690221567780165,0.18730218183080002
0.040000000000000001,0.040000000000000001,0.040000000000000001,0.040000000000000001,0.040000000000000001,0.080000000000000002,0.080000000000000002,0.12,0.15306438633407402,0.20000000000000001
0.040000000000000001,0.040000000000000001,0.080000000000000002,0.10945789358176888,0.11156777674952417,0.12,0.12,0.14060049925717255,0.16,0.20000000000000001
0.040000000000000001,0.040000000000000001,0.065245030121432762,0.079335463802219092,0.080000000000000002,0.11186645278524729,0.12,0.16,0.16,0.18945682332607308
0.071163860344978985,0.077561816666041256,0.080000000000000002,0.080000000000000002,0.12,0.12,0.12,0.12729990569581059,0.15319670531600585,0.20000000000000001
0.040000000000000001,0.040000000000000001,0.079137184467267821,0.080000000000000002,0.11192352638284225,0.11708375629789922,0.12,0.16,0.18257313454631796,0.24000000000000002
0.040000000000000001,0.041568506052898788,0.080000000000000002,0.080000000000000002,0.080000000000000002,0.12,0.12,0.17116276694118485,0.24000000000000002,0.32000000000000001
0.040000000000000001,0.06723020610077772,0.080000000000000002,0.080000000000000002,0.080000000000000002,0.080000000000000002,0.080000000000000002,0.11640895909466248,0.12,0.15677810389204525
0.040000000000000001,0.040000000000000001,0.076636085017888947,0.080000000000000002,0.11824881036810718,0.12,0.12,0.12,0.14756141509239482,0.16
0.040000000000000001,0.040000000000000001,0.040000000000000001,0.040000000000000001,0.080000000000000002,0.080000000000000002,0.1139350562499814,0.12,0.19911899422734611,0.20000000000000001
0.080000000000000002,0.080000000000000002,0.10958675363701312,0.12,0.12,0.16,0.18715251858363746,0.20000000000000001,0.24000000000000002,0.25845791039228355
0.040000000000000001,0.040000000000000001,0.070240464597222413,0.080000000000000002,0.080000000000000002,0.096303445315266412,0.12,0.12,0.12,0.15788824364556403
0.075365020543495115,0.080000000000000002,0.14220422379501027,0.15165318511975173,0.1565753670775088,0.16,0.16,0.18627395747931635,0.23183478741728125,0.27846032714709484
0.055919757515799931,0.070326161027437106,0.080000000000000002,0.11096720266773838,0.11540689541675428,0.12,0.12,0.12,0.12,0.17647348852083589
0.040000000000000001,0.057353883740796335,0.077612109830442866,0.079935865062794806,0.080000000000000002,0.080000000000000002,0.14867004001240675,0.15120923221846772,0.16,0.3164055995655915
0.040000000000000001,0.040000000000000001,0.042833227284278366,0.059622353808110859,0.064705283538677383,0.080000000000000002,0.16,0.16,0.17774808051085747,0.31026377846664666
