0.039440469006220329,0.040000000000000001,0.040000000000000001,0.040000000000000001,0.040000000000000001,0.040000000000000001,0.051875453419461551,0.076980406958089637,0.080000000000000002,0.42131064301882742
0.074315217331929459,0.077769443661974053,0.080000000000000002,0.080000000000000002,0.080000000000000002,0.10254487359240828,0.12954774810723899,0.16,0.17839441990571153,0.28174706498958302
0.028856566187446697,0.035033555626035058,0.037650899031824336,0.040000000000000001,0.040000000000000001,0.051201381478794501,0.060930151240517372,0.067011195626919012,0.080000000000000002,0.3438282492624562
0,0.019804887693749183,0.02962028924657777,0.040000000000000001,0.080000000000000002,0.1123280699157673,0.12,0.20000000000000001,0.23996365215365517,0.25384784667549393
0.040000000000000001,0.058235384202183965,0.071914998395760155,0.080000000000000002,0.080000000000000002,0.10711324423281381,0.12,0.1870258940074252,0.23070977556749417,0.26240505423951621
0,0,0.03077606932059998,0.032877638818141777,0.040000000000000001,0.062792693096396623,0.080000000000000002,0.080000000000000002,0.080000000000000002,0.12
0.040000000000000001,0.040000000000000001,0.040000000000000001,0.060090290528739571,0.069814915688723708,0.080000000000000002,0.080000000000000002,0.15771027132019036,0.16,0.20602438323333941
0,0.040000000000000001,0.040000000000000001,0.040000000000000001,0.080000000000000002,0.080000000000000002,0.12,0.1364915690689347,0.14313573269234595,0.22076974812364819
0,0,0,0,0,0,0.051447957833956087,0.051909683155124571,0.080000000000000002,0.18002598867316388
0.040000000000000001,0.040000000000000001,0.040000000000000001,0.040000000000000001,0.080000000000000002,0.080000000000000002,0.080000000000000002,0.12,0.12,0.14996281578754916
0.02872368132456957,0.029233942112279015,0.040000000000000001,0.040000000000000001,0.052059179026066847,0.062693960181442632,0.080000000000000002,0.080000000000000002,0.10496489107454453,0.16
0,0.028454193727957409,0.034386087874287999,0.051230399661208736,0.053524245924844567,0.053789816406156175,0.12,0.12,0.19156574646910868,0.27424133004978424
0.040000000000000001,0.040000000000000001,0.040000000000000001,0.040000000000000001,0.080000000000000002,0.09157747291199507,0.10451538937577926,0.15257845026038594,0.18597190889458481,0.19780786227044678
0.040000000000000001,0.060160165217774307,0.077605400084862511,0.080000000000000002,0.080000000000000002,0.10521049132275087,0.11574214165924722,0.14149670955378429,0.17171390904481271,0.25987274418125789
0.037656840154564705,0.040000000000000001,0.080000000000000002,0.10318298381506853,0.10836884047832671,0.11128838975957597,0.11712014816850351,0.13606959766677487,0.14568802110653489,0.21417690102114134
0,0,0,0.070329754713388787,0.080000000000000002,0.080000000000000002,0.080000000000000002,0.094447831101001731,0.14792875727831173,0.15374480948176039
0.078116585277182946,0.080000000000000002,0.080000000000000002,0.090281464087410848,0.090719756631292461,0.090776735710676459,0.092756026983427747,0.096936123479024569,0.14865739792915919,0.29513452670989165
0,0,0,0.030800173009611229,0.057828387846359353,0.080000000000000002,0.11771453270874283,0.13517383804295974,0.1580709210417259,0.1965312313835646
0,0.016587329585927568,0.035159015850008635,0.040000000000000001,0.040000000000000001,0.040000000000000001,0.040000000000000001,0.063011236499051465,0.15111156974007309,0.35325755712959767
0.020191487267388303,0.040000000000000001,0.040000000000000001,0.062810635360602218,0.072653969126367512,0.080000000000000002,0.080000000000000002,0.11013557676662317,0.11616449176801844,0.12860776955684075
0.013552844304895751,0.030817888141413528,0.038414329146543004,0.040000000000000001,0.046774135149656448,0.072352505317735849,0.10434234474303956,0.11923139987779885,0.14643669523159519,0.16
0,0.013178736022800152,0.018572469599797956,0.028844708756486627,0.040000000000000001,0.040000000000000001,0.20000000000000001,0.20802216956028446,0.23218898790490416,0.26602243053098873
0.023226692298415692,0.024277482156242741,0.030201430319875468,0.040000000000000001,0.040000000000000001,0.095291759825880284,0.11763039394742186,0.12439951924080761,0.13855585200029316,0.14445950441310626
0,0,0.035386372562233794,0.040000000000000001,0.040000000000000001,0.068833677378696209,0.080000000000000002,0.089635999297204144,0.12,0.15050956685729633
0,0,0,0.032611242213468727,0.036796415486432969,0.040000000000000001,0.067803749556028192,0.12,0.15836551122324558,0.2953973112153368
0,0,0,0.0097990327753770933,0.026742310351841561,0.040000000000000001,0.040000000000000001,0.064753328796439191,0.12,0.19731389311976538
0.010716480710025698,0.040000000000000001,0.040000000000000001,0.051306839684575875,0.05764876206061486,0.080000000000000002,0.082690757307234797,0.092236224720031207,0.093009956445761793,0.22701252182315523
0.040000000000000001,0.040000000000000001,0.040000000000000001,0.080000000000000002,0.12,0.14860211549493471,0.20891328557663352,0.21563762371299727,0.27635018882056911,0.3750471708284242
0,0,0,0.013113208062831654,0.040000000000000001,0.053893386535501991,0.080000000000000002,0.089428696741113686,0.098933761502104561,0.17579195598713149
0,0.023553024759294751,0.036713958006728262,0.040000000000000001,0.040000000000000001,0.057275033622134729,0.062977244330632953,0.074021878304942418,0.080000000000000002,0.11966881257219532
0,0.040000000000000001,0.040000000000000001,0.040000000000000001,0.056566246863239349,0.080000000000000002,0.090959347068786264,0.12,0.1790770048101562,0.20052582930948654
0,0,0,0.031075813295311377,0.037995425216472943,0.039749982210647405,0.040000000000000001,0.063443708595022436,0.072017191421136301,0.15738941083901464
0,0,0,0,0.040000000000000001,0.040000000000000001,0.080000000000000002,0.080000000000000002,0.080000000000000002,0.13451442347951642
0,0,0,0.017141509842888786,0.040000000000000001,0.040000000000000001,0.063736915756494955,0.080000000000000002,0.11458956239389562,0.12
0,0,0,0,0,0.027519893206927878,0.040000000000000001,0.040000000000000001,0.06512979543533054,0.080000000000000002
0.039302519010924811,0.040000000000000001,0.040000000000000001,0.040000000000000001,0.11820076921596956,0.12,0.18347078466996355,0.21991252598322744,0.24000000000000002,0.45272048102138146
0.040000000000000001,0.040000000000000001,0.040000000000000001,0.054319294640263242,0.071575732654713134,0.094367423572362538,0.20000000000000001,0.20000000000000001,0.22234993025824012,0.23762918756744075
0,0,0.040000000000000001,0.040000000000000001,0.066121926041326384,0.072995638071807756,0.080000000000000002,0.12,0.12,0.17656379929956512
0.059105064338095939,0.076498170977235685,0.076738028445896653,0.080000000000000002,0.080000000000000002,0.080000000000000002,0.12440632565631946,0.15981165576174133,0.29995335768174824,0.31672825693432705
0,0.036180631241342014,0.040000000000000001,0.040000000000000001,0.070051876094140209,0.078215594342291403,0.12,0.12,0.18774291886167851,0.20000000000000001
0.040000000000000001,0.040000000000000001,0.064031109161444152,0.079737260827569129,0.080000000000000002,0.082950030977111094,0.10819290598928008,0.11414607371724181,0.12891259065095925,0.25645121700992163
0.02947914640777987,0.035809902004152135,0.040000000000000001,0.054351645435401386,0.087579072578003708,0.11410935161651783,0.12,0.12261563966117214,0.32000000000000001,0.34766715199817128
0,0.014288220197530101,0.040000000000000001,0.040000000000000001,0.062172080121738887,0.080000000000000002,0.12769057655451435,0.15244854010434503,0.1672433551128715,0.20000000000000001
0.040000000000000001,0.040000000000000001,0.040000000000000001,0.059514811568324548,0.065815046309530265,0.068345297294313795,0.080000000000000002,0.099475225567933173,0.12281058129805172,0.28654019052996577
0.13947163011621314,0.15956142878022475,0.17071746810324356,0.18474108045352636,0.20000000000000001,0.24387972701238686,0.25341427961141683,0.25729492906308205,0.30445885399818318,0.38880354777623144
0.078715337559463999,0.080000000000000002,0.080000000000000002,0.081890618574682161,0.091871441840378487,0.10836969762316022,0.14923686794330993,0.15767929097319405,0.19752199699006723,0.33860142009706001
0.053897303990769696,0.074397337063762781,0.10235197986073549,0.10893337087743077,0.11441281182022847,0.11681048206467645,0.1331650819872231,0.17440621531331044,0.17897912109061287,0.25563924645595398
0.040000000000000001,0.042497029607523967,0.061203498295862559,0.064632056548129993,0.07285980068791767,0.080000000000000002,0.080000000000000002,0.1070291208769964,0.11405701216463146,0.15812412672326778
0,0,0.040000000000000001,0.06210150500025774,0.065516925453417002,0.080000000000000002,0.080000000000000002,0.086462312885127721,0.1181929313097711,0.16
0,0.015542139578075228,0.030358013353782479,0.040000000000000001,0.053844693868334847,0.099471339939015316,0.1019038118443318,0.10429551060388756,0.13785401846632703,0.16
0,0,0,0,0,0.040000000000000001,0.040000000000000001,0.080000000000000002,0.092229991652708565,0.097489650740312836
0,0,0,0.027231186648048723,0.040000000000000001,0.040000000000000001,0.072014986111572379,0.075753064567772893,0.15639820039736119,0.1816065210519876
0,0,0,0,0.040000000000000001,0.040000000000000001,0.10080629448331047,0.11294419888563159,0.13300619197915431,0.21132506135810949
0,0,0.015269272762416596,0.040000000000000001,0.06168746208907324,0.069985777353062509,0.07488387337456473,0.10910510683615936,0.16,0.24000000000000002
0.040000000000000001,0.040000000000000001,0.040000000000000001,0.040000000000000001,0.040000000000000001,0.07468224060575962,0.076773116287213367,0.080000000000000002,0.17564279192441773,0.20000000000000001
0.040000000000000001,0.040000000000000001,0.040000000000000001,0.040000000000000001,0.049115488103163282,0.080000000000000002,0.11390965581825319,0.12,0.15148945925594992,0.16
0.078264505046982957,0.080000000000000002,0.080000000000000002,0.098347600963834783,0.11757484232819468,0.15129353844286586,0.16,0.16326744628049958,0.16807585724962698,0.23139371966152256
0.040000000000000001,0.040000000000000001,0.040000000000000001,0.044685642383985522,0.080000000000000002,0.080000000000000002,0.11581057209721876,0.12,0.12,0.12913006618754563
0.040000000000000001,0.053580242836635178,0.080000000000000002,0.080000000000000002,0.10057608539819751,0.10182664047757822,0.11433262634575553,0.13757175496556814,0.16,0.28570674817149477
0.028550942531181206,0.040000000000000001,0.040000000000000001,0.049894485698435617,0.080000000000000002,0.080000000000000002,0.12,0.16,0.18192440134237103,0.21551834797105709
0.01849393517764231,0.040000000000000001,0.040000000000000001,0.040000000000000001,0.040000000000000001,0.053795869714364716,0.077505087120133376,0.098120022461708201,0.12314977268064013,0.19282635667591266
0.065444865653821238,0.075706596490696512,0.075728986260883591,0.080000000000000002,0.12,0.13173404848792025,0.15787570719780669,0.16,0.16080530274532359,0.2329461483380246
0.040000000000000001,0.040000000000000001,0.076339160188413357,0.10685834965390043,0.12,0.12,0.12224821644013506,0.16306494617444781,0.18416385058326287,0.30410599474487454
0.040000000000000001,0.040000000000000001,0.045962977207151361,0.057694341981003018,0.080000000000000002,0.080000000000000002,0.080000000000000002,0.092267333289523856,0.11536757475762976,0.14562212652247364
0,0.014101008631458774,0.034813321211173975,0.040000000000000001,0.064840584212642841,0.080000000000000002,0.080000000000000002,0.080000000000000002,0.080000000000000002,0.18244684486678753
0,0,0,0.040000000000000001,0.040000000000000001,0.040000000000000001,0.090712983890300275,0.11266649184261368,0.11665672825588402,0.23001541039388795
0,0.040000000000000001,0.062409244928679969,0.072611889698315557,0.080000000000000002,0.080000000000000002,0.10847220424374346,0.12949654361613275,0.20000000000000001,0.20000000000000001
0.038460601829602682,0.040000000000000001,0.040000000000000001,0.076648723809796676,0.079027082113426517,0.080000000000000002,0.10495768871298664,0.10913054445986367,0.18669702866114196,0.32000000000000001
0.040000000000000001,0.060955523108151936,0.073780255868796579,0.080000000000000002,0.081609678150909859,0.12,0.12,0.12,0.14789382230392722,0.16
0.040000000000000001,0.040000000000000001,0.040000000000000001,0.040000000000000001,0.080000000000000002,0.095102650530227831,0.11323599682186883,0.12,0.15722339516046116,0.16298737239007213
0.040000000000000001,0.040000000000000001,0.040000000000000001,0.07496064734005102,0.077743974183175413,0.11445385271571268,0.11478555237277707,0.13998075628364048,0.1643791966491763,0.20426565579729519
0.040000000000000001,0.059670464862683972,0.078291699012637356,0.080000000000000002,0.11782457213598832,0.11999924909078666,0.12,0.12,0.16358307360371083,0.19725593769925123
0,0.009800154568838957,0.040000000000000001,0.055116662555423711,0.089666402719770735,0.10558736326252983,0.11936099240457432,0.15958335818114078,0.17075543526124978,0.1755590356873872
0.019509271347119501,0.03011634663727691,0.033062934997883639,0.040000000000000001,0.040000000000000001,0.053335121294127125,0.078939622112887284,0.080000000000000002,0.080000000000000002,0.15288857087972177
0.040000000000000001,0.080000000000000002,0.080000000000000002,0.095282688553344597,0.10822251150937201,0.12,0.12,0.15254062841284693,0.15490518262184144,0.24000000000000002
0.03836912209461435,0.040000000000000001,0.040000000000000001,0.040000000000000001,0.067893771043419843,0.10696551768828513,0.12,0.12784016629678252,0.14419776728751232,0.18002886877275609
0.040000000000000001,0.040000000000000001,0.040000000000000001,0.059540758524610909,0.072085349651598546,0.076676127910448477,0.080000000000000002,0.085379107760535047,0.09120545051410818,0.10347843370479709
0,0.013166718611604159,0.016578260041539006,0.036314228329763436,0.040000000000000001,0.040000000000000001,0.071934622858536912,0.080000000000000002,0.080000000000000002,0.080000000000000002
0,0.011318464100346369,0.019183456270714602,0.024852495097007828,0.031270643469494798,0.040000000000000001,0.056317805508019028,0.080000000000000002,0.10584497961526684,0.22978148121472741
0.023221817873830781,0.040000000000000001,0.040000000000000001,0.040000000000000001,0.040000000000000001,0.062374608355978536,0.077752410355168444,0.080000000000000002,0.12,0.20000000000000001
0.040000000000000001,0.040000000000000001,0.047596180790207034,0.074885883218580668,0.080000000000000002,0.080000000000000002,0.097797887185799348,0.11735254175095702,0.13817760123537465,0.15727584148845225
0,0.010899040081411706,0.023965441494242592,0.031122519863118862,0.036349715146103662,0.080000000000000002,0.080000000000000002,0.12,0.13121510036171885,0.16
0.032039800655577877,0.03271360780139515,0.034441875110615416,0.040000000000000001,0.040000000000000001,0.040000000000000001,0.054322679040294489,0.058874523550944136,0.19191395223192301,0.33626901580510704
0,0.022102811900626108,0.040000000000000001,0.040000000000000001,0.077052137611644242,0.080000000000000002,0.0970701674338037,0.11384687637433816,0.15841961160780707,0.1591843176723497
0.040000000000000001,0.040000000000000001,0.040000000000000001,0.040000000000000001,0.080000000000000002,0.10782646219980505,0.15483977911788963,0.15687976060822872,0.17014495852988179,0.24773471896923477
0.030502662701640967,0.036975929796038962,0.040000000000000001,0.04273561805121491,0.048650865138492663,0.080000000000000002,0.12,0.12,0.13846912188256588,0.21237442662240363
0.040000000000000001,0.040000000000000001,0.052785199766007818,0.057973713816773687,0.074735099104155669,0.080000000000000002,0.080000000000000002,0.095050036329210816,0.10390432673234387,0.12
