3.7409955594859814,3.6059528274518442,3.7902372885378459,3.541354614463093,3.7499025159852004,3.7899310324859092,3.613959521152283,3.6043334268261393,3.6592176768790834,3.5482753007069294,3.6280064953382354,3.7719036206079819,3.6267342735350963,3.6709092508896113,3.6341170809661749,3.8632557492343635,3.7788374449453741,3.7521529941439065,3.3092196564226559,3.8553087028966742
3.3342370885622059,3.4986035623496545,3.8464557508602004,3.7825542109370662,3.4942654782799201,3.903190432179847,3.6594746276711794,3.8572945377847088,3.8041778434579383,3.6323936069749356,3.3467270158229732,3.166095899990089,3.7620905875627066,3.757351923903185,3.6755751091274953,3.7996823484358879,3.5939732501747068,3.7925171820371597,3.771782200343202,3.5326315664284045
3.7108700405739872,3.7411339098676226,3.3071992786985964,3.6947638961058846,3.7545356166629253,3.6837211112527153,3.7125799934566435,3.3020953549794525,3.430768331170809,3.7647485744738534,3.4511792789928579,3.7151867924853859,3.586733851194094,3.4161660218055356,3.4686345332165613,3.769116716157292,3.6795772331191272,3.6527822610793046,3.6610074067863909,3.8449251058593732
3.8609236046043591,3.6149602974628414,3.556078938074017,3.7934583069566585,3.8663942201395982,3.9435662401286433,3.7699182552755599,3.5256917858667536,3.6476319644626938,3.9620305611114821,3.8854101648154975,3.5978878839639896,3.6434921649993135,3.747839576928365,3.6533870864199152,3.8647350498451667,3.7845394407793962,3.5684585600471515,3.4968205622499675,3.7435909917313159
3.7568311375080512,3.591550938191634,3.8065135159037573,3.6209047650101396,3.4038524379390687,3.8420063124084773,3.4628522466843021,3.8855406492006597,3.4097687100490939,3.6706858540698102,3.5603419037032458,3.5322723579081057,3.8070384449055616,3.8262427783026207,3.3772022894721654,3.8350182547765934,3.7705555011105969,3.7161885704034008,3.6564018167181085,3.6837687596157189
3.7734899646701123,3.8891483501588775,3.5863423365848837,3.6743129241608576,3.5531591113514676,3.7497353104672513,3.9154066389616151,3.4648013780502396,3.7155129212132465,3.5733558793204958,3.7843355219554851,3.6156180532806226,3.1263313156884709,3.7419315746342026,3.6799095975964771,3.6094200306204098,3.7699649439109972,3.6848460952760034,3.8495264382954306,3.5703165208417689
3.9079350760315061,3.7037562647315934,3.3951071649731017,3.7123804993293512,3.8193699605456928,3.7945563768941231,3.6146589711221657,3.6392759587680961,3.7588697657088286,3.4507555014365177,3.7519210283438977,3.8824365877089431,3.508452499542579,3.6230822178997992,3.5468907682425965,3.4000402720845244,3.4969473135740903,3.5882222250555325,3.7372655645457566,3.6039236542634625
3.6151154356285398,3.9111231002126705,3.6478757928589567,3.5950685687772923,3.8289035898385637,3.3728770756265574,3.6701376256300247,3.6334712603787618,3.7913714615787599,3.7832099154882499,3.7576994314703449,3.8349961503824406,3.8230062686352251,3.689637555203833,3.6252367895260598,3.4092702044226888,3.6330937714944072,3.6602181358832016,3.7540079690062855,3.8065891660037718
3.6917155910614916,3.6965634818417374,3.6254114359176679,3.7609762156169655,3.5990513404424171,3.5996473540126068,3.7460968746344143,3.8703432080947606,3.5955434311278021,3.7609294515383045,3.6587799423457192,3.7262315668741248,3.5850888493022404,3.7141805573257427,3.3434728967713934,3.7504473917460639,3.7284849781270348,3.8273404325130991,3.651354919073003,3.5645803003070231
3.5454097802879887,3.7634294721695802,3.5250692829954153,3.6484629250583023,3.7481530815770339,3.7291564644298103,3.8912272650207864,3.8532310004159842,3.6862982424367217,3.6071175648261598,3.8105014408494577,3.8357538220482055,3.4877194671551117,3.5599254592786918,3.6670908594480767,3.7192087367931905,3.8397886232108873,3.8167981468322778,3.8316913110760935,3.8356704539538029
3.733636511390328,3.764279717106751,3.7652264610859265,3.786286300394587,3.729315008485937,3.7728305340322583,3.6228785227121962,3.7572703346972127,3.6166887790604756,3.6946515332670802,3.8504967547571529,3.7919130689242104,3.7661710722032691,3.6524353935688394,3.7432936280913451,3.596678167886282,3.825947291718288,3.6404477891060734,3.6393326968149373,3.5979103592489365
3.687157296308555,3.7328246271803733,3.8240602040702942,3.8171730734797529,3.7990728585958466,3.7388482482790106,3.8464326923969154,3.869393649347979,3.8606472781260197,3.7291200036899093,3.5875281567314228,3.5966410565060016,3.7700148162613458,3.8404736166992479,3.846072589007286,3.8002053673846454,3.8391198978927252,3.6080356477554685,3.6772083351916889,3.8514388107412136
3.9337292582438228,3.8242320375634464,3.8270340905893576,3.674436042206517,3.6440645092416148,3.8081545590274759,3.6808080912273606,3.5798140597558503,3.8459720393122305,3.8407782341123968,3.7640335064694974,3.7993206786070188,3.9249829371511171,3.6551616154999613,3.5708111583293913,3.7830586018971899,3.7151469407304671,3.6382545472410173,3.762019039592162,3.5678092347610368
3.6907654179063893,3.8035563192186386,3.9112536014574975,3.6645485320608473,3.801923223517977,3.7875813168094949,3.6757641782570487,3.8064596094961414,3.7881002955180612,3.5991638189991617,3.6197988674948318,3.8641262149819871,3.7522340718634855,3.7791650835400077,3.8297178364748237,3.8046191670018255,3.8143783220287362,3.8219397492667806,3.8023497435439855,3.717572998171736
3.6186542539647606,3.7172509721937397,3.6508527921840215,3.5689885371064944,3.7426821327444166,3.6839072856250947,3.8488395727317242,3.6719315738439935,3.6675792306298574,3.3114895840071266,3.5186202809843992,3.7637698779073392,3.798014940985444,3.7446762120919188,3.7739259826358507,3.7662477219519848,3.6500162954532329,3.7313422807720653,3.4536093016938252,3.6159136373355176
3.5072823330589848,3.8711262228200058,3.6875202939649032,3.5726050316355646,3.4998120746603343,3.629795178914526,3.8250001942393301,3.8863429372915328,3.7181511634402789,3.7482545103240992,3.3691745742040839,3.8516177908456219,3.6111319343764556,3.6395000209255408,3.7532529228205243,3.659018884007867,3.8118781596828435,3.8402343807805819,3.7253030416045703,3.8236364607641651
3.7486948570925662,3.68847713326902,3.5882996906811684,3.9006251648639636,3.7464245566007359,3.6374892326392172,3.7591180324286997,3.7121042904973685,3.7717260381150828,3.775718851033099,3.6792157002478523,3.8148337968741859,3.8189581814967903,3.698493749686564,3.8144182198966092,3.7145394959636233,3.7237951865115186,3.7232873598350515,3.7267100295295874,3.7050325867248066
3.8633931831981303,3.5649181741506366,3.8329479234629784,3.7769683407215675,3.8205804756974273,3.6406733619647058,3.6622716015710099,3.7715340439006027,3.7355501661077146,3.6179739990883908,3.8455563759820159,3.5345246470626885,3.8277215349173419,3.4900450983117737,3.5746407246105023,3.8749636162457928,3.5462267662836027,3.6735054056500482,3.7255335697757488,3.7985525251426906
3.6680996917399384,3.8127934068332672,3.7556798451951381,3.6602090842704147,3.8121023390910529,3.6914717653493034,3.8353057575659633,3.7796770699238746,3.790465008614111,3.6775466815721831,3.8843884754085751,3.8744730248837014,3.8223391140536105,3.5711107022514113,3.8772417574736768,3.7741856243918734,3.7935803077718524,3.7931486352256156,3.9064532606531666,3.8960147930185629
3.6274038940592055,3.6458516967608037,3.7475637895642366,3.6706502479795371,3.6655043299439285,3.5014822115263891,3.5481250409769625,3.7156195336547326,3.846912473834172,3.8303388473037687,3.6091001241026204,3.7669265836756662,3.7574979094254206,3.5437024651538698,3.8752563821138719,3.7941619060892893,3.5759111428855705,3.481536984980949,3.7812488301115343,3.8445594020229601
3.8922812237937325,3.6216815677847354,3.7911148472800047,3.7940767486657561,3.8163986067019096,3.8147096698470508,3.7509746316567685,3.8130733044670242,3.6842941900079351,3.7749747103621081,3.8194102271561068,3.6391613985207689,3.7051533932789615,3.7149082480562798,3.829124106709517,3.7409525588460433,3.9243073805842714,3.9336997986403115,3.7812428806662695,3.6500617268076181
3.8162210435440733,3.7296249481583343,3.8136548321842527,3.8047554092781892,3.8831120090178857,3.7484192684490378,3.6552819785475381,3.8623712719472199,3.8287758439647925,3.7958032490997362,3.7062401905558628,3.7593453125442919,3.848986780467456,3.7317872599430477,3.7771922441454948,3.9104303687684974,3.8879147762760851,3.8346569760045202,3.8377380193114825,3.677011311345316
3.8403316029564842,3.7541067707748295,3.6887159994871599,3.8546389473181608,3.7759019548606494,3.7457729087133269,3.8404395548441363,3.8690657663429513,3.8694403624400739,3.8854141276491445,3.6769747449226502,3.8729359933066143,3.7767698522271584,3.5716500938187843,3.8357635191978701,3.8098788727554553,3.921145504736125,3.7288256227526513,3.8073942756205281,3.6984351425767077
3.8458114946025099,3.6910906171751661,3.910682345742619,3.8274406521094031,3.6800731581204937,3.7136096683848221,3.7161522416488388,3.8726862628471936,3.9521896677352819,3.8710405406626194,3.9034753191061577,3.6425180004115325,3.773411131227749,3.8835260840878516,3.6941158076309146,3.6441847593948817,3.6140523797476392,3.8675728842231338,3.7302846802544001,3.6933800954474814
3.8603204588593125,3.8242122257324263,3.9089966944099732,3.7397977531545936,3.7092175555034697,3.5978394359550876,3.8988692344949096,3.5842473098936565,3.8078924341546307,3.703216510405742,3.7423034499472552,3.6670287443063754,3.8083114095848725,3.8728489100495578,3.5814417884164165,3.7591332816174723,3.9494359157467911,3.3939686601896244,3.8269346388132766,3.8543629723439445
3.6871351939362507,3.9093753852956068,3.7812655750484678,3.8561936063121505,3.8256592808225918,3.6374757528755741,3.8840338593294685,3.7880256893225872,3.8276728577211996,3.7635208278002863,3.8704243960787497,3.7240704462807313,3.8917753891428535,3.65443583489549,3.8419888509737516,3.7390210842607741,3.6810759289589732,3.8388409273263515,3.8191092810015093,3.8145657624751759
3.897157379697052,3.7506704708433154,3.5391778106624465,3.8794950863472151,3.8741906629323219,3.7526785176042843,3.6846780207296992,3.7661183805468652,3.6156617344780639,3.9347378386045953,3.8010267217116493,3.8093011786622655,3.3957290440993209,3.4534787171632773,3.7327516817951212,3.8691715305006813,3.7974799628856406,3.7838024080421975,3.8482041168874304,3.6887333153786628
3.8430566872146681,3.736106917738558,3.7928245268339831,3.6572837263671159,3.6505515789584457,3.9375174992223787,3.7658899872638409,3.8106951274422181,3.8318078992067379,3.7887065343858111,3.5365130751630134,3.8098560231338721,3.6551272187315655,3.7734988376954091,3.6192753158461959,3.9245664100248194,3.7367475937670154,3.4222243520981417,3.8338397534173927,3.6024024154990251
3.7417196833933111,3.6989436771104796,3.7262030422461576,3.7146903607209305,3.9086646074936016,3.8146168237062299,3.8480310254802466,3.7571975794499513,3.6964584038600856,3.8290998881297562,3.8370131952283111,3.8218903451005812,3.6794327360505816,3.8031147693328755,3.8310819455770866,3.7974059403318523,3.654509662595832,3.7902958369666728,3.7506877330568447,3.8609156900814567
3.7956882126379119,3.7338591493236217,3.6861112219280523,3.7233467319355573,3.8145801578100982,3.7280171541037461,3.7342636990433329,3.8589251810494449,3.655442794784014,3.9108336134247961,3.7226156815987115,3.5982601124037399,3.9390472301853676,3.7528802557437788,3.8778252793611525,3.7810885855329834,3.8966666507749146,3.726476079335276,3.561180675528449,3.8572329999965222
3.8588696890403487,3.758136027989202,3.6218535397516187,3.6196360241337495,3.8016752363840003,3.865547214912743,3.6766553460266422,3.7829669571708266,3.8085104990759953,3.5325989684915857,3.6693603799326655,3.648744951153434,3.7785565763505162,3.4472610663236876,3.6036179200534142,3.6044239907219393,3.8372546398665186,3.7684140243022481,3.8529252642434195,3.8208894414324406
3.8493021034831743,3.8258297992325163,3.5103510309703698,3.6052592560135359,3.7693020947916707,3.7427509393745293,3.8624699652601335,3.8049195571250976,3.8423344281667662,3.5020644690115299,3.8355032714011923,3.6099972566811647,3.6883908759412884,3.8395736181776452,3.6988033277685579,3.6870133196780199,3.8815347193704857,3.6196832848999319,3.8579209585702077,3.664350552858755
3.6368005308256963,3.71527711719013,3.5058207070248772,3.7913583085569065,3.8078475859251837,3.8346527776464501,3.6716075487792121,3.7896671375191411,3.8671453618731695,3.7803795919032779,3.7829850119799024,3.5667133889024258,3.3612181248662902,3.9151367528302936,3.6780908363988103,3.8489774609408598,3.858777633562982,3.6986664755490199,3.7557125544317258,3.7503852378011864
3.7846722072364751,3.8294374832811693,3.8589210485294094,3.5209262819463181,3.7383927535493351,3.8223106721952975,3.9017045163545463,3.8558534834468987,3.8569483669415505,3.7169262368684493,3.6600200161982364,3.5844683211006951,3.793482981830044,3.7315985345983611,3.6901101125154039,3.903039656486905,3.8657744505809126,3.9116230458974797,3.7511082031451828,3.6458352039645279
3.6381047257128811,3.7769639593953466,3.7494654957987832,3.675223599538346,3.665564429582449,3.8130437198805054,3.7828488655189907,3.6534592350767183,3.9423198209811847,3.927775788642986,3.7586043513627025,3.3211994325451166,3.6583198238684917,3.7807933039253818,3.7437004184120357,3.6238746507486805,3.7230836789478312,3.5767293716922604,3.6332214002208487,3.6819642639927426
3.6518397304623473,3.6948395717309377,3.5856560086653819,3.7290212992327181,3.7938472956869966,3.8547160456084981,3.8192494799399297,3.6152734342715234,3.7601636158860288,3.8174067078034137,3.7083453629615764,3.9150825360192947,3.6666947572569102,3.8579389927701344,3.6783375104742535,3.6466683804012554,3.7391144735529909,3.6227794747443336,3.7728360288004619,3.8774781384058552
3.7211055169946547,3.7047480038828766,3.7191251755672514,3.7373147076706186,3.7201241802707306,3.7184286551864525,3.8544314777399262,3.9048214918020747,3.6509934874049907,3.7784706319960861,3.6560010175525046,3.7034973671761819,3.9492030956967183,3.7853898828666002,3.6317331678490627,3.8314986913476039,3.9008321294977555,3.867333514549149,3.8251698631526039,3.8205414135738112
3.5584310627316307,3.6840332036976648,3.8302914154945742,3.8370694203056384,3.5504676041632135,3.881170114779628,3.7062983266324521,3.8371245094167561,3.7987853745908189,3.7064155883039112,3.5564191494658313,3.4623394093129689,3.695218480693319,3.8092857898629759,3.8318787632999372,3.6553751252435744,3.9057059282368973,3.901608031924781,3.5709871221679141,3.6879006875236713
3.5790638241531831,3.6830191853547012,3.6586354272564843,3.8457921161071784,3.9344741258786784,3.82186950901341,3.7257489910960206,3.7703072090030778,3.720773818702316,3.7013560222476132,3.704922641085497,3.7225538332119101,3.6443870343033522,3.6317966945959297,3.8406204674914775,3.8411952957710738,3.8071084078029478,3.7732781475737447,3.7912983884300084,3.7224042181796611
3.8821482374464917,3.7997578922957311,3.9120182903752734,3.8897780970146663,3.8934348143842983,3.7148417348990495,3.6990491797908716,3.8159986703954822,3.8037743524437539,3.6209792618979173,3.7295024997299908,3.6558354006855609,3.8365588351677,3.5985580869093861,3.8087446140660299,3.6893207168416371,3.7901550058469087,3.7736300936335874,3.6881961436302966,3.6553172232908855
3.8371221258070536,3.8280887116418887,3.8754612442134424,3.5873926497267661,3.6431528109640752,3.8070493141850759,3.7632499449485191,3.9206339352926394,3.8147572142666415,3.7351360348559064,3.6657776566201097,3.7135689931290039,3.7876707031529739,3.4511587653952476,3.9853722816311596,3.7914538639138375,3.7323131426643954,3.7124567877161452,3.8380995981479291,3.7842933284610663
3.9281570209396577,3.8167305832362728,3.6607888815136933,3.8738781770080033,3.7924414213652278,3.7677495310889477,3.8445507150371174,3.8533041611019723,3.8344440181129427,3.8299320043246547,3.8353557479870806,3.6969153175776994,3.6446810937680709,3.8809542759203044,3.6752776124371027,3.4365871734075162,3.8251224198067799,3.7246998945130061,3.8040815757857591,3.7086538731089393
3.6276433937110451,3.7971780557225432,3.7490264069919323,3.9277388961600828,3.8424589108378124,3.7425841180514778,3.720494040719899,3.8961913761235163,3.9529499632929799,3.9324330393028633,3.597294949848024,3.8459722507060938,3.6976910873043858,3.8226827255526863,3.9209756175769255,3.6939491732448144,3.5629528475423511,3.941779159539569,3.8700360932894671,3.9150860323677512
3.7532918911883444,3.7558512392340204,3.7906568288687876,3.849400959764163,3.8571305113599128,3.8845930011715688,3.6535017044301621,3.802345297734266,3.8429772871900174,3.828029839320044,3.777270892172556,3.7897541950365139,3.8050282854969284,3.8314935878589154,3.7889042741842269,3.8788945872785168,3.8924780129600678,3.8004114982865014,3.6131133686396706,3.7169894928181577
3.6948595887696674,3.933328864167311,3.7442742305161238,3.7610007945317627,3.7723160589215343,3.7684939113471922,3.7545329966551089,3.7635495012045328,3.7828224109815687,3.8049177136232166,3.7695480517996565,3.6533050250138919,3.67968852151012,3.6248267925897357,3.8614590599241621,3.7482805080928592,3.6970364418012012,3.7502684049027319,3.6900803833377855,3.7665745335236438
3.7635752692629616,3.7965588796807768,3.752674364075439,3.5169356076741427,3.8901479827653569,3.7713777985569314,3.6865197474644034,3.7609702360137423,3.7193588500820791,3.8854759159326511,3.8709110461342675,3.8649711928091062,3.8886730142992652,3.6802794939567014,3.8684263766231086,3.6455634915794932,3.7333978603537754,3.6883277224254472,3.7206047392628783,3.9046329817844563
3.7294399518256789,3.8640662682446183,3.682809372424547,3.885810000423183,3.6572111843917585,3.8658634905728531,3.7272245964145108,3.7004245011708337,3.9796417916627145,3.8735903240330032,3.8064181948029518,3.7763593764245482,3.7660241426915162,3.8601148730991137,3.7836910229277425,3.6253781770892419,3.6375377152884063,3.79543427044069,3.7453383264406335,3.9100473902919655
3.6442069855415458,3.8307202813487651,3.8460704274478261,3.7977223900385773,3.8373113577879754,3.729531055357846,3.7677863020267659,3.9109004126013245,3.7929246791342277,3.8352307542643933,3.8037330287593769,3.5823551037884767,3.4831727972550093,3.7934273096066975,3.9002401452777828,3.7853656840881067,3.7296601897034822,3.7256164455847913,3.7637756195078467,3.931297169197089
3.7777338660445627,3.5261740505610253,3.7703826913566307,3.7787023108851949,3.8434383334696074,3.8206686816777369,3.6637489482449559,3.5507781759867885,3.9476763428404471,3.8565192302597637,3.8810303493954947,3.4840940141702279,3.8635128224528197,3.8821010748622591,3.8247752984913137,3.6212350200239123,3.4790866518014978,3.8147602945876162,3.7151377676834021,3.8168545595977985
3.7445524408500477,3.7913167381082253,3.7010968637408688,3.9127800917851916,3.9144300157064791,3.8761516520639248,3.798311019357639,3.8342920879587741,3.8876278204486887,3.880698671583533,3.8637277175349638,3.7302933256698871,3.516630740797877,3.8659858724144551,3.7062154083784491,3.8650282886585803,3.5945816590699669,3.6530280939170994,3.4209381606724869,3.8296892630702986
3.8765109965541131,3.8637775618328001,3.8705886886781808,3.8848781136349388,3.8936518091939774,3.7398855827662469,3.7867777845328159,3.8358313516336748,3.7330979281984096,3.8185770290308549,3.8489921315466731,3.8781823033855845,3.5202906961628804,3.7421751951775235,3.7608618869032422,3.8994429000623385,3.7262264407499424,3.7809571637836972,3.7592257293515927,3.6457374973482093
3.6064589600734833,3.8333815523046595,3.8081762592763373,3.8134107068157612,3.8117691221931067,3.8806611021368695,3.8119362668066619,3.8181894751606738,3.9268442882265377,3.7697389346927124,3.513596131615353,3.7832614882681614,3.7809106539359236,3.7390452721421954,3.9776317959536609,3.8079672621790257,3.8889856657765098,3.7803441686906027,3.7023159251371021,3.6579502773701544
3.6491579414914606,3.7345643148715708,3.826688671634455,3.7979584658445802,3.7656611034773722,3.7056705187827776,3.9428258574500461,3.700180004864535,3.6887646927621445,3.6434426052957591,3.5806365513638045,3.8216907938929037,3.7701270010538273,3.7041267274042502,3.8441065789138897,3.9248775212242197,3.7920926035823794,3.8824732339393644,3.7715604964911762,3.7547866791671423
3.7410831331528662,3.7686405198922786,3.6954085069350868,3.7590461837242604,3.6697506550419248,3.7926412575771327,3.8751468215709028,3.8989256590110704,3.8125349604535543,3.8191738914757054,3.3816402352087911,3.7806645878464278,3.7709502122209013,3.7618943165137035,3.698800579855102,3.6660975470997412,3.7681996516850966,3.6814258357791707,3.837880738505584,3.6730400846968081
3.8212082008891324,3.7072514287249509,3.8150685799758732,3.9129704650371808,3.7788807686086456,3.9346560160200337,3.8764347293058141,3.607646261886547,3.8898399742437961,3.6750122321969565,3.8875238298737664,3.5627776757128649,3.8201543922398287,3.7880917683161486,3.9230736944725817,3.6192971077313736,3.7929199425845606,3.8027917036108967,3.7962060509964761,3.645347739961029
3.8491502467160599,3.7849722807316279,3.7171406514888359,3.7717577064292471,3.718547848059254,3.8695983957187812,3.6525698402788134,3.7190776046222047,3.8094907777611464,3.7795877356766252,3.7727052625402324,3.7891837364888286,3.8269264342754754,3.6715472334924653,3.8397134849580166,3.802159758313183,3.839759101720706,3.5815786657307829,3.7643980047454697,3.8492951109619353
3.7241948327261989,3.8001349134931557,3.8049506905979968,3.7317988182589139,3.9761521188460383,3.7668629737538906,3.6285341138620582,3.8363969752555214,3.8962695866889776,3.8314862518031494,3.8080223772182378,3.5994803782898086,3.5793825767365095,3.7456089478746617,3.8711639602408843,3.6895205672796512,3.6808038586646177,3.8058725888310527,3.7562442749527745,3.8662725791566106
3.8899448462313688,3.7863366525630622,3.7229144233114049,3.8247603547170277,3.9277663789597033,3.9349046536356673,3.4646546131783245,3.8705349526235726,3.816027273152256,3.8882946873830537,3.8375004636035763,3.7205247260342125,3.7652663225874683,3.6984375829718483,3.8087033066315823,3.7826670979844388,3.6672299695389339,3.7588515810648531,3.7590685569102424,3.857785838509356
3.8689002689764127,3.6831753595644137,3.6721915017583311,3.8667846101681822,3.8982806278707542,3.7265906236512056,3.8367629673282915,3.7612157030011839,3.7138337670857151,3.7296708265198486,3.7799974148240176,3.8104314355159641,3.8984269453020057,3.7213142198450084,3.8409076399037545,3.7035965765683341,3.761577510048427,3.7830749774977845,3.9414106434542187,3.6041860288494938
3.6569563889887773,3.7562648073100551,3.7086173227932915,3.7320096239188123,3.8864273718040439,3.8189455558519794,3.8093969187241878,3.8767640504012197,3.7477733365688737,3.6499538644290213,3.7882611972345526,3.6891921999916382,3.7875117210850742,3.5898749293194538,3.8091332581126434,3.8213203661711921,3.9118087591980224,3.7733205003274097,3.8375903387149788,3.8212394896665161
3.5850496433787598,3.8705191900834386,3.8498163414880087,3.8476405812805692,3.8181118456477359,3.7367433552166927,3.7863077800872067,3.8576391090592304,3.8520239961842164,3.6693636207076801,3.938735811753884,3.7466508480666425,3.5771210337223298,3.8597549957873976,3.6579679919863644,3.4888045039213531,3.8279372100431122,3.793003169735595,3.8115995506627356,3.6909520767009307
3.9257415290208675,3.7875573205363255,3.6586026559944882,3.7057545926632738,3.7644590405555118,3.8422042423268188,3.7851751924397674,3.7714097905414921,3.8684492051470381,3.8814541314652415,3.6905284387531534,3.8935320443511836,3.7755225903109277,3.8890317820890536,3.7334023953486581,3.8846303224517644,3.8633255711357122,3.4937218077219159,3.9610791052821734,3.844107381403894
3.6989542163893172,3.8046238206366545,3.7276013354248105,3.7662221896837047,3.7945622437803648,3.5509994202791342,3.8149972878419227,3.7475983668193682,3.8050214265542261,3.6652349700401281,3.6921504909632539,3.8809321870540145,3.762282156961942,3.6522667213367015,3.6161917366567407,3.6043438409207234,3.7636844689507458,3.4037701698980052,3.6169641257429208,3.6856895069190183
3.7919278312061575,3.8007173093389688,3.830183684698969,3.8225853407604702,3.9067110880857081,3.7469638251299475,3.6131498496437264,3.8364839053458413,3.728737952675004,3.7699260317518388,3.7931778808278258,3.5502353288280628,3.9311268040984988,3.7652381372646166,3.8710517076289062,3.7488609197427767,3.7332468642186667,3.4569174460881977,3.5902934909714443,3.4785418105877541
3.6412505080595516,3.9246985653522648,3.620743689804081,3.7091707927495539,3.7691184311797423,3.7818877567897866,3.8014521910205108,3.8087026067325973,3.7056895032400594,3.7720342874457278,3.8285241791073648,3.7116809419240173,3.7583510801081998,3.7235298375294965,3.7812254712728239,3.7540483615982581,3.7598287970932858,3.5915063998001573,3.7353424505810122,3.8046076384332563
3.6807168484356532,3.8666948344518404,3.7818675413399681,3.7133487008606019,3.8699995361316946,3.7740538304012703,3.6905851282511613,3.8006575383267718,3.7515334704152288,3.8562592478462721,3.6782931392450675,3.7422594744074158,3.77841477815601,3.8742108637987269,3.7449821108491772,3.9163352554841446,3.9694468242383731,3.6703739879523747,3.7412500625059728,3.7311518359584666
3.6190765818140225,3.8447233547688193,3.737214300429335,3.8117843580686603,3.8146871851616173,3.8363866143408725,3.8218246455400116,3.8722576240989621,3.8298267523027025,3.7642226751011942,3.1772690836604651,3.6867037432841645,3.7107612439171942,3.6934535591673217,3.5699616651144388,3.4984721593450971,3.7753669720909668,3.7866546779039263,3.8321474288294484,3.7187334502297857
3.9260277095871037,3.8148383603252518,3.8539880669372062,3.8061863348859251,3.8574455988457164,3.7003854055710605,3.9269896620274234,3.7437143786519855,3.6083579853665126,3.7632035614185404,3.541635655362747,3.6861436157326151,3.5530637124080404,3.8657805145897117,3.9627282055635442,3.6066252491445852,3.8205169144496636,3.8440559216613051,3.4473344959322207,3.7376071690896242
3.8657671342838773,3.9140187559145878,3.656758688537789,3.7637725849513219,3.68743363817793,3.831873553074109,3.8697706903269116,3.8373213584504922,3.76168792421795,3.7346466498327526,3.6892237270616826,3.5741836918406475,3.7829995476884966,3.7057566622660607,3.6168272434129749,3.6458772572639542,3.6403517491957071,3.8306713017282461,3.8734646447896419,3.7889705436968906
3.7227687551911779,3.79632488292276,3.7903355967280685,3.8184020217855972,3.7119497863394297,3.6929561361725898,3.8538650403435661,3.8696077973765601,3.6309008403613729,3.9523516224753514,3.6922713492431374,3.8533117550865423,3.7071855899216271,3.7213758253102318,3.8088488542965377,3.9555268916160218,3.7100785692643807,3.6535498424709214,3.8626104642001531,3.8160685621242303
3.8552265842418731,3.607489917005426,3.7928867322150133,3.7666459745073122,3.8894311655280513,3.7947718208793537,3.8540940363969196,3.7893830439194556,3.7171328136294903,3.816172938247449,3.6258847618472254,3.7789888114708541,3.7756313924252911,3.7258163829502751,3.8260830789804166,3.806836143865989,3.8715721492258552,3.7030437979451101,3.8022563865487218,3.8345938015454277
3.7894915165913625,3.975724345210109,3.8266357937933297,3.8270342761180105,3.8598380185284835,3.5615490228205995,3.8840127915699627,3.720742166834436,3.9845285899275837,3.809840272714335,3.5509408064853312,3.6457706333717028,3.840418154393217,3.8177004620074522,3.8109075002361359,3.7210737326651984,3.9325608536951839,3.76741499878093,3.7953934520359107,3.8069925353018084
3.8068348055257153,3.8241924414138326,3.8323915224483716,3.7566108395901456,3.776279947301215,3.6090219290812859,3.7446198279359422,3.8918396902730423,3.6907038559758671,3.7847928264269961,3.739321158659576,3.9251806507144722,3.7051809297058926,3.8794282559074986,3.7913166142811958,3.6666078716278232,3.7971910730903784,3.8466679216925836,3.6475851594464355,3.5326267513601741
3.8826580803990378,3.7537653534243689,3.7278589810324618,3.7703072006215921,3.7260659475735793,3.6433842752738048,3.8385323498246997,3.7659500736325477,3.82120954051797,3.8235291094507553,3.8516468613676857,3.6727190278588817,3.8213883345902828,3.6945292284001114,3.7678887348007239,3.4493428309357932,3.8500755248718477,3.7463681400538609,3.7911357054847885,3.8479469887153623
3.9091311934614499,3.6672775757992553,3.7968723881263537,3.8355369311744179,3.9157559810272162,3.8016692219789063,3.8844572325187996,3.819257486355045,3.8685967078824355,3.9291644021624759,3.6675229871697956,3.7539418304134338,3.620799942353762,3.8179120806956792,3.7748407441907266,3.8057081262961967,3.8183236283617901,3.8877348959907838,3.8021557130647889,3.7837672661668029
3.7683155123788747,3.5230984932493081,3.8958173475932063,3.9056977478703305,3.8578991452984974,3.8521506740976772,3.9427007570848529,3.969976807541058,3.6253815430806502,3.8871312149048878,3.8049629656964732,3.4071656900519853,3.8426843775191228,3.832585425398829,3.796975818974254,3.7675528972893724,3.9314204717717089,3.6124779317659459,3.6226386533751804,3.5702105713291341
3.6460203820431052,3.9468917447527332,3.8858725954406124,3.8439782251255781,3.8873188681071982,3.536422654720623,3.9553810900749919,3.7928517707289413,3.8097416538444682,3.7712369928148322,3.6534484589257921,3.7199422044623875,3.7401453777715163,3.885666253270887,3.6356009877097577,3.653289793103923,3.8432028332684185,3.5276926931947448,3.5796225627169482,3.8685630010110663
3.6000430718629657,3.7507373338246901,3.6572209573372918,3.8528825342292308,3.785947195470039,3.8262599598524027,3.791216274577129,3.6715517577041661,3.8393246318776924,3.8090559498990064,3.7694140815631703,3.5707059505733456,3.7876990923548495,3.5542219635867238,3.6667644816363714,3.7226075834022603,3.7402373474068193,3.8224760597735306,3.8046346170813377,3.7593168836722843
3.9208168809086854,3.7465963358968848,3.6965106711931504,3.707244210598204,3.8987182600076236,3.5042170921283509,3.7868280528685232,3.7842041252640759,3.7924866389267811,3.7626200630839408,3.9070801175361343,3.824799680880234,3.8418331421229928,3.8845409645717921,3.6232303896284974,3.7777345157078561,3.8038480500731762,3.801638490381904,3.8052591222042151,3.7793646444587621
3.8182057774399656,3.9221468927443714,3.8351434320275679,3.8801797460152825,3.6372752017247802,3.7663730603707108,3.7000191703953393,3.8638810568829345,3.7208661921513171,3.8522637799200385,3.7425722532455232,3.5363134096794546,3.5369787440416731,3.720512938161177,3.8268685838891972,3.8794838277011277,3.7315557086771123,3.8320310836877609,3.5993898154675579,3.8946674177226637
3.712389089024613,3.6524355094409051,3.4534177712836684,3.8023851596909197,3.8574663563271345,3.851991138306333,3.8469959847283159,3.8616604954793234,3.7819619372457671,3.6576985275318181,3.8799586042718732,3.7218692700256746,3.6953923141938847,3.5072107769886838,3.704865387023494,3.809195477816862,3.7541257172474247,3.8133702337611686,3.8230135593729675,3.8464942721724813
3.7391952509171782,3.8927530119200249,3.8290204255980242,3.8128031471434594,3.7822414932136268,3.4852481825504751,3.744515548640365,3.9236068088595402,3.7125773322626232,3.7792339496670921,3.7317922965855765,3.8868722825096884,3.7613297615322474,3.7678796968556325,3.6495692232283883,3.4710371812745771,3.605630204485252,3.9002815768500172,3.870574701782123,3.8471677554318213
3.8569169898646343,3.9540419848557891,3.8445262246536935,3.7791854885365863,3.9436265547967313,3.7919458607243062,3.6390269783215339,3.7932735969177438,3.9173216593046272,3.5835480064621867,3.7802430513365688,3.86817215292246,3.7619593300741263,3.9018461690064328,3.7443993356701766,3.600114146492857,3.7512057326221844,3.7487804843702865,3.8377515086905647,3.5705618677426862
3.9541029501562823,3.9264901209122978,3.4611862200163808,3.687476766929882,3.8954108081590744,3.9047305340707079,3.8693114236277921,3.8687776767756081,3.8850823300021093,3.7224752952161198,3.6807922348836022,3.8220177397834139,3.4281411135943203,3.8736715969291287,3.7794610563609603,3.7733300365240909,3.7208212961069886,3.8208176989657896,3.8433192442411674,3.8670708034484478
3.7542305356668906,3.7425558280581104,3.8310231541644248,3.7926882643951849,3.7316299012729495,3.8152417092584301,3.742466746063442,3.8685946406988729,3.8424040623034954,3.7226020087705027,3.9403795154278449,3.5223956014035638,3.7873744310616271,3.8513792104282278,3.6978568562204104,3.9043762130964779,3.8529380001718483,3.8814094419496086,3.8282891019660799,3.7225397818125652
3.7509650961732528,3.7294521568593457,3.7527368850090492,3.7723844651515899,3.8961181867188679,3.8549757670905027,3.8914112486634793,3.9554967690329281,3.7770110813717173,3.8833215361113487,3.7659271599562185,3.88650933646533,3.8418320963816619,3.6457581915447936,3.7577007506912885,3.8491599124136515,3.7450247789044897,3.7341836936958557,3.8585307234720116,3.8073358085062701
3.8326748305210145,3.7370143283896975,3.8367575042287316,3.8816460766002745,3.7324758526037418,3.667065676238257,3.7766586894379808,3.722160796809217,3.8147704732448564,3.9145832027057561,3.8371815986669287,3.7596791445007112,3.815483062259847,3.6432124400270571,3.8443494342096489,3.6283278564544781,3.879413679937453,3.8758912631812636,3.8873301376803537,3.7144886482538162
