0.12,0.13859876090813608,0.16,0.16,0.17552091636855707,0.20000000000000001,0.24000000000000002,0.32000000000000001,0.32000000000000001,0.32262003113534593
0.20000000000000001,0.20000000000000001,0.20000000000000001,0.24207318526120392,0.26719141635839627,0.28000000000000003,0.31478275597768518,0.32000000000000001,0.37428849218046945,0.59005305498210658
0.12,0.16,0.17032115135848239,0.19213278724382651,0.20000000000000001,0.24000000000000002,0.24000000000000002,0.32000000000000001,0.39999999999999997,0.45099013673904165
0.12,0.12,0.15748080813762314,0.16,0.16,0.16,0.18622358384588861,0.20000000000000001,0.24000000000000002,0.27741662262181616
0.16,0.20000000000000001,0.20000000000000001,0.22623544637738915,0.22848226979346389,0.26057726361542127,0.28000000000000003,0.28000000000000003,0.32000000000000001,0.32000000000000001
0.13596057074136655,0.16,0.16,0.16,0.16,0.20000000000000001,0.20000000000000001,0.28000000000000003,0.28000000000000003,0.31611730836746138
0.080000000000000002,0.12,0.16,0.16,0.16,0.20000000000000001,0.20000000000000001,0.24000000000000002,0.24662150514304432,0.32000000000000001
0.16,0.18958952074967803,0.19741074028509489,0.20000000000000001,0.24000000000000002,0.27026882585566642,0.28000000000000003,0.28000000000000003,0.32000000000000001,0.38981804601068359
0.24000000000000002,0.24000000000000002,0.24694422190242002,0.27502050419677698,0.29775650260744302,0.30249075307713913,0.30991912083539108,0.3596394680262911,0.35999999999999999,0.37911651932903362
0.20000000000000001,0.22615205032245519,0.23222027345693072,0.24000000000000002,0.28000000000000003,0.32000000000000001,0.32000000000000001,0.32000000000000001,0.32000000000000001,0.64886838765484434
0.12,0.15037740668392582,0.16,0.20000000000000001,0.20000000000000001,0.23650571046928565,0.24000000000000002,0.35999999999999999,0.4677941173452303,0.47397659990089341
0.12,0.12,0.12,0.12,0.12,0.15094090746424044,0.16,0.16,0.18340301826061242,0.24000000000000002
0.12,0.12,0.13845801096464383,0.20000000000000001,0.24000000000000002,0.2400805248352961,0.32000000000000001,0.32000000000000001,0.37001667009033279,0.39707596757359287
0.080000000000000002,0.080000000000000002,0.080000000000000002,0.080000000000000002,0.12,0.12,0.16,0.16,0.24000000000000002,0.55999999999999994
0.12,0.12,0.16,0.24000000000000002,0.24000000000000002,0.27157582919288609,0.28000000000000003,0.32000000000000001,0.35999999999999999,0.42122680807183022
0.12,0.12,0.12,0.12,0.16,0.23382518550542686,0.24000000000000002,0.24000000000000002,0.28000000000000003,0.36592891668985811
0.12,0.12,0.16,0.16,0.20000000000000001,0.20000000000000001,0.20000000000000001,0.24000000000000002,0.28000000000000003,0.32000000000000001
0.080000000000000002,0.080000000000000002,0.11637340133638391,0.12,0.12,0.12,0.16,0.24000000000000002,0.27142681902733462,0.55180135949109366
0.12,0.15126374821212094,0.16,0.16,0.16,0.16,0.18797000303450745,0.20000000000000001,0.24000000000000002,0.32000000000000001
0.12,0.12,0.12,0.15952874263691713,0.16,0.16,0.18900649067494352,0.20000000000000001,0.24000000000000002,0.24000000000000002
0.12,0.16720308971363732,0.16796536204539531,0.20000000000000001,0.28000000000000003,0.28000000000000003,0.28000000000000003,0.34698947369136146,0.35999999999999999,0.40071000428547243
0.080000000000000002,0.12,0.12,0.13110628905197275,0.1491049004987213,0.16,0.20000000000000001,0.24000000000000002,0.28275016543741277,0.39419159193619341
0.1890615473543982,0.20000000000000001,0.20000000000000001,0.24000000000000002,0.24000000000000002,0.27030896994641535,0.27702352404110658,0.28000000000000003,0.30327834578312934,0.30514238513915681
0.12,0.12,0.12,0.14217560056372464,0.16,0.20000000000000001,0.20000000000000001,0.24000000000000002,0.29502716369439602,0.43999999999999995
0.12,0.12696421616819828,0.12953372685263842,0.16,0.19269628969957003,0.20919925892590771,0.24000000000000002,0.25830733037937725,0.28000000000000003,0.48639673287926211
0.080000000000000002,0.080000000000000002,0.099238722794141421,0.14795692043298828,0.16,0.18318552747396996,0.20000000000000001,0.20000000000000001,0.24000000000000002,0.28073371320289531
0.080000000000000002,0.12,0.12,0.12,0.14714166304432638,0.15652800355173344,0.17979693336886352,0.20000000000000001,0.23873070252211481,0.28000000000000003
0.12,0.12,0.12,0.20000000000000001,0.20000000000000001,0.20000000000000001,0.25848972623871974,0.28000000000000003,0.28000000000000003,0.35851838323046981
0.080000000000000002,0.12,0.16,0.16,0.18099597157827771,0.23593599646235247,0.24000000000000002,0.24000000000000002,0.24000000000000002,0.30522412098648766
0.080000000000000002,0.12,0.16,0.16,0.16,0.20000000000000001,0.20000000000000001,0.23455493701193725,0.32000000000000001,0.35620298257854222
0.080000000000000002,0.088339420977125702,0.12,0.12,0.12,0.16,0.19639270401019956,0.20000000000000001,0.20000000000000001,0.35999999999999999
0.12,0.12,0.12,0.16,0.20000000000000001,0.20000000000000001,0.23263365306394032,0.24000000000000002,0.35999999999999999,0.39628552818123514
0.080000000000000002,0.080000000000000002,0.080000000000000002,0.080000000000000002,0.09394882958014622,0.12,0.12,0.17590634144790945,0.28000000000000003,0.28000000000000003
0.080000000000000002,0.080000000000000002,0.11902085603899713,0.12,0.16,0.17618172079338357,0.19598429668712625,0.19965688086100614,0.24000000000000002,0.28000000000000003
0.080000000000000002,0.12,0.12,0.12,0.12512841637018474,0.1349039584368607,0.16,0.16,0.20000000000000001,0.28000000000000003
0.079612683568158329,0.080000000000000002,0.080000000000000002,0.080000000000000002,0.10479240455508804,0.10951516293536084,0.16,0.18852657004837595,0.20000000000000001,0.20602372028722588
0.12,0.12,0.12,0.15990713186378708,0.16,0.16,0.23658103810793168,0.28000000000000003,0.39999999999999997,0.42789210382921511
0.12,0.14482732819514818,0.152619067522338,0.16,0.17612500905540818,0.20000000000000001,0.20000000000000001,0.24000000000000002,0.29288807299362518,0.31468725790760133
0.12,0.12,0.12,0.15768272973422454,0.16,0.16,0.19374577842306082,0.22676277912220716,0.24000000000000002,0.43999999999999995
0.16,0.16572075384958096,0.1966043932216523,0.20000000000000001,0.20000000000000001,0.21666499660841926,0.24000000000000002,0.24000000000000002,0.27460024981798231,0.32000000000000001
0.12,0.14707173303371332,0.17941735548498985,0.18981721419825234,0.20000000000000001,0.20000000000000001,0.22563230762429001,0.27710808137591997,0.32000000000000001,0.39999999999999997
0.12,0.16,0.20000000000000001,0.20000000000000001,0.20000000000000001,0.22945023045069413,0.24000000000000002,0.27400893089022987,0.28000000000000003,0.30036115985824879
0.1057720929812094,0.11912706525510647,0.12,0.12,0.16,0.28000000000000003,0.28000000000000003,0.32751542760264574,0.35999999999999999,0.39528475283077286
0.15535359509481769,0.15729471059970324,0.16,0.16,0.24000000000000002,0.24000000000000002,0.2436668938231018,0.28829709791907249,0.32000000000000001,0.44051281006152215
0.12,0.12,0.12,0.14458880573093846,0.16,0.16,0.24000000000000002,0.28000000000000003,0.32000000000000001,0.35999999999999999
0.12,0.12,0.16,0.16,0.16,0.17212463412057247,0.2389751785972494,0.28000000000000003,0.28000000000000003,0.28989663957172968
0.12,0.12,0.12421327435310701,0.19740465575540606,0.20000000000000001,0.20000000000000001,0.20000000000000001,0.20000000000000001,0.30168230887858444,0.30567997277398434
0.080000000000000002,0.080000000000000002,0.12,0.12,0.16,0.21663867880886262,0.23463407472533854,0.24000000000000002,0.25803086463799013,0.27833203990254723
0.18358183898879696,0.20000000000000001,0.20000000000000001,0.2078671373907254,0.24000000000000002,0.24000000000000002,0.28000000000000003,0.28921153753669931,0.35999999999999999,0.38406503442466383
0.12,0.12,0.12,0.12,0.16,0.16,0.17383332400191681,0.2317005360418504,0.24000000000000002,0.24000000000000002
0.16,0.16,0.16,0.16,0.16,0.20000000000000001,0.24000000000000002,0.28000000000000003,0.2947379588015781,0.35999999999999999
0.16,0.20000000000000001,0.20765046933705361,0.24000000000000002,0.24000000000000002,0.24000000000000002,0.29911807728339834,0.30511993888632993,0.35999999999999999,0.3826285525901178
0.16,0.18220816928850939,0.19245247579513683,0.20000000000000001,0.20000000000000001,0.21854950963104877,0.28000000000000003,0.28000000000000003,0.32241582078287184,0.35194910735276674
0.16,0.16,0.24865459237144499,0.26025213872411018,0.26456711220617346,0.2741578960929561,0.29954146484218491,0.31771261119977834,0.35999999999999999,0.68000000000000005
0.12,0.16,0.16,0.19852935394152516,0.19933829839614745,0.20000000000000001,0.20000000000000001,0.20000000000000001,0.24000000000000002,0.43999999999999995
0.12,0.12,0.16,0.18875685753494484,0.22827238246876616,0.24000000000000002,0.2744974101317893,0.33812029203155197,0.43999999999999995,0.65685500336762692
0.080000000000000002,0.080000000000000002,0.10081899275939477,0.12,0.12,0.12,0.16,0.16,0.24000000000000002,0.34265245717969728
0.12,0.13633474799460307,0.1470620646086607,0.16,0.16,0.17552859424507566,0.20000000000000001,0.20000000000000001,0.21780451793748673,0.35661256659406665
0.12,0.12,0.12,0.17613221762020706,0.20000000000000001,0.2228017749583622,0.24000000000000002,0.28000000000000003,0.28000000000000003,0.32000000000000001
0.080000000000000002,0.12,0.16,0.16,0.20000000000000001,0.20833933385057249,0.24000000000000002,0.26193268770893446,0.34962168991052217,0.35999999999999999
0.12,0.12,0.14313809532176244,0.15883156136869492,0.23956460654188347,0.24000000000000002,0.28000000000000003,0.28000000000000003,0.29604151770846598,0.39999999999999997
0.12,0.16,0.16,0.16,0.16,0.20000000000000001,0.20000000000000001,0.20000000000000001,0.23831808872347987,0.24000000000000002
0.12,0.16,0.16417222480525251,0.24000000000000002,0.24000000000000002,0.24000000000000002,0.28000000000000003,0.28000000000000003,0.28000000000000003,0.28000000000000003
0.14667256269697215,0.16,0.16,0.16,0.20000000000000001,0.20000000000000001,0.24000000000000002,0.24000000000000002,0.27306938790546342,0.28000000000000003
0.12,0.16,0.16,0.16,0.191897985515805,0.20000000000000001,0.25587722302233096,0.28301385842095023,0.2979015179964335,0.33663754477553332
0.16,0.20000000000000001,0.21673569501329115,0.21824607566048917,0.23153731569922961,0.24000000000000002,0.27648655009341816,0.28000000000000003,0.32000000000000001,0.35942011063577295
0.12,0.15041420755289825,0.15589669508434681,0.15694358173168668,0.16,0.20000000000000001,0.23439193083467597,0.24454737046857547,0.28000000000000003,0.35999999999999999
0.09217321941051905,0.11004565021179852,0.12,0.12,0.16,0.16,0.20000000000000001,0.35999999999999999,0.42851411600105632,0.474236113479368
0.19940085534661542,0.20000000000000001,0.20641915351272008,0.24000000000000002,0.24000000000000002,0.27430686597643422,0.33446943657898087,0.35228030239506658,0.35999999999999999,0.39737147561278574
0.12,0.15427556402537657,0.16,0.16,0.16,0.17837353123128885,0.20000000000000001,0.24000000000000002,0.34083648863444926,0.34502225510462275
0.080000000000000002,0.16,0.16,0.19901661871155329,0.20000000000000001,0.20000000000000001,0.24000000000000002,0.25783636315370334,0.33814741216197636,0.39999999999999997
0.12,0.12,0.15285289080245509,0.16,0.16,0.16845971715474634,0.20000000000000001,0.24000000000000002,0.24000000000000002,0.32862632778539896
0.1140967490244601,0.12,0.16,0.19395272141102279,0.20000000000000001,0.20835189178622449,0.24000000000000002,0.29366110190364036,0.42149372637493815,0.43808028268552063
0.12,0.16,0.16,0.20000000000000001,0.20000000000000001,0.22242040727695891,0.24000000000000002,0.24000000000000002,0.28131443406879214,0.2986662073498908
0.12,0.12,0.13394136003412213,0.14454807298866962,0.16,0.17405859960251682,0.19273976545143831,0.23955930918946317,0.24000000000000002,0.28000000000000003
0.12,0.13415257252723883,0.14340826462155057,0.16,0.19580000757872743,0.20000000000000001,0.20000000000000001,0.24000000000000002,0.24000000000000002,0.35629257626065902
0.12,0.13596655652875173,0.16,0.18414973223206649,0.19046594867673602,0.1977201591114171,0.23912476374227157,0.24000000000000002,0.2786501147444877,0.30022673995710231
0.16,0.16,0.20000000000000001,0.21153609206444571,0.2312350090958698,0.23743957313453617,0.24000000000000002,0.32000000000000001,0.32761975949628841,0.37611329233585949
0.10992341789800646,0.11746363529621898,0.12,0.12966460024874127,0.16,0.17239422926779724,0.20000000000000001,0.24000000000000002,0.28000000000000003,0.4070816367485402
0.14418908475310421,0.16,0.16,0.16,0.20000000000000001,0.20191695086659295,0.22096096951808769,0.23137661096594545,0.26353479508606892,0.26624013989754564
0.13404814056850958,0.1562099231467384,0.16,0.16271209796234809,0.17552975243992427,0.21472559828363544,0.21579049084197668,0.23761212411720989,0.3329419535311246,0.38512277596745481
0.12,0.12,0.13399994780286215,0.16,0.16,0.20000000000000001,0.26667760844708804,0.2671451682653227,0.30236176914856788,0.39999999999999997
0.20000000000000001,0.24044431303780225,0.25644819652224066,0.26261399036341632,0.26803571324455833,0.31365615399348168,0.31958500744042717,0.32000000000000001,0.35682692543925865,0.35999999999999999
0.19815649917278105,0.20000000000000001,0.20000000000000001,0.23474130319479594,0.2678123557489237,0.26842491061048596,0.28000000000000003,0.28000000000000003,0.32000000000000001,0.39999999999999997
0.16,0.16,0.16957999725087106,0.22975937216493483,0.23452149826690583,0.24000000000000002,0.27705593360516101,0.33777388021549903,0.39999999999999997,0.43999999999999995
0.20000000000000001,0.21810459658688414,0.22838931784924432,0.23241510949885361,0.25045834919306303,0.30053152560432533,0.34732937342793829,0.35999999999999999,0.39999999999999997,0.44915608829376419
0.16,0.16,0.20000000000000001,0.21585622992412981,0.24000000000000002,0.25859568334396626,0.30916375712003624,0.3600534132101621,0.423040920017689,0.47999999999999993
