0.080000000000000002,0.092051038136877233,0.10790255974675736,0.12,0.12,0.16,0.20000000000000001,0.20000000000000001,0.30732258396988138,0.3542988526440275
0.094995914229065587,0.12,0.12,0.12,0.12,0.12,0.12,0.15830928683194923,0.1837990668926594,0.20000000000000001
0.080000000000000002,0.10982979900769554,0.11381757115860974,0.11999911435772151,0.12,0.16,0.1827707255206906,0.1943293823875295,0.20968015094477604,0.26611390256290024
0.075230631054222119,0.080000000000000002,0.080000000000000002,0.1104487183906839,0.11287823986067883,0.16,0.16,0.16,0.17443713182296827,0.22724610881364249
0.080000000000000002,0.081852664217840057,0.11401251309998273,0.12,0.15123077643524621,0.15199570355821421,0.16951785748868972,0.23335302657752122,0.29498688788178462,0.31378114347691216
0.040000000000000001,0.061012589631237388,0.061228297333231117,0.07682236797028251,0.099503116267446345,0.10802622476910975,0.12,0.12,0.20303051717660617,0.32643945779425226
0.067747478442400727,0.080000000000000002,0.080000000000000002,0.091209862116326507,0.096910316762885154,0.10797903205376078,0.12,0.16844100451974209,0.20921096344382939,0.28000000000000003
0.080000000000000002,0.080000000000000002,0.080000000000000002,0.12,0.12,0.12,0.13582158727998719,0.1995039199801299,0.22985289829842245,0.30717278638715934
0.1468812662744185,0.1628612786017129,0.1651977663878379,0.16662577101044768,0.16869552085934375,0.17995641549233052,0.18654679832770316,0.20000000000000001,0.23891795286639328,0.29574791942555395
0.080000000000000002,0.080000000000000002,0.080000000000000002,0.084998153300211626,0.12,0.17643508843568126,0.18172378534900799,0.22652435809026578,0.24000000000000002,0.34176303433459332
0.12,0.12,0.16,0.16175006803057285,0.2232975440587201,0.23942083303643308,0.24000000000000002,0.2504450327868572,0.27767511251835575,0.28000000000000003
0.06388841817411034,0.068916051501759668,0.080000000000000002,0.080000000000000002,0.080000000000000002,0.098732180455950794,0.12,0.15107255742282072,0.16,0.22949937247687749
0.040000000000000001,0.040000000000000001,0.063634465343625157,0.080000000000000002,0.09703594986376661,0.10918085074647577,0.12,0.13993473231600551,0.14821153983569513,0.17573432436110953
0.040000000000000001,0.096677252524582688,0.12,0.12,0.12,0.12,0.15275123570269605,0.23277935055023255,0.2388501268208601,0.24000000000000002
0,0,0.039910740617684182,0.040000000000000001,0.040000000000000001,0.062947099467100281,0.080000000000000002,0.10168547728036334,0.21389660483471062,0.2727260602838244
0,0,0,0,0,0.040000000000000001,0.056061326708129737,0.10315380753690645,0.12,0.12923496051099079
0,0.030839906527211976,0.035226098472430974,0.041956631927438412,0.048565183323327835,0.071733070374876681,0.080000000000000002,0.080000000000000002,0.0870842796338996,0.12
0,0,0,0.040000000000000001,0.040000000000000001,0.040000000000000001,0.080000000000000002,0.095096045577354182,0.16133751896147075,0.20414227515288522
0,0,0.034500918922804866,0.040000000000000001,0.069304581240638985,0.080000000000000002,0.1031045693308866,0.10975764701478455,0.11468628298283973,0.16
0,0,0.021274943669129038,0.021672811299593524,0.027115724996282918,0.027133156480424969,0.040000000000000001,0.040000000000000001,0.080000000000000002,0.16
0.040000000000000001,0.074852905101389255,0.079736108019596103,0.080000000000000002,0.080000000000000002,0.10908722413899621,0.12,0.12,0.16,0.37123306116980553
0.040000000000000001,0.064360134883806958,0.080000000000000002,0.080000000000000002,0.092543705809254445,0.093643907349509226,0.096085865578342339,0.10053355489293267,0.12,0.24309827227523215
0.10964983924585722,0.12,0.12,0.13813607432516772,0.15144126639732136,0.15178920404622812,0.16,0.16,0.17381630691839506,0.21022799702860814
0.098919724994703445,0.12847882303321451,0.15394692831079246,0.15640389291641194,0.19168404447986767,0.21011462114897766,0.23957577045030151,0.261490200732233,0.30706697875575595,0.33330388583377324
0.080000000000000002,0.080000000000000002,0.11028483921948426,0.11682498790459445,0.12986791543969414,0.1565237329201403,0.16,0.25081035731999946,0.30592606235189646,0.34370449338320841
0.060571303549405577,0.080000000000000002,0.10064085077354235,0.10177345246617538,0.10382712108163356,0.11447105294496804,0.12,0.14412875226726543,0.16683133686598042,0.18836483757121464
0.040000000000000001,0.040000000000000001,0.080000000000000002,0.080000000000000002,0.090634110857849282,0.11432648401868778,0.16,0.16,0.25986334709856518,0.41883068127546152
0.058721618592302953,0.080000000000000002,0.080000000000000002,0.13152126691046934,0.1434198481664159,0.16,0.17083318189842911,0.24000000000000002,0.25457472425569089,0.35999999999999999
0.12,0.12068177331695173,0.1421999269667471,0.16,0.18588320848379172,0.18880229747583077,0.20000000000000001,0.20000000000000001,0.24000000000000002,0.28000000000000003
0.080000000000000002,0.080000000000000002,0.080000000000000002,0.085438907441220069,0.10566884736612087,0.12,0.17957735463966637,0.20904979149392725,0.28923218640280363,0.34653423643772413
0.056724136837033624,0.076563723408014553,0.080000000000000002,0.09287326974494392,0.094423378335074248,0.15238206937370333,0.16,0.16934262335357009,0.19777648740056292,0.20000000000000001
0.040000000000000001,0.040000000000000001,0.040000000000000001,0.040000000000000001,0.040000000000000001,0.053767339617140378,0.074027619495460578,0.080000000000000002,0.080000000000000002,0.20000000000000001
0.040000000000000001,0.040000000000000001,0.080000000000000002,0.080000000000000002,0.12,0.12,0.20000000000000001,0.20000000000000001,0.2234796200019224,0.23216425977486485
0.061466268004866036,0.080000000000000002,0.080000000000000002,0.14991373964825927,0.15269798361584555,0.16,0.20000000000000001,0.24000000000000002,0.26671904131996749,0.32000000000000001
0.12,0.14241679169956614,0.15275782175735569,0.15930728077872908,0.16,0.17267857917589624,0.20000000000000001,0.21692414247468361,0.26426865429894814,0.26836488453296942
0.080000000000000002,0.10398873062306044,0.11489312911161373,0.1465535081020653,0.16,0.17866381147390351,0.20000000000000001,0.27726859006859467,0.30491311087479428,0.48125703755811644
0.080000000000000002,0.12,0.12,0.12,0.12,0.16,0.18637316945608473,0.18815864364197649,0.19714412478368226,0.38095703597563635
0.040000000000000001,0.058491543270984145,0.080000000000000002,0.080502625654310433,0.1042921585083908,0.12,0.22600037612528909,0.2332515291592516,0.24000000000000002,0.33297100324645879
0.11967495098830169,0.12,0.12,0.12,0.13916447592097198,0.15241053522644904,0.16535035485721467,0.1867192723203431,0.33957099877699159,0.35999999999999999
0.12,0.13153956437315495,0.13670506013915468,0.16,0.1820358130433706,0.20000000000000001,0.21367007557717455,0.23449604987268693,0.2706080565062931,0.27888794568605629
0.089872096634885018,0.12,0.12,0.12,0.16,0.18465176902976371,0.27740148676170412,0.28000000000000003,0.32000000000000001,0.43413224440550774
0.040000000000000001,0.040000000000000001,0.080000000000000002,0.080000000000000002,0.11554641519035344,0.12,0.16,0.20000000000000001,0.24000000000000002,0.30525165773837776
0.080000000000000002,0.080000000000000002,0.12,0.12,0.12,0.14670562290574762,0.14951610995075984,0.152924758205985,0.15628734569205741,0.16
0.07920123973790065,0.080000000000000002,0.084540821369664343,0.12,0.12,0.21712498337175071,0.25262365356784572,0.27480505793163978,0.32000000000000001,0.47781219848950712
0.13150657734841703,0.142883480452552,0.15293903127194725,0.15396953961913984,0.16,0.16,0.16,0.16,0.24000000000000002,0.24000000000000002
0.080000000000000002,0.080000000000000002,0.090432685787852171,0.1116687676435817,0.14323435527229966,0.16,0.16,0.17484813384373848,0.24000000000000002,0.27546084187662562
0.080000000000000002,0.080000000000000002,0.12,0.12,0.16,0.16,0.20000000000000001,0.22830435343973876,0.27649714384955937,0.31098518473640568
0.080000000000000002,0.080000000000000002,0.080000000000000002,0.080000000000000002,0.11259928759862217,0.12,0.16,0.18296326459295428,0.20000000000000001,0.28000000000000003
0.040000000000000001,0.040000000000000001,0.040000000000000001,0.040000000000000001,0.07600235844845743,0.080000000000000002,0.09273707683811952,0.1997748482059,0.20000000000000001,0.22038962680197968
0.080000000000000002,0.080000000000000002,0.11262207213169104,0.16,0.16,0.16,0.16,0.18865638785641428,0.23789687342658927,0.24000000000000002
0.040000000000000001,0.040000000000000001,0.080000000000000002,0.080000000000000002,0.10217249645384657,0.12,0.12,0.14943531493180118,0.17413423157161426,0.30833284244967762
0.040000000000000001,0.040000000000000001,0.040000000000000001,0.080000000000000002,0.11452233926337682,0.15302056962684779,0.15830843311452084,0.16,0.16,0.20000000000000001
0.040000000000000001,0.040000000000000001,0.080000000000000002,0.080000000000000002,0.080000000000000002,0.12,0.12,0.16,0.20000000000000001,0.32000000000000001
0.080000000000000002,0.080000000000000002,0.080000000000000002,0.080000000000000002,0.080000000000000002,0.12,0.16,0.16,0.20000000000000001,0.21144423417323435
0.040000000000000001,0.040000000000000001,0.040000000000000001,0.040000000000000001,0.063631829105481041,0.080000000000000002,0.16,0.18441829908090662,0.21374924545268026,0.30484877457359966
0.068504862892644749,0.080000000000000002,0.080000000000000002,0.093204411338050991,0.12,0.12693767304108411,0.1872932203920166,0.20000000000000001,0.2000286715459807,0.25332162675482439
0.080000000000000002,0.080000000000000002,0.080000000000000002,0.10504729272688473,0.11694021220723866,0.1330299217563487,0.14096430601045246,0.15578387745335923,0.16,0.22460368221119711
0.074165976782654019,0.080000000000000002,0.080000000000000002,0.10915757795327449,0.16740047126345475,0.20000000000000001,0.20000000000000001,0.20525166497469496,0.23073693312008947,0.24000000000000002
0.040000000000000001,0.040000000000000001,0.040000000000000001,0.079534459622601666,0.080000000000000002,0.080000000000000002,0.1380935622584481,0.16,0.1702762427092942,0.28589860721362381
0.040000000000000001,0.050048438903838005,0.080000000000000002,0.080000000000000002,0.080000000000000002,0.12,0.20000000000000001,0.20000000000000001,0.26034839554068728,0.32221753805735837
0.040000000000000001,0.062434534936413627,0.066521226558666824,0.073975745962370498,0.080000000000000002,0.080000000000000002,0.080000000000000002,0.13749862508571808,0.19536209398074761,0.32420098457277868
0.040000000000000001,0.040000000000000001,0.040000000000000001,0.080000000000000002,0.080000000000000002,0.080000000000000002,0.12,0.14819666939785908,0.16,0.24000000000000002
0.081858377911188857,0.12,0.12,0.13981474812743028,0.15981289842179455,0.16,0.19770300317157521,0.24177659854250674,0.24981067991866768,0.46682295887321157
0.11697364921286571,0.12121024816012166,0.13828753302240421,0.16,0.16,0.16,0.16,0.28000000000000003,0.3518547882082082,0.38261521130500786
0.10709831098402446,0.11100729692299166,0.12,0.12,0.12657994669262135,0.20000000000000001,0.22209848156764048,0.2440445943574362,0.26070261570460596,0.38113862666667914
0.040000000000000001,0.040000000000000001,0.040000000000000001,0.040000000000000001,0.040000000000000001,0.080000000000000002,0.080000000000000002,0.080000000000000002,0.12,0.13712254070063157
0.040000000000000001,0.040000000000000001,0.080000000000000002,0.080000000000000002,0.12,0.12,0.16,0.16,0.27791842362072539,0.35999999999999999
0.10482752548818609,0.10752815960574988,0.12,0.15832742686008602,0.19009384860502651,0.21541636537011508,0.24000000000000002,0.24577395278810973,0.28000000000000003,0.28790497615422317
0.080000000000000002,0.080000000000000002,0.080000000000000002,0.12,0.12,0.12,0.15907249061478385,0.16,0.16,0.16
0.080000000000000002,0.080000000000000002,0.12,0.12,0.12,0.15576530483349985,0.19279055895200428,0.20000000000000001,0.22989522889103731,0.28000000000000003
0.07584780976161834,0.080000000000000002,0.080000000000000002,0.080000000000000002,0.14854502292012137,0.16,0.16,0.1783616645768516,0.20000000000000001,0.20949553955715411
0.059685520830463648,0.076964559049354703,0.080000000000000002,0.10773308328832173,0.12,0.14454087464818313,0.16,0.16,0.18634487650053869,0.28000000000000003
0.16,0.16,0.16,0.20000000000000001,0.24000000000000002,0.24000000000000002,0.24000000000000002,0.30416965398428825,0.31087951635248734,0.32619333103204018
0.12,0.12,0.14118789813612856,0.1422161575350975,0.16,0.17800292935781328,0.21639252538787643,0.24000000000000002,0.24000000000000002,0.36910623893321892
0.080000000000000002,0.16,0.16,0.16,0.16,0.16697190508024237,0.20000000000000001,0.20000000000000001,0.20000000000000001,0.20000000000000001
0.12,0.13428177968936644,0.16,0.16,0.20000000000000001,0.22244133917920753,0.24000000000000002,0.24000000000000002,0.24000000000000002,0.32000000000000001
0.080000000000000002,0.12,0.16,0.17893945758799654,0.19517871240459433,0.20000000000000001,0.23111057117233913,0.24000000000000002,0.27439207669910703,0.33286103229573993
0.16,0.19164091966987326,0.20000000000000001,0.20000000000000001,0.20000000000000001,0.22493505587259263,0.23420989503356657,0.24000000000000002,0.25685341126623518,0.34013158541654714
0.12,0.15312248610990187,0.16,0.16,0.16,0.20000000000000001,0.20000000000000001,0.24000000000000002,0.24000000000000002,0.32000000000000001
0.13614992286665828,0.19480373607339851,0.20000000000000001,0.20000000000000001,0.23379768939389078,0.23482266250500022,0.24000000000000002,0.24000000000000002,0.24000000000000002,0.24000000000000002
0.12,0.14769904341200954,0.15668199322363505,0.16,0.20000000000000001,0.20000000000000001,0.20000000000000001,0.22071307149780198,0.32000000000000001,0.35999999999999999
0.12,0.12,0.12,0.12811570559532154,0.16,0.18931252930022713,0.20000000000000001,0.20922682430152631,0.32000000000000001,0.34916254652074569
0.080000000000000002,0.080000000000000002,0.12,0.1431998802110786,0.16,0.20000000000000001,0.22303682164049429,0.23270314811188442,0.28000000000000003,0.35999999999999999
0.12,0.12,0.12,0.16,0.16,0.20000000000000001,0.20000000000000001,0.21069551980672913,0.24000000000000002,0.28000000000000003
0.12,0.16,0.16,0.16,0.16074708580627978,0.18261724190937398,0.20000000000000001,0.20000000000000001,0.24000000000000002,0.35999999999999999
0.12,0.12,0.12,0.12,0.12,0.12,0.22940708961593848,0.23068787948727107,0.28000000000000003,0.28000000000000003
0.040000000000000001,0.080000000000000002,0.17987391103053288,0.19912649711425617,0.23707924200176184,0.24000000000000002,0.24000000000000002,0.32000000000000001,0.34277886992728429,0.39999999999999997
