0.20000000000000001,0.20000000000000001,0.20945610386277647,0.21252603879047915,0.21375250837606319,0.24000000000000002,0.24000000000000002,0.24000000000000002,0.3475717232057926,0.39999999999999997
0.12,0.12,0.14864812085560264,0.16,0.16,0.16,0.2721722308473688,0.28000000000000003,0.32000000000000001,0.3412797868992557
0.19349072143324642,0.20000000000000001,0.20388529365259425,0.24000000000000002,0.24796317010163893,0.2679273201399433,0.28000000000000003,0.32000000000000001,0.32551363641053094,0.39999999999999997
0.16,0.19674763177640578,0.1983514233486823,0.20000000000000001,0.20000000000000001,0.24000000000000002,0.24000000000000002,0.28000000000000003,0.32000000000000001,0.39999999999999997
0.19371988125012965,0.20000000000000001,0.20000000000000001,0.20000000000000001,0.20000000000000001,0.24000000000000002,0.25524003312476784,0.28000000000000003,0.28000000000000003,0.29897005574556224
0.16,0.16,0.20000000000000001,0.20000000000000001,0.24000000000000002,0.24000000000000002,0.26438200788514044,0.27434307748329662,0.32658540640154227,0.35999999999999999
0.19303612029560083,0.20000000000000001,0.22465260402118098,0.24000000000000002,0.24000000000000002,0.25907223830538961,0.28000000000000003,0.28000000000000003,0.32000000000000001,0.39999999999999997
0.20000000000000001,0.20000000000000001,0.24000000000000002,0.28000000000000003,0.28000000000000003,0.30606930423318701,0.32000000000000001,0.32045550225620006,0.35999999999999999,0.42980784436888014
0.16,0.16,0.16,0.20000000000000001,0.20000000000000001,0.216016380210345,0.22563253835793157,0.30702901147557254,0.35999999999999999,0.39999999999999997
0.20000000000000001,0.21198848638725173,0.22418052398640004,0.23587035015693217,0.25464017222684515,0.28000000000000003,0.28441014935270492,0.32000000000000001,0.39999999999999997,0.4182183203479487
0.15957261407035817,0.16,0.16,0.24000000000000002,0.24000000000000002,0.24000000000000002,0.2999715838645064,0.32000000000000001,0.35999999999999999,0.43999999999999995
0.16,0.18749893891635822,0.22844346531546786,0.24000000000000002,0.24000000000000002,0.26958675692734307,0.32000000000000001,0.35999999999999999,0.44827155148420839,0.47395302492638264
0.16,0.16,0.16,0.16,0.20000000000000001,0.20000000000000001,0.28000000000000003,0.32000000000000001,0.34121380127960749,0.39999999999999997
0.24000000000000002,0.24000000000000002,0.25538387733236551,0.25883332891676042,0.25944183797930387,0.28000000000000003,0.28811196802260142,0.39745364442848941,0.52161899747557461,0.59277397653885944
0.12,0.12,0.16,0.19565179238661201,0.20000000000000001,0.20845036230981398,0.21111003815371063,0.23292427091327816,0.24000000000000002,0.25664552561910903
0.20000000000000001,0.21555571169568025,0.24000000000000002,0.25737516100862468,0.28000000000000003,0.28655339394207252,0.30693641908603403,0.32000000000000001,0.35999999999999999,0.38457703074448918
0.22078553553226193,0.22782675204624464,0.26632275044925019,0.28000000000000003,0.28905625060955309,0.29048907537755336,0.34736509650399183,0.35999999999999999,0.39999999999999997,0.45251291611606598
0.18579555836108241,0.20000000000000001,0.20000000000000001,0.21159189460175232,0.21756582428330765,0.21944352453393332,0.24000000000000002,0.25415549246949798,0.35298332430197837,0.36647402886633512
0.21934523214824486,0.23788462853191297,0.24000000000000002,0.24000000000000002,0.25063815691273883,0.26942141018479865,0.28000000000000003,0.30887004988335198,0.33267962329491069,0.35999999999999999
0.24000000000000002,0.24000000000000002,0.24000000000000002,0.24000000000000002,0.25665007066343493,0.26546733359953212,0.27686121425169929,0.2956483091099526,0.30258282628470917,0.32000000000000001
0.080000000000000002,0.081899864359001526,0.090917780992256808,0.10668426614642926,0.11033507146446686,0.12460748151104258,0.13137854520540881,0.15606318601420746,0.20000000000000001,0.35999999999999999
0.16,0.16,0.20000000000000001,0.26999847633070728,0.28000000000000003,0.28315441995597534,0.31573591144450802,0.31795825727162391,0.35597726504727845,0.47999999999999993
0.16,0.16,0.16,0.19985987871662039,0.20000000000000001,0.24000000000000002,0.24000000000000002,0.28000000000000003,0.35999999999999999,0.3981668613048237
0.16,0.16,0.16,0.20000000000000001,0.20000000000000001,0.24000000000000002,0.24000000000000002,0.28000000000000003,0.32000000000000001,0.3248915215926792
0.13973451686286992,0.16,0.19160785238988981,0.20000000000000001,0.25928858152523693,0.28000000000000003,0.28141733473053704,0.32000000000000001,0.33301350934121748,0.36719275169368221
0.12,0.16,0.16,0.19777766817100562,0.20000000000000001,0.22607624674364282,0.24000000000000002,0.34922113789273362,0.35999999999999999,0.36389370258872172
0.10501357811163781,0.12,0.12,0.12804645449530147,0.14536616863183557,0.20000000000000001,0.20000000000000001,0.21365285149986901,0.21964636816335653,0.24000000000000002
0.12,0.13202194801819617,0.14326319386512951,0.16,0.16,0.20000000000000001,0.22268295279430989,0.24000000000000002,0.27520637613054016,0.28000000000000003
0.15575372549712829,0.16,0.20000000000000001,0.20000000000000001,0.20000000000000001,0.20000000000000001,0.20000000000000001,0.23440807195782151,0.25132080142613478,0.27903588683739861
0.12,0.16,0.20000000000000001,0.20000000000000001,0.24000000000000002,0.24000000000000002,0.32000000000000001,0.3565574234180548,0.35999999999999999,0.54022871770743575
0.18049969613709613,0.20000000000000001,0.24000000000000002,0.24000000000000002,0.24612908577159617,0.27444666513627086,0.28000000000000003,0.32000000000000001,0.32812136325391905,0.41231008380807538
0.12,0.1592996180626135,0.19064407106073125,0.20000000000000001,0.20000000000000001,0.22133196379811404,0.22458489146972827,0.23251826295418609,0.24000000000000002,0.35999999999999999
0.20000000000000001,0.20000000000000001,0.20000000000000001,0.21839397846035266,0.26728152670277033,0.29750727227527907,0.32000000000000001,0.33716742145534867,0.38860749544923934,0.44168373654962556
0.16,0.17317488140966114,0.1936490940971769,0.20000000000000001,0.22429842940974315,0.24000000000000002,0.24000000000000002,0.25419467724864453,0.28000000000000003,0.35355295931798908
0.13564687600436812,0.16,0.19902932008192714,0.20000000000000001,0.20000000000000001,0.24000000000000002,0.24000000000000002,0.28000000000000003,0.30067938486508744,0.32609151378737578
0.20000000000000001,0.20000000000000001,0.21181247296932854,0.24000000000000002,0.27371861557954025,0.28000000000000003,0.28720492584494994,0.35474009601208373,0.38084860756467126,0.39999999999999997
0.12,0.1566317530522579,0.20000000000000001,0.20000000000000001,0.24000000000000002,0.24000000000000002,0.26103222573407747,0.28000000000000003,0.28210699132517114,0.32000000000000001
0.12,0.14975745395663537,0.16,0.16,0.20000000000000001,0.23465130657980554,0.24000000000000002,0.2406077844583383,0.26455843741889429,0.28000000000000003
0.16,0.16,0.16,0.18956477484454479,0.20000000000000001,0.20000000000000001,0.24000000000000002,0.28000000000000003,0.28000000000000003,0.32000000000000001
0.18765022442178861,0.20000000000000001,0.20000000000000001,0.24000000000000002,0.24000000000000002,0.25142772025970173,0.26243933409024106,0.31479941843319076,0.37291723862839277,0.47212983968414146
0.20000000000000001,0.20000000000000001,0.20000000000000001,0.20492926462152022,0.21237715498719315,0.24000000000000002,0.24000000000000002,0.27432868889652434,0.29742587765481793,0.33432448239110507
0.20000000000000001,0.20000000000000001,0.23618036924495106,0.24000000000000002,0.26670156012072832,0.27049173095820261,0.34588262771334155,0.35999999999999999,0.38329141135724126,0.38552258651541382
0.20000000000000001,0.20000000000000001,0.20000000000000001,0.20091883397645821,0.24000000000000002,0.24000000000000002,0.24000000000000002,0.28000000000000003,0.32000000000000001,0.35768799457777278
0.17992388594856254,0.20000000000000001,0.20000000000000001,0.20000000000000001,0.22694051911554483,0.23065250432414555,0.24000000000000002,0.2738433329030836,0.32000000000000001,0.51999999999999991
0.19221537311317452,0.20000000000000001,0.20000000000000001,0.20000000000000001,0.20000000000000001,0.24000000000000002,0.26990075447334327,0.28000000000000003,0.28000000000000003,0.29202653013308066
0.16,0.16,0.19339137459174355,0.24000000000000002,0.24000000000000002,0.28000000000000003,0.28000000000000003,0.32000000000000001,0.32000000000000001,0.32199427997948532
0.16,0.16,0.20000000000000001,0.20887240881479208,0.24000000000000002,0.27463646041739537,0.28435066620799515,0.316088088981126,0.37548264106006546,0.47999999999999993
0.16,0.16,0.1675157268894483,0.23393847731136852,0.24000000000000002,0.24000000000000002,0.24000000000000002,0.24000000000000002,0.28000000000000003,0.3461387926558066
0.20000000000000001,0.20000000000000001,0.21778796614480683,0.24000000000000002,0.24000000000000002,0.28000000000000003,0.31055860379039901,0.32000000000000001,0.38545944295204704,0.44743777638948501
0.16,0.16,0.16,0.20000000000000001,0.20000000000000001,0.24000000000000002,0.24783345642639878,0.29353404782403242,0.31575643648945501,0.35999999999999999
0.16,0.16,0.16,0.20000000000000001,0.20000000000000001,0.28000000000000003,0.28000000000000003,0.31687438311779165,0.39999999999999997,0.42022696270878773
0.16,0.16,0.20000000000000001,0.2474068672896996,0.28000000000000003,0.28000000000000003,0.28000000000000003,0.32000000000000001,0.38404893572539756,0.42594107437637213
0.20000000000000001,0.20000000000000001,0.20000000000000001,0.24000000000000002,0.24000000000000002,0.28000000000000003,0.32000000000000001,0.32000000000000001,0.32000000000000001,0.39999999999999997
0.12,0.15891121832129851,0.16,0.20000000000000001,0.20000000000000001,0.20000000000000001,0.24000000000000002,0.28000000000000003,0.29776285941633884,0.36744652970531405
0.20000000000000001,0.23447462256125665,0.24000000000000002,0.24000000000000002,0.24000000000000002,0.24000000000000002,0.27854299257045123,0.28000000000000003,0.28000000000000003,0.32000000000000001
0.19381244273348977,0.20000000000000001,0.27684794922231465,0.28000000000000003,0.28000000000000003,0.32000000000000001,0.32000000000000001,0.32000000000000001,0.34450279899056646,0.43999999999999995
0.20000000000000001,0.20000000000000001,0.23613145846074088,0.24000000000000002,0.24000000000000002,0.24000000000000002,0.31100753677837434,0.32000000000000001,0.33089437687001522,0.35999999999999999
0.16372016672524786,0.20000000000000001,0.20000000000000001,0.20000000000000001,0.20000000000000001,0.24000000000000002,0.24000000000000002,0.24000000000000002,0.24000000000000002,0.51991993104824286
0.20000000000000001,0.2124999871567837,0.24000000000000002,0.24000000000000002,0.24000000000000002,0.24000000000000002,0.28000000000000003,0.32000000000000001,0.35795800984711462,0.35999999999999999
0.21385259805575699,0.24000000000000002,0.25543148447763331,0.26480510152725079,0.27121205619516969,0.32000000000000001,0.35999999999999999,0.35999999999999999,0.36631623590424861,0.49498285400557923
0.20000000000000001,0.20000000000000001,0.20000000000000001,0.24000000000000002,0.28000000000000003,0.32000000000000001,0.35344071573030389,0.39999999999999997,0.4363167946067763,0.43999999999999995
0.20000000000000001,0.24000000000000002,0.24000000000000002,0.24000000000000002,0.27331017489927018,0.30892429775308428,0.3188687254386961,0.32000000000000001,0.35999999999999999,0.39999999999999997
0.16,0.20000000000000001,0.20000000000000001,0.2107367616627803,0.24000000000000002,0.24000000000000002,0.32000000000000001,0.35958365390543967,0.35999999999999999,0.55999999999999994
0.20000000000000001,0.24000000000000002,0.24000000000000002,0.24000000000000002,0.28000000000000003,0.32000000000000001,0.32000000000000001,0.32000000000000001,0.35320753657888504,0.39293917607424556
0.16,0.16967892650492344,0.20000000000000001,0.20000000000000001,0.20000000000000001,0.20000000000000001,0.24000000000000002,0.32000000000000001,0.35295924266806905,0.39999999999999997
0.16,0.18605369980251363,0.20000000000000001,0.24000000000000002,0.28000000000000003,0.32000000000000001,0.32000000000000001,0.32000000000000001,0.35999999999999999,0.43999999999999995
0.20000000000000001,0.22110824860534167,0.23400957470103106,0.24000000000000002,0.24000000000000002,0.28000000000000003,0.28875606661495945,0.39999999999999997,0.43999999999999995,0.45790301780045234
0.20000000000000001,0.24000000000000002,0.24000000000000002,0.24000000000000002,0.24000000000000002,0.24000000000000002,0.28000000000000003,0.33682668974913099,0.39543211443121545,0.4732640096650757
0.16,0.16,0.18783986599331073,0.20000000000000001,0.21328059971636965,0.24000000000000002,0.24000000000000002,0.24000000000000002,0.28000000000000003,0.28000000000000003
0.20000000000000001,0.20000000000000001,0.20000000000000001,0.23369991139057184,0.28000000000000003,0.28000000000000003,0.32000000000000001,0.35999999999999999,0.39999999999999997,0.42552453751633446
0.20426842450078597,0.22828607194471751,0.23284115465701036,0.24000000000000002,0.24000000000000002,0.25762676541790985,0.29462423765558837,0.30729640007421194,0.43999999999999995,0.43999999999999995
0.20000000000000001,0.20000000000000001,0.23971763219656758,0.25592336779463953,0.27961422855087387,0.32000000000000001,0.32000000000000001,0.35999999999999999,0.41807356328180501,0.55542687531338575
0.20000000000000001,0.20000000000000001,0.20000000000000001,0.20000000000000001,0.23441616806884097,0.24000000000000002,0.269494895190313,0.28000000000000003,0.32000000000000001,0.35999999999999999
0.16,0.19312936533322822,0.20000000000000001,0.24000000000000002,0.24000000000000002,0.24000000000000002,0.24612844486490112,0.24745408982531367,0.2585080168096977,0.32000000000000001
0.20000000000000001,0.20000000000000001,0.22026874138861496,0.24000000000000002,0.24000000000000002,0.24000000000000002,0.27684045214562036,0.28000000000000003,0.32000000000000001,0.33478120124259936
0.16,0.16,0.16,0.16,0.19216290963426377,0.22503206711130722,0.24000000000000002,0.24000000000000002,0.27133693965193068,0.501135599938758
0.16,0.20000000000000001,0.20000000000000001,0.24000000000000002,0.24000000000000002,0.27576858601495097,0.27693869404486049,0.32000000000000001,0.32331011598390352,0.40976820701721434
0.16,0.20000000000000001,0.20000000000000001,0.24000000000000002,0.25296928029245669,0.28000000000000003,0.28000000000000003,0.33750864301705463,0.35999999999999999,0.53500009100028234
0.12,0.12,0.12,0.12,0.16,0.20000000000000001,0.24829687285616964,0.32000000000000001,0.34155731085749197,0.39923317791926649
0.20000000000000001,0.20000000000000001,0.20000000000000001,0.22859941284733504,0.24000000000000002,0.25240826458169563,0.29304443342956948,0.31137334299925423,0.35461709276495912,0.43999999999999995
0.20000000000000001,0.20000000000000001,0.2089055195916304,0.21406090987945334,0.23765513431188787,0.30700406977922606,0.3099857668415843,0.31200857049511171,0.3567261363933551,0.35999999999999999
0.14095109843171913,0.16,0.16,0.19529299751110829,0.20000000000000001,0.28814260417752913,0.28917007848336734,0.32000000000000001,0.35999999999999999,0.47999999999999993
0.20000000000000001,0.20000000000000001,0.24000000000000002,0.24000000000000002,0.25864094350278366,0.28000000000000003,0.28000000000000003,0.32000000000000001,0.353177102959986,0.43999999999999995
0.20000000000000001,0.20000000000000001,0.21434701722642602,0.2333518464416347,0.2437003265549452,0.26722041349384335,0.28000000000000003,0.32000000000000001,0.32000000000000001,0.33251469405075446
0.20000000000000001,0.24000000000000002,0.24000000000000002,0.26057396836107077,0.32000000000000001,0.32000000000000001,0.32000000000000001,0.32539778329375951,0.35909717498875782,0.43155035806870223
0.20000000000000001,0.23088504739606242,0.23455064862289954,0.24000000000000002,0.24000000000000002,0.24000000000000002,0.26280775276261403,0.29051542558574228,0.37888233084292916,0.47999999999999993
0.20000000000000001,0.20000000000000001,0.20000000000000001,0.24000000000000002,0.24000000000000002,0.27319356250230376,0.28000000000000003,0.28000000000000003,0.39999999999999997,0.43611590132820666
