0.040000000000000001,0.04891504882965806,0.080000000000000002,0.080000000000000002,0.080000000000000002,0.12,0.12,0.16,0.17621703803820485,0.20000000000000001
0.080000000000000002,0.080000000000000002,0.1009435760302856,0.12,0.149596539080917,0.16,0.16172221269405548,0.16468865959531651,0.1852400111545465,0.18672319552696559
0.080000000000000002,0.080000000000000002,0.080000000000000002,0.12,0.12331630970573432,0.19865990037013362,0.20000000000000001,0.24000000000000002,0.26965112937274421,0.27123503060580351
0.040000000000000001,0.052265364458287313,0.080000000000000002,0.080000000000000002,0.080000000000000002,0.099070485507606276,0.12,0.12,0.13199550903540289,0.14038366090313792
0.058938849191728732,0.067868128000208416,0.080000000000000002,0.091090091626272976,0.1132122179911246,0.12,0.12,0.16,0.20000000000000001,0.28000000000000003
0.072961571218040269,0.080000000000000002,0.080000000000000002,0.080000000000000002,0.080000000000000002,0.10735522043341245,0.3169189169640258,0.34776412015508662,0.35999999999999999,0.4683131083229895
0.084747321473123666,0.08804568380957789,0.12,0.13299461567078749,0.15213645484373736,0.16,0.16,0.19222113565338025,0.20000000000000001,0.25649667534296616
0.080000000000000002,0.12,0.12,0.18030031914111971,0.20000000000000001,0.20000000000000001,0.25137011225447436,0.28000000000000003,0.32000000000000001,0.40147912563871296
0.040000000000000001,0.067200916464510208,0.074844517703251984,0.080000000000000002,0.080000000000000002,0.097749988231570134,0.13413414091282172,0.14846627121735384,0.15575057897087571,0.34926285659830025
0,0.040000000000000001,0.040000000000000001,0.048381352101926567,0.080000000000000002,0.12,0.12473828602958323,0.14320272889289559,0.16,0.35999999999999999
0.080000000000000002,0.080000000000000002,0.098297974866250235,0.12,0.20000000000000001,0.20992109587383978,0.26133482784126444,0.27098625249156139,0.30578818062333024,0.34454880056002968
0.080000000000000002,0.10495423225447476,0.10731874315379374,0.12,0.12,0.12,0.18751994999237531,0.19246556835706802,0.22792210590791182,0.29796243767688474
0.040000000000000001,0.080000000000000002,0.080000000000000002,0.080000000000000002,0.080000000000000002,0.080000000000000002,0.15733084222733834,0.18804813022404221,0.20000000000000001,0.24000000000000002
0.11643331735069803,0.12,0.16,0.16,0.16,0.18123337929309052,0.24000000000000002,0.27095461009952382,0.28000000000000003,0.31166430458728883
0.080000000000000002,0.080000000000000002,0.12,0.12,0.12,0.12,0.18272041545260745,0.20000000000000001,0.24000000000000002,0.25301173982016534
0.092469107847007043,0.12,0.12,0.15420756180444742,0.17586747053558485,0.21873340546565104,0.22460260334022933,0.30777208961292396,0.38516154382245793,0.44302471635345059
0.040000000000000001,0.056493964259613255,0.058087014468459375,0.14375973632327591,0.14382313563698013,0.14509641027841741,0.16,0.20181595227522431,0.28000000000000003,0.32000000000000001
0.071914542785870478,0.080000000000000002,0.098176382019191349,0.12,0.16,0.19346284137857675,0.20639391318216757,0.27568102190639104,0.28000000000000003,0.33337371715062447
0.080000000000000002,0.10906428582324942,0.12,0.16,0.19033851392305556,0.20000000000000001,0.20000000000000001,0.23637899022128317,0.24340390134218623,0.38674865173418438
0.12,0.12,0.12,0.13606103117275728,0.16,0.19381111133750123,0.23419057941403892,0.2354665593476897,0.23589292392245098,0.38862815349993607
0.097438890706873837,0.14851305689972877,0.16,0.17449880855530275,0.24000000000000002,0.24000000000000002,0.24000000000000002,0.25554691940438767,0.27556648513127868,0.27947230215350888
0.060207259239841666,0.080000000000000002,0.080000000000000002,0.094852209671903179,0.10711018309273473,0.15405916272441128,0.16,0.16,0.190833710828088,0.20000000000000001
0.11385911519724615,0.12,0.12,0.12,0.12,0.20000000000000001,0.20000000000000001,0.20000000000000001,0.22025151127548401,0.2517702088832956
0.16556091774985207,0.16805978618669326,0.20000000000000001,0.20000000000000001,0.21417553505623607,0.217672206000598,0.24000000000000002,0.26515879423904709,0.28000000000000003,0.31764716859546521
0.16,0.20000000000000001,0.21681778135630544,0.21744876613186348,0.24000000000000002,0.24000000000000002,0.26247269593913714,0.32000000000000001,0.40125511758260907,0.4106684406347163
0.12,0.14130328485565249,0.16,0.16,0.17661942497969974,0.19013656626835615,0.19781813744370869,0.24000000000000002,0.30297811327675306,0.39999999999999997
0.12,0.12,0.12646917283338144,0.15655925633397746,0.16,0.16,0.23677151700712493,0.24000000000000002,0.2911101352936179,0.39451836314119754
0.080000000000000002,0.080000000000000002,0.080000000000000002,0.12,0.14214490455697015,0.16,0.16,0.22595082882594211,0.23497917004187546,0.35896057493719913
0.12445121897519053,0.1267956353541968,0.13791963342463726,0.16,0.20000000000000001,0.20000000000000001,0.23795537988452867,0.24000000000000002,0.28000000000000003,0.28000000000000003
0.080000000000000002,0.11853540515585528,0.12,0.12,0.12,0.13330387428157192,0.23580449940290463,0.24000000000000002,0.28000000000000003,0.2994827025668596
0.11901582215595782,0.11908955575243055,0.12,0.12,0.12,0.13720193664512859,0.19402179351050045,0.20000000000000001,0.20000000000000001,0.39999999999999997
0.040000000000000001,0.040000000000000001,0.043029594592142749,0.076816528362169248,0.099534631650529282,0.12,0.12,0.12,0.12,0.15592787516570811
0.040000000000000001,0.054382803200401744,0.07328196866184912,0.080000000000000002,0.11395821745063729,0.12,0.12,0.16,0.21113023351146346,0.24000000000000002
0.040000000000000001,0.040000000000000001,0.06447902442900727,0.080000000000000002,0.18533389005320405,0.19938216841950698,0.20000000000000001,0.28000000000000003,0.33224847004523339,0.33413097600345337
0.080000000000000002,0.093743102896253899,0.14067797135391361,0.20303561106417253,0.21687547018523268,0.21909004179112485,0.22601587695908604,0.23914808594966244,0.28149892962037315,0.38454114812141371
0.040000000000000001,0.040000000000000001,0.040000000000000001,0.080000000000000002,0.10914113569484943,0.12,0.12322208203699678,0.13618876023950433,0.17426699098920059,0.24000000000000002
0.040000000000000001,0.040000000000000001,0.040000000000000001,0.040000000000000001,0.040000000000000001,0.056973708021643643,0.067374290551002677,0.12002177682274143,0.16,0.24000000000000002
0.053239532915760224,0.05578265798602898,0.12,0.12,0.12,0.16,0.16,0.20000000000000001,0.24000000000000002,0.28000000000000003
0.040000000000000001,0.049104961496509017,0.080000000000000002,0.080000000000000002,0.11697151384773558,0.12,0.12,0.14326439616332609,0.16,0.20000000000000001
0.018653677277697064,0.026223095075227309,0.038102667200584174,0.040000000000000001,0.040000000000000001,0.040000000000000001,0.080000000000000002,0.080000000000000002,0.12,0.22641454198296582
0.070326223128173215,0.080000000000000002,0.080000000000000002,0.094386996898296327,0.10810767262735341,0.1174416818420547,0.12,0.2245193393287801,0.28000000000000003,0.28000000000000003
0.040000000000000001,0.040000000000000001,0.040000000000000001,0.045892384524979513,0.068427547196603405,0.080000000000000002,0.12,0.20000000000000001,0.25213113977305895,0.27221171031410052
0.06291808227929907,0.080000000000000002,0.091702684750375713,0.10848143440641372,0.11510029705643865,0.14910903038709375,0.15088211308100724,0.1609482716323383,0.17392512889026396,0.54316931442393834
0.040000000000000001,0.040000000000000001,0.080000000000000002,0.080000000000000002,0.098939832874159694,0.12,0.12,0.18170077540537963,0.18531818331696742,0.22866573282129943
0.060979867210750577,0.080000000000000002,0.080000000000000002,0.084886199942550117,0.12,0.12,0.15763447188010782,0.19443934955036996,0.22976370968627227,0.24530211032804686
0.040000000000000001,0.040000000000000001,0.059483181990167375,0.072734977788068186,0.080000000000000002,0.11642226761569671,0.14530104385252512,0.16,0.16725203507090008,0.18953397901555091
0.068373789712456168,0.0911648675949156,0.1157539057456789,0.11849325773396555,0.12,0.1386543902212273,0.15388029113168036,0.16256739743747692,0.22959124216821292,0.26863099037724469
0.10334483949987805,0.12,0.12,0.16,0.16337031113554801,0.20000000000000001,0.21389300772652159,0.25903200238879082,0.28000000000000003,0.31743799942165474
0.10234258112140072,0.13467012747244,0.16,0.16,0.16,0.18970672812097386,0.20000000000000001,0.22150291800299948,0.29070073758489551,0.3974265251907218
0.080000000000000002,0.1021502404951326,0.11454031113111049,0.12,0.15868033066054893,0.1599466728297928,0.16,0.20000000000000001,0.20148771718862837,0.24983073533147174
0.10468563218848434,0.12,0.12,0.15505116991722981,0.16,0.17746278612452171,0.20000000000000001,0.23442991630235738,0.24000000000000002,0.26934907524670071
0.068154387140490824,0.12,0.15722542910018564,0.16,0.17323449427886087,0.18516248422001971,0.19787683431985406,0.20784461113473657,0.28957229891180702,0.30957903262807163
0.040000000000000001,0.040000000000000001,0.040000000000000001,0.062948640620540994,0.080000000000000002,0.080000000000000002,0.080000000000000002,0.11441181280495519,0.16,0.24000000000000002
0.040000000000000001,0.040000000000000001,0.040000000000000001,0.040000000000000001,0.040000000000000001,0.040000000000000001,0.080000000000000002,0.080000000000000002,0.12137760742999262,0.22023464086376682
0.040000000000000001,0.080000000000000002,0.080000000000000002,0.080000000000000002,0.080000000000000002,0.1189954523028629,0.11912279250914656,0.12,0.15290570761033698,0.16
0,0,0.034111310215979317,0.040000000000000001,0.040000000000000001,0.081944441127524109,0.10662274423799742,0.12,0.15929071496262878,0.16
0,0,0,0.078699561708987675,0.080000000000000002,0.080000000000000002,0.11890891961070066,0.12,0.12,0.16
0.040000000000000001,0.040000000000000001,0.040000000000000001,0.057447567670771582,0.093166434027162875,0.12,0.12,0.16,0.20000000000000001,0.24000000000000002
0.078609675817722449,0.080000000000000002,0.080000000000000002,0.1068120706613602,0.11523536115635868,0.12,0.14438618497765585,0.19834888014382329,0.20000000000000001,0.30375493307131879
0.037926131880618788,0.040000000000000001,0.040000000000000001,0.040000000000000001,0.040000000000000001,0.04935476070812439,0.080000000000000002,0.12,0.24000000000000002,0.27963361252779262
0.037367651513916064,0.040000000000000001,0.040000000000000001,0.080000000000000002,0.12,0.12,0.12,0.13845272142969609,0.20000000000000001,0.26874062272766641
0.040000000000000001,0.080000000000000002,0.080000000000000002,0.080000000000000002,0.080000000000000002,0.12,0.15023322432202948,0.15390604461233834,0.16,0.32000000000000001
0.080000000000000002,0.080000000000000002,0.094357970537033681,0.10400215630606408,0.12,0.12,0.16,0.18490257521971254,0.24000000000000002,0.24000000000000002
0.040000000000000001,0.040000000000000001,0.040000000000000001,0.040000000000000001,0.040000000000000001,0.040000000000000001,0.040000000000000001,0.059033778769002468,0.16,0.1820535762661542
0.040000000000000001,0.040000000000000001,0.040000000000000001,0.052216370799102629,0.080000000000000002,0.080000000000000002,0.080000000000000002,0.1047159110975716,0.12,0.20000000000000001
0.040000000000000001,0.071764391246605649,0.080000000000000002,0.080000000000000002,0.080000000000000002,0.12,0.16,0.16,0.20000000000000001,0.25876052018283929
0.040000000000000001,0.080000000000000002,0.080000000000000002,0.080000000000000002,0.095405053363101205,0.11314518444753718,0.12,0.12,0.15961700272531798,0.16
0.040000000000000001,0.040000000000000001,0.041612215677528722,0.080000000000000002,0.080000000000000002,0.12,0.12,0.12,0.15157327533992179,0.16
0.040000000000000001,0.040000000000000001,0.040000000000000001,0.065545098317960904,0.069198154835119,0.080000000000000002,0.080000000000000002,0.080000000000000002,0.12,0.16
0.040000000000000001,0.040000000000000001,0.040000000000000001,0.080000000000000002,0.080000000000000002,0.080000000000000002,0.16,0.16,0.16,0.19245043112745422
0,0,0.017120269497204216,0.040000000000000001,0.040000000000000001,0.040000000000000001,0.040000000000000001,0.080000000000000002,0.16,0.27068431441029328
0.040000000000000001,0.040000000000000001,0.10233969506396666,0.12,0.12,0.12,0.1520388757620732,0.15986044770617808,0.20000000000000001,0.24000000000000002
0.033013910373938998,0.040000000000000001,0.040000000000000001,0.072412971461351033,0.074398772543271846,0.10028057946333961,0.11164739082442644,0.12733638221615176,0.23784600378351256,0.34083618988559089
0,0,0.033345260135307322,0.040000000000000001,0.040000000000000001,0.080000000000000002,0.12,0.16,0.20000000000000001,0.28000000000000003
0.040000000000000001,0.040000000000000001,0.040000000000000001,0.040000000000000001,0.080000000000000002,0.080000000000000002,0.080000000000000002,0.12,0.1475976587024696,0.16
0.040000000000000001,0.040000000000000001,0.071494014223444091,0.080000000000000002,0.093958875190977911,0.099777919983226104,0.12,0.12268144852152413,0.15538354788078779,0.16
0.040000000000000001,0.040000000000000001,0.076402670521762667,0.10713519209836453,0.12,0.12,0.12,0.12,0.14897294819277748,0.15606517344963644
0.040000000000000001,0.040000000000000001,0.040000000000000001,0.040000000000000001,0.040000000000000001,0.063003355570364336,0.080000000000000002,0.12,0.20000000000000001,0.22198412854735855
0.040000000000000001,0.040000000000000001,0.080000000000000002,0.12,0.15384941097710716,0.16,0.16,0.20736848689833312,0.24203798063177684,0.24282588959058626
0.040000000000000001,0.040000000000000001,0.073652920719153192,0.080000000000000002,0.080000000000000002,0.094233293456857686,0.10389293231281597,0.13300222904568615,0.20000000000000001,0.32000000000000001
0,0,0.039220203779833512,0.039846792600535988,0.040000000000000001,0.07493819260441012,0.079523183954907553,0.080000000000000002,0.12,0.16189248934740286
0.040000000000000001,0.040000000000000001,0.040000000000000001,0.063388216845138345,0.080000000000000002,0.080000000000000002,0.11549251082387721,0.13820742498298003,0.20000000000000001,0.24000000000000002
0.040000000000000001,0.080000000000000002,0.080000000000000002,0.080000000000000002,0.080000000000000002,0.080000000000000002,0.10612221056512453,0.11014794398546651,0.12,0.14591822734638316
0,0.040000000000000001,0.040000000000000001,0.040000000000000001,0.070121264920724541,0.080000000000000002,0.080000000000000002,0.1106557571032388,0.14944733186953862,0.28000000000000003
0.040000000000000001,0.040000000000000001,0.040000000000000001,0.059454504396359624,0.12,0.16,0.16,0.17702860206168297,0.24000000000000002,0.28000000000000003
0.031406492996395884,0.040000000000000001,0.040000000000000001,0.040000000000000001,0.080000000000000002,0.12,0.12,0.20000000000000001,0.20000000000000001,0.28000000000000003
0.040000000000000001,0.040000000000000001,0.040000000000000001,0.040000000000000001,0.064728860649881897,0.080000000000000002,0.080000000000000002,0.12,0.12,0.12
