0.20000000000000001,0.23015419270152326,0.24000000000000002,0.24000000000000002,0.24000000000000002,0.25758711596574929,0.2600880518009962,0.27994931513250915,0.28000000000000003,0.28000000000000003
0.23931635378086508,0.24000000000000002,0.24000000000000002,0.24000000000000002,0.24000000000000002,0.24000000000000002,0.24000000000000002,0.27836603712170582,0.28000000000000003,0.33373228738144267
0.20000000000000001,0.20000000000000001,0.22113236500729519,0.24000000000000002,0.26775869947865988,0.27112573962922154,0.28000000000000003,0.32000000000000001,0.33146852570620539,0.57335336575743223
0.20000000000000001,0.20000000000000001,0.20342920063224382,0.2152720908003907,0.22951550625836567,0.23211873975377273,0.24000000000000002,0.24000000000000002,0.32000000000000001,0.32000000000000001
0.19313705123240096,0.19649658025522687,0.20000000000000001,0.20000000000000001,0.20000000000000001,0.2175604962306272,0.23069122383848942,0.28476144298821859,0.34256602031661376,0.45534559626829402
0.16,0.16,0.20000000000000001,0.24000000000000002,0.28000000000000003,0.28970553956608425,0.32000000000000001,0.35768614994270037,0.37964167635851992,0.40351314073048294
0.10436287256953618,0.116593846012603,0.12,0.12,0.13861799091418275,0.16,0.17464911738593181,0.18336226234783176,0.20000000000000001,0.35546503731774937
0.12,0.12,0.16,0.16,0.23197293171019101,0.26557517964583133,0.26873402142614561,0.30362074847738602,0.32000000000000001,0.32000000000000001
0.12,0.14728139325038422,0.16,0.16,0.16,0.20000000000000001,0.20000000000000001,0.22337066231992661,0.24000000000000002,0.24000000000000002
0.12,0.16,0.16,0.16799868559872974,0.19019024158718351,0.19980909343451345,0.2189622587610569,0.28000000000000003,0.31861989578478361,0.39010584007703264
0.16,0.18380171717762198,0.20000000000000001,0.22485859779675965,0.24000000000000002,0.27237226769880585,0.28000000000000003,0.28000000000000003,0.28000000000000003,0.39999999999999997
0.16991070247755749,0.20000000000000001,0.20000000000000001,0.24000000000000002,0.28000000000000003,0.28000000000000003,0.28000000000000003,0.28000000000000003,0.32000000000000001,0.47999999999999993
0.16,0.20000000000000001,0.20000000000000001,0.24000000000000002,0.24000000000000002,0.24000000000000002,0.28000000000000003,0.32000000000000001,0.35999999999999999,0.38928822154965981
0.11118663015937516,0.12,0.12,0.12,0.16,0.16,0.18998569640186547,0.20000000000000001,0.24000000000000002,0.28000000000000003
0.080000000000000002,0.097673880824018816,0.16,0.18981951429100599,0.20000000000000001,0.20000000000000001,0.28000000000000003,0.32000000000000001,0.35999999999999999,0.39020848481004999
0.20000000000000001,0.20000000000000001,0.20000000000000001,0.24000000000000002,0.24000000000000002,0.32000000000000001,0.35999999999999999,0.39999999999999997,0.39999999999999997,0.42503948728357338
0.16,0.16375827350461855,0.20000000000000001,0.20000000000000001,0.23712309153937655,0.24000000000000002,0.2754689726208881,0.33793019789386786,0.3982606942177529,0.47999999999999993
0.16,0.20000000000000001,0.20000000000000001,0.20000000000000001,0.23352199859339048,0.28000000000000003,0.32000000000000001,0.39999999999999997,0.555413024403696,0.58585399840675956
0.080000000000000002,0.080000000000000002,0.080000000000000002,0.12,0.12,0.14409844785025056,0.16,0.1936145350145943,0.29794827330100043,0.39999999999999997
0.12,0.12,0.12,0.16,0.20000000000000001,0.22674860522663068,0.24000000000000002,0.24000000000000002,0.28000000000000003,0.32000000000000001
0.080000000000000002,0.080000000000000002,0.11871913802553202,0.12,0.15609327712279081,0.28270673504678029,0.28578280007722057,0.32000000000000001,0.32000000000000001,0.43935846893630687
0.12880227135511124,0.16,0.16,0.16,0.20000000000000001,0.20000000000000001,0.20000000000000001,0.24000000000000002,0.24000000000000002,0.43645161912647923
0.12,0.20000000000000001,0.23135715028473022,0.23331831351556506,0.24000000000000002,0.25251150883450479,0.28000000000000003,0.32000000000000001,0.32000000000000001,0.3465683257648064
0.040000000000000001,0.080000000000000002,0.10731561970532169,0.12,0.16,0.16,0.16,0.20000000000000001,0.24000000000000002,0.28000000000000003
0.080000000000000002,0.11567555612904409,0.12,0.13144460885356271,0.13384545695516351,0.14714601993041238,0.16,0.19538791065534966,0.20000000000000001,0.32000000000000001
0.16,0.16,0.19803730343603507,0.20055328970093803,0.23333118770503919,0.24000000000000002,0.24000000000000002,0.28000000000000003,0.31655587412213337,0.39999999999999997
0.16,0.16,0.17680967856801219,0.20000000000000001,0.20000000000000001,0.24000000000000002,0.24000000000000002,0.25824335040313484,0.34364558693762742,0.35999999999999999
0.16,0.19471006559317069,0.20000000000000001,0.24000000000000002,0.24000000000000002,0.28000000000000003,0.28000000000000003,0.32760971464063654,0.33374061325527477,0.35999999999999999
0.16,0.1730856293753768,0.20000000000000001,0.24000000000000002,0.24000000000000002,0.27621629302496409,0.32000000000000001,0.32000000000000001,0.35271998510686053,0.47999999999999993
0.16,0.16,0.20000000000000001,0.20000000000000001,0.20000000000000001,0.24000000000000002,0.24000000000000002,0.28000000000000003,0.28000000000000003,0.39999999999999997
0.16,0.16,0.16744069775557627,0.20000000000000001,0.24000000000000002,0.28000000000000003,0.28000000000000003,0.35999999999999999,0.39999999999999997,0.43999999999999995
0.14773379324826783,0.16,0.16,0.22814833633643899,0.28000000000000003,0.28000000000000003,0.28000000000000003,0.34486381456897119,0.39999999999999997,0.47164697794944932
0.20000000000000001,0.20000000000000001,0.20000000000000001,0.20724483366982605,0.28000000000000003,0.28000000000000003,0.30205216010200925,0.31981724606993517,0.40977182409010504,0.54836485366196808
0.12,0.12,0.14143502698054206,0.14638561267144526,0.16,0.16,0.16,0.17498650282750852,0.28000000000000003,0.35999999999999999
0.12,0.12,0.15971522582934733,0.20000000000000001,0.24000000000000002,0.24000000000000002,0.27069430390513277,0.28000000000000003,0.28000000000000003,0.32000000000000001
0.12,0.16,0.20000000000000001,0.20000000000000001,0.20000000000000001,0.20000000000000001,0.23460192167845234,0.24000000000000002,0.26742375612747221,0.28000000000000003
0.16,0.20000000000000001,0.20000000000000001,0.20000000000000001,0.24000000000000002,0.24000000000000002,0.24000000000000002,0.25727710700655121,0.25867996399706894,0.32000000000000001
0.12,0.12,0.12,0.16,0.21204727194438544,0.28000000000000003,0.28000000000000003,0.28887398940450243,0.2936061207749589,0.32000000000000001
0.12,0.12,0.16,0.16,0.16,0.20000000000000001,0.20000000000000001,0.20000000000000001,0.25596461097880246,0.39999999999999997
0.12,0.16,0.16,0.16,0.20000000000000001,0.22452165277639918,0.24000000000000002,0.24000000000000002,0.32000000000000001,0.40727038976682445
0.16,0.16,0.20000000000000001,0.20000000000000001,0.24000000000000002,0.24000000000000002,0.24000000000000002,0.28000000000000003,0.32000000000000001,0.36460244123016494
0.16,0.16,0.16473892159949299,0.24000000000000002,0.24000000000000002,0.24000000000000002,0.30912926117346745,0.32000000000000001,0.32000000000000001,0.35999999999999999
0.16,0.16,0.20000000000000001,0.20000000000000001,0.20000000000000001,0.24000000000000002,0.28000000000000003,0.28000000000000003,0.28000000000000003,0.32000000000000001
0.12,0.12,0.16,0.16,0.20000000000000001,0.24000000000000002,0.24000000000000002,0.24000000000000002,0.28000000000000003,0.35999999999999999
0.16,0.16,0.16,0.16,0.20000000000000001,0.24000000000000002,0.28000000000000003,0.32000000000000001,0.32000000000000001,0.35999999999999999
0.14446231969087317,0.16,0.16,0.20000000000000001,0.22175014631909615,0.24000000000000002,0.24000000000000002,0.29447272886392728,0.32000000000000001,0.39999999999999997
0.20000000000000001,0.20000000000000001,0.20000000000000001,0.24000000000000002,0.28000000000000003,0.31267961789059068,0.32000000000000001,0.39817448652131709,0.47999999999999993,0.55999999999999994
0.24000000000000002,0.24000000000000002,0.24000000000000002,0.28000000000000003,0.28000000000000003,0.29119503873832053,0.32000000000000001,0.35999999999999999,0.41870439102866935,0.45630124195177901
0.19532068408704994,0.20000000000000001,0.23235278302215373,0.24000000000000002,0.24000000000000002,0.28000000000000003,0.31131567264499904,0.32739900741812805,0.35999999999999999,0.43896152375975422
0.16,0.16,0.16420611109179362,0.20000000000000001,0.20000000000000001,0.24000000000000002,0.24000000000000002,0.2655213077706382,0.28076277342306866,0.32000000000000001
0.16,0.24000000000000002,0.24000000000000002,0.24000000000000002,0.32000000000000001,0.32000000000000001,0.32000000000000001,0.35296417748839665,0.36373271506826094,0.45246822602376285
0.20000000000000001,0.20000000000000001,0.20000000000000001,0.20000000000000001,0.24000000000000002,0.24000000000000002,0.25143016659902201,0.28000000000000003,0.28000000000000003,0.32000000000000001
0.24000000000000002,0.27218654471415438,0.28000000000000003,0.28000000000000003,0.32000000000000001,0.32000000000000001,0.35999999999999999,0.35999999999999999,0.39649111731561137,0.43999999999999995
0.12,0.14619018992983071,0.16,0.16,0.19944285807401291,0.20000000000000001,0.20000000000000001,0.20000000000000001,0.20000000000000001,0.28000000000000003
0.16,0.1846530683657277,0.20000000000000001,0.23295852757320248,0.24000000000000002,0.24000000000000002,0.28000000000000003,0.28000000000000003,0.37134758592830802,0.47999999999999993
0.20000000000000001,0.20000000000000001,0.24000000000000002,0.24000000000000002,0.24000000000000002,0.28000000000000003,0.31929245750825064,0.32000000000000001,0.35999999999999999,0.39999999999999997
0.12,0.15747384692296384,0.16,0.19381067017790188,0.19616411769818798,0.20000000000000001,0.20000000000000001,0.24000000000000002,0.28000000000000003,0.35999999999999999
0.16,0.16,0.16,0.19005409431508583,0.20000000000000001,0.24000000000000002,0.24000000000000002,0.28000000000000003,0.32000000000000001,0.52250648207934625
0.20000000000000001,0.20000000000000001,0.20000000000000001,0.20000000000000001,0.24000000000000002,0.24000000000000002,0.28830325863382417,0.32000000000000001,0.35868919954348599,0.35999999999999999
0.16,0.20000000000000001,0.20000000000000001,0.24000000000000002,0.24000000000000002,0.24000000000000002,0.24000000000000002,0.26418463737140768,0.28000000000000003,0.28000000000000003
0.18801311615517302,0.20000000000000001,0.20000000000000001,0.24000000000000002,0.24000000000000002,0.27022225319345972,0.28000000000000003,0.32000000000000001,0.32000000000000001,0.47999999999999993
0.16,0.16,0.16,0.19844219153310544,0.20000000000000001,0.20000000000000001,0.20000000000000001,0.24000000000000002,0.30037464214492959,0.35999999999999999
0.16,0.20000000000000001,0.20000000000000001,0.20000000000000001,0.24000000000000002,0.24000000000000002,0.24000000000000002,0.28000000000000003,0.28000000000000003,0.35999999999999999
0.12,0.16,0.16,0.16,0.19075543673627413,0.20000000000000001,0.23023080229631113,0.26111629598226688,0.28000000000000003,0.28000000000000003
0.16,0.20000000000000001,0.20000000000000001,0.20916512997911496,0.22654634495126116,0.24000000000000002,0.24000000000000002,0.261626284291195,0.33040688928194328,0.35999999999999999
0.17854496695479971,0.20000000000000001,0.2095900893501178,0.24000000000000002,0.24000000000000002,0.28000000000000003,0.32000000000000001,0.32000000000000001,0.34474846672582898,0.36075848132648752
0.12,0.15720554866127537,0.16,0.16,0.16,0.16,0.16,0.20000000000000001,0.20000000000000001,0.24000000000000002
0.13913721178416019,0.16,0.16,0.20000000000000001,0.20000000000000001,0.20000000000000001,0.220191260277082,0.27680656565964029,0.28000000000000003,0.32000000000000001
0.080000000000000002,0.12,0.12,0.16,0.20000000000000001,0.20000000000000001,0.20000000000000001,0.20000000000000001,0.24000000000000002,0.3965367550808272
0.15629398030059111,0.16,0.16,0.16,0.20000000000000001,0.20000000000000001,0.24000000000000002,0.24000000000000002,0.32000000000000001,0.35999999999999999
0.16,0.20000000000000001,0.24000000000000002,0.25693163432629268,0.26617359808901314,0.28000000000000003,0.32000000000000001,0.32000000000000001,0.35999999999999999,0.39829797809981993
0.12,0.20000000000000001,0.20000000000000001,0.20000000000000001,0.20000000000000001,0.20000000000000001,0.21703703359985693,0.2574746218320827,0.28000000000000003,0.30743251304458552
0.12,0.12,0.16,0.16,0.16,0.16564313495047103,0.19822950527624456,0.21922400719421825,0.28000000000000003,0.39999999999999997
0.14309090480643336,0.16,0.16,0.18400640576763266,0.20000000000000001,0.20000000000000001,0.24000000000000002,0.28000000000000003,0.34340707004444887,0.46848291983399337
0.12,0.15967013429780641,0.16,0.20000000000000001,0.20000000000000001,0.23590727902294459,0.24000000000000002,0.24000000000000002,0.28000000000000003,0.32000000000000001
0.13659340108198689,0.14274128051576396,0.16,0.16,0.16,0.16,0.20000000000000001,0.20000000000000001,0.22445391452320043,0.28000000000000003
0.12,0.12,0.12,0.12,0.20000000000000001,0.20000000000000001,0.24000000000000002,0.24000000000000002,0.28000000000000003,0.34412660167795506
0.16,0.16,0.16,0.20000000000000001,0.20000000000000001,0.20000000000000001,0.24000000000000002,0.24000000000000002,0.32000000000000001,0.32000000000000001
0.16,0.18282424663672983,0.20000000000000001,0.20000000000000001,0.20000000000000001,0.21708393913377716,0.24000000000000002,0.24000000000000002,0.24000000000000002,0.35999999999999999
0.16,0.16,0.20000000000000001,0.20000000000000001,0.24000000000000002,0.2777859792924337,0.28000000000000003,0.32000000000000001,0.35999999999999999,0.35999999999999999
0.2260093987787582,0.24000000000000002,0.24000000000000002,0.24000000000000002,0.24000000000000002,0.28000000000000003,0.28000000000000003,0.35999999999999999,0.35999999999999999,0.39999999999999997
0.20000000000000001,0.20000000000000001,0.24000000000000002,0.24000000000000002,0.24000000000000002,0.28000000000000003,0.28000000000000003,0.28000000000000003,0.29928877295096185,0.35999999999999999
0.12,0.16,0.16,0.1809697937020594,0.18183763250358045,0.20000000000000001,0.20000000000000001,0.23898799012979646,0.28000000000000003,0.31743904533928224
0.16,0.17679261673219468,0.20000000000000001,0.24000000000000002,0.24000000000000002,0.27139278712460074,0.28000000000000003,0.28000000000000003,0.32000000000000001,0.47698321487037376
0.12,0.12,0.16,0.20000000000000001,0.24000000000000002,0.32000000000000001,0.34201528188942221,0.35748364655424036,0.39999999999999997,0.39999999999999997
0.12,0.12,0.12,0.16,0.16,0.19914133725367811,0.20000000000000001,0.26108211737885517,0.28000000000000003,0.28829567952358276
0.13106794452036979,0.13976638652579668,0.16,0.16,0.171762914038224,0.21492141064753092,0.2512944166745929,0.28000000000000003,0.31210208074620449,0.38296651928405384
