0.080000000000000002,0.080000000000000002,0.10049972339239333,0.16,0.20000000000000001,0.24000000000000002,0.24497961812105162,0.26213766101755331,0.30769455284881575,0.32000000000000001
0.12,0.13605048321066854,0.13875767749491838,0.16,0.16,0.19289298988576428,0.20000000000000001,0.20080500725745556,0.24000000000000002,0.35754916470385634
0.080000000000000002,0.080000000000000002,0.080000000000000002,0.12,0.16,0.16,0.19286513575719649,0.22481993146985685,0.23315480568316729,0.39999999999999997
0.080000000000000002,0.10742253134405687,0.11032011429266106,0.12,0.16,0.20000000000000001,0.20235941014225564,0.24000000000000002,0.40511134856192227,0.47768541452284879
0.080000000000000002,0.080000000000000002,0.080000000000000002,0.090489893524740767,0.091032929648504651,0.12,0.12,0.12,0.24000000000000002,0.35999999999999999
0.095343738471731818,0.16,0.16,0.20000000000000001,0.20000000000000001,0.2170179271702713,0.24000000000000002,0.24000000000000002,0.25854623674899613,0.30503232020020316
0.040000000000000001,0.040000000000000001,0.054692762231657997,0.080000000000000002,0.12,0.12,0.12,0.21651401934660894,0.23936135237473355,0.35999999999999999
0.080000000000000002,0.080000000000000002,0.11946484425638196,0.12,0.13168014707376713,0.16,0.18723615760002058,0.20000000000000001,0.27407762158149584,0.28000000000000003
0.075784824819580252,0.11759559550410695,0.14792847764380232,0.16,0.16,0.18055962347727655,0.28000000000000003,0.28000000000000003,0.28000000000000003,0.32000000000000001
0.040000000000000001,0.040000000000000001,0.076411321604489019,0.12,0.16,0.20000000000000001,0.21629173130336637,0.24000000000000002,0.24000000000000002,0.24000000000000002
0.050051879729815417,0.05323752341723785,0.080000000000000002,0.12,0.16,0.16,0.20000000000000001,0.24000000000000002,0.29883894385533732,0.40423318311073797
0.094167777317725465,0.11032518388997836,0.11633353223306078,0.12,0.12,0.12,0.16,0.1959330152453356,0.26831527164372576,0.28000000000000003
0.12,0.12,0.15226627600431919,0.16,0.20000000000000001,0.20000000000000001,0.23231098052975252,0.24000000000000002,0.28000000000000003,0.45451434246737671
0.12,0.15885874536760183,0.19992249506039969,0.20000000000000001,0.20000000000000001,0.20000000000000001,0.20000000000000001,0.20000000000000001,0.35999999999999999,0.39999999999999997
0.061725381319834897,0.080000000000000002,0.080000000000000002,0.080000000000000002,0.12,0.12,0.12,0.15666734914176686,0.16,0.16
0.056707674326708632,0.063706839029177731,0.080000000000000002,0.12,0.16,0.16,0.16,0.16,0.26451554059609,0.28000000000000003
0.12,0.12,0.16,0.16,0.16,0.17673636255979311,0.1881779885504069,0.19886907001167148,0.26110809478757002,0.34694758354825578
0.17675636276320725,0.20000000000000001,0.20000000000000001,0.23307600870162062,0.24000000000000002,0.26120694046128556,0.31160640229335412,0.32000000000000001,0.32000000000000001,0.32000000000000001
0.14393867406016342,0.16,0.16,0.17554647283188943,0.20000000000000001,0.27466473166462929,0.28000000000000003,0.28090507326937336,0.33403588266024214,0.34186372713016489
0.12,0.13231134498055355,0.19998367845851317,0.20000000000000001,0.24000000000000002,0.30264670666002391,0.32000000000000001,0.35999999999999999,0.43974533751095379,0.46096209336543242
0.080000000000000002,0.11693092912173936,0.12078901751817456,0.15546586750058866,0.16,0.17012563018966995,0.25797828428954872,0.26594988670937397,0.30317043305053398,0.47999999999999993
0.12,0.12,0.12,0.12,0.15129312318472091,0.15392799404353427,0.16,0.19638793859023929,0.20000000000000001,0.20000000000000001
0.040000000000000001,0.080000000000000002,0.080000000000000002,0.12273181821668958,0.14700058064577753,0.15255066231771297,0.20000000000000001,0.21909541256602588,0.28000000000000003,0.28000000000000003
0.10574088966669459,0.10655148729283023,0.12,0.12,0.12,0.22682671947020944,0.24000000000000002,0.32000000000000001,0.33086611660459042,0.35055426396779393
0.12,0.12,0.12281685309395574,0.13347703089647059,0.17865774011938956,0.24000000000000002,0.25977561910792707,0.28000000000000003,0.28000000000000003,0.35892715522555263
0.12,0.12,0.15659282472376485,0.1677120658593641,0.24000000000000002,0.24000000000000002,0.26571825838656599,0.2787046571325234,0.28296123608089552,0.32000000000000001
0.16,0.20000000000000001,0.20000000000000001,0.20000000000000001,0.23314785343306016,0.24000000000000002,0.25006303444118155,0.25009259714506077,0.28000000000000003,0.31611520793245751
0.080000000000000002,0.11993867667522859,0.12,0.14366583524149609,0.15420753559406383,0.16,0.16246426189392305,0.19994268729848236,0.25393591389936193,0.39678896955355059
0.11901640502796312,0.12,0.12,0.13789132260064238,0.15481892096427172,0.20638851833314664,0.24000000000000002,0.28000000000000003,0.28000000000000003,0.35078162552891756
0.16,0.16,0.16,0.19478684194960702,0.20000000000000001,0.20000000000000001,0.22022244659821583,0.24000000000000002,0.24000000000000002,0.33719695430585755
0.11030772395348717,0.11676373052845818,0.15414094594244934,0.16,0.16,0.16,0.20000000000000001,0.25330109989780597,0.30933484746198048,0.35999999999999999
0.051191333786157291,0.09915248211945199,0.12,0.12,0.12,0.12,0.16,0.25296422814643515,0.32000000000000001,0.32000000000000001
0.10909358540032815,0.12,0.12,0.12,0.16,0.18636466693623491,0.19223690501587892,0.20000000000000001,0.2294109291654059,0.24000000000000002
0.080000000000000002,0.11508445779964818,0.12,0.12,0.12217234013039546,0.13868803224957485,0.16,0.16,0.16,0.20000000000000001
0.040000000000000001,0.080000000000000002,0.080000000000000002,0.11561415673335093,0.12,0.12,0.13624081943350563,0.16,0.16,0.16
0.040000000000000001,0.040000000000000001,0.040000000000000001,0.071266549438493754,0.074695295107070098,0.080000000000000002,0.080000000000000002,0.24000000000000002,0.27641354468101464,0.28000000000000003
0.080000000000000002,0.080000000000000002,0.080000000000000002,0.12,0.12,0.12,0.16,0.17481878687292277,0.20000000000000001,0.21371780174866456
0.040000000000000001,0.040000000000000001,0.040000000000000001,0.046495373548986453,0.1061460447889489,0.12,0.1489518266415033,0.16,0.20000000000000001,0.29363642407109442
0.040000000000000001,0.040000000000000001,0.05521196574995578,0.0980625786979126,0.11591448559549197,0.12,0.12,0.17278498999819164,0.18853111089348878,0.32000000000000001
0.055512961366294106,0.080000000000000002,0.091174782330271736,0.12,0.14444441939593031,0.16,0.16,0.16,0.16,0.21601049701763336
0.12,0.12,0.12304772795022673,0.14950502794495302,0.1575114016517648,0.16670389686569148,0.18856533469681039,0.19279745230857903,0.21023622929253236,0.39111957369479233
0.080000000000000002,0.080000000000000002,0.092439605318790197,0.12,0.13772016619042726,0.17807247152932587,0.1953282654360019,0.20000000000000001,0.22813190619339541,0.24000000000000002
0.12,0.12,0.12,0.13935104886001878,0.15068575475398052,0.15316421295616733,0.16,0.16,0.16,0.23859305934097408
0.080000000000000002,0.093527740550009245,0.095923821505967649,0.11766163762113607,0.12,0.12,0.12,0.13858842735981278,0.19902456434015106,0.24000000000000002
0.065624440207108781,0.080000000000000002,0.080000000000000002,0.12,0.16,0.16,0.16163564040553319,0.16995164870913132,0.20000000000000001,0.28000000000000003
0.080000000000000002,0.091001778406404527,0.12,0.14793218916661557,0.15671738123343082,0.16,0.20000000000000001,0.20000000000000001,0.23820845214366024,0.2863734995426418
0.080000000000000002,0.093633974282993082,0.095441701763078035,0.12,0.12,0.14174903618813525,0.16,0.16,0.26948589095196507,0.31892257446560213
0.12,0.12,0.12,0.12,0.16,0.18025713403805724,0.18231166214058495,0.20000000000000001,0.22971420956988328,0.31728519362697377
0.095756452302339173,0.10463332185427512,0.12,0.12939754950789786,0.16,0.16,0.22307584186145507,0.24000000000000002,0.28000000000000003,0.31959310584044037
0.13897839040389942,0.14596070607712458,0.16,0.16,0.16176365584545702,0.20000000000000001,0.20000000000000001,0.20000000000000001,0.22570410157095289,0.24469402727889938
0.16,0.17794084294581827,0.18685451602594097,0.19497846795882026,0.20000000000000001,0.22202125857985217,0.24000000000000002,0.26733549456376515,0.28068398764023206,0.33280315428434915
0.08085374711858298,0.088395423691730479,0.10000483383955039,0.10469752794497827,0.1054256616035702,0.18488748404877869,0.20000000000000001,0.2318517395398981,0.23430916407220553,0.26663215308192473
0.10835666136167313,0.12,0.14189237233831006,0.14782531216243305,0.15995538544276192,0.19450356862026114,0.19515140955065358,0.21130098051911608,0.24000000000000002,0.4181969295919501
0.086003858915545822,0.1015601926285076,0.12,0.16,0.16,0.16,0.22006635435583391,0.23534103190348254,0.27115450901581328,0.31474415726696786
0.11284715725991387,0.1183216248412659,0.12,0.13356978338834263,0.20761031596962129,0.24000000000000002,0.26058726140010957,0.27022343535408955,0.28000000000000003,0.30384468952345306
0.12,0.16,0.16223996514850983,0.17976948607344997,0.20000000000000001,0.20000000000000001,0.25124929967483972,0.28000000000000003,0.32000000000000001,0.32803606472345292
0.080000000000000002,0.12,0.12,0.13911787821543209,0.17447453688952375,0.19088584602133835,0.20351823680213735,0.24000000000000002,0.32583446550720546,0.40098111549752957
0.11183089125303242,0.11284956168159696,0.11697080625978677,0.12,0.16,0.16269975210699905,0.16957413721310838,0.23874460776358256,0.26006269014228589,0.30555879935508212
0.080000000000000002,0.080000000000000002,0.084395187430580429,0.12,0.15327894787614163,0.16,0.1706184436485875,0.21235228412718876,0.21294269318949277,0.24911705502312584
0.085151569372060421,0.1122858447769649,0.12,0.1295317294055493,0.16854528686706888,0.17332597166341027,0.20000000000000001,0.2060973245599769,0.29116480308156306,0.45660001596434702
0.12,0.12888752819029325,0.13688139171053418,0.1548652935077624,0.16,0.16,0.18216596302184229,0.26864935119825978,0.34686901537746978,0.41889376649429699
0.080000000000000002,0.099058378731972319,0.1069865539891995,0.14948601877092485,0.15395822308525189,0.15961675049305177,0.16,0.16,0.23782072953891975,0.23985173020653955
0.12,0.12887914897507832,0.14291675813330432,0.16,0.16,0.19248514773271233,0.19860286891330178,0.239171996859701,0.24421162107259864,0.37761797484299919
0.080000000000000002,0.080000000000000002,0.12,0.12,0.12,0.14911127250640016,0.20000000000000001,0.20000000000000001,0.28000000000000003,0.30666755821701736
0.15577453746024275,0.16,0.16,0.20000000000000001,0.20000000000000001,0.20000000000000001,0.20748195249188267,0.25548634214875904,0.26429453006787146,0.28337758017161485
0.12,0.12,0.12,0.12,0.13677544244233381,0.1451850107977169,0.1828173448584961,0.21501279581392158,0.25369913324667548,0.28540126048254838
0.1674254803756586,0.18399745909697798,0.19120712429984629,0.20000000000000001,0.21544911822734719,0.24000000000000002,0.26032111702904936,0.26470079449335349,0.29733049302762021,0.36051139933872972
0.12,0.12,0.12,0.13984044286933736,0.15486971069923713,0.17663510108021244,0.28473619253690396,0.29695509295398553,0.32000000000000001,0.35268759842700448
0.050847317465793809,0.092366455705444758,0.096107069468976819,0.12,0.12,0.15286777213858699,0.18647653243934584,0.20584487441848801,0.22997072565997617,0.24578074737528319
0.040000000000000001,0.052925211442654815,0.12,0.13541696967588235,0.15980926224239886,0.17718424482465059,0.18672956354236245,0.20000000000000001,0.22466144950372541,0.26253932662076934
0.040000000000000001,0.064299416301651341,0.065775949368985218,0.080000000000000002,0.091438373228482819,0.12,0.16,0.16,0.16,0.23146721571982309
0.040000000000000001,0.040000000000000001,0.040000000000000001,0.068197564857927301,0.080000000000000002,0.15646054408195431,0.16,0.16766300908485968,0.22609551489129728,0.24000000000000002
0.077505409794223434,0.080000000000000002,0.12,0.12,0.12,0.12,0.17585641802878246,0.19594991507260118,0.20000000000000001,0.20624789521625694
0.06147057673083621,0.070224456265008617,0.080000000000000002,0.080000000000000002,0.094668045984804244,0.11381145081319102,0.12,0.1859565985902307,0.21785709100442693,0.31655502352063358
0.062515974914967937,0.071477149979849247,0.074317430466622633,0.10450009528147916,0.10744467177690507,0.12,0.12,0.12,0.12,0.12
0.048692345788543194,0.0598150919147988,0.080000000000000002,0.11447544986810874,0.1177896196303844,0.13963702459134489,0.18609942333823204,0.20020934694527406,0.21518991748828636,0.25925929854484331
0.12,0.12,0.12,0.12003699335598408,0.12478252088077547,0.15386695081489954,0.16,0.20000000000000001,0.20000000000000001,0.22384402071253182
0.10910781030458941,0.12,0.12,0.12244015858752635,0.12623768462234347,0.1711782039228151,0.19218841209057078,0.21108167590317944,0.32000000000000001,0.37059190242547091
0.080000000000000002,0.080000000000000002,0.13197961094654956,0.1382046752089362,0.13963900957114012,0.14494729500105172,0.16,0.16,0.16,0.16
0.10843582073369928,0.12,0.12,0.12170342234592847,0.16,0.19177075670527169,0.19422821106121593,0.20942089959294349,0.31038124917322457,0.32000000000000001
0.080000000000000002,0.080000000000000002,0.12,0.12,0.14178885076093298,0.16,0.20000000000000001,0.24000000000000002,0.24000000000000002,0.24000000000000002
0.06638240781036582,0.079430781422562102,0.080000000000000002,0.097984868600592717,0.13016995609670615,0.16,0.16,0.17965834756330235,0.18010264678804633,0.20000000000000001
0.10517783859011742,0.12,0.1224914585130616,0.14915623255793184,0.16,0.17619260568400699,0.18330981966798926,0.18471397927006941,0.1869314864844687,0.26608176269543687
0.040000000000000001,0.040000000000000001,0.040000000000000001,0.080000000000000002,0.080000000000000002,0.080000000000000002,0.089254565481805659,0.12,0.12600924857020432,0.15129457334875981
0.040000000000000001,0.040000000000000001,0.040000000000000001,0.078572764450093702,0.080000000000000002,0.12,0.12892503559136656,0.16,0.16,0.20000000000000001
0.040000000000000001,0.040000000000000001,0.04369585626725269,0.12,0.12,0.12,0.12,0.16,0.17715960931699204,0.28292837658706543
0.080000000000000002,0.086398143108681019,0.10718997930932841,0.11315518761396523,0.11937970526379368,0.12,0.12,0.12542725745440056,0.15044123226611056,0.20000000000000001
