0.040000000000000001,0.040000000000000001,0.062835509521285415,0.080000000000000002,0.080000000000000002,0.10312149555245416,0.11715527790637596,0.12,0.16,0.19518446362726952
0.065724976673273816,0.073655371913568898,0.080000000000000002,0.080000000000000002,0.086210270848764536,0.12,0.13116925723369569,0.15539813843605652,0.16,0.23787769679885973
0.040000000000000001,0.040000000000000001,0.05781792035378,0.080000000000000002,0.091180342012089549,0.17222018650025223,0.23451012774928967,0.25400743353662536,0.27604235939407679,0.38807387652492015
0.066787972804246087,0.071549933344759106,0.080000000000000002,0.080000000000000002,0.080000000000000002,0.10234041967109253,0.16,0.16,0.20000000000000001,0.46078609905564533
0.080000000000000002,0.080000000000000002,0.080000000000000002,0.1014239575275233,0.10155111090054263,0.10656875106954858,0.15710096190405329,0.15924789859879379,0.16085832250700643,0.19016591588720033
0.040000000000000001,0.040000000000000001,0.040000000000000001,0.040000000000000001,0.040000000000000001,0.040000000000000001,0.041142889199431133,0.12,0.20000000000000001,0.22120140373223621
0.040000000000000001,0.040000000000000001,0.059801167978537864,0.076173964832507213,0.080000000000000002,0.080000000000000002,0.080000000000000002,0.12388715845795746,0.16,0.24000000000000002
0.040000000000000001,0.080000000000000002,0.080000000000000002,0.080000000000000002,0.083312464515208101,0.11345672547474245,0.12,0.12601425985425874,0.16844122357159957,0.18265398811688016
0.026893070727814165,0.029334305726154242,0.040000000000000001,0.080000000000000002,0.089926913460482774,0.10411708712217134,0.11157414612433458,0.1199446605837845,0.12,0.15294717145205397
0.034162939000050394,0.0384108270982252,0.040000000000000001,0.040000000000000001,0.062474729730748114,0.06891608510323266,0.076449615056576978,0.16,0.21101428289048138,0.25607596292188273
0.040000000000000001,0.040000000000000001,0.040000000000000001,0.040000000000000001,0.05333963862058945,0.074342145432733639,0.080000000000000002,0.080000000000000002,0.11948334013668899,0.20000000000000001
0.040000000000000001,0.040000000000000001,0.040000000000000001,0.080000000000000002,0.080000000000000002,0.080000000000000002,0.12,0.12,0.16,0.16
0.02208162827170362,0.03576887683658362,0.040000000000000001,0.073040522088164,0.075954807772597263,0.080000000000000002,0.0814440054884491,0.16715465064735913,0.27932291284551442,0.28000000000000003
0.040000000000000001,0.040000000000000001,0.040000000000000001,0.040000000000000001,0.10265371757348832,0.12,0.16920168392682813,0.1943577913775226,0.20000000000000001,0.27372110105330788
0.040000000000000001,0.040000000000000001,0.040000000000000001,0.080000000000000002,0.080000000000000002,0.12,0.15029830878880615,0.16,0.17500112077261848,0.23462578592597691
0.040000000000000001,0.040000000000000001,0.040000000000000001,0.040000000000000001,0.052412529486734506,0.053813154114015334,0.080000000000000002,0.097666906569965378,0.10466989148954395,0.21822510396414302
0,0,0.039464511340034814,0.040000000000000001,0.040000000000000001,0.040000000000000001,0.040000000000000001,0.040000000000000001,0.080000000000000002,0.10942966313523256
0.03799683816750947,0.040000000000000001,0.040000000000000001,0.040000000000000001,0.040000000000000001,0.080000000000000002,0.080000000000000002,0.11423174762307592,0.12,0.22517786885096749
0.040000000000000001,0.040000000000000001,0.080000000000000002,0.10355275845469722,0.12,0.12,0.12,0.1387458453374808,0.16,0.21409604895004375
0.040000000000000001,0.040000000000000001,0.056318711231258221,0.059289177070153784,0.080000000000000002,0.1142120595377385,0.11560944892847592,0.12,0.19144193872439119,0.28000000000000003
0.072626583760509705,0.074247238151008033,0.077933805691459718,0.080000000000000002,0.080000000000000002,0.092883047153876283,0.094619495582251481,0.095445777226821737,0.12,0.152768215682483
0.068749705211774703,0.080000000000000002,0.080000000000000002,0.080000000000000002,0.10460828886297124,0.10943601037630424,0.11318655727775884,0.12,0.16,0.3007156898389659
0.066762161549819413,0.071856746719963061,0.080000000000000002,0.080000000000000002,0.080000000000000002,0.080000000000000002,0.12,0.13735132102869119,0.15485740106981677,0.20000000000000001
0.040000000000000001,0.040000000000000001,0.040000000000000001,0.040000000000000001,0.053802278640365839,0.073289225322759638,0.073818591518036769,0.080000000000000002,0.12,0.12
0.040000000000000001,0.055544190981658755,0.056551844109637706,0.074424006475297774,0.11026241904865119,0.12,0.12,0.14930937472847944,0.20000000000000001,0.2038561121065893
0.059406646218936376,0.061625363789363036,0.063060146145920898,0.080000000000000002,0.080000000000000002,0.080000000000000002,0.080000000000000002,0.080000000000000002,0.087968734168520524,0.12
0.040000000000000001,0.040000000000000001,0.068162969411191543,0.080000000000000002,0.080000000000000002,0.080000000000000002,0.09758404250346743,0.11610146998302071,0.12,0.15693434255051208
0.040000000000000001,0.040000000000000001,0.040000000000000001,0.040000000000000001,0.073906612283933151,0.080000000000000002,0.080000000000000002,0.080000000000000002,0.093913324463908709,0.13623478825286428
0.040000000000000001,0.040000000000000001,0.059711174494629815,0.080000000000000002,0.11288088806600796,0.12,0.1418496700218129,0.14433409188415511,0.20093365995351425,0.30780466486060626
0.040000000000000001,0.040000000000000001,0.040000000000000001,0.040000000000000001,0.040000000000000001,0.080000000000000002,0.11618241782026856,0.15723944331099049,0.16,0.24000000000000002
0.040000000000000001,0.045423359553757807,0.052193552959663353,0.053721622812669234,0.070195769755596202,0.070378255769769138,0.080000000000000002,0.080000000000000002,0.10073990994084596,0.12
0.023378491613908023,0.027698331862329194,0.035614763489131292,0.040000000000000001,0.076467343610333832,0.080000000000000002,0.12,0.13637464277864339,0.17389233863079256,0.27796421730484361
0.034827413637532161,0.03690186875632781,0.040000000000000001,0.040000000000000001,0.062587891690125158,0.065846306763973586,0.097242814452177861,0.12,0.13443078844430703,0.24639796925107291
0.040000000000000001,0.040000000000000001,0.040000000000000001,0.075660435170835955,0.080000000000000002,0.1050420922925808,0.12,0.13412778634437966,0.16,0.20992338173032951
0,0.016432163632342432,0.019553155817125027,0.02944630285340729,0.040000000000000001,0.0730974893732141,0.11245225229064115,0.20000000000000001,0.21482216419914277,0.25712598702819678
0.040000000000000001,0.057649268866539455,0.080000000000000002,0.080000000000000002,0.080000000000000002,0.10513489329131159,0.12,0.12012755525998582,0.2008571531375638,0.26400973122284266
0.040000000000000001,0.040000000000000001,0.069137298062188296,0.080000000000000002,0.094717290931195533,0.11515918874947564,0.11545174156505539,0.12931723235610376,0.13163577964228024,0.22942649655420488
0.024121590908938496,0.040000000000000001,0.040000000000000001,0.10402102986508673,0.11514405968560426,0.14060426011020294,0.15332555118143729,0.16,0.19488189878101519,0.20517938152373563
0.040000000000000001,0.040000000000000001,0.064072182938366598,0.070935980967126028,0.086628170325520823,0.089800423572028942,0.10944229509345939,0.14330798837759923,0.25343966846986782,0.46260984509042052
0.066202611860981642,0.068761915788573005,0.07668610171839077,0.12,0.12710770261086451,0.13599548998358954,0.14774875515863164,0.15675274462484212,0.1903192927548604,0.34883414856514661
0.080000000000000002,0.12,0.13927949972486978,0.157299566637217,0.1661680858363381,0.20000000000000001,0.20000000000000001,0.20000000000000001,0.32000000000000001,0.36973465872504846
0,0.040000000000000001,0.040000000000000001,0.055939939326755478,0.077502875448576106,0.080000000000000002,0.12,0.16,0.20000000000000001,0.21714430676505958
0.040000000000000001,0.040000000000000001,0.051448219200132275,0.073078302087528649,0.080000000000000002,0.080000000000000002,0.080000000000000002,0.11960919692722524,0.17372169417902286,0.28183237223003615
0.080000000000000002,0.080000000000000002,0.080000000000000002,0.092946167022315618,0.12,0.12,0.13007140822775037,0.14923862340950603,0.20000000000000001,0.20893449862510438
0.064652487233560624,0.066200515720338082,0.080000000000000002,0.080000000000000002,0.12,0.18265184735966319,0.19141306450878096,0.19155898348787154,0.24768396082214386,0.27482997488954808
0.055371680495317599,0.076681671354988559,0.096536353492586352,0.10658386001427672,0.12,0.12221606803719751,0.20000000000000001,0.23651456935779738,0.26308070784988175,0.26475647915260409
0.040000000000000001,0.072634697991532271,0.076314970108155508,0.080000000000000002,0.13925722167709634,0.17651274934369704,0.17869240937969469,0.20285489237601678,0.30625284434491534,0.39999999999999997
0.040000000000000001,0.040893142832936984,0.080000000000000002,0.080000000000000002,0.092618990045857275,0.12,0.13725169346981936,0.16,0.17756747173354931,0.21220298748567706
0.015895806735033862,0.017386259823527615,0.040000000000000001,0.064458431267116895,0.1050960027647861,0.10689401470569973,0.13158673179474961,0.13792623607164303,0.18556013781491723,0.29073734477950164
0.080000000000000002,0.080000000000000002,0.097178612213624865,0.10597438806794829,0.12,0.12324549433134543,0.14429898925773227,0.22411143862651167,0.22612341598448843,0.23854596070846582
0.059751228893652683,0.076007177496390119,0.080000000000000002,0.080000000000000002,0.080000000000000002,0.088491296473040576,0.12,0.13220796407247437,0.16909205392279134,0.18412337277864263
0.087783268094342573,0.096044524609531362,0.10992868105020225,0.11743884293292237,0.11968260794236868,0.12,0.12,0.12,0.12774861592669046,0.24597685607334965
0.080000000000000002,0.080000000000000002,0.1059678399901697,0.11228193200929773,0.12,0.12,0.12339740093282837,0.16,0.17038985673149379,0.17069631430768017
0.040361205216333462,0.051431943040635392,0.080000000000000002,0.080000000000000002,0.09243663573335803,0.097688043545153258,0.14090983015211281,0.14999492702521075,0.16,0.16
0.12,0.15029391194465413,0.17864395903362798,0.18630612568128596,0.18937762471512015,0.20000000000000001,0.21378409479032995,0.24000000000000002,0.30481875812475567,0.34603368650300692
0.080000000000000002,0.080000000000000002,0.080000000000000002,0.12,0.12,0.15124062777114883,0.16,0.16,0.17878459955250395,0.32000000000000001
0.11059866406327673,0.11479938565164818,0.11496819626105706,0.15909375837145465,0.16,0.16,0.2045212661100764,0.2304060143848905,0.28386771220853307,0.32485759345747439
0.050434494909542091,0.073412810491011768,0.080000000000000002,0.080000000000000002,0.12,0.16,0.16,0.16538254358262214,0.22804205558568075,0.2403973502518528
0.11720783279958666,0.12,0.12,0.14470353175296508,0.14979045992071846,0.16,0.16,0.21299958540098515,0.24047561909896487,0.28113935467297457
0.080000000000000002,0.080000000000000002,0.080000000000000002,0.088857615994565625,0.11291225112274988,0.12678065217256335,0.14708034544327264,0.16,0.18730901637408789,0.20000000000000001
0.080000000000000002,0.080000000000000002,0.10191003359266471,0.12,0.15653506597857303,0.16003722518881627,0.20565556299910334,0.21719103070371273,0.27621607430083117,0.30436427419745588
0.077137845947853112,0.080000000000000002,0.080000000000000002,0.083905638254368642,0.091167045153605686,0.10521701914384168,0.11702899617896544,0.13171172737944778,0.32000000000000001,0.35999999999999999
0.080000000000000002,0.098255900148373418,0.1258754037545278,0.13539623519389243,0.15136382512109606,0.16,0.16600555751574675,0.18981912805751969,0.19072817447790144,0.20000000000000001
0.040000000000000001,0.054351288499598256,0.078653420607071034,0.080000000000000002,0.12,0.12,0.14864304423401928,0.14940318312339632,0.20109901404849476,0.28000000000000003
0.040000000000000001,0.040000000000000001,0.080000000000000002,0.12,0.13295826661626303,0.15872999018531364,0.16436324332913702,0.20000000000000001,0.20000000000000001,0.21155702943674404
0.040000000000000001,0.040000000000000001,0.040000000000000001,0.073519113216630655,0.080000000000000002,0.12,0.12,0.16,0.24000000000000002,0.26850265757154201
0.040000000000000001,0.040000000000000001,0.080000000000000002,0.1004738865447054,0.12,0.14688423453406954,0.16,0.16,0.20830179203617183,0.24000000000000002
0.040000000000000001,0.080000000000000002,0.080000000000000002,0.12,0.12,0.16,0.16,0.16654810518417676,0.20000000000000001,0.29822149307578427
0.040000000000000001,0.040000000000000001,0.0634007374422315,0.080000000000000002,0.080000000000000002,0.080000000000000002,0.12,0.14891926935433145,0.16,0.22344014069131579
0.092176541315653795,0.094427674227244476,0.12,0.12,0.13833413287476692,0.16,0.16,0.16,0.18395261911645411,0.20190675065638267
0.12,0.12,0.12660149092786294,0.13988973487829584,0.19271557356788005,0.21744935657719205,0.22493856417340491,0.22707878137148516,0.23070995193589622,0.27678592434841609
0.080000000000000002,0.095142743349667352,0.10623295327174576,0.12,0.1711568770846259,0.21843438266849108,0.2314883420490878,0.28000000000000003,0.28000000000000003,0.3079298689547626
0.040000000000000001,0.040000000000000001,0.040000000000000001,0.076474116358522304,0.077408712940765317,0.11016896145999597,0.12,0.15703855443996498,0.19021460876896643,0.20000000000000001
0.064846558116772049,0.070469768667467597,0.080000000000000002,0.12,0.12,0.14889771452651945,0.15307126223025638,0.19352572404526378,0.20000000000000001,0.24000000000000002
0.040000000000000001,0.040000000000000001,0.080000000000000002,0.080000000000000002,0.093016249100656687,0.12,0.12,0.14304290237628056,0.23144333186107846,0.24967542221246972
0.12,0.12,0.14118093284732416,0.15973102071106846,0.16,0.16,0.23223625930276931,0.24000000000000002,0.24000000000000002,0.25926180982954228
0.055051792281377014,0.056277745972717771,0.080000000000000002,0.12,0.12,0.14830588415742996,0.16,0.17190569201727385,0.18375405581304741,0.20518615134280177
0.040000000000000001,0.040000000000000001,0.064111664496777215,0.080000000000000002,0.080000000000000002,0.080000000000000002,0.13278614289519786,0.1385215432538667,0.15178789350842145,0.21589665098907138
0.12,0.12,0.14485151872182733,0.16,0.18768498251983501,0.20000000000000001,0.20000000000000001,0.23584668329395431,0.26206484129195085,0.34839480584409244
0.070122842222159185,0.080000000000000002,0.099111063026004753,0.11556213502383803,0.18911043696149366,0.21701414393087465,0.30640876611742018,0.31371550615382865,0.32052803192697199,0.38394073580768662
0.040000000000000001,0.040000000000000001,0.051222388042088951,0.064892609845316751,0.12,0.14044977272477771,0.1569827675303222,0.16,0.22992869904289517,0.28000000000000003
0.040000000000000001,0.040000000000000001,0.040000000000000001,0.080000000000000002,0.080000000000000002,0.080000000000000002,0.080000000000000002,0.10078856651554559,0.10231458901395832,0.16
0.071531414615259581,0.075340105662159373,0.080000000000000002,0.080000000000000002,0.12,0.16,0.16,0.1957319826964744,0.20864704182215862,0.27485543437677573
0.080000000000000002,0.080000000000000002,0.1047857910701514,0.10929166798758908,0.12,0.12,0.1288118584277867,0.20000000000000001,0.24000000000000002,0.32000000000000001
0.080000000000000002,0.080000000000000002,0.080000000000000002,0.16,0.16538983275784094,0.17848575233526603,0.20000000000000001,0.22840247393201085,0.23675314861332078,0.35999999999999999
0.080000000000000002,0.080000000000000002,0.080000000000000002,0.10843803273337294,0.11204176462367441,0.12765120632405641,0.14407304186113701,0.14726597754318918,0.17834962013007205,0.20000000000000001
0.080000000000000002,0.11404967943678354,0.12,0.12,0.16,0.16,0.20000000000000001,0.20000000000000001,0.22849645664422949,0.35773024601344938
