0.040000000000000001,0.075884054587326832,0.080000000000000002,0.080000000000000002,0.080000000000000002,0.080000000000000002,0.13499780161389457,0.16064821066876883,0.20000000000000001,0.30986395140904549
0.099965518322534086,0.10678759266137447,0.10758569704697171,0.11773503340335076,0.14391575610547064,0.20000000000000001,0.20000000000000001,0.2657344810819765,0.27600109770878839,0.2847870902232304
0,0.026120243868471886,0.040000000000000001,0.040000000000000001,0.040000000000000001,0.059272496638455414,0.072415746206384607,0.12,0.22230379287300917,0.24711975866609556
0.035958712721713311,0.040000000000000001,0.040000000000000001,0.052714823342535071,0.073815815785496217,0.092224298677344718,0.12608865023041194,0.20000000000000001,0.2830394158291043,0.34473484485769779
0.080000000000000002,0.12,0.14870289079852372,0.15657007105682494,0.16,0.16702619378192635,0.19984984078721674,0.21616226602328772,0.29038878964056986,0.34985322734648544
0.059400169638009336,0.079689296067437951,0.080000000000000002,0.11130244991201613,0.17838690596150975,0.18521849868538845,0.19268177994650762,0.20000000000000001,0.20000000000000001,0.20000000000000001
0.020770365541737449,0.027473782450643372,0.040000000000000001,0.040000000000000001,0.054947722190381465,0.080000000000000002,0.12,0.14009699819543181,0.16,0.32847508199307851
0.040000000000000001,0.040000000000000001,0.040000000000000001,0.040000000000000001,0.040000000000000001,0.075174367831709318,0.11608826947660339,0.15467696189997074,0.26906145714332957,0.31233312019054621
0.040000000000000001,0.040000000000000001,0.054836570611247581,0.069343435881677448,0.072242478067910648,0.080000000000000002,0.080000000000000002,0.080000000000000002,0.11765895966395734,0.13487110361545354
0.029885641269945223,0.040000000000000001,0.040000000000000001,0.040000000000000001,0.070066265073288073,0.074423664027648384,0.080000000000000002,0.080000000000000002,0.12,0.20983210507058334
0,0,0,0.020390410073268462,0.040000000000000001,0.040000000000000001,0.040000000000000001,0.078246880776460692,0.080000000000000002,0.12
0,0,0,0,0.040000000000000001,0.040000000000000001,0.068217870442321221,0.075651842758561405,0.080000000000000002,0.16
0.034006585709725146,0.040000000000000001,0.040000000000000001,0.040000000000000001,0.040000000000000001,0.040000000000000001,0.040000000000000001,0.040000000000000001,0.077376415569065243,0.14590637290031269
0,0,0.040000000000000001,0.040000000000000001,0.075588097648550345,0.076226930036026458,0.080000000000000002,0.10570489392213853,0.10858259139689735,0.16
0.034584189905483467,0.040000000000000001,0.040000000000000001,0.040000000000000001,0.040000000000000001,0.040000000000000001,0.040000000000000001,0.062342115794534872,0.064161456286541574,0.065229668565519927
0,0,0.040000000000000001,0.040000000000000001,0.080000000000000002,0.080000000000000002,0.099031181741600111,0.11247250914446313,0.15689580275805132,0.20000000000000001
0.040000000000000001,0.040000000000000001,0.040000000000000001,0.040000000000000001,0.040000000000000001,0.080000000000000002,0.12,0.1236331910465234,0.24410366342825895,0.27775866633441998
0,0.013386726928450662,0.015198043583600277,0.017886160553794311,0.040000000000000001,0.057136065619136825,0.080000000000000002,0.11206463678014839,0.19843315767411973,0.38850690641976093
0,0.015560967397396232,0.016251051713548077,0.021468129657002209,0.029328614838789714,0.041988396473444212,0.12,0.15496548991927553,0.16,0.22083018085915518
0.018435949541912043,0.026152956200406391,0.033128696422448811,0.040000000000000001,0.053851243958259194,0.064411884393456853,0.07065778042726889,0.079311656244172607,0.12,0.20749770381041552
0,0,0,0.040000000000000001,0.040000000000000001,0.040000000000000001,0.040000000000000001,0.075236148060737279,0.080000000000000002,0.23739714066170772
0,0.025165779865852642,0.027694535825709896,0.033059335077990908,0.033897700744570235,0.040000000000000001,0.040000000000000001,0.068414776428225008,0.077879187672762695,0.16
0.027551198860352941,0.028309428313829189,0.040000000000000001,0.040000000000000001,0.040000000000000001,0.043541808186517407,0.080000000000000002,0.11910454231190792,0.16457505751708496,0.19517518189945776
0.02640958020397392,0.040000000000000001,0.040000000000000001,0.062395139500937391,0.065328896386138355,0.067305222617218829,0.080000000000000002,0.1469549285346235,0.1579443088229551,0.20000000000000001
0,0,0,0,0,0.040000000000000001,0.040000000000000001,0.069483791127086109,0.11229624964523452,0.12
0.017068136054103601,0.017816661326375726,0.020143955413385067,0.040000000000000001,0.080000000000000002,0.080000000000000002,0.080000000000000002,0.080000000000000002,0.16,0.20000000000000001
0.040000000000000001,0.040000000000000001,0.040000000000000001,0.040000000000000001,0.040000000000000001,0.068817298371920049,0.073710801798620218,0.080000000000000002,0.11406144617419461,0.167814819641874
0.031662956408441197,0.040000000000000001,0.040000000000000001,0.040000000000000001,0.080000000000000002,0.10268426925074106,0.10564463439780011,0.127023551681922,0.13327091838489719,0.15331378872478146
0,0,0.038777338027245312,0.040000000000000001,0.052788255725842247,0.06975646335242916,0.079513832332095163,0.080000000000000002,0.10226383200318706,0.11485605088602902
0,0.040000000000000001,0.040000000000000001,0.040000000000000001,0.07933224574748407,0.080000000000000002,0.080000000000000002,0.080000000000000002,0.080000000000000002,0.11272941687188867
0.040000000000000001,0.040000000000000001,0.040000000000000001,0.040000000000000001,0.040000000000000001,0.080000000000000002,0.080000000000000002,0.12,0.16,0.21609536081780653
0.024294974425301947,0.040000000000000001,0.040000000000000001,0.040000000000000001,0.040000000000000001,0.040000000000000001,0.040000000000000001,0.09698748038049107,0.11499728117149621,0.31376626230785409
0,0,0,0.039412471682369735,0.063485353091567304,0.080000000000000002,0.080000000000000002,0.080000000000000002,0.11446597561167982,0.16
0.014260063285090975,0.022265087459788804,0.040000000000000001,0.040000000000000001,0.040000000000000001,0.080000000000000002,0.12,0.12,0.1453908844084815,0.18645280226038727
0,0,0,0,0.040000000000000001,0.068018238957662819,0.080000000000000002,0.080000000000000002,0.12726297024383681,0.23979603875947977
0,0,0,0,0,0.0074745989269204153,0.01538358260481329,0.079678007608383422,0.080000000000000002,0.09991936639751911
0,0,0,0,0,0,0.028851831460289586,0.040000000000000001,0.064522134538984893,0.16
0,0.02450091774897736,0.040000000000000001,0.040000000000000001,0.040000000000000001,0.040000000000000001,0.10922077612676323,0.12,0.12,0.19130053301214289
0.024049926628382203,0.035835503103766465,0.040000000000000001,0.040000000000000001,0.052931615312319179,0.07215808054039452,0.080000000000000002,0.085783528484600052,0.13711250928706187,0.26516515105342509
0,0,0,0,0,0,0.040000000000000001,0.040000000000000001,0.080000000000000002,0.1870178992151231
0,0.026854288834239681,0.029460365448004122,0.040000000000000001,0.040000000000000001,0.080000000000000002,0.080000000000000002,0.121070640655367,0.14210631283190936,0.24000000000000002
0,0,0,0,0,0.013869589400017488,0.038568574069378664,0.040000000000000001,0.040000000000000001,0.079999330846979355
0,0,0.0081737881620119468,0.040000000000000001,0.040000000000000001,0.041100723530816258,0.064676280234728378,0.076068976530947435,0.1109658818259088,0.12
0,0.035661275917570824,0.040000000000000001,0.0531315092111867,0.067863463745767266,0.1166332879115175,0.11740426464359313,0.16,0.26581429912396326,0.27516048648976449
0,0,0,0,0,0.024264064243629382,0.040000000000000001,0.090662664769866522,0.091400215798849951,0.11951631861426769
0.040000000000000001,0.040000000000000001,0.040000000000000001,0.040000000000000001,0.040000000000000001,0.040000000000000001,0.053244199430584227,0.076023950130293644,0.11376779142955046,0.15733398203629925
0,0,0.011061440855774596,0.040000000000000001,0.040000000000000001,0.064939206874199795,0.06550921575888656,0.076244497299746306,0.080000000000000002,0.080000000000000002
0.040000000000000001,0.040000000000000001,0.062304476414022848,0.080000000000000002,0.080000000000000002,0.095043867390226924,0.11878035687222979,0.16,0.27737460877321746,0.36161376182146626
0,0,0,0.031134413435441256,0.036124912681695168,0.040000000000000001,0.06801921905294693,0.089897079374224531,0.10152334248839898,0.16
0.015237850078226697,0.029563251112743157,0.040000000000000001,0.040000000000000001,0.040000000000000001,0.060935009922384348,0.076334807799155246,0.080000000000000002,0.12,0.12
0.040000000000000001,0.040000000000000001,0.040000000000000001,0.040000000000000001,0.040000000000000001,0.080000000000000002,0.11555257671658295,0.15605745885407105,0.16,0.16
0.040000000000000001,0.058989143119293874,0.070151859385473386,0.080000000000000002,0.080000000000000002,0.11118895437312493,0.12,0.16405588620813549,0.21656399681894054,0.22013261905149964
0,0,0.029013231020159378,0.040000000000000001,0.054301756801612359,0.0552802179827959,0.12834487576032286,0.13370848802879298,0.13540084616776016,0.15915746427479038
0,0.039397900780805871,0.040000000000000001,0.040000000000000001,0.071244890997634966,0.091532027721433443,0.09482712627947032,0.10169685586324492,0.11073246085012717,0.16
0,0,0.059485696622097656,0.077450147875833736,0.077527554590535674,0.10513750972362423,0.12,0.16,0.16,0.16340583143402587
0.040000000000000001,0.040000000000000001,0.040000000000000001,0.064564359789782144,0.080000000000000002,0.080000000000000002,0.080000000000000002,0.10517362585116455,0.14159233207543603,0.27761971060999635
0,0.02223821501886919,0.040000000000000001,0.040000000000000001,0.040965539932260417,0.061407563293205306,0.079742749502218713,0.080000000000000002,0.12131583606808163,0.12243280397346973
0,0.040000000000000001,0.040000000000000001,0.070863024339457847,0.078064202307800812,0.080000000000000002,0.090868727611537192,0.12,0.14838881124375825,0.26507098714717187
0.040000000000000001,0.040000000000000001,0.040000000000000001,0.040000000000000001,0.041976359628683853,0.080000000000000002,0.10952075279345434,0.11113588231489971,0.12,0.15794519115472877
0,0.024222508701517275,0.033130711259220152,0.040000000000000001,0.040000000000000001,0.040000000000000001,0.061005596065031316,0.080000000000000002,0.080000000000000002,0.11386548725920168
0,0,0,0,0.040000000000000001,0.080000000000000002,0.080000000000000002,0.080000000000000002,0.080000000000000002,0.098604514133498022
0,0,0,0,0.040000000000000001,0.040000000000000001,0.078938346687345978,0.079373118720846583,0.080000000000000002,0.14819407701336104
0,0,0,0,0,0.040000000000000001,0.040000000000000001,0.14405170562894568,0.15513276848119426,0.34067771812214104
0,0,0,0,0.03704476286218774,0.040000000000000001,0.046897125719030062,0.09695294286625751,0.10198566671101614,0.11510391966683881
0,0,0,0.040000000000000001,0.071734833954055763,0.080000000000000002,0.080000000000000002,0.11480970380452835,0.14513781697799691,0.21236028683637798
0,0,0.025114663472384838,0.040000000000000001,0.040000000000000001,0.040000000000000001,0.057748713435589613,0.080000000000000002,0.080000000000000002,0.16
0,0,0,0,0,0,0.029358530326601611,0.040000000000000001,0.076224288069801499,0.080000000000000002
0,0,0.031720992678518155,0.040000000000000001,0.040000000000000001,0.080000000000000002,0.099869761611101698,0.12,0.20000000000000001,0.24000000000000002
0,0,0.040000000000000001,0.040000000000000001,0.040000000000000001,0.040000000000000001,0.080000000000000002,0.080000000000000002,0.10135212396056528,0.12
0,0,0,0.027367779336101818,0.078659312019713268,0.080000000000000002,0.080000000000000002,0.12,0.16,0.20000000000000001
0,0,0,0,0.037749639811821126,0.040000000000000001,0.040000000000000001,0.040000000000000001,0.040000000000000001,0.072248117605242981
0,0,0.040000000000000001,0.040000000000000001,0.040000000000000001,0.040000000000000001,0.069465444666376136,0.080000000000000002,0.080000000000000002,0.15789213590500778
0.040000000000000001,0.040000000000000001,0.040000000000000001,0.040000000000000001,0.040000000000000001,0.065661795846643445,0.077731150920269804,0.080000000000000002,0.080000000000000002,0.096983989014042662
0,0.024039003897827628,0.032670883982999735,0.033257848023368376,0.040000000000000001,0.040000000000000001,0.041061185961390793,0.080000000000000002,0.11120837698633201,0.1682629212245581
0.02717348705593247,0.040000000000000001,0.053843665015028179,0.06857318106467955,0.072906536599512656,0.080000000000000002,0.080000000000000002,0.12,0.12,0.12
0,0.019503737401565097,0.040000000000000001,0.05037692950889492,0.080000000000000002,0.080000000000000002,0.094666423119361257,0.10871020643140804,0.16,0.32000000000000001
0,0,0,0,0,0.031866589429317776,0.040000000000000001,0.080000000000000002,0.12,0.25770594126504537
0.040000000000000001,0.040000000000000001,0.040000000000000001,0.040000000000000001,0.061910065821413021,0.068214949245188061,0.12,0.12207243106881724,0.13671538144832543,0.17619534143923271
0.025437783943544411,0.040000000000000001,0.040000000000000001,0.040000000000000001,0.071058513583531741,0.080000000000000002,0.080000000000000002,0.15835985021091009,0.16,0.20000000000000001
0.020307769969991868,0.040000000000000001,0.040000000000000001,0.040000000000000001,0.040000000000000001,0.040000000000000001,0.080000000000000002,0.080000000000000002,0.1120505954471103,0.14089842395378882
0,0.040000000000000001,0.040000000000000001,0.043840768157069471,0.060584362143405297,0.063883785265965137,0.078584648576058014,0.08804260029047993,0.12,0.30383219186508326
0,0.040000000000000001,0.051558177788799973,0.058552770124337378,0.080000000000000002,0.080000000000000002,0.080000000000000002,0.080000000000000002,0.080000000000000002,0.12
0,0,0,0.011334590994715699,0.040000000000000001,0.040000000000000001,0.078119460860585355,0.079325914003456732,0.096237849867376685,0.16454449121200448
0.024176323241874308,0.040000000000000001,0.040000000000000001,0.040000000000000001,0.040000000000000001,0.063801778040333892,0.068755965739048408,0.080000000000000002,0.12,0.18911819565987845
0.040000000000000001,0.040000000000000001,0.063905530741379807,0.080000000000000002,0.10578283382114595,0.11499563328941455,0.12,0.14890538792661037,0.16,0.18349503854985103
0,0.027004503634722555,0.040000000000000001,0.040000000000000001,0.075826851031780107,0.080000000000000002,0.080000000000000002,0.11226427892957525,0.19775825897877261,0.22742698939965617
0.067682131969135612,0.069647031875641127,0.070539183244029163,0.076217263949964184,0.077169344375366558,0.080000000000000002,0.12693441272749684,0.12768239715861962,0.14703191666941179,0.29653132223260897
