0.16,0.16,0.20000000000000001,0.20000000000000001,0.20000000000000001,0.20000000000000001,0.3077107784243327,0.32000000000000001,0.38684550448024868,0.42572100138812219
0.19705930087371237,0.22008268415460705,0.23262721829114119,0.24000000000000002,0.24000000000000002,0.24428486854300657,0.26576579827210983,0.2735783458133258,0.35999999999999999,0.38410022087187662
0.20000000000000001,0.21780599805705814,0.24000000000000002,0.24000000000000002,0.24255262646641107,0.27258564788899831,0.28000000000000003,0.28000000000000003,0.3121937302115792,0.32000000000000001
0.20000000000000001,0.22185491907017582,0.24000000000000002,0.28000000000000003,0.32000000000000001,0.35958720255661475,0.39999999999999997,0.39999999999999997,0.41353271691103172,0.41547978793873575
0.23325328243642501,0.24000000000000002,0.30223607969852578,0.30291539814016127,0.31726604094671224,0.32000000000000001,0.34618294407466677,0.39999999999999997,0.39999999999999997,0.44675860969842007
0.20000000000000001,0.20000000000000001,0.20000000000000001,0.2018801194400095,0.24174658457385698,0.30888344417126951,0.32000000000000001,0.32000000000000001,0.39071795866340103,0.40019918286492118
0.20000000000000001,0.20000000000000001,0.20000000000000001,0.20000000000000001,0.22888113588907957,0.28357919346335086,0.32000000000000001,0.35999999999999999,0.35999999999999999,0.3856032201225576
0.16,0.16,0.16,0.20000000000000001,0.20000000000000001,0.24000000000000002,0.24658702158473111,0.28000000000000003,0.28901899406062165,0.32000000000000001
0.20000000000000001,0.20000000000000001,0.20000000000000001,0.20000000000000001,0.24000000000000002,0.28000000000000003,0.29517866929569675,0.32000000000000001,0.32000000000000001,0.35999999999999999
0.16,0.20000000000000001,0.20000000000000001,0.20000000000000001,0.24000000000000002,0.25541336740145687,0.28000000000000003,0.30940094912490373,0.36267153109847211,0.42377278251703565
0.17848643615151041,0.17963760022642059,0.20000000000000001,0.24000000000000002,0.24000000000000002,0.28000000000000003,0.28000000000000003,0.35999999999999999,0.39999999999999997,0.47071831085203741
0.24000000000000002,0.27918955671925588,0.28000000000000003,0.28000000000000003,0.28000000000000003,0.30702186334686021,0.32000000000000001,0.32000000000000001,0.35999999999999999,0.43999999999999995
0.16,0.16,0.28000000000000003,0.32000000000000001,0.32000000000000001,0.3416087188446541,0.35999999999999999,0.35999999999999999,0.38757536468152631,0.4375179042987149
0.20000000000000001,0.20000000000000001,0.20000000000000001,0.21608444889685374,0.22082787397213058,0.24000000000000002,0.28000000000000003,0.28000000000000003,0.35999999999999999,0.39999999999999997
0.20000000000000001,0.20000000000000001,0.20000000000000001,0.20472779696594667,0.23514726211339343,0.24000000000000002,0.26804974026241229,0.28000000000000003,0.32830829531883138,0.35999999999999999
0.28917241629363216,0.31043599100453229,0.35710981756293447,0.35803742999519739,0.35999999999999999,0.35999999999999999,0.35999999999999999,0.3717470423011171,0.39376739088801277,0.39999999999999997
0.18952540623360598,0.20000000000000001,0.24000000000000002,0.24000000000000002,0.28000000000000003,0.32000000000000001,0.35916259271434853,0.35999999999999999,0.35999999999999999,0.35999999999999999
0.16,0.20000000000000001,0.23304729053639678,0.24000000000000002,0.24000000000000002,0.32000000000000001,0.34220708363700542,0.35999999999999999,0.35999999999999999,0.35999999999999999
0.20000000000000001,0.24000000000000002,0.28000000000000003,0.28000000000000003,0.32000000000000001,0.37482128582186425,0.3780434561440007,0.39999999999999997,0.47999999999999993,0.47999999999999993
0.20000000000000001,0.20000000000000001,0.20000000000000001,0.24000000000000002,0.26647333769602538,0.28000000000000003,0.31514733481232537,0.32000000000000001,0.32000000000000001,0.32000000000000001
0.24000000000000002,0.24000000000000002,0.24000000000000002,0.24000000000000002,0.26574081509985692,0.28000000000000003,0.28000000000000003,0.29638901357492042,0.32000000000000001,0.39214883700355285
0.16,0.17175021579473987,0.24000000000000002,0.24000000000000002,0.26707935089896145,0.28000000000000003,0.32054347579675618,0.35327432543889198,0.39999999999999997,0.55270836982044114
0.24000000000000002,0.25890708391236705,0.27068797590421739,0.28000000000000003,0.28000000000000003,0.32000000000000001,0.33899379230323273,0.35999999999999999,0.3778043729637191,0.39999999999999997
0.22861199053869918,0.23145771630304607,0.23660212838316932,0.24000000000000002,0.28000000000000003,0.35467966631340508,0.35999999999999999,0.35999999999999999,0.47999999999999993,0.51699294535948659
0.23542389906384178,0.24000000000000002,0.27288998950586801,0.28000000000000003,0.32000000000000001,0.32000000000000001,0.352492446404499,0.35999999999999999,0.35999999999999999,0.39999999999999997
0.32000000000000001,0.35999999999999999,0.35999999999999999,0.35999999999999999,0.35999999999999999,0.35999999999999999,0.39999999999999997,0.42030623957805435,0.43999999999999995,0.47881908703774034
0.24000000000000002,0.24000000000000002,0.27155645775243753,0.28000000000000003,0.30771251845775821,0.35999999999999999,0.39999999999999997,0.4260894835804423,0.51999999999999991,0.51999999999999991
0.24000000000000002,0.28000000000000003,0.28000000000000003,0.28000000000000003,0.35999999999999999,0.35999999999999999,0.36622515563998725,0.37929426701813135,0.43155269238281352,0.49326726040796648
0.26189399239464206,0.26790783990146488,0.28000000000000003,0.28000000000000003,0.28000000000000003,0.35999999999999999,0.43999999999999995,0.43999999999999995,0.4548733817219337,0.45602078472597235
0.24000000000000002,0.24000000000000002,0.28000000000000003,0.30494968890468038,0.3140621599221759,0.31896012918199484,0.32000000000000001,0.37035359426357822,0.37731239938456701,0.56527822589152943
0.24000000000000002,0.27572082044573776,0.27618871205307916,0.28000000000000003,0.28000000000000003,0.28000000000000003,0.28000000000000003,0.32000000000000001,0.39999999999999997,0.40763503770056969
0.1910105480664139,0.20000000000000001,0.20000000000000001,0.2248539695519782,0.22915093400643541,0.25653093749511979,0.28000000000000003,0.37543606022961429,0.39999999999999997,0.39999999999999997
0.24000000000000002,0.24000000000000002,0.26350070378598134,0.28000000000000003,0.28596619985010291,0.31788517952296907,0.32000000000000001,0.35999999999999999,0.35999999999999999,0.40133750826777015
0.24000000000000002,0.24000000000000002,0.24000000000000002,0.24083330212168377,0.29894424230617467,0.30541954840695346,0.32000000000000001,0.39999999999999997,0.43999999999999995,0.4408422689892933
0.18208991708113481,0.18672199445553794,0.20000000000000001,0.20000000000000001,0.20000000000000001,0.28000000000000003,0.31329763094436097,0.32000000000000001,0.32000000000000001,0.35999999999999999
0.20000000000000001,0.24000000000000002,0.26864526484277595,0.28000000000000003,0.34582877310920457,0.35219208434816768,0.36838212053537917,0.38682422124327986,0.39172177193513652,0.39999999999999997
0.23583736895311067,0.24000000000000002,0.24000000000000002,0.26590874274961479,0.28000000000000003,0.35999999999999999,0.35999999999999999,0.39999999999999997,0.41912081051465438,0.43999999999999995
0.21446124353715812,0.24000000000000002,0.24000000000000002,0.2749640247576754,0.28000000000000003,0.30431784701188802,0.30865565513209181,0.30958576459175458,0.32000000000000001,0.35467355677236456
0.20000000000000001,0.24000000000000002,0.24000000000000002,0.28000000000000003,0.3337301719016284,0.35999999999999999,0.35999999999999999,0.39772009329092245,0.39999999999999997,0.39999999999999997
0.20000000000000001,0.24000000000000002,0.24000000000000002,0.26910087844136699,0.27562992051225832,0.28000000000000003,0.32000000000000001,0.3320252324505546,0.36695440945704122,0.39999999999999997
0.20000000000000001,0.20000000000000001,0.20000000000000001,0.24000000000000002,0.24000000000000002,0.25202886593214058,0.25542797409635443,0.30981145307142055,0.34497182119233177,0.49409295346249688
0.20000000000000001,0.20000000000000001,0.23564882987450975,0.24000000000000002,0.26555215324224829,0.28000000000000003,0.28000000000000003,0.28000000000000003,0.32000000000000001,0.32000000000000001
0.23794973077821402,0.24000000000000002,0.24000000000000002,0.25693887955624467,0.27454242577799309,0.32940711996889288,0.35376594959198765,0.35999999999999999,0.39204778488031594,0.42241519470642663
0.20000000000000001,0.20000000000000001,0.20000000000000001,0.20000000000000001,0.24338110148334993,0.27197517895785317,0.30120196595163429,0.34384506231259504,0.35999999999999999,0.35999999999999999
0.080000000000000002,0.116306037487934,0.11895228880123937,0.15704968258259153,0.16040429196885478,0.20000000000000001,0.24336325294215952,0.27795604828906173,0.28000000000000003,0.28367532724733785
0.23417185478281519,0.24000000000000002,0.24000000000000002,0.24000000000000002,0.25729990274015041,0.27358408682704616,0.28000000000000003,0.28000000000000003,0.34889342736436096,0.35996767098913052
0.16,0.20000000000000001,0.20000000000000001,0.24000000000000002,0.28334467215140557,0.29259316746984992,0.2926705074191055,0.31090851785349799,0.32000000000000001,0.35999999999999999
0.18206346055421024,0.20000000000000001,0.23019336972552815,0.23806401207828362,0.24000000000000002,0.32000000000000001,0.32000000000000001,0.32040573681353596,0.35999999999999999,0.36851620853868933
0.16,0.16,0.20000000000000001,0.24000000000000002,0.24000000000000002,0.28000000000000003,0.28000000000000003,0.32000000000000001,0.33624339279673066,0.3843770239394862
0.23293994294005888,0.2394158857371442,0.24000000000000002,0.28000000000000003,0.28000000000000003,0.32000000000000001,0.3425318001363728,0.43574596552042594,0.44877920630335161,0.47999999999999993
0.28000000000000003,0.32000000000000001,0.32000000000000001,0.33359299855890023,0.35999999999999999,0.35999999999999999,0.36366219129731081,0.37136464756752807,0.39646575436778025,0.4718220155865625
0.20000000000000001,0.22512068629982526,0.32216868193479525,0.34192802789049903,0.35113931426152928,0.38371509783321261,0.38591479949148766,0.39265550271080579,0.39999999999999997,0.53896864855054161
0.24000000000000002,0.24000000000000002,0.25947062193605613,0.26319759699157397,0.28000000000000003,0.32000000000000001,0.39593620193188445,0.45695264406229963,0.47999999999999993,0.48168380512576081
0.28000000000000003,0.29037531060968291,0.2959688998677118,0.32000000000000001,0.32000000000000001,0.32000000000000001,0.35500697989254071,0.35999999999999999,0.35999999999999999,0.43432211134786353
0.22806871911789026,0.25605847618733635,0.28001850465818345,0.32000000000000001,0.32000000000000001,0.35999999999999999,0.39999999999999997,0.39999999999999997,0.43999999999999995,0.45253799914334053
0.28000000000000003,0.28851888314668617,0.29216555981216497,0.30116776384727584,0.30267011427775875,0.30613436910885011,0.32000000000000001,0.32301869392330368,0.38845313916887897,0.39999999999999997
0.27396535044628451,0.2768461376516807,0.28000000000000003,0.28415954862356929,0.35999999999999999,0.37783884814497953,0.39163033369692724,0.40475064670159938,0.43999999999999995,0.58780450493948089
0.24000000000000002,0.27351069845596204,0.28000000000000003,0.31778160252916615,0.32000000000000001,0.34522288551086194,0.35999999999999999,0.35999999999999999,0.44651534939228288,0.70479668488591063
0.23531758840200495,0.24000000000000002,0.28000000000000003,0.28000000000000003,0.28000000000000003,0.30039656447996421,0.30752632286083315,0.32000000000000001,0.32000000000000001,0.4355451392521732
0.17902874968346186,0.27930615061008801,0.28000000000000003,0.30278305090437801,0.35999999999999999,0.37853642528096582,0.39967948126316066,0.41964964420673634,0.42909072641906221,0.51999999999999991
0.12,0.14010507855674664,0.20000000000000001,0.20000000000000001,0.20000000000000001,0.32000000000000001,0.34323776397464623,0.35999999999999999,0.39999999999999997,0.39999999999999997
0.24000000000000002,0.24000000000000002,0.26823174431157115,0.26835904852308784,0.27752563358846916,0.28000000000000003,0.28000000000000003,0.29665456886546859,0.35015485399072627,0.35999999999999999
0.12,0.13261403497860003,0.14593397296788854,0.16,0.18927441638648426,0.20000000000000001,0.24000000000000002,0.24000000000000002,0.32000000000000001,0.47999999999999993
0.16,0.16,0.16,0.18170351933209158,0.20000000000000001,0.20000000000000001,0.23704260525185339,0.24000000000000002,0.28000000000000003,0.35588348042272838
0.19235312959645171,0.20000000000000001,0.26775105252651599,0.27135028740389178,0.2899353146823177,0.32000000000000001,0.32000000000000001,0.32000000000000001,0.3390447505361745,0.35999999999999999
0.12,0.16,0.19847227928815125,0.20000000000000001,0.24000000000000002,0.26933099245294928,0.28000000000000003,0.31833998233954724,0.32000000000000001,0.39999999999999997
0.16,0.16,0.20000000000000001,0.20000000000000001,0.20000000000000001,0.20000000000000001,0.20000000000000001,0.21874800738607969,0.28000000000000003,0.33219776941482743
0.16,0.16,0.18110092804416167,0.20000000000000001,0.24000000000000002,0.28000000000000003,0.28000000000000003,0.32000000000000001,0.39821946392252527,0.39999999999999997
0.16,0.16,0.1959983571390721,0.20000000000000001,0.20000000000000001,0.20000000000000001,0.24000000000000002,0.28000000000000003,0.32000000000000001,0.32000000000000001
0.20000000000000001,0.20000000000000001,0.24000000000000002,0.28000000000000003,0.28000000000000003,0.28000000000000003,0.28000000000000003,0.32000000000000001,0.32000000000000001,0.39999999999999997
0.20000000000000001,0.20000000000000001,0.20000000000000001,0.20000000000000001,0.21939388886622929,0.24639203526527487,0.26676068601003089,0.28000000000000003,0.32000000000000001,0.32000000000000001
0.20000000000000001,0.20000000000000001,0.20881094238530826,0.24000000000000002,0.28000000000000003,0.32000000000000001,0.32000000000000001,0.35999999999999999,0.39999999999999997,0.43999999999999995
0.16,0.16,0.16,0.16,0.20000000000000001,0.20000000000000001,0.20000000000000001,0.24000000000000002,0.24000000000000002,0.24000000000000002
0.16557375863055812,0.16674948502631343,0.20000000000000001,0.20000000000000001,0.20000000000000001,0.24000000000000002,0.24000000000000002,0.28002648806997182,0.35106273710459823,0.53722654834803896
0.19725170013765067,0.19869350977529049,0.20000000000000001,0.20000000000000001,0.24000000000000002,0.27647956221206194,0.28000000000000003,0.30999074809349075,0.32000000000000001,0.39999999999999997
0.15496134909055467,0.16,0.16,0.19469457628516987,0.20000000000000001,0.20000000000000001,0.24891909552355057,0.32000000000000001,0.55999999999999994,0.64000000000000001
0.20000000000000001,0.23192500867926039,0.23268324307351634,0.24000000000000002,0.26591701438267212,0.26867189965610316,0.28000000000000003,0.28000000000000003,0.43213995132690974,0.46742170544711126
0.16,0.20000000000000001,0.24000000000000002,0.25368854924494588,0.28000000000000003,0.32000000000000001,0.33260508007749351,0.35968160315993936,0.35999999999999999,0.42169723817205496
0.14474462446371991,0.16,0.16,0.16,0.20000000000000001,0.20000000000000001,0.24000000000000002,0.24816112445445679,0.27487548753861779,0.32000000000000001
0.12,0.16,0.16,0.20000000000000001,0.23545493497386538,0.24000000000000002,0.24000000000000002,0.27856208842192237,0.28000000000000003,0.35999999999999999
0.17859735227525111,0.20000000000000001,0.20000000000000001,0.20000000000000001,0.20000000000000001,0.20000000000000001,0.2326684421370695,0.24000000000000002,0.24000000000000002,0.24000000000000002
0.16,0.28000000000000003,0.32000000000000001,0.32000000000000001,0.32000000000000001,0.35493408129908494,0.35999999999999999,0.43999999999999995,0.45130456597816365,0.47999999999999993
0.20000000000000001,0.20000000000000001,0.20000000000000001,0.23567637633630864,0.24000000000000002,0.24000000000000002,0.32000000000000001,0.39299101962556671,0.43999999999999995,0.43999999999999995
0.20540049094263302,0.21725046607144671,0.23961479576913672,0.24000000000000002,0.24000000000000002,0.24000000000000002,0.28000000000000003,0.30691640860735658,0.34489502925549986,0.39999999999999997
0.16,0.16,0.18621930879758528,0.24000000000000002,0.24000000000000002,0.28000000000000003,0.28000000000000003,0.28000000000000003,0.28000000000000003,0.32000000000000001
0.19730992967436214,0.20000000000000001,0.20000000000000001,0.24000000000000002,0.24000000000000002,0.26669491280824043,0.26903598113997051,0.28000000000000003,0.36180732486465644,0.39999999999999997
0.18527320555927873,0.20000000000000001,0.20000000000000001,0.20000000000000001,0.24000000000000002,0.32927370650124371,0.35999999999999999,0.35999999999999999,0.39999999999999997,0.59907826646464379
