0,0,0.03970663235501333,0.040000000000000001,0.080000000000000002,0.080000000000000002,0.080000000000000002,0.080000000000000002,0.12,0.17786146783778845
0.040000000000000001,0.040000000000000001,0.073205332214109298,0.073393468030480524,0.078125612422328156,0.10699518087689464,0.12,0.12,0.12402536239148507,0.17435801455867705
0.053040224010056161,0.080000000000000002,0.080000000000000002,0.080000000000000002,0.080000000000000002,0.080000000000000002,0.15860171881940072,0.16,0.16,0.24000000000000002
0.040000000000000001,0.040000000000000001,0.040000000000000001,0.080000000000000002,0.085477725988551329,0.12,0.12,0.16380355023559884,0.18508873307042559,0.28000000000000003
0.032290669016264262,0.035747286316373181,0.040000000000000001,0.040000000000000001,0.064825753082869156,0.095494434678883355,0.11762698627598575,0.14841178491501117,0.20000000000000001,0.20000000000000001
0.040000000000000001,0.080000000000000002,0.080000000000000002,0.080000000000000002,0.094019007596660292,0.12,0.16568904180101754,0.19693639330475129,0.34828223594051044,0.43057168420553554
0.040000000000000001,0.040000000000000001,0.040000000000000001,0.080000000000000002,0.080214972367826626,0.081789097070092548,0.16,0.16,0.16,0.22194814124460613
0.040000000000000001,0.040000000000000001,0.080000000000000002,0.10428888595687437,0.1184573455124561,0.12,0.12,0.14211840608590207,0.24000000000000002,0.40937035301526919
0.040000000000000001,0.063610987921587314,0.06449868267484532,0.086331669407344533,0.11503348592971187,0.12,0.12,0.16001821625071516,0.16484161420976506,0.36521552332458784
0,0.040000000000000001,0.040000000000000001,0.040000000000000001,0.053983565656993228,0.073098565425756434,0.080000000000000002,0.080000000000000002,0.080000000000000002,0.12
0.045936253263090698,0.059039969977205453,0.075905217768125546,0.080000000000000002,0.080000000000000002,0.086096860155166641,0.086929973513795222,0.12,0.13864320520632878,0.23829148881773587
0.040000000000000001,0.047986286898574343,0.071371239974138731,0.080000000000000002,0.080000000000000002,0.095499169797224615,0.10415987599182458,0.12,0.20146905611785343,0.3484809873578999
0,0,0,0.040000000000000001,0.073833859911138944,0.078481991355933409,0.1041745104915181,0.12,0.1499287561626291,0.16
0.040000000000000001,0.040000000000000001,0.040000000000000001,0.040000000000000001,0.07757682702720331,0.080000000000000002,0.088636914443657164,0.11610095655185976,0.16,0.23061118216166068
0,0,0.040000000000000001,0.040000000000000001,0.040000000000000001,0.064208128378001578,0.073132805574318963,0.080000000000000002,0.082450300980737856,0.16
0.040000000000000001,0.040000000000000001,0.040000000000000001,0.040000000000000001,0.040000000000000001,0.055252139625319961,0.12,0.12,0.12,0.20000000000000001
0.040000000000000001,0.040000000000000001,0.040000000000000001,0.040000000000000001,0.080000000000000002,0.097262537550911687,0.10776523136179489,0.11624861206560669,0.11698287373002773,0.12
0,0.040000000000000001,0.040000000000000001,0.040000000000000001,0.040000000000000001,0.065645713458717947,0.072534359274919774,0.080000000000000002,0.12,0.16
0.040000000000000001,0.040000000000000001,0.071674169451748732,0.080000000000000002,0.090645702816672974,0.119624735807317,0.15315062828061227,0.16,0.22743625200237488,0.25204997358381515
0.040000000000000001,0.040000000000000001,0.040000000000000001,0.04631205793285878,0.066530261899751142,0.080000000000000002,0.080000000000000002,0.21491770032553811,0.24000000000000002,0.28000000000000003
0.040000000000000001,0.040000000000000001,0.078912123438341919,0.080000000000000002,0.080000000000000002,0.12,0.13890948892745247,0.16,0.28000000000000003,0.28000000000000003
0.0069977031631056836,0.040000000000000001,0.040000000000000001,0.040000000000000001,0.062046161627284727,0.080000000000000002,0.080000000000000002,0.12,0.12,0.20000000000000001
0.080000000000000002,0.080000000000000002,0.080000000000000002,0.094379668992459864,0.12,0.15127673941484665,0.15619937424911712,0.20000000000000001,0.22251675394309448,0.35359983783724774
0.12,0.12,0.12,0.16,0.20000000000000001,0.22242468587429662,0.24000000000000002,0.24000000000000002,0.28000000000000003,0.45319327032193951
0.040000000000000001,0.040000000000000001,0.040000000000000001,0.080000000000000002,0.080000000000000002,0.080000000000000002,0.12,0.12,0.25999283505286541,0.28000000000000003
0.040000000000000001,0.040000000000000001,0.040000000000000001,0.040000000000000001,0.040000000000000001,0.099327943766280652,0.12,0.14094756007311754,0.14759189630500433,0.19421696115264195
0.062220057683296255,0.078763673096562251,0.080000000000000002,0.080000000000000002,0.10742725319944971,0.11661376420496022,0.14314925260519556,0.17419770603466411,0.24000000000000002,0.28000000000000003
0.080000000000000002,0.080000000000000002,0.082617330835208072,0.12,0.12,0.13018992920131012,0.13042370756069713,0.15083530846006962,0.19662407677765073,0.25789619796525226
0.084402330344069687,0.10555839523661992,0.10957515808203271,0.12,0.13990175977040861,0.16,0.17428039879630092,0.18820879319867967,0.20000000000000001,0.21838046374498085
0.077826908211749382,0.080000000000000002,0.080000000000000002,0.088330840633076155,0.094710016270614011,0.11752914796530059,0.20000000000000001,0.20000000000000001,0.21879470853119512,0.22059754619216768
0.080000000000000002,0.12,0.12,0.16,0.17197235826606852,0.17615325532437381,0.17986096789183839,0.18421106976658755,0.20000000000000001,0.2169528824978946
0.075823026511445291,0.12,0.15420875238640488,0.16,0.22123169280620339,0.2285607315042931,0.26040591854279971,0.28000000000000003,0.2879769503314315,0.47241414473468035
0.080000000000000002,0.080000000000000002,0.080000000000000002,0.094718052485917609,0.10972457947389455,0.14668466498925553,0.15682636970084368,0.16820614346288659,0.21687234939617775,0.23468083194590245
0.079621912566449182,0.080000000000000002,0.080000000000000002,0.080000000000000002,0.12,0.16,0.16,0.1724408860467751,0.23018595059758121,0.27271325521978956
0.040000000000000001,0.052716589560313866,0.080000000000000002,0.12,0.1385375082432419,0.1741420996831119,0.17818517006797707,0.23872674789466453,0.31792246751265812,0.32000000000000001
0.040000000000000001,0.040000000000000001,0.080000000000000002,0.080000000000000002,0.080000000000000002,0.087556514433920027,0.12,0.16,0.16,0.24000000000000002
0.040000000000000001,0.064415232240553039,0.080000000000000002,0.080000000000000002,0.10518058123216913,0.12,0.20000000000000001,0.2413254047848403,0.25476107987180502,0.28000000000000003
0.040000000000000001,0.040000000000000001,0.080000000000000002,0.080000000000000002,0.080000000000000002,0.10571076587594919,0.12868024970590494,0.16695536618519793,0.17796770218202981,0.24000000000000002
0.040000000000000001,0.040000000000000001,0.04638253621480555,0.080000000000000002,0.080000000000000002,0.10203583783449849,0.11316459353438443,0.17344650891810093,0.17543213167687838,0.2290551059558375
0.032132280541958165,0.040000000000000001,0.040000000000000001,0.040000000000000001,0.11729393829433607,0.12,0.12,0.12,0.12,0.23505524962294919
0.055612313567757476,0.080000000000000002,0.085418199496754652,0.11038358384957871,0.12,0.16,0.16,0.16,0.19753520906201863,0.30273815718240066
0.080000000000000002,0.098579481811179939,0.12,0.16,0.20000000000000001,0.22241396067594038,0.23593972551547104,0.24000000000000002,0.25137715555726192,0.26937101735449764
0.076229196221659468,0.080000000000000002,0.080000000000000002,0.080000000000000002,0.11595486568868027,0.16,0.16,0.20000000000000001,0.23726024158683381,0.2929580883949558
0.14337914773046376,0.14809887273657169,0.15974012181816866,0.16,0.16833123008510192,0.18695370829994662,0.22691867359874002,0.24000000000000002,0.26150631468380614,0.34572482715903469
0.040000000000000001,0.080000000000000002,0.080000000000000002,0.080000000000000002,0.088630803798828206,0.089609665365756305,0.11649583765139868,0.11945591317125534,0.16,0.23926344022631071
0.080000000000000002,0.080000000000000002,0.080000000000000002,0.11063835152402883,0.12,0.14305993980174048,0.16,0.16,0.19030843299855421,0.20000000000000001
0.080000000000000002,0.080000000000000002,0.080000000000000002,0.080000000000000002,0.12186487221075656,0.13202237585752316,0.16,0.23688452776107594,0.26884043272643227,0.28021367544239151
0.11810859602696991,0.12,0.12,0.16,0.16,0.24000000000000002,0.26678975954379447,0.28000000000000003,0.34696128531727122,0.71081245426082162
0.12,0.12,0.14310705006192181,0.16,0.20000000000000001,0.21799190390690296,0.23542960053047407,0.28000000000000003,0.28000000000000003,0.28049815407175632
0.040000000000000001,0.058672115711725745,0.080000000000000002,0.094842769690637485,0.12,0.15482356398417182,0.19842004166596433,0.20000000000000001,0.35999999999999999,0.44126209117277138
0.066473735289607969,0.080000000000000002,0.080000000000000002,0.095421343099018369,0.11373681882407277,0.11791685086362591,0.12,0.12,0.15186996061765257,0.16
0.040000000000000001,0.040000000000000001,0.040000000000000001,0.057738554409706225,0.080000000000000002,0.080000000000000002,0.080000000000000002,0.12,0.16790300655135593,0.24000000000000002
0,0,0,0,0.040000000000000001,0.040000000000000001,0.046132305545781051,0.16,0.16,0.20000000000000001
0,0,0.031115575652981311,0.040000000000000001,0.080000000000000002,0.080000000000000002,0.090037704412603919,0.090692990503966703,0.10452679143015679,0.2798131618310753
0.040000000000000001,0.040000000000000001,0.040000000000000001,0.07842265752077375,0.080000000000000002,0.080000000000000002,0.099894661445773913,0.10226386003873547,0.12,0.12
0.040000000000000001,0.040000000000000001,0.064097413271607742,0.080000000000000002,0.080000000000000002,0.10054087301031858,0.12,0.12,0.19224074216995463,0.26558316698819029
0.032387172704690423,0.040000000000000001,0.040000000000000001,0.040000000000000001,0.040000000000000001,0.080000000000000002,0.13665145916521995,0.17112857302207785,0.20000000000000001,0.23605122376882931
0.018037036857975614,0.040000000000000001,0.040000000000000001,0.040000000000000001,0.078580536425748387,0.079177809803381169,0.080000000000000002,0.12,0.15886440727436357,0.18358129150860369
0.040000000000000001,0.040000000000000001,0.040000000000000001,0.060186601692319139,0.062286715453929567,0.065224260853413277,0.11414799748798776,0.11792059329820023,0.24000000000000002,0.26365701393641267
0.021629852717356436,0.040000000000000001,0.040000000000000001,0.06871760143786651,0.076437906061064986,0.080000000000000002,0.097917993068251774,0.12,0.14777781690281608,0.20069903911262557
0.053224533623897258,0.076950030242360634,0.080000000000000002,0.12,0.12,0.12,0.1369783620643365,0.14366679358204296,0.14534643576144451,0.16
0.02080872598470257,0.040000000000000001,0.061914452411438697,0.062113255933619757,0.071387618774663486,0.072669181449455902,0.080000000000000002,0.080000000000000002,0.080000000000000002,0.47016528375490946
0.030808521525452773,0.040000000000000001,0.040000000000000001,0.072725250086466506,0.080000000000000002,0.080000000000000002,0.080000000000000002,0.10178997298402861,0.12,0.13755130057339973
0,0,0,0.039285901403779348,0.040000000000000001,0.040000000000000001,0.080000000000000002,0.13400446731761645,0.19113569457164625,0.28000000000000003
0.040000000000000001,0.040000000000000001,0.066888927162454384,0.080000000000000002,0.1172683888588579,0.12,0.13202149527765855,0.14272584123515558,0.14820084343463827,0.16
0.040000000000000001,0.040000000000000001,0.040000000000000001,0.040000000000000001,0.044953392712314355,0.070250628052709624,0.080000000000000002,0.11232576696719213,0.16904518308157307,0.24000000000000002
0.040000000000000001,0.040000000000000001,0.040000000000000001,0.048698524035818078,0.068226116477879517,0.080000000000000002,0.12,0.15867623882529516,0.16,0.16
0.080000000000000002,0.080000000000000002,0.080000000000000002,0.080000000000000002,0.097691353833308972,0.11555163649098238,0.12,0.12967964811288188,0.14958323321533556,0.30267537792347793
0.040000000000000001,0.040000000000000001,0.040000000000000001,0.040000000000000001,0.079043971815914799,0.11573445305947758,0.12,0.12,0.16021845876701785,0.24101237533598976
0.040000000000000001,0.040000000000000001,0.053324900524067867,0.099940869349099043,0.11081061043122686,0.12,0.16,0.16484026798229495,0.19699827457604585,0.20000000000000001
0.039997810643928218,0.040000000000000001,0.040000000000000001,0.069846961618722114,0.12,0.12,0.12,0.12,0.15516551508292423,0.27609781514927323
0.065755022791049375,0.067015770759810744,0.11168004035126827,0.12,0.12,0.162796451704288,0.18910495188563373,0.23055577657274168,0.23068551170204837,0.27554732438576834
0.040000000000000001,0.040000000000000001,0.075803409128729599,0.080000000000000002,0.080000000000000002,0.10207541261754785,0.12787336332420404,0.13419579104101384,0.16,0.16
0,0.040000000000000001,0.080000000000000002,0.080000000000000002,0.096694841263207626,0.15101700702408319,0.15469664602988925,0.16,0.22044633780247222,0.27322195765118562
0.12,0.12,0.12,0.13853465609581647,0.1631712402010401,0.18154233961993396,0.20000000000000001,0.20000000000000001,0.22738937827961464,0.28000000000000003
0.0652833240619837,0.076141270499260921,0.080000000000000002,0.080000000000000002,0.080000000000000002,0.12,0.12,0.14430073784017791,0.16,0.24000000000000002
0.080000000000000002,0.080000000000000002,0.080000000000000002,0.080000000000000002,0.080000000000000002,0.12,0.12830308446157404,0.16,0.20000000000000001,0.29783227943022833
0.080000000000000002,0.080000000000000002,0.080000000000000002,0.093188291447539651,0.11093934351242379,0.12,0.12,0.19218605740448819,0.24530523730379228,0.36403010707573469
0.080000000000000002,0.080000000000000002,0.080000000000000002,0.10899419384637621,0.12,0.12,0.12,0.16,0.20000000000000001,0.22849898736867541
0,0,0.031436481132573392,0.040000000000000001,0.080000000000000002,0.17825868118493662,0.19812516371645017,0.20461178791125151,0.25006064292804597,0.2620667225959506
0.040000000000000001,0.063496988210564126,0.070938144857406529,0.080000000000000002,0.080000000000000002,0.11228633517570694,0.16,0.16913127340498185,0.25967415664860705,0.27154176650926865
0.040000000000000001,0.080000000000000002,0.080000000000000002,0.080000000000000002,0.080000000000000002,0.092253133734114881,0.10860168010753282,0.12,0.12,0.16
0.040000000000000001,0.040000000000000001,0.040000000000000001,0.040000000000000001,0.080000000000000002,0.12,0.12,0.14249506343689447,0.19851256783065918,0.20000000000000001
0.040000000000000001,0.080000000000000002,0.080000000000000002,0.080000000000000002,0.080000000000000002,0.080000000000000002,0.09467053907789999,0.12,0.18553758099396209,0.19092445661407023
0.040000000000000001,0.062366178100177042,0.080000000000000002,0.080000000000000002,0.080000000000000002,0.080685267235536123,0.10414177030773315,0.12,0.12,0.24000000000000002
0,0.075033219174610019,0.080000000000000002,0.080000000000000002,0.11541778093213514,0.12,0.12,0.16,0.16,0.20389631444069764
0.040000000000000001,0.040000000000000001,0.046299344284216663,0.067591738166804,0.071313473448066544,0.080000000000000002,0.080000000000000002,0.080000000000000002,0.12,0.16
