0.1428949573661541,0.16,0.16,0.16,0.17707860707234863,0.18940160577028906,0.20000000000000001,0.24000000000000002,0.25638417994604978,0.41366927557310246
0.16,0.16,0.16556382765644487,0.19568619263995757,0.28000000000000003,0.31063644014331232,0.36401345592392875,0.3734214983424613,0.40084911793428407,0.47999999999999993
0.12,0.12,0.12725745714872175,0.16,0.16,0.16480631026559731,0.18363183128918553,0.20000000000000001,0.20000000000000001,0.24000000000000002
0.080000000000000002,0.080000000000000002,0.080000000000000002,0.080000000000000002,0.12,0.20000000000000001,0.22822345737283514,0.23803302199101678,0.24000000000000002,0.33210356308919609
0.080000000000000002,0.11333294402685522,0.12,0.12,0.12,0.12,0.16,0.16,0.16,0.24000000000000002
0.16,0.16847026067767734,0.17603646281732585,0.20000000000000001,0.24000000000000002,0.26457957100589385,0.30117886883066886,0.35840623480197642,0.35999999999999999,0.39999999999999997
0.080000000000000002,0.12,0.12,0.12,0.1369069328045216,0.1489240604415375,0.16,0.20000000000000001,0.24000000000000002,0.28947155957973109
0.10291993180298525,0.10845486137162585,0.12,0.12,0.12,0.15429349497135006,0.16,0.20000000000000001,0.20000000000000001,0.28803014721140391
0.080000000000000002,0.080000000000000002,0.080000000000000002,0.12,0.16,0.17298785829240487,0.2146261487879623,0.23771839091591054,0.27767712655273025,0.37229667424313845
0.080000000000000002,0.080000000000000002,0.10080625861619799,0.12,0.13913082028754711,0.16,0.16,0.17105263814880597,0.22326253019906567,0.25181577422319912
0.14723461911068547,0.15118993913866169,0.18579765032398549,0.18834029186170032,0.21645803544338663,0.24561433311985365,0.27475528279287681,0.31496228463136205,0.32036456080688019,0.32814190603534471
0.16,0.16,0.16,0.16,0.19048282319935786,0.20000000000000001,0.20000000000000001,0.20000000000000001,0.21435486893090877,0.32105930565488117
0.040000000000000001,0.080000000000000002,0.080000000000000002,0.080000000000000002,0.10797256255838528,0.12,0.12,0.14679600664550985,0.18828505324279687,0.28000000000000003
0.040000000000000001,0.080000000000000002,0.080000000000000002,0.080000000000000002,0.080000000000000002,0.12,0.12,0.12756408804383165,0.14181022271605115,0.16
0.039474903448498508,0.040000000000000001,0.040000000000000001,0.040000000000000001,0.080000000000000002,0.11366388010561201,0.1141580621660109,0.22137745240086495,0.28000000000000003,0.28826104450074813
0.08918594205516267,0.11878782127781842,0.12,0.14072453000163965,0.14917082835635215,0.16,0.17397012078719684,0.20000000000000001,0.21059924045939696,0.36814990823748411
0.12,0.12,0.12,0.12,0.12,0.12,0.13295726126901822,0.14218654165610664,0.20000000000000001,0.27712839817769863
0.080000000000000002,0.080000000000000002,0.083973942289090109,0.11690103383862656,0.12909387559230079,0.16,0.16,0.1970478016582235,0.20000000000000001,0.35538777967611224
0.080000000000000002,0.080000000000000002,0.080000000000000002,0.080000000000000002,0.10243457461640171,0.10476299727981203,0.12,0.14647922321060203,0.20000000000000001,0.30528934663720281
0.040000000000000001,0.040000000000000001,0.080000000000000002,0.080000000000000002,0.1000903588815239,0.13988293214845487,0.20000000000000001,0.20254505363953618,0.2317645725787256,0.32000000000000001
0.040000000000000001,0.080000000000000002,0.080000000000000002,0.12,0.12,0.13413258881959517,0.16,0.16,0.16,0.20000000000000001
0.040000000000000001,0.080000000000000002,0.080000000000000002,0.095508119934146152,0.10031541910134853,0.12,0.16,0.16,0.20000000000000001,0.24000000000000002
0.040000000000000001,0.040000000000000001,0.040000000000000001,0.080000000000000002,0.098906370152914286,0.12,0.16,0.19252056557059061,0.24000000000000002,0.32000000000000001
0.040000000000000001,0.040000000000000001,0.080000000000000002,0.080000000000000002,0.10314036029125867,0.13951597405595892,0.16,0.16,0.20000000000000001,0.20000000000000001
0.040000000000000001,0.040000000000000001,0.040000000000000001,0.040000000000000001,0.040000000000000001,0.06313323483694587,0.078141623480326022,0.079549711186625308,0.21664433857491502,0.39929549980504092
0.098783762957358662,0.12,0.12,0.12,0.13229263027326962,0.16,0.16,0.26126988916049837,0.28000000000000003,0.29564329396967148
0.12,0.16,0.16,0.16,0.20000000000000001,0.20000000000000001,0.20000000000000001,0.20457097939211724,0.23481999805003118,0.35716139473077008
0.080000000000000002,0.080000000000000002,0.080000000000000002,0.10286506911296348,0.12,0.1406035268643078,0.16,0.17983430876783688,0.20000000000000001,0.23958743625421836
0.080000000000000002,0.080000000000000002,0.080000000000000002,0.12,0.12,0.16,0.23488018749153364,0.26890246636263193,0.31775856939246316,0.35396236121776425
0.099154405104276241,0.16,0.20000000000000001,0.20000000000000001,0.21965992589673633,0.23155716669694396,0.24051147828572661,0.2732190409412848,0.32344483274718899,0.53006769687857058
0.074724871217251354,0.14045732617026316,0.14785368009908986,0.15452105125172133,0.16,0.16,0.20000000000000001,0.22073040840635308,0.24000000000000002,0.25918116903247379
0.040000000000000001,0.040000000000000001,0.068439039269564142,0.080000000000000002,0.11646957473628755,0.12,0.20000000000000001,0.22706585973359697,0.32000000000000001,0.32454894429577186
0.12,0.12,0.12,0.12,0.12715064096480305,0.16669965931092848,0.19547186124676602,0.20000000000000001,0.24730095326375012,0.30702665591817047
0.10814651304974995,0.12,0.12,0.16,0.16368243644589053,0.17453966335380405,0.18263173891770243,0.20000000000000001,0.20793873714625383,0.35999999999999999
0.16,0.16,0.16817410340793246,0.17655121504029722,0.22546022948422603,0.2262130558563383,0.25547155512546388,0.2798203549279642,0.32073266475876916,0.5188898472731448
0.12,0.12,0.12,0.13217854719599201,0.15001183440805854,0.16,0.19920512075774913,0.20663515669979085,0.24000000000000002,0.31956141778178571
0.12,0.12,0.12388190216698645,0.1462139969790037,0.14623374521652877,0.19277307335487781,0.28000000000000003,0.28000000000000003,0.28147307740888267,0.29269194151294864
0.16,0.16,0.20000000000000001,0.20000000000000001,0.20921642226849832,0.22548764676742611,0.24000000000000002,0.24000000000000002,0.24186163411632189,0.30653874867951547
0.091089736106036184,0.10490642354560177,0.12,0.20000000000000001,0.20000000000000001,0.214199335522227,0.21536157522504071,0.21580215084530155,0.24000000000000002,0.28420415585667369
0.12069738080300119,0.15427026849982345,0.15956718728422817,0.16,0.18149322938518128,0.27880243650683018,0.28000000000000003,0.33271458850514479,0.34198878394618054,0.51999999999999991
0.14578120122463753,0.16,0.18109626906381432,0.18450548238191924,0.18922025062402176,0.20000000000000001,0.23819198172492079,0.24000000000000002,0.29310852555144545,0.3181456423247469
0.080000000000000002,0.08935372546182635,0.1023705492071873,0.12,0.13858811547438254,0.15286618188439699,0.16,0.16,0.16,0.24000000000000002
0.11766320076242801,0.12,0.12,0.12,0.15153574040997128,0.16,0.190680828197068,0.19338430643565421,0.24000000000000002,0.26657697288785404
0.12,0.16,0.16,0.17343292740955621,0.18369420742249096,0.20000000000000001,0.24000000000000002,0.24000000000000002,0.24000000000000002,0.24414590855072296
0.080000000000000002,0.080000000000000002,0.080000000000000002,0.084573841923169898,0.092985739178709365,0.12,0.20000000000000001,0.20000000000000001,0.20000000000000001,0.21244751960665467
0.12,0.12,0.16,0.18627914289948438,0.1867691294276235,0.23268226975445711,0.23626355908116561,0.24000000000000002,0.25961432764859332,0.28000000000000003
0.11375179621395951,0.12,0.13274061564550896,0.15556375683721901,0.16,0.16,0.20000000000000001,0.20000000000000001,0.20000000000000001,0.2823927998557047
0.040000000000000001,0.080000000000000002,0.080000000000000002,0.10461806901157253,0.12,0.18742684659330952,0.20000000000000001,0.20000000000000001,0.29737208549477329,0.35378526464280358
0.080000000000000002,0.098104836831170952,0.09826134255342947,0.110886744996609,0.12,0.12,0.13646103308125146,0.14964044940560695,0.16,0.28910175428181822
0.080000000000000002,0.12,0.12,0.12,0.15086090923526752,0.16,0.16,0.20416698068003483,0.24000000000000002,0.31341883258331177
0.080000000000000002,0.080000000000000002,0.11388486138790133,0.16,0.16,0.16,0.20000000000000001,0.20000000000000001,0.24925802563734112,0.27066881214150168
0.040000000000000001,0.080000000000000002,0.080000000000000002,0.12,0.12,0.12,0.12,0.13329246143930318,0.16,0.1711869000997476
0.12,0.12,0.12,0.14893340225129109,0.15652948293999142,0.16,0.16,0.16,0.28000000000000003,0.32000000000000001
0.080000000000000002,0.080000000000000002,0.091171227353810988,0.10812346846177748,0.11217819092030276,0.12,0.13389462007909764,0.16,0.18689929891604387,0.2264725648877921
0.1517919130831307,0.16,0.1743592480687155,0.18695677071182673,0.20000000000000001,0.21380365771873899,0.24000000000000002,0.28000000000000003,0.32000000000000001,0.43076509529957902
0.071881795947662169,0.080000000000000002,0.13855747479091837,0.14737792186032525,0.16,0.16,0.17540543778468143,0.24000000000000002,0.24000000000000002,0.30594057694413451
0.040000000000000001,0.040000000000000001,0.044523610402224786,0.080000000000000002,0.080000000000000002,0.12,0.12,0.19155490228209893,0.19248473727215729,0.24000000000000002
0.12,0.14209075407197524,0.15176847663423124,0.16,0.17385746375154679,0.20000000000000001,0.23880570149803634,0.25363177361493455,0.28000000000000003,0.45569706718618519
0.080000000000000002,0.10285087419708962,0.10609098288571062,0.12,0.12,0.16,0.20000000000000001,0.20000000000000001,0.21684731792012835,0.24000000000000002
0.1765894259675207,0.20000000000000001,0.20000000000000001,0.20551035666961445,0.24000000000000002,0.26172417972264922,0.28865793483353763,0.31189945009511516,0.35999999999999999,0.39999999999999997
0.080000000000000002,0.086679204295722276,0.12,0.16,0.16043451537056694,0.20000000000000001,0.20000000000000001,0.23952663291725756,0.27690009535297699,0.52912810606166383
0.080000000000000002,0.10918385959665018,0.12,0.12556847026233076,0.14847409718710072,0.20679119664610518,0.22364589543654284,0.24000000000000002,0.28361389942645771,0.28612226175975808
0.099307538972645798,0.10004459187143515,0.12665541746559164,0.12719281590394424,0.16,0.24000000000000002,0.24000000000000002,0.24000000000000002,0.31577915273808577,0.35902185270806547
0.10186201124480361,0.1027953291447474,0.10800037400448873,0.12,0.12,0.1429536209168572,0.24000000000000002,0.24897082104846546,0.312445071487573,0.34389065471783936
0.07063432344569566,0.074273787885156234,0.080000000000000002,0.09372883950289615,0.12,0.13381455246216911,0.14633981823121273,0.16,0.20000000000000001,0.43755050883132957
0.080000000000000002,0.080000000000000002,0.10911982611846185,0.12,0.13155545731193108,0.13810532264394454,0.15593351850719867,0.19850945679476384,0.21922187279342403,0.33697873551953472
0.12,0.17992058535632544,0.18609419542229672,0.19850625361016822,0.20000000000000001,0.21267352692721087,0.24000000000000002,0.28000000000000003,0.28475181048064951,0.30283218138856022
0.12,0.12,0.12,0.13087296929342832,0.1822736670425279,0.20000000000000001,0.25794487771673363,0.25911270390258273,0.28000000000000003,0.28000000000000003
0.080000000000000002,0.080000000000000002,0.10081314084744691,0.12,0.12,0.13138168706213565,0.13164145757958806,0.14344415318391357,0.28724705894726188,0.49024557688432258
0.040000000000000001,0.064537778640715152,0.080000000000000002,0.080000000000000002,0.080000000000000002,0.12,0.14156583135944639,0.14910765841204915,0.19190594703159816,0.21481766408682049
0.086830066286905289,0.090317035065660245,0.12,0.12,0.12,0.12,0.16,0.24000000000000002,0.31822559294404423,0.32000000000000001
0.074811991771475142,0.12,0.12888329735387732,0.13684270986151711,0.14721426137206953,0.16,0.17465744175661829,0.22052481401438723,0.24000000000000002,0.26096187612494054
0.080000000000000002,0.080000000000000002,0.081096175546538335,0.12,0.12,0.12,0.15282462812584957,0.16,0.20000000000000001,0.27564358370174336
0.040000000000000001,0.067277735542207978,0.080000000000000002,0.080000000000000002,0.080000000000000002,0.080000000000000002,0.12,0.12,0.16,0.1997881499188203
0.15709490693676684,0.16,0.16,0.16,0.19626828009102645,0.2318112530803402,0.24000000000000002,0.27162200016570665,0.28000000000000003,0.32559790615103013
0.12,0.12,0.15253175994262802,0.16,0.16,0.20000000000000001,0.24000000000000002,0.24000000000000002,0.26646449907769931,0.43999999999999995
0.12,0.16,0.18071819131997793,0.2187628099001509,0.23685475596298577,0.26113238486422391,0.28000000000000003,0.29095129716470924,0.35999999999999999,0.39999999999999997
0.12,0.12,0.12,0.14707994007991684,0.16,0.16,0.1770411703923391,0.20000000000000001,0.20000000000000001,0.23223300887762341
0.11332996601361794,0.11404484275667691,0.12,0.13943999758952885,0.20000000000000001,0.20000000000000001,0.24000000000000002,0.24000000000000002,0.24000000000000002,0.24000000000000002
0.1219250602099578,0.14784331647388255,0.16,0.20000000000000001,0.20000000000000001,0.20000000000000001,0.20000000000000001,0.21392561539171967,0.21631358461620917,0.25183703371152377
0.080000000000000002,0.1041702016574779,0.10623354456157119,0.12,0.12,0.12,0.16,0.16,0.16868558839108586,0.24736011351682241
0.080000000000000002,0.12,0.12,0.14434172210323457,0.16,0.20000000000000001,0.20000000000000001,0.24000000000000002,0.24000000000000002,0.32000000000000001
0.080000000000000002,0.080000000000000002,0.080000000000000002,0.080000000000000002,0.080000000000000002,0.098417072435256339,0.12,0.16,0.16623688220766983,0.17711883565964046
0.080000000000000002,0.10184125134988026,0.12,0.12,0.12,0.13430744923878901,0.23803245467082385,0.24000000000000002,0.28000000000000003,0.28000000000000003
0.11857638435523615,0.12,0.12,0.14353283213996385,0.14821800846652108,0.15901120159828017,0.16,0.16862891890494916,0.17830085474158816,0.28000000000000003
0.12,0.16,0.16,0.16,0.16,0.16,0.16,0.21086440286966984,0.21737122575719856,0.28000000000000003
0.10072495354993957,0.11209737005582676,0.12,0.12623007559257951,0.16,0.20000000000000001,0.20000000000000001,0.23108155143861417,0.23938177574407912,0.28427862752208477
