0.040000000000000001,0.080000000000000002,0.080000000000000002,0.080000000000000002,0.14865923487553301,0.16,0.16,0.24000000000000002,0.31207444515107563,0.32000000000000001
0.080000000000000002,0.11281537854072905,0.12,0.12,0.16965616126985428,0.20000000000000001,0.20000000000000001,0.24000000000000002,0.32000000000000001,0.3398412248161754
0.080000000000000002,0.12,0.12,0.12,0.16,0.16976617404043423,0.20000000000000001,0.24000000000000002,0.24000000000000002,0.35404040048294361
0.080000000000000002,0.080000000000000002,0.080000000000000002,0.080000000000000002,0.080000000000000002,0.16,0.16,0.22183253741536646,0.32000000000000001,0.32000000000000001
0.12,0.12,0.12,0.14871230182498649,0.15737033157574928,0.20000000000000001,0.24000000000000002,0.24000000000000002,0.24000000000000002,0.28000000000000003
0.080000000000000002,0.080000000000000002,0.080000000000000002,0.12,0.13409105760111223,0.18020050423641559,0.1884540336300993,0.20000000000000001,0.20000000000000001,0.26447243130095816
0.12,0.12,0.12,0.12,0.16,0.19803701882162048,0.20000000000000001,0.2065470012091917,0.24000000000000002,0.27205600761197679
0.12,0.12,0.12,0.1371313405854615,0.15254053504762985,0.16,0.16,0.18658785566230005,0.18846669410624456,0.19778988231152914
0.040000000000000001,0.080000000000000002,0.080000000000000002,0.10808249032062153,0.12,0.12,0.12,0.12,0.20000000000000001,0.28000000000000003
0.1145255554607772,0.12,0.12,0.16,0.20000000000000001,0.24000000000000002,0.28000000000000003,0.28000000000000003,0.28000000000000003,0.30248030193727243
0.040000000000000001,0.080000000000000002,0.11279964755044053,0.12,0.14820213961847228,0.16,0.17313051533240911,0.20000000000000001,0.24000000000000002,0.35999999999999999
0.080000000000000002,0.12,0.12,0.12,0.12,0.14401877315629696,0.15721229081733235,0.16,0.24000000000000002,0.35433288767816407
0.080000000000000002,0.1007226885082329,0.10547511274718821,0.12,0.12,0.12,0.16,0.20000000000000001,0.24000000000000002,0.24000000000000002
0.12,0.12,0.14135149262833063,0.14248374088095472,0.14403379539130029,0.15061545860709324,0.16,0.189655528403984,0.24000000000000002,0.28000000000000003
0.087169845686307396,0.12,0.12,0.20000000000000001,0.21638652462590685,0.23644134808689055,0.23935905839479632,0.24000000000000002,0.24000000000000002,0.35492252159121201
0.12,0.12,0.12,0.14370268475655537,0.16,0.20000000000000001,0.20000000000000001,0.23365352147808663,0.24000000000000002,0.25426337915653419
0.12,0.12,0.12,0.14863817946178376,0.16,0.22402381972292051,0.23584117041192049,0.25520258378041549,0.27410527503285642,0.29163102192495394
0.16,0.1708407421596943,0.1808349970811593,0.20000000000000001,0.20000000000000001,0.23678820550835272,0.24535196584909988,0.2503055415948357,0.25124183323891253,0.32000000000000001
0.1483519277225428,0.15019413233212955,0.1571949150870178,0.20000000000000001,0.20000000000000001,0.22512911880808156,0.24000000000000002,0.27625560180500869,0.28000000000000003,0.30148915522424014
0.16,0.16,0.17288702778910853,0.17867568470221198,0.20000000000000001,0.21768041765301463,0.23364278635457847,0.24000000000000002,0.24113482004832174,0.43865562038695943
0.1088522809549399,0.11776545462835725,0.12,0.12,0.12233759883634865,0.15482301995854453,0.16,0.17802157575732855,0.20000000000000001,0.37523909994271598
0.16,0.16,0.16,0.18506241863762121,0.20000000000000001,0.20348527772632122,0.21808226189673977,0.24000000000000002,0.25281072968543794,0.29243611151624826
0.11703700764980501,0.12,0.12,0.15866177805615567,0.16,0.18117899182676717,0.20000000000000001,0.20000000000000001,0.23365775043471007,0.24000000000000002
0.09173752324687301,0.097200628358427327,0.16,0.16,0.16,0.19168397606616555,0.23223662996615088,0.24000000000000002,0.28000000000000003,0.30718996849870472
0.12,0.15630646829690262,0.16,0.16,0.19187719459609576,0.197626115642869,0.20000000000000001,0.23354553390582744,0.23761733977967903,0.32000000000000001
0.080000000000000002,0.080000000000000002,0.12,0.12,0.1229225613803745,0.18925820068958704,0.2239374189660582,0.23255395375801205,0.27207202023734234,0.35841557627023207
0.080000000000000002,0.080000000000000002,0.090697302945300262,0.12,0.14374362509711261,0.16,0.22765923995803961,0.2590542877777926,0.31256279429737605,0.32000000000000001
0.14811497621965433,0.14947137782853676,0.16,0.16,0.16501789590281576,0.18219826214799606,0.20000000000000001,0.24450036212414838,0.29500152544246733,0.30035322352749799
0.12,0.16,0.17815957446472316,0.1863875479108488,0.19028777131010688,0.20000000000000001,0.24000000000000002,0.24080940888035168,0.31407907908616334,0.3452393786638695
0.12,0.13726607800783958,0.16,0.16,0.18158157114034792,0.18190343734827755,0.22937079111666436,0.23847845466935103,0.31120032434026446,0.32000000000000001
0.16,0.17572647316015991,0.1855909071472418,0.20000000000000001,0.20000000000000001,0.20000000000000001,0.23894647810821618,0.24000000000000002,0.26724725189958909,0.28000000000000003
0.15999682135999319,0.16,0.16,0.16,0.16,0.1974191487575559,0.27263645394683622,0.2779138141068434,0.27873740037788813,0.34543413171233223
0.16,0.16130522930723878,0.1766466360359292,0.20000000000000001,0.20000000000000001,0.20000000000000001,0.22156580713179599,0.22203497892039423,0.25281183200682605,0.32000000000000001
0.12,0.12,0.16,0.18634555131747549,0.18878132716169477,0.20296514877696742,0.24000000000000002,0.27038997637064477,0.2769208323407234,0.39999999999999997
0.080000000000000002,0.080000000000000002,0.16,0.20000000000000001,0.20000000000000001,0.22127650321035003,0.24000000000000002,0.27412455159525428,0.28000000000000003,0.34491930467095588
0.040000000000000001,0.12,0.15311908186654022,0.16,0.16,0.16,0.16,0.20000000000000001,0.20000000000000001,0.22506146720347231
0.040000000000000001,0.080000000000000002,0.095273681347851746,0.1150086091197976,0.16,0.16422337611628474,0.18679001905572226,0.24000000000000002,0.25638592718722031,0.39999999999999997
0.080000000000000002,0.080000000000000002,0.080000000000000002,0.12,0.12,0.13597198618371842,0.16,0.16,0.28000000000000003,0.33661495881378672
0.16,0.16,0.16,0.20000000000000001,0.20000000000000001,0.20000000000000001,0.20000000000000001,0.214109299518569,0.21897043075200343,0.28000000000000003
0.080000000000000002,0.089432103621395628,0.12,0.12,0.17119486622872304,0.22697681512871418,0.25554640800280465,0.28000000000000003,0.34552430929593408,0.35999999999999999
0.080000000000000002,0.080000000000000002,0.080000000000000002,0.080000000000000002,0.12,0.14663888368988248,0.23994882481110347,0.24000000000000002,0.24000000000000002,0.25664635159002652
0.080000000000000002,0.080000000000000002,0.080000000000000002,0.095868635222870091,0.12,0.1408037631205,0.15126119198034965,0.28000000000000003,0.32000000000000001,0.56006900510360513
0.040000000000000001,0.063460401827980809,0.080000000000000002,0.080000000000000002,0.12,0.15427902564573723,0.16,0.16437669282907097,0.36751200265410799,0.4137172361355862
0.14715363610925974,0.16,0.18713534421901662,0.20000000000000001,0.20000000000000001,0.20000000000000001,0.24000000000000002,0.25648562299059291,0.28000000000000003,0.32000000000000001
0.11443445572130762,0.12,0.12,0.15856137191682318,0.16,0.16467857437910513,0.17527077739021238,0.20000000000000001,0.24000000000000002,0.32000000000000001
0.18449619519499816,0.19846363083570018,0.20000000000000001,0.20000000000000001,0.24000000000000002,0.24000000000000002,0.24000000000000002,0.24000000000000002,0.24000000000000002,0.39999999999999997
0.12,0.12,0.12,0.12116820124961714,0.16,0.16,0.24000000000000002,0.24000000000000002,0.35999999999999999,0.39911544905137353
0.080000000000000002,0.080000000000000002,0.080000000000000002,0.080000000000000002,0.083066394299295632,0.19699666470489915,0.20000000000000001,0.20000000000000001,0.24000000000000002,0.47498884058686991
0.1023977242252915,0.11245022810990538,0.11853924170756791,0.12,0.12005939924542272,0.15261756743268357,0.16,0.19206094594640352,0.28000000000000003,0.35999999999999999
0.080000000000000002,0.10314731563738541,0.16,0.16,0.16017921623341067,0.23379487698168569,0.24000000000000002,0.24000000000000002,0.28000000000000003,0.35597327101840792
0.080000000000000002,0.092969845802755996,0.12,0.12,0.16,0.16,0.24000000000000002,0.26610002894522355,0.28000000000000003,0.35517420879252265
0.080000000000000002,0.080000000000000002,0.080000000000000002,0.14583101997203296,0.16,0.24000000000000002,0.2561888380068601,0.28000000000000003,0.31990690838294922,0.35990576481602826
0.058872056244193172,0.080000000000000002,0.080000000000000002,0.080000000000000002,0.11438663933436452,0.11629376482739015,0.12,0.20000000000000001,0.24000000000000002,0.35999999999999999
0.13439668484366138,0.14013076530464202,0.14222871391314709,0.1690728905016165,0.19113465752254369,0.23872142975695571,0.24000000000000002,0.25319130707811632,0.28000000000000003,0.47621464705296757
0.12,0.15423489494460979,0.15856222863586752,0.18425319382426972,0.20000000000000001,0.20000000000000001,0.22158892862287544,0.22258595803469161,0.28000000000000003,0.3160375940148713
0.16,0.16,0.16,0.18248225557026812,0.20000000000000001,0.20000000000000001,0.23197879031239019,0.24000000000000002,0.25949260727332052,0.2604761818026527
0.12,0.12,0.12,0.12,0.12978807889320421,0.13795570108320188,0.19786268940928206,0.20000000000000001,0.20000000000000001,0.24719478442750326
0.080000000000000002,0.1515677911050424,0.16,0.20000000000000001,0.20000000000000001,0.24000000000000002,0.24000000000000002,0.24000000000000002,0.28000000000000003,0.28000000000000003
0.12,0.12,0.12624882914536256,0.16,0.16,0.17876432659630154,0.19242155866380917,0.19657554936639132,0.20775417564960183,0.26397690939005625
0.080000000000000002,0.080000000000000002,0.080000000000000002,0.10080334060868987,0.12,0.16,0.24000000000000002,0.24000000000000002,0.32000000000000001,0.32366397022765586
0.040000000000000001,0.040000000000000001,0.080000000000000002,0.080000000000000002,0.080000000000000002,0.12,0.16,0.17553874747288231,0.20000000000000001,0.20000000000000001
0.080000000000000002,0.080000000000000002,0.080000000000000002,0.080000000000000002,0.11167715610040907,0.12,0.16,0.16,0.19750566899828773,0.20000000000000001
0.080000000000000002,0.080000000000000002,0.080000000000000002,0.080000000000000002,0.083349093899712498,0.093987402597491526,0.12,0.23276243254237289,0.24000000000000002,0.27409200806006195
0.080000000000000002,0.080000000000000002,0.096401557408471505,0.11216230603297142,0.12,0.12,0.12,0.12,0.16646796722662593,0.31930029274794841
0.080000000000000002,0.080000000000000002,0.080000000000000002,0.12,0.12,0.12,0.15974037007498806,0.16,0.27198070708483313,0.27958512944432784
0.080000000000000002,0.11924599924612782,0.12,0.12,0.12,0.12,0.14760015602208848,0.16,0.20000000000000001,0.2657633324290693
0.080000000000000002,0.08230915128486363,0.12,0.15287528500777653,0.15441286244655134,0.20000000000000001,0.20000000000000001,0.22495613082141741,0.28000000000000003,0.31827819311888011
0.080000000000000002,0.080000000000000002,0.080000000000000002,0.1114474277442134,0.11746530148795124,0.12,0.12,0.14522078116935694,0.14820308659850986,0.31237126691555755
0.040000000000000001,0.040000000000000001,0.075458155106070846,0.080000000000000002,0.10467363042322178,0.12,0.16,0.20000000000000001,0.20000000000000001,0.24000000000000002
0.080000000000000002,0.10129255769765877,0.12,0.15130562599323516,0.16,0.16,0.18063222922453415,0.24000000000000002,0.28000000000000003,0.30762966317174667
0.080000000000000002,0.11531493893263592,0.12,0.12,0.12,0.16,0.20000000000000001,0.2511154595493606,0.32000000000000001,0.4425844462262884
0.080000000000000002,0.080000000000000002,0.10808051026234716,0.12,0.12,0.12,0.15948747245260947,0.16,0.19448260419840538,0.28000000000000003
0.080000000000000002,0.12,0.12,0.16,0.16,0.20000000000000001,0.2268096054929557,0.24000000000000002,0.24000000000000002,0.28000000000000003
0.12,0.12,0.12,0.12,0.15677830312112986,0.16,0.16,0.22924280187643478,0.24000000000000002,0.24000000000000002
0.040000000000000001,0.080000000000000002,0.080000000000000002,0.12,0.16,0.16,0.20000000000000001,0.24000000000000002,0.24000000000000002,0.32000000000000001
0.12,0.12,0.16,0.16,0.16,0.20000000000000001,0.24000000000000002,0.24000000000000002,0.32000000000000001,0.43816055468117121
0.09012539417625709,0.12,0.12,0.16,0.16,0.20000000000000001,0.23403771798075509,0.24000000000000002,0.38149342325743191,0.3948296805712907
0.12,0.12,0.13937397550051892,0.16,0.1661223543780129,0.17216109052160844,0.17347865940569457,0.20656083385217056,0.27033752582159704,0.32000000000000001
0.12,0.16,0.16,0.16,0.20000000000000001,0.2098601663921642,0.21773514237004532,0.22692039343397397,0.26133157772808924,0.28000000000000003
0.10192021802799014,0.10983880047159381,0.12,0.1341208191330403,0.14595640552956329,0.16,0.20000000000000001,0.22073427938854445,0.24000000000000002,0.39923720984215483
0.068845529619598417,0.071064889730365427,0.080000000000000002,0.080000000000000002,0.080000000000000002,0.12,0.19015361960876351,0.20000000000000001,0.20000000000000001,0.43999999999999995
0.080000000000000002,0.12,0.12,0.12,0.12,0.23762568677085019,0.24000000000000002,0.30423120778735807,0.31040515334200786,0.41364376193746299
0.12,0.14648190258815807,0.15039932973908851,0.16,0.16,0.19976073794708435,0.21382224091931587,0.32000000000000001,0.32000000000000001,0.39999999999999997
0,0.040000000000000001,0.040000000000000001,0.040000000000000001,0.040000000000000001,0.076351432038124722,0.080000000000000002,0.10973673871829753,0.12,0.27771657435785529
0.080000000000000002,0.081260671770302953,0.12,0.12,0.12,0.16,0.20000000000000001,0.28000000000000003,0.28000000000000003,0.35999999999999999
0.040000000000000001,0.080000000000000002,0.11667553806309963,0.12,0.18338587879194926,0.21895855837478978,0.23325267346766562,0.26014876880192922,0.28582639453966324,0.34863104424598662
0.080000000000000002,0.080000000000000002,0.080000000000000002,0.080000000000000002,0.080000000000000002,0.11428886221011259,0.15952701568779015,0.16,0.16,0.16
