0.71484458704521148,0.82250940606961309,0.79374942093856982,0.74007446652323827,0.69372023227691659,0.75442405483822117,0.66993318035826754,0.60246690698162852,0.74491798556089028,0.6772672093562272,0.84397928047679138,0.73214957915278267,0.82931323659775569,0.71609569039358179,0.71223348378083751,0.7579771270487915,0.67676541423088166,0.82283043533530542,0.76977507417294744,0.69946016882526629,0.72832020035052958,0.79104133767644735,0.78953203789278892,0.72109140313536901,0.91989426678890374
0.75608609868754773,0.84460200383003436,0.85389411102854429,0.81655780083800988,0.74099472747418682,0.74200190350177375,0.64557121821919461,0.62038805925620233,0.75587517015351557,0.76489377763067823,0.79135063932055427,0.79237690716709197,0.84586477031150509,0.77297069250914041,0.78703460136450709,0.78092450769467614,0.69943696615810669,0.88004828605505536,0.75844078993055919,0.82809609935841411,0.78562106810920362,0.84761302689374352,0.8270279998406912,0.71001005194384026,0.86162108837415319
0.70195324683345584,0.81177009362003427,0.78811902211029194,0.7323706396436287,0.64831604895519312,0.78001198476670919,0.66804359145497083,0.65530458213519149,0.83384773893824826,0.74857516576851046,0.75031512863593341,0.76063846392622136,0.84187527223417546,0.86475283252968371,0.65824086551902106,0.72302166944026258,0.69824013356556447,0.84344833710283151,0.77673234105315014,0.77961761228485693,0.60156992881646665,0.73869927097069132,0.77609923419415572,0.70069205025206061,0.85034215190687124
0.88144581734411087,0.67261346667319288,0.78839908857042529,0.76926573115282504,0.70346561829725163,0.82477805088294354,0.66451435452410768,0.72298967627800537,0.86518376294655341,0.82029399593376784,0.7204531861153316,0.8164174412773979,0.77737297366793179,0.89098255347457234,0.738811791218554,0.74423488884373823,0.69067157416824165,0.8639917174353674,0.73011665464965259,0.81122104444540732,0.86872508254895209,0.88808331015075592,0.77350532484992918,0.76672048227781109,0.89314453248733083
0.79148778254841257,0.59657293864962391,0.81321465780613533,0.7583312590928003,0.5514858706875081,0.68462198640017469,0.67119220591466,0.80096801014045116,0.89489023150511704,0.86098991570435346,0.73673944200912611,0.88361762143527545,0.78177186203902183,0.74130943936371785,0.71597315638471393,0.78633441468394516,0.66545178504201719,0.84171315378271849,0.84872447184335331,0.86372806838304406,0.84576189849878258,0.80828724219328996,0.8182803116176518,0.70350897491836339,0.8760742052261099
0.54910627350806929,0.62571131042566874,0.7986538889786321,0.7017519344930877,0.60258213346404044,0.76337498296011785,0.8375396580005201,0.72233788180550906,0.84525948418706998,0.77477184001262378,0.74392646672322649,0.864587072640293,0.8356873961262038,0.72619660947026066,0.76044246533559678,0.83503827899410832,0.76325025410417047,0.83289032048598088,0.85779685268001649,0.82870279910010725,0.87441245488577979,0.82250782771472697,0.81550821652930361,0.81774946615326016,0.7767174073874028
0.78593105922263073,0.72853920041159315,0.82776912830559302,0.78100298061701923,0.71810043214603336,0.82490464546728781,0.74005528969189704,0.75895612467401763,0.7395620489241177,0.7511503132058247,0.64339678068651918,0.90049389461315477,0.73142149373474985,0.72473472211704415,0.73720978141941429,0.79766965909861698,0.75870735945743106,0.77727891062831578,0.86115688729129136,0.85677989322472092,0.84612519927490815,0.86864290866685778,0.80139892982156935,0.80016507235332957,0.78908805988725439
0.74756557994681461,0.75803098905103417,0.84360189685537668,0.70032223470616817,0.69333785970928141,0.8110497816996991,0.84930768001060675,0.79126652452742741,0.73962515428683384,0.78268750649697794,0.79573329662084524,0.93858725453016756,0.78670049988626212,0.58398554130133307,0.79117761484672955,0.65269174685312126,0.89507472008269129,0.78997658513068458,0.84211769611436804,0.85798881172209296,0.87969917460677138,0.86527465985599739,0.78939077729573381,0.80241142392102482,0.73639683852782956
0.79149886170035688,0.73924912930108244,0.83077662650449713,0.61788943298790633,0.65367584840112436,0.80909475155932131,0.83847056080712545,0.83072795604195171,0.78345546427652957,0.74586601696533295,0.84546375863265133,0.83666848901779944,0.7811191599494075,0.64720659194414121,0.70740178823467859,0.80056106554783202,0.88377048998771035,0.77165281336903702,0.83396301355888081,0.9629213251488099,0.84686266526917608,0.85189039158194002,0.9078526373233079,0.78380369513868842,0.80455942696852412
0.80426823827637539,0.77915750466344014,0.97006896200488735,0.90210120351685452,0.84574981119163239,0.82867336288947502,0.78735433177027536,0.71635411063081356,0.80189396205942953,0.84822604795830958,0.81915084634115309,0.85999405168209864,0.79804465827641602,0.8094750742844854,0.75874624893233233,0.76376853874616124,0.77595921539362867,0.80558568936631303,0.83381955671926844,0.98011664344784499,0.79542817655483555,0.86401187943770508,0.85744909103589562,0.78410512279553357,0.81762120216189516
0.80310321011358121,0.79204301754089612,0.93611839218250015,0.87457990093853621,0.87678216982047963,0.82171721795123487,0.90574902718511763,0.80180892128941583,0.79243616472558109,0.80262448875220271,0.79518974782419294,0.91745227515479055,0.82052929553116893,0.8076165570065833,0.81401794111885484,0.83467623524466572,0.76234982215970892,0.85003269873856857,0.79958936120696555,0.92791604783876469,0.78895571598230874,0.90984352924615031,0.82659752000652942,0.8991522242797465,0.58177216552338273
0.80997543020550467,0.74694724556470515,0.85585559265424904,0.74836109358610936,0.85843928988695406,0.76439780018259529,0.872222697150698,0.79069156405356011,0.82061653921728761,0.80396450178109069,0.83185591064422493,0.87115610757752715,0.79907043843934811,0.82016390847758769,0.86948636611836105,0.82989792295180231,0.76926069660412977,0.86325591710801985,0.80689643015587953,0.9534735658104313,0.858080291065347,1.0225357536407871,0.90494682999377096,0.86222615497857813,0.65382327487720204
0.78058079370001043,0.83821972622721319,0.78403813123871269,0.71568234689277921,0.84572356053392961,0.78984969940430449,0.91791578613112357,0.82073673523483115,0.92229321722120683,0.79151802785794545,0.78604955142492661,0.84276209838663541,0.71731838027063843,0.80174334566580163,0.90209439623471743,0.78975358635270099,0.8069284402840744,0.82458638154482988,0.67386141445276093,0.89536916153715074,0.8723000450030175,0.92833921338450676,0.77981605796275844,0.72047710969598822,0.72543950116975719
0.80844158106282593,0.7602330603982792,0.75392976728931649,0.77191113534802003,0.78656819200762496,0.85004464122100287,0.8690664109454358,0.7844694290715043,0.8682663482627957,0.76258163409151702,0.72632576027909024,0.69501702523928477,0.75966164415470105,0.87089727660163041,0.9213657169984304,0.95857512941276135,0.77693853140171398,0.86399292538069328,0.60662565128383938,0.91469635814330763,0.89114016353621073,0.86621273267838395,0.882880165006657,0.74896678042844089,0.71064176733817697
0.77432758493669296,0.83294767662015001,0.91102393986546137,0.72063717094636992,0.90223004055227674,0.77795231741470483,0.77515142771106316,0.6500144707837413,0.90146153398881346,0.77981067747790112,0.74891317306113747,0.86040957726646616,0.86640976885753562,0.82154904803429796,0.78790674605599875,0.92985099351996359,0.84679545187156924,0.84500909994366724,0.64003406905634075,0.8886033643459913,0.93224261703495381,0.99111145975453141,0.91483387859877563,0.78662908860368586,0.64477367513362149
0.72289282262115129,0.84083439241023084,0.94884640218507932,0.63978876570455168,0.89590727900676681,0.63565116831291324,0.84492813048391946,0.6478670726001573,0.86392458943545802,0.78285448354253728,0.89706155934673659,0.85491085939935108,0.80216855516763252,0.79668750935035937,0.83150182865193789,0.91547269851585888,0.90298757078028569,0.80950888307725255,0.59806043526514974,0.86290863939774476,0.87158428369411478,0.90682949174036098,0.80362470868805891,0.7409308536930832,0.70995179933265695
0.8481386925011577,0.85812525551425745,0.9290209347060927,0.66924993606426408,0.81994039679260511,0.74739184366755318,0.76083224439008823,0.67345567604432532,0.82108899905577548,0.6661939567122841,0.86940665068777567,0.78204654807963814,0.86711201729502319,0.90400174615490281,0.79584052330381494,0.89924423156256761,0.88728455423008235,0.84035894852592119,0.64980992462795339,0.9556732781639512,0.86970137921291468,0.84359778194527935,0.79583328784620666,0.74748823572638634,0.71250978861505276
0.72656501868219858,0.91449119757441177,0.87677658556178661,0.68572633869920518,0.80737819894883489,0.66273957115246307,0.8092323633421723,0.79055346962116868,0.8456308489990978,0.66089956133554884,0.79115697569186616,0.78037634504036502,0.91698349638742216,0.88518276795559958,0.83446423046337626,0.92212490762565269,0.84688249059834064,0.8204353586486971,0.66592357598189555,0.82113876625154014,0.91365757103210743,0.89497802024804141,0.7991903425071305,0.74766230551348245,0.82443855934305721
0.78624222008173805,0.80923569932506978,0.84214019996090994,0.6945978420261375,0.89741697580504431,0.68564958749766192,0.75380539387121381,0.83120290589474255,0.86402163843285118,0.68013367472711761,0.77302169025103051,0.8448412703204965,0.8667767483357498,0.87287714418783191,0.9140519155623078,0.91568828980332539,0.78510161933506761,0.78978252642335123,0.68720909199825531,0.86990434211768275,0.848075543722837,0.9468801791526601,0.66228496276479665,0.80038435739399683,0.81685840087914874
0.81897393294431253,0.77278365724498932,0.78194775095488567,0.71761898208253139,0.89863689250386347,0.71059521180085872,0.68314395092202862,0.91860831634223317,0.92957803833486985,0.67327417665834643,0.77806308878558172,0.89371238601872893,0.77333655643776,0.92230436934073745,0.91788157160449713,0.90026001125602206,0.82269481222676566,0.84610714700033518,0.69001917239800858,0.85965256370336018,0.82541747363254014,0.8734745922033964,0.70199218871662483,0.87826008464990779,0.70971391550994001
0.81527716872541622,0.80848423841698402,0.79264323969386274,0.75528606935382148,0.8448613370854221,0.67238993714938977,0.80282475484058047,0.86713218230794353,0.99066973592477858,0.7186832128751004,0.76260157056743505,0.81377686686422146,0.88153669557636727,0.81482500112975709,0.89585343944889917,0.90461349574235606,0.92220947561220112,0.82191913242805703,0.68570889740864971,0.83380297573688023,0.82590087920609345,0.72181379986200833,0.68318647116983555,0.85084518178865398,0.62805959656909538
0.96205479047060738,0.83899671422090971,0.7376938725382326,0.64282171954375877,0.726623025988127,0.68679061370686123,0.79110429785473468,0.94171074480496442,0.89186919029248313,0.68280506156113407,0.75264317047040108,0.80095183294013328,0.97274801544905387,0.87599119330844988,0.81247403337515944,0.78060418232570261,0.91751752647227525,0.78004968279290499,0.60826589073022241,0.86029403099489699,0.81186646266955864,0.91385999524660211,0.6730813084703321,0.82488605168009121,0.70143228594140883
0.92648711957946395,0.85243402221235676,0.69184857886764062,0.88717577330342767,0.7980333445496397,0.66627886569936945,0.83416321864676091,0.95644997676291699,0.91082120084153051,0.72462664554212175,0.69137329558173233,0.97844697206343012,0.94948770335368771,0.91355531505779164,0.7616068478030642,0.80785078491377094,0.89792052358020469,0.77431023092016271,0.66491684467370638,0.85433728370950868,0.9374326699392207,0.87871866521477926,0.71366877703895348,0.83467349594778173,0.65186582057819908
0.91783288168666421,0.87638184745613446,0.68605973874524473,0.70249030934116052,0.76837040515930533,0.7010495548447736,0.78841259196502689,0.96662362179191419,0.97747778661377149,0.83618244404749009,0.66937310652015591,0.93042433011241477,0.93416329634822615,0.88035687183274092,0.87913111117230036,0.8389269876593235,0.84979876204392524,0.8037822210942005,0.67959719220129367,0.81873331494414747,0.9314743822827084,0.77366849393681714,0.69993095845903464,0.84307997905586007,0.65915462446302397
0.91147694543849211,0.84965468355943075,0.74524941996799143,0.70423722942065059,0.68438963828207644,0.68166460409524376,0.96046164702462311,0.94917311761913614,0.90589605953043395,0.724407804641374,0.70086154666246592,0.87104045722219925,0.67429185809400893,0.960767553723753,0.72674043157455537,0.82954607236942157,0.78883023152043308,0.80204708212039666,0.67954398954339856,0.79033316402481202,0.93743908300090795,0.78614307687818907,0.70646417599999922,0.86891363927610332,0.6544680946126421
0.89771823781401316,0.90961002780257949,0.77616862362021732,0.77045856678546654,0.6774404040900629,0.68434952344801669,0.93775511888390883,0.93171225818661441,0.92066263971929063,0.76569653231830703,0.79145427326250817,0.94197676821163279,0.67845038701591731,0.97516845732226609,0.75064114695911011,0.8080652243763935,0.82039004147441241,0.8171082012769415,0.71323008688789535,0.81959512730454986,0.94527450854693207,0.78220152964053113,0.82113499180017069,0.8061545779511452,0.74118666965666891
0.85351631215988022,1.0314385366251739,0.70064079486649533,0.69359349948491866,0.68597929470604158,0.69464796856236377,0.8618393881507701,0.86269640995481545,0.98353293595566404,0.91025565443935519,0.63878197353506649,0.97453175854334029,0.71529086996543223,0.9809927674910659,0.71171021819208813,0.81593460475190882,0.82976817458719954,0.96588908054329481,0.62118993494799346,0.83549359700916437,0.94729572699012576,0.75286619220807438,0.76930358119365161,0.80438308586032825,0.66964485633721971
0.87800929706239628,0.8240324470225846,0.8572632681724448,0.76433838194113657,0.87188249122727524,0.68579366003903985,0.85888665815090415,0.73374461886136511,0.94318272072781273,0.79855543430307141,0.64115487017658745,0.87083934108247363,0.67849355018284629,0.90026167350888375,0.72403940777778297,0.76087920065018289,0.82155556693146525,0.67098558961559973,0.66909942705522973,0.86483847582106965,0.92751305538033679,0.76758565913729571,0.81261239689460762,0.82519233594291497,0.63816169287865987
0.84430186021761378,0.86290915724105521,0.85723272001672646,0.74834848862577075,0.84317575878836781,0.70159250960762909,0.90474648216524323,0.74266572860972424,0.90389633569231087,1.0099663055425281,0.63871956828813914,0.91105904247101965,0.71894142464560573,0.90402167878587636,0.71667358768557066,0.90988521714709858,0.71493984461617377,0.79274993059769128,0.69965529316440878,0.75891177718784186,0.96407570326636527,0.77645577011386258,0.76456442350348708,0.81212530960426965,0.65607953175765721
0.83627782295385356,0.6240462902859083,0.85982894119752651,0.7578216567591789,0.84026798601084507,0.66639397760303209,0.7869447992585713,0.85249821442463314,0.9491905781521166,0.91063239238066052,0.65130920915339752,0.89413114403635785,0.82294276648020459,0.94440346749658166,0.74015068945781171,0.7926352678283286,0.73109748824333776,0.85241562652412517,0.60848992787667888,0.85021146564999805,0.95402449971761893,0.86860877218930965,0.79703964403966121,0.84691630664910111,0.65472257665782607
0.92381378571800599,0.83236762204800652,0.91788398162651008,0.84938404301238157,0.64060180467246675,0.69865586262029666,0.95437313180272465,0.83234522361391272,0.94745512014207067,0.88174705194294678,0.64969140132263348,0.98531702497961304,0.8305520497631752,0.93296153878582377,0.70952946706263209,0.85341597922063883,0.71185425479249431,0.79750274120132703,0.76272782142504136,0.59239553990555738,0.95523515872000309,0.75678420928211254,0.69763330237496091,0.83583612692094611,0.65721423916811172
0.93848083068760058,0.86479930682089901,0.97908338499473313,0.95261946353088878,0.77390663030943507,0.6495129073617657,0.90099806944608274,0.69831288760753996,0.89423656316713274,0.90551640196223881,0.63164406736091783,0.93479535599627028,0.96621851760168609,0.82710353486887278,0.75395336460333851,0.71894732582469467,0.69874608180071662,0.85260986976488651,0.74074616387120407,0.62673671470313785,0.87376063354237876,0.79225070359263117,0.80997257124963151,0.82948604824776351,0.68551975350032046
0.75419768637142881,0.83852890930186852,0.96961468341556911,0.94010819725055195,0.71801314825721851,0.72622637601799989,0.76850995168194525,0.66062167975324271,0.91366744410504497,0.75705386748070225,0.65218227910319515,0.97008318349681144,0.91692165141268911,0.79101584134317215,0.72336505089289937,0.60714397018322774,0.77321722685038019,0.84798746431890448,0.66633078092796427,0.63203228587772664,0.98505821534030957,0.90740984741068098,0.80520876452881951,0.85989973336542658,0.68980841396130188
0.8103695068086586,0.91285232380439496,0.80919066207920209,0.67492926423417876,0.79893451558672302,0.67304208823798173,0.85521056931093153,0.68945848013593392,0.8932520304311552,0.83270559592401938,0.6689012030342818,0.90197604213761629,0.89879617823493951,0.79730908384954247,0.70152541555424675,0.6956567951714604,0.68728471363526933,0.84097049087451159,0.80792568118872388,0.64421703352712101,0.87638183308176398,0.91271517453078466,0.80185989073624653,0.81292288171514793,0.75068174430663615
0.64033560479113472,0.82534163429101204,0.72683910763264048,0.73921962112803774,0.84710380360568682,0.65869847182230634,0.88744852516165373,0.6330906995396447,0.92123010253690008,0.80662543290527011,0.64227475997178884,0.87556865927292715,0.82401012932284279,0.80757737624507231,0.68205323045881294,0.86088720910106342,0.69925298895755705,0.73762217243989081,0.90235636189246271,0.59609407295240613,0.9296272907829527,0.89839783024521713,0.78518478764661503,0.83824208639429698,0.67888113687828167
0.64944033547859903,0.83516539075179008,0.79181485641930005,0.65366407095089019,0.80563413147624696,0.74028778378680082,0.90634402802119152,0.63117816704242724,0.98741640511113282,0.80297042600814672,0.61465429245023206,0.86608627151962359,0.69738363609790011,0.7691316331793624,0.74455179975645147,0.70877028397538155,0.76571318373245445,0.64749997563090045,0.9632900375077228,0.71766180819466918,0.99578965656858554,0.92249223274339542,0.78669028525207718,0.8633317540698775,0.68475863171387796
0.69263147213572962,0.81500887204343542,0.84945715894349849,0.63486699945203395,0.70854504018477948,0.69114475647285223,0.81564624288179721,0.64954374731657694,0.90501471649090337,0.82506231086212822,0.73393597353339224,0.96548266628150747,0.67476608159359974,0.83553199476228313,0.70523473864724062,0.73722404270074315,0.8830995592671268,0.67066267757567166,0.94551471982850077,0.87613284325126306,0.90265527137665713,0.90437812163241194,0.71749181790683991,0.84838566890060929,0.67490439797550883
0.67891127395969941,0.81188714849387489,0.81047135834859574,0.82094376617015663,0.77698345850161943,0.68895382410990202,0.77080452725747228,0.65653592968871244,0.92585631712297556,0.75036862367230106,0.70667285593351625,0.89987577635499416,0.69022056733580062,0.77305935245325719,0.88683679163015183,0.84538309408248613,0.88438599166225296,0.65130527811793104,0.88026435832071381,0.80437532765436071,0.9384537304549917,0.93677541984239521,0.74051346130015805,0.89954839516759832,0.66432209000594677
0.64163086651649226,0.89155422538476004,0.88835482344075745,0.68647749730128971,0.80907183823046758,0.79298821640168171,0.83168914483516432,0.66597869642440732,0.91350141898535575,0.84274047631545501,0.77113302112600435,0.87563773585618954,0.68743519518648888,0.72218610472631595,0.82872099222724105,0.82674983157429349,0.91459956722219427,0.6310919549682259,0.87791625380351601,0.81162306866834388,0.92973120931087005,0.90055101149641137,0.71294562790893812,0.68120575842758468,0.61707444160280145
0.66398504963224769,0.74163983205838224,0.78265534185142471,0.85014300043235069,0.75661434218340284,0.8224430578138493,0.85958026630974538,0.6735938139559311,0.97355809928345027,0.75980899972080684,0.69787521565054766,0.87381316370101625,0.73702389553276071,0.70248274810533673,0.72180372108636348,0.88733192804835725,0.83335019182887893,0.8348651648439559,0.88043634438325358,0.73742336468984704,0.91774822196396311,0.84243794169077546,0.72973528316718639,0.65414942733469628,0.64013940311063133
0.6984640025877169,0.59425773951689698,0.85502178297963805,0.84587609731153857,0.80710007553747065,0.90477243320968004,0.89221958860325146,0.69891114268827914,0.94639739252665056,0.75978541006707534,0.65986198881709512,0.95148668444113882,0.63690300327163885,0.74613474696681736,0.73651751788952824,0.9037768114537893,0.80240375692837818,0.87422994569388734,0.88624695935937348,0.84300192383101558,0.85549411935163777,0.82366471954156806,0.74143689165593729,0.67912758525215522,0.71610316906692073
0.8588166447161617,0.58468042252631525,0.93078872329896889,0.85208889730281467,0.62405079232865623,0.86447069907831753,0.84964863203917929,0.7019196463597851,0.93657715602145064,0.8002365113559825,0.662240733623918,0.87483640119147366,0.53432535598462849,0.75691526851455249,0.68724281799579268,0.79679915943528479,0.81423609187494173,0.8557960915294397,0.86916041642207287,0.74957210470315738,0.82695021366971277,0.84782058819053707,0.70157583740557083,0.66270521774560898,0.78590590325875564
0.80702791093500947,0.61781745077237837,0.93391137120550394,0.75683515825623604,0.62176310289661241,0.92342351286845814,0.93734420689437015,0.70929255822522375,0.94383935257575258,0.86970932691782132,0.6939854161680783,0.8879357991236404,0.66217091417995244,0.81972762889122552,0.71007220780471247,0.73777545566955272,0.73892083481502657,0.74130249609205401,0.83808935760730841,0.77160167772579891,0.83240489307917842,0.88171410578564158,0.68582451544452971,0.66373258434886884,0.89016110524685577
0.80219548000939145,0.57862807499803004,0.84834121044059396,0.9041306168350749,0.74292337346193027,0.90985293119799049,0.86483561585385549,0.6725662206083215,0.90410574371728147,0.82462933243488934,0.66206662732476851,0.88208796568350323,0.63238512320757834,0.75108773306600574,0.73861231563551843,0.87858716783776125,0.82100220742431262,0.86657709233086089,0.8039075607029168,0.66688206979567677,0.8506119397841696,0.84237973529556787,0.71486629415983904,0.69586979518314396,0.78644454031504241
0.89265571222776641,0.61635770632631137,0.78648076550860069,0.95141288293557902,0.74310263629093776,0.83884186616330592,0.86620786449363996,0.71191259183104749,0.94095606646494256,0.8167716339228116,0.65357985092962612,0.85159460779297458,0.53435346564449837,0.72360951505248983,0.72703537997467038,0.82896157833383599,0.62403742320213329,0.84085654587636016,0.76722853009130032,0.69008228095969881,0.8295567344288507,0.87612174740748083,0.72298070284787364,0.67440797556932397,0.66585054328925308
0.92983874261261945,0.63366949375736636,0.78570931468147143,0.92457688492331713,0.80881918106779704,0.67008007231668631,0.81781694679985639,0.68069140486990953,0.8956807639713722,0.86484967483625774,0.68203498456182465,0.8771262729524425,0.77255628322698267,0.77760277010566936,0.70543876351970813,0.71428565729595439,0.57225703525607929,0.71668831422402457,0.69794810145873021,0.73840330175965818,0.86213078600818083,0.75195797847699219,0.78302895129724626,0.69634704549696835,0.70718478394491502
0.89538359743259532,0.46391279926048234,0.68046362531271076,0.98023158907623509,0.83449124185845103,0.70992721338009313,0.82848706181272536,0.82445951952574648,0.87417282066044555,0.86256659925049528,0.93132417377013499,0.85673717511619896,0.75409270763564351,0.7133359722305771,0.82740760806898161,0.68289048163354871,0.60152111761437466,0.81987247184898793,0.70652681741234724,0.87685585151609868,0.81313978923460617,0.88501391789330297,0.85122560324018615,0.73332895976033718,0.70497331354032844
0.88201413546929053,0.41764543792321479,0.721347827794525,0.84834664653966452,0.86526222014528609,0.82977812012573249,0.83768945547128859,0.81930006040151004,0.8264096896034272,0.799122286313937,0.89242310630715571,0.84207940733794884,0.76487496356972573,0.82756188979142398,0.84997695563630948,0.6926935008002536,0.56542420058017018,0.81056923067862241,0.7655301437217894,0.89901429055232718,0.65839924672300365,0.92402365697038591,0.81058437441153064,0.71346844413237198,0.78059046961623035
0.8256324982558978,0.45160702595885399,0.74474934181755403,0.77626567990732143,0.76403030435118813,0.81645209430901988,0.78446494537029632,0.80832904724907439,0.74656764924054064,0.82339671854663377,0.80453098886187857,0.83507549845568341,0.76710109630685641,0.89193390179361109,0.6706517600356483,0.62607120457572474,0.62975225681343638,0.82766507000457823,0.84175301264167957,0.8593655267798892,0.6833312043482932,0.8594638426014739,0.81469595977647591,0.80302402720726385,0.75046585385600573
0.88056667537105959,0.46244686831389087,0.87889190872032474,0.64641818252393313,0.80788209791806453,0.77259023335121202,0.77891522924945145,0.80211042595570192,0.84973749651826269,0.7641040566136984,0.79509174328704102,0.90873175781623627,0.75451395577173541,0.83122236658399173,0.84859621203685809,0.60200758848442459,0.60784101271813418,0.81571977430687048,0.61001684028024639,0.88387548855774778,0.69628752841053088,0.84087711237246232,0.83584455047864281,0.82207075189787104,0.69490534384286351
0.91445982752077171,0.71831821173373045,0.79157031389462584,0.77980065744502891,0.7962185486089266,0.74311544784214012,0.790351081185793,0.81752983356591469,0.57913067788463068,0.78565926174064982,0.66540754253587364,0.75758867276724229,0.75298670071689711,0.8510680703726432,0.69560104134548029,0.61297162259579951,0.60673095178450986,0.61599308299666344,0.72958430497161042,0.92366038485291102,0.70106843839236477,0.7922540387148127,0.68901071108688117,0.85982919229612198,0.76243745730642687
0.88795587100034434,0.60241459027752853,0.75603406261006267,0.81888067621901306,0.83780673437857756,0.79149651840076662,0.83337508390142545,0.84902092111879557,0.70547016500107507,0.83155710808645045,0.71509399734528978,0.92455262469415633,0.7201846556921101,0.92774950415557511,0.7847419701986672,0.69581509952583143,0.69194295798293515,0.64267922444416059,0.57104625152398203,0.91978704974093828,0.69523062366851707,0.90497525030110115,0.82455925511349526,0.82520314731233702,0.7972149108627542
0.90124832219457041,0.58071515317854583,0.81372857245285013,0.78257394361986754,0.89922688055814104,0.79819004873160282,0.87732362355172033,0.78721492097504142,0.73658680152155909,0.86106087447447288,0.74640820386949136,0.76712797077085093,0.75742467796281865,0.78745800966903956,0.94643186280832436,0.58434208135955834,0.6815450140086492,0.8432090416185658,0.81085581358918712,0.91159910377066045,0.92467714543097057,0.78748738008249808,0.68902805598003625,0.81662883508095085,0.73839997291371562
0.85793117260643859,0.42614487223022407,0.71896133093268688,0.76647092726506594,0.91980631139805125,0.73666133094093056,0.80571484332546195,0.79848117971691179,0.75242440446072067,0.80797145241589929,0.75387391244011914,0.78753592743159029,0.71615852375860045,0.8762899502814846,0.88476999790994837,0.72798204465504623,0.75864891573413984,0.88167965666382808,0.77114947780938314,0.9140922689677643,0.84611940517512396,0.82542082962611163,0.65323060126081689,0.81524193676708634,0.75610875066353778
0.87516452861843885,0.50277110887800902,0.85756247625962934,0.60936313494281702,0.86032206815510914,0.79690014976279,0.73043739038119915,0.77533494853618179,0.66040983266110787,0.68807552148546547,0.67765219978330571,0.83102013823504473,0.76870479394780955,0.93422235406142307,0.8911842733504004,0.76828963058772326,0.70679251906061014,0.85796919952643191,0.81902758941110954,0.89344253250677108,0.86605702271651896,0.83300961387230676,0.64328933912963304,0.8546651368510908,0.65227569845474054
0.97184068638169907,0.68680359182928363,0.86148025531093264,0.55893650316875021,0.84480434600515575,0.81187464632662465,0.78648002857747024,0.79703176521794705,0.69028081126031859,0.68022145507981735,0.78291884060029515,0.84211842165950468,0.7574860542813121,0.96443251099709848,0.87434285779043575,0.8918019243748514,0.84940817433189086,0.70961873465365033,0.65632813402681267,0.91060586291402101,0.93499489124899238,0.84672411364772104,0.67249260037359149,0.85458718784578869,0.71308048695855186
0.91606283631040542,0.69784113328388275,0.85175177340620944,0.59661596175539655,0.91963030583759497,0.78415015131406396,0.84968189008216632,0.77720802258944921,0.71946962455335506,0.85444430066574106,0.79017984994820389,0.81659224626330873,0.77789024678711116,0.89351163791664179,0.83736514944524221,0.88868238364160035,0.73708364429371076,0.80537243806694914,0.66626296360126969,0.72732732961626556,0.8733616777651777,0.82419146598634074,0.62076363382372424,0.84388984641779363,0.70060101988492518
0.92427582898934812,0.90668256275211201,0.81582541884208148,0.63333971838278791,0.92135809601522423,0.79685006202162156,0.80756191480834838,0.8145114024804615,0.94721458302358852,0.74557432919732214,0.8386721550971683,0.65757545672558271,0.72842518986542537,0.90218888851990464,0.88353117773975542,0.90977844504027128,0.92699307774141926,0.66049351924308186,0.86184955713762912,0.75812854758183068,0.88142620199298738,0.84574283933425454,0.8676343342643601,0.85961548328644521,0.69442182125537621
0.85376700334361655,0.80541276960775487,0.80067786377593664,0.62310358423567236,0.88922946276063342,0.79901849573404815,0.78205982620822101,0.85600113754200657,0.83779871079420576,0.78386986686866855,0.71763782863204328,0.49690666715526705,0.79141721458621594,0.77676658010178967,0.82491408613469563,0.84932741627975861,0.87385069653773484,0.73776184152224444,0.84975976459922031,0.74673827081994049,0.86487874448579882,0.81547500514774041,0.75812425779529224,0.79579560325777443,0.65660329370557213
0.92255025378753364,0.88840447343455708,0.79555223259983032,0.58641284729420873,0.83423993464197566,0.7191944269256092,0.79399621636886764,0.83756888738906887,0.8645656219145178,0.79947745512802282,0.83693514531095536,0.81678231286508352,0.71049946164480848,0.90365218461701435,0.81173946169982958,0.88663398992537334,0.90373155097406566,0.6443241164207425,0.78708515259033984,0.75595352660945869,0.90676807261365189,0.79529399576748772,0.78931816781528907,0.77738710194367233,0.594522201073312
0.84509836037366615,0.9434234290324115,0.79987037274887174,0.60056866168963485,0.81547760317975793,0.8297255167851908,0.80470396766617969,0.7549767122229265,0.91655991605155596,0.83052241786993164,0.59721726614084758,0.80495978629176901,0.65604447619980888,0.78946362270995585,0.85515255818885527,0.8447993971664256,0.9017515324360672,0.76473674076422316,0.71037801204943551,0.74798110434328691,0.71579246129636065,0.81631726969640173,0.81174918036351862,0.7240664873534105,0.67698323564828022
0.78581097360875074,0.90110281444562035,0.89628019793508151,0.57838958644050076,0.84062464126438075,0.81567341574403318,0.87382821163735347,0.8501197726209806,0.9258255651683035,0.83152412801157816,0.66391362227264128,0.81068257261136223,0.69970027781278143,0.74161695441965059,0.84480353060626678,0.86708333740155819,0.87096618435093309,0.78717208276362149,0.91496680270310293,0.76184567439715423,0.73173648699234939,0.79523455055688741,0.7991000533946726,0.76451522019826434,0.79359571634472781
0.84195492745154976,0.85529382930976017,0.83072194571493563,0.55516731982339795,0.76029355752289474,0.81956551672410283,0.7962507564478527,0.72065866707212434,0.88233315746943031,0.78575926070249424,0.78020758853875949,0.80311682914227789,0.73190028140577501,0.72358206362137079,0.84035295695516066,0.91016448936824479,0.78905758642207546,0.70013708678232123,0.9017285902621508,0.74506288039108359,0.82076381239277951,0.7902139593918861,0.80680781411130775,0.72278160522438939,0.7783074316951728
0.83633147351412818,0.86483370493546274,0.78634088102385136,0.61540935236511141,0.69591708270265884,0.83993908717299581,0.81130349127449264,0.82107377194736209,0.84318795185597395,0.82511914520179386,0.64111257899524998,0.79298508791184885,0.65731389823123798,0.74240171505359043,0.77855933672531197,0.82509972899493178,0.74243633280799848,0.66740729850024094,0.89131384163435101,0.67215420697275763,0.70666254455832367,0.74092665715279893,0.80880800014363363,0.72452347483141044,0.72797291540971698
0.79920614031168014,0.76713698598656455,0.83211536773184402,0.61999673949487377,0.75620167523678172,0.83436033369277995,0.77940547420499218,0.88148412044285618,0.77142403054480235,0.85041011214213591,0.47736013909528169,0.80053636473666001,0.8336415841777769,0.76748855712238329,0.88528263653720651,0.83129570357085658,0.76154105709689379,0.71284719902406568,0.68123117629060403,0.78649334771261259,0.78063756639878112,0.78323343864020012,0.78144076082240543,0.75282330084025939,0.80950780117049026
0.82849622646443932,0.76497214120282386,0.90931435251860526,0.62044659725075346,0.60726766496561779,0.90128032375505052,0.8336349828685129,0.81535513401755333,0.82051948181090695,0.77832559815901248,0.63500935135837344,0.79408352795322568,0.75160838261671326,0.74278342025638433,0.81550019472939617,0.77599731488402079,0.78005558597976832,0.79755907843034157,0.67431282520790459,0.83689035490111197,0.71435949404664545,0.77225847569156436,0.80582755084505087,0.7201116016262139,0.74051818596710117
0.81780788510365643,0.82820794560379296,0.77020349763677498,0.60101137977638142,0.60738594818480551,0.87239853174900706,0.81558514173264784,0.82576006622255949,0.82161977091223104,0.79302870435322803,0.69230796400011607,0.81492902974580772,0.85452790786762589,0.76838652867119328,0.79799723575576087,0.97227566747457816,0.7969179641577846,0.76689209718576079,0.6783621520537757,0.79305676011919712,0.70847627118824297,0.87937631862527099,0.63140436778207076,0.70462120540054451,0.68004016584314042
0.77576880493513378,0.83713464360860246,0.82449500567216472,0.83603163151272142,0.62664057342241197,0.86611807139823371,0.81062041424671472,0.8563800229098083,0.80389656869698944,0.82846098881817587,0.71300097688932462,0.81798446337428476,0.82941598980414288,0.69578287581422338,0.78231127256009558,0.88768131523102289,0.79923392493838297,0.7841372282291369,0.665063275831421,0.79579822420546531,0.73431070504654217,0.77335105149691563,0.85690472156465158,0.69119766950348505,0.93643442715260305
0.76170040837154751,0.82979669054838168,0.8133506458649683,0.79573000405061056,0.64380062885382217,0.90890590417503181,0.75615995985407303,0.88271487698467299,0.81122512023406879,0.86739366271556528,0.65820365825542093,0.84806789307536989,0.85007122798890766,0.71383692904676654,0.80865844738826231,0.87225575759670171,0.69418317241289351,0.79171878046111266,0.70591837371857258,0.83495741993390316,0.71045262693638389,0.82199716340192275,0.79067813369996087,0.73353616384430065,0.82415662501055198
0.7750474835324398,0.84694331049179816,0.78202041505470965,0.76914734958962261,0.65920807114946622,0.91034370019508903,0.8905941914969927,0.86336530328862204,0.81070087563821125,0.83895444521554208,0.67338431536362486,0.83614215861839014,0.80491250437296236,0.73516460846132381,0.87541900156788943,0.88785786631071639,0.66982128087187043,0.8022453784704574,0.71789989225210782,0.92835385952079719,0.63250390975573623,0.8704958258626061,0.766343719016918,0.79897800374166406,0.76752575324744976
0.76756337894509674,0.84055034057361022,0.84720653255942213,0.84684926547948547,0.66933123197893318,0.74982231908050323,0.75131624202331104,0.8601066586722107,0.79471034663490125,0.62137984785425904,0.68940358220214515,0.81865041803740368,0.75530987289162566,0.76569187857025345,0.80620137814025405,0.82606254694205972,0.70416524875437714,0.7078380342825753,0.70194109816413541,0.83826832475473589,0.66861909155808885,0.77872089560440827,0.79799468693943776,0.78489349927078678,0.79388411752633758
0.82548847182858109,0.82704539524216947,0.79629935587001921,0.84032585176607211,0.64522040330721275,0.72241643440535608,0.8699830783792738,0.77243971519442689,0.86897196726687476,0.69940623367193644,0.77290565867292216,0.86670565660436383,0.63982545129538926,0.6479537394386754,0.81140456122844939,0.75905508037523117,0.66855236680728269,0.79575072485820386,0.69313226489174262,0.86137568842810808,0.64556613958082942,0.80507211961750869,0.81164923801958444,0.77866091923819114,0.8561558793114028
0.87304085632045858,0.78549653892212346,0.81719434697032112,0.82815466939734161,0.67357258480677074,0.84609178457186884,0.84794121018777824,0.75435349552330999,0.79687204171623338,0.67034645950446847,0.7259400498868982,0.77490288850496558,0.6989867793552258,0.77752805608449815,0.81161201569343655,0.79869392074594259,0.80499603278117249,0.83996065706829748,0.70168673018829042,0.86385284635175463,0.75919976754032004,0.84348319325773924,0.80006238940987406,0.75616256644233204,0.83629856936044356
0.8109485685278145,0.76876086468242666,0.87403038728031912,0.82503789107778858,0.70138033730812932,0.83670596346003212,0.80965737656152226,0.82855775001111753,0.76958900242517803,0.69316977084741849,0.69586565881794449,0.84461794502557241,0.70341571286535531,0.79210085799913443,0.79626473796913677,0.81230265376498334,0.8224717557165977,0.73730310453236536,0.63291129474000585,0.82520376934331852,0.72384477981743378,0.82145458782822189,0.82051276289571551,0.75964803531792635,0.82768060064036741
0.80964096125330831,0.70857030877479121,0.80350772200741372,0.80831269789214466,0.67861439960829872,0.83580814377485579,0.89240821957913674,0.79413115226726483,0.77629964230984438,0.79868056584504721,0.68455737488370716,0.82650500342603339,0.84885904666582757,0.85889702589653827,0.82532323152334153,0.80755683686979807,0.83016223120181598,0.79288609969855994,0.65816801408304593,0.85650463691140077,0.72466976919544956,0.82392008313146758,0.78384896623864941,0.73490712849210305,0.85952089974971335
0.79446605628835354,0.68221092958724094,0.79685960747150542,0.82669121417874158,0.71790434055289876,0.78887020994860835,0.79313739743821876,0.84428630721496911,0.81617115595256651,0.83881484794982497,0.56610735152910996,0.82689310823844764,0.80210957286071927,0.80776148709947027,0.80733787804771573,0.86640015463512698,0.79731919569456,0.7858341980640281,0.69730887635771477,0.81056985099195256,0.67001565418561526,0.80996208833681316,0.77879450586115384,0.73943298249950229,0.82924537080858762
0.78417129370634597,0.78835679651261281,0.79365430673049797,0.80599348762045631,0.6573338748754366,0.81619741511620358,0.8549646676720436,0.82573396912478991,0.80277955349122398,0.77842819859352563,0.71865937549865966,0.85615612571334299,0.59562606132748674,0.87615489951324477,0.73771389215893424,0.8088172087248624,0.77747909949332616,0.76825609625887259,0.64196678442463184,0.79596367312906358,0.7126338180920313,0.79184202181735841,0.73191326391517497,0.77344495955031323,0.76150382087211066
0.8200209550794102,0.64239098899824076,0.83389453580439288,0.84218324401766598,0.67872371794292385,0.80290590594576827,0.78861058407063156,0.88125750815364379,0.73910715924782544,0.80549304260835553,0.75824910539802104,0.80191724253696828,0.71808625899550738,0.80941229222010957,0.71000815167115072,0.86080655780859971,0.77982434885438112,0.80920494874803739,0.72344751584779809,0.81740547857974422,0.70437390834172697,0.74464340957668285,0.73414717466442525,0.69923850721473113,0.77402273042704584
0.81049026114801659,0.80775679253945776,0.78280930850536479,0.83441831373501529,0.6782142501545293,0.75943431647918025,0.84436804884116057,0.76199578649728228,0.71317376351191719,0.75903963929450646,0.84185081971836317,0.75099720427822225,0.78528929234043665,0.79755046989411016,0.70607036473892038,0.79954377406359878,0.72811921080097841,0.79522503002704248,0.73016589650029162,0.8185737986767686,0.71009000655461851,0.82698289143546655,0.80591895020557691,0.76741008291149448,0.82841829724491156
0.76959999521278788,0.845083992882246,0.8305031601964552,0.81212929822486224,0.68104885011982352,0.80693742030308391,0.88607426757492203,0.85830448767145784,0.78255139396720763,0.77563241687102724,0.77812725274049332,0.84754407284552746,0.79232672135009041,0.80409084519773266,0.74801085832826453,0.79508405510599744,0.76497996639498744,0.82637461293918968,0.70463111176183724,0.80497030738962816,0.63988552717222724,0.83622280492256384,0.80194557765154095,0.69045098871844834,0.86408287642764092
0.85147381538304567,0.83419848909620531,0.84495651743671008,0.82490431312398238,0.71564699321583836,0.81762336829514648,0.84611233551927079,0.80561673785935306,0.76794449995614855,0.8050359651078639,0.83023023736509749,0.86430580480715546,0.74530276141316776,0.8637015872457624,0.6976863180784354,0.81313924339915189,0.74025512861961507,0.77803115338413098,0.70079415661816213,0.75486802609052972,0.63152160747586183,0.83288990887139414,0.80109604853767824,0.84195839436027464,0.83455063051470824
0.77191726072154943,0.82202547266967896,0.7972843606130916,0.81425099488267083,0.80114452415441439,0.80844081116160271,0.87387992350090404,0.85036817431869227,0.76384117816751329,0.789497508339011,0.81275324578095887,0.79721482172823444,0.84951646540296366,0.83887512391834795,0.70735452562881718,0.77348672938491692,0.80442198544098664,0.78819446847515828,0.76018032019503456,0.79388548016013294,0.64619103361149144,0.82577397300735866,0.81172493080928088,0.72083387221852657,0.8063051332224811
0.72445838127781315,0.83319902849618055,0.82754590699290054,0.81949697465303439,0.68416097250926711,0.86347813876441515,0.81409405103514276,0.81045257236840229,0.73236430341693348,0.82712508319658151,0.81566378982600929,0.77326234822918771,0.84871139322661082,0.86150842548444229,0.69263777944691141,0.84217119484257763,0.80552584356823687,0.76685720134100344,0.72736889362514046,0.86237006428709162,0.70599790665008744,0.82288173599291536,0.79414602297656767,0.83791984401601494,0.86811293578919557
0.77223308999646068,0.76666155965604199,0.83103491581645605,0.76140381756141828,0.74183416769990818,0.88439065240269454,0.78331798796021213,0.83291807240715721,0.8492029585505223,0.80927422264414295,0.82238977654307299,0.83582425388639991,0.81412706763943665,0.82760467491857992,0.71659085249503873,0.78707316120142934,0.840721847176915,0.68417770780238785,0.74627923861848577,0.83589593994719324,0.74073456472255794,0.82878365906496232,0.8933773630374835,0.84805976896662727,0.82692106746613125
0.87635339495072528,0.80546857552476026,0.76687881811623682,0.8293906372500387,0.80568805666073362,0.84105720509300019,0.83633130242819809,0.78654869361982394,0.7927324719370813,0.80370759143090886,0.60872401290924405,0.85512702552471953,0.84376696477826862,0.84286187662158407,0.65806570367190431,0.81183059025246473,0.78105491441169905,0.81385708546669266,0.66259235109286163,0.80791541175075932,0.82298578611798401,0.74875412580286194,0.86765343318504506,0.85939589039844821,0.8247876303921281
0.76534084673715719,0.81260278305156597,0.83934422057276559,0.82456300563125784,0.84378521726421452,0.7803898131770951,0.82135264229554017,0.80758688098180276,0.85689460546310137,0.76799905863968654,0.74580020845143635,0.82362192703224613,0.83996895539608296,0.90332580909434002,0.81714899789451778,0.81268130553672124,0.78078363510264015,0.81159280483197471,0.81259452857488923,0.86023393657932812,0.75649349766128104,0.82638962882964462,0.79231730821372059,0.82010035597777142,0.81126968066467342
0.79127234993040529,0.8174481070329962,0.83652373611604625,0.80620273401228293,0.77520566227631038,0.83776068176918217,0.81880148251481022,0.81242820093713053,0.86533969629131735,0.88872780090576964,0.81201449574318862,0.80612114469909601,0.83661988256948361,0.83253974335580017,0.88705849098418033,0.78751834601365811,0.818249755351248,0.81721875272430877,0.80679011520620458,0.84902070664670637,0.81492469615390917,0.79821045096790877,0.73153182416134011,0.86793778692220835,0.8130569958667665
0.77206818249438314,0.80804394285698666,0.80789033091414053,0.81062494457506817,0.86462246454342218,0.80302339008958568,0.8166659856202978,0.83664843488738583,0.81112068400202963,0.83834452185574559,0.77420358145704293,0.78110811278685732,0.74281604409853086,0.76124481433884461,0.83053934952302166,0.79125171426713725,0.84999290875503086,0.78392578437259697,0.77598514585381406,0.84484911631948401,0.87651349967711223,0.80078837659587943,0.72802345982304661,0.92497544294412359,0.76887416828134336
0.76512682437069224,0.79879539736959226,0.75592903446732884,0.8161990540841868,0.8008366562964474,0.84549307013547503,0.82028365651325175,0.79339402118240476,0.82428830613352821,0.79156893426887021,0.79113715630514347,0.80349734225555525,0.80753883824039618,0.64607590439842033,0.85557706384877208,0.74715398357638863,0.71370727576791337,0.84693962317470295,0.82700638786614866,0.80866240737535222,0.84307805682812953,0.7964255060154467,0.65931513128416741,0.87839505786143723,0.78740117004537991
0.78721591513641409,0.82267627278565891,0.82176292311325205,0.81349863710677761,0.85962496816180767,0.82028638169393298,0.83965413792955701,0.77764332895337396,0.81083329168730411,0.87466296508739927,0.82633358156686509,0.85594730409240793,0.80772532834692801,0.6708866452498452,0.8292972729547553,0.85860283931719583,0.75045241029067189,0.81196074961911635,0.8151734044694573,0.82473260815363048,0.79904456375904642,0.77495511412187479,0.70862174491606544,0.88111141192064879,0.7895693640642758
0.7991897822908921,0.81851743530799315,0.69725062913114899,0.81142305697332773,0.80415673984157654,0.91496090166532429,0.76797640594098393,0.79541009792451767,0.83577066327396687,0.84080978579733856,0.80686537680025228,0.79794140399346403,0.83996114767502661,0.78609252266383611,0.83370206110864153,0.74261909739253229,0.77070590986410192,0.82476219773443848,0.81307688799222588,0.82609729331734516,0.75369364852555931,0.77784756697544311,0.82401681243880598,0.73280565983988732,0.81250090939325736
0.79326772377011467,0.71136307017965195,0.74110079807520701,0.85501449039575139,0.81508206857966825,0.80670052228715072,0.78779405423273319,0.79139595155587938,0.83865041201202484,0.82830873417236772,0.80016492762502112,0.77850337165950756,0.77282562604773553,0.74050342758517007,0.76356194513224596,0.85044031017363764,0.76942689119326069,0.8056312962616109,0.77822633405337083,0.80533063634672297,0.74424512769371132,0.76122700717267455,0.7919682327243186,0.84180601371668184,0.81602614946528118
0.78688372889485192,0.83775947740804879,0.84042874206144458,0.85181169865869977,0.83394824586644156,0.77568913949982421,0.78427904539323379,0.83778237460503424,0.83033808582449653,0.80877671313194133,0.82839996232675139,0.87675447581165877,0.81805164695505472,0.73542139015182884,0.75078606330296271,0.82019001524407442,0.78912645712894136,0.75036898289655829,0.78455351226893455,0.7923709301925953,0.71170990697129743,0.79236014868517257,0.83724547112131897,0.70655942384256365,0.77463249183771776
0.87260601600636511,0.76173809825053618,0.81217363301934975,0.80695168327730749,0.78591748708111664,0.80753857381262173,0.7599928231062647,0.81608995363537928,0.80305576912240784,0.80011069130698909,0.79411489409125779,0.69028296607433626,0.82808907967375744,0.80255069321458805,0.84193406588558284,0.79411260534533634,0.80883514881293439,0.81674312967286478,0.70189769399140067,0.8354292082784408,0.78355577377612484,0.81309991766648959,0.80310457351300668,0.77979919418403187,0.72687156955048293
0.88880949995938452,0.78325079668621078,0.80198241835821493,0.81920114800982458,0.7772366432981459,0.77639743853302923,0.82294604803985338,0.78616201525721441,0.82140893084057176,0.83170950793664922,0.78466873455581065,0.70068927018184424,0.84224808195150325,0.81860745242909572,0.80883651331776429,0.78543707488880832,0.80389285686516798,0.78763349911386948,0.72663909394414172,0.83250948114109102,0.71628073505353684,0.79881306494410798,0.89137885387348947,0.7737625665564557,0.87896993827202063
0.80034842725031219,0.77685347948140815,0.78462784029837618,0.8113452493928085,0.88057927054402352,0.81096784160572088,0.8208185959634442,0.70009644672053328,0.77324347098788448,0.77788606843645003,0.76536290767527537,0.68708704414081656,0.81417501224608235,0.76216080094735283,0.80615709605602115,0.80971356688392682,0.81418037642299457,0.77616679029995206,0.77919617038598654,0.79263744307343409,0.64095931777147186,0.76233722192330888,0.88838429580432887,0.75633251259213141,0.72908750024915991
0.85877089955337271,0.7595218908787178,0.69120421820780398,0.80028912927750095,0.8343193020404267,0.77662069654575827,0.82028888031483427,0.72417791701974843,0.79834321125497421,0.78967256169223132,0.74147276260449357,0.74346974901054363,0.80715946391375026,0.74652980575099448,0.72329943657698959,0.83600545227613243,0.77413605550972298,0.8410236601201686,0.80554723179804399,0.807446320814597,0.73397676677252233,0.84573505392301562,0.82871205315350749,0.80706296737597594,0.72377056787403515
0.84999743205771361,0.77125578333083367,0.67508675958254827,0.79076305117924328,0.77360652531409813,0.80551666587046544,0.80717481825614457,0.82325453947730631,0.81078281022847143,0.84174438477260816,0.69931658951016185,0.80896483851282941,0.80485069565353839,0.79610399770857543,0.86504220568425416,0.82576624100386053,0.80367804878762106,0.76682602947180079,0.78743517461031609,0.87634289817300604,0.76270599009315543,0.80364811035452077,0.79375042666886508,0.65836864579328336,0.72790139186515157
0.77650296408090447,0.75569311576262255,0.80520529895807769,0.83787090970014932,0.74948307193150898,0.82397835599816849,0.82493485172249614,0.84524929248366532,0.80783481962760184,0.85788973600156448,0.83510323220485461,0.73416027750494195,0.81163338140246966,0.63641933687596886,0.82327890203582921,0.80457937627200404,0.83320438021740273,0.79737496332236246,0.85296752358307015,0.80176921435184878,0.7773733637559529,0.85487844455760953,0.78340247708187161,0.75695470562684175,0.82171701052147117
0.87492939919334012,0.78691945762291349,0.83823134984817582,0.81096138752521219,0.80826674259843867,0.83119189062503829,0.85702578951237773,0.8388851275372019,0.83237092799240908,0.80123050191808476,0.71019059490424918,0.6263207850437803,0.73859000899224259,0.79529723550525799,0.88406246909220843,0.73542112612372956,0.80671548487166389,0.75857498689629477,0.80967831067488427,0.75565579880233047,0.79085510440011042,0.83615709927219273,0.83119191739517262,0.73607119923345632,0.78936889889826212
0.86085227877333548,0.80125440964038253,0.67424155124062857,0.72014519388415599,0.75971762351047123,0.86398331605293066,0.81654116852668479,0.85017226963793979,0.75065936797117616,0.86064932400622329,0.78546606471759084,0.84971885576498518,0.67349483766255536,0.78482823179997896,0.85954957404810295,0.8034706056846177,0.82195500054517734,0.7960458655018996,0.83631857562075418,0.73238290347960511,0.82883637911546648,0.85899146685484873,0.84645787276342666,0.80858330089542185,0.7428598338056237
0.83646046882057468,0.79683812318141978,0.78233483879576471,0.82301780681319214,0.81522138757681306,0.82372808667513042,0.81282224586889606,0.80432744469124684,0.84852936585993621,0.89441018859482047,0.74629993777088577,0.76084313934876746,0.75570764013216685,0.73397788486180693,0.89133002628863645,0.67691301930429704,0.83082759684418384,0.73059005318896841,0.80990374766180218,0.78663459395055857,0.80574728624072589,0.85897274176525562,0.85814396007065796,0.77787748849693283,0.76221927066027728
0.68943410797472426,0.83070581194680115,0.74960411317781972,0.83373521264355244,0.85156049600281425,0.84924575282213044,0.79107828624176169,0.82609167126106942,0.78088685260296931,0.84580880242176848,0.74698155534242439,0.76779452370014445,0.74969998816170524,0.76448355542879898,0.86497219259045843,0.82553873744456463,0.81744886709258979,0.77672134905388712,0.80984582819357398,0.84164605835753659,0.81352110339282024,0.80705042798015469,0.82373544548853772,0.82104550859833314,0.78149093771751577
0.84561739488727428,0.81361723788299023,0.79622846901376332,0.87841861722972492,0.74724672729423236,0.84716738674698766,0.82000988442580036,0.7632585529635002,0.70677326796657813,0.79178411107255531,0.82686873119506887,0.86331058302314589,0.83218036576870247,0.72178613749103393,0.84451207334135614,0.81495388697846682,0.83042294654941973,0.77337462490739528,0.78467158978841245,0.8334095603125351,0.79744914973329206,0.80233416173160732,0.76763248256794703,0.83074753781707056,0.79165595834745939
0.76764070682351326,0.7402847766330849,0.76814669486511244,0.83216177192758189,0.74009198748801697,0.84489734060166755,0.85226174852594971,0.7915020818372317,0.79620501467101967,0.82335849771169001,0.72990424391328523,0.84491753746270304,0.82934588310779622,0.82754158399943678,0.84876260895544342,0.84715750585411609,0.8549795366781564,0.82664631254419718,0.76716615656595366,0.82278453076495706,0.89304002016764084,0.90655973068051265,0.85354620921231905,0.87998130280574982,0.82351203496391845
0.88804557710496268,0.78254204896952773,0.78310260299108436,0.8120654758970911,0.81217996465665587,0.86040752404357035,0.85270680482128181,0.74630673076709764,0.7601923783620943,0.75959609750052393,0.80406877283681044,0.8195922134511946,0.82998547886586993,0.74366969080919088,0.87738284092799146,0.82004571131730575,0.80092229594945785,0.81157978554319443,0.73672156346523265,0.79908023495280767,0.92429439586391393,0.8775692436336705,0.82457494231956652,0.77467752279623359,0.81307963135287253
0.87126273406343013,0.81115018273916895,0.79168112889352293,0.80458415122533533,0.75886229669361638,0.84972861352974915,0.82740299668057848,0.79615830819494515,0.82588670635162453,0.84119486012277123,0.7441265973639497,0.83311759920288164,0.86283008202424005,0.88122183686216049,0.8344607309924722,0.8929157900629674,0.79005424154844073,0.72970483615652448,0.67896818524614189,0.87741783728322276,0.83015429140336761,0.84639287362534898,0.83857541984979533,0.81813000107955358,0.76392630410684892
0.89374253530879999,0.74016530410209957,0.80228122132516888,0.81447784893984976,0.81081385152637742,0.83785560512059232,0.80582353303895993,0.83410129613122219,0.90208211892870616,0.69439276099251646,0.81645613919374482,0.85332145318592445,0.83964064183478127,0.81785805757715313,0.86426965876452577,0.89287962607600257,0.75582884528298122,0.82677120105327728,0.83689781870279567,0.83223602204833513,0.75182271082607965,0.83421969813160157,0.82444347528403095,0.78398345981521067,0.8234620575749958
0.87574338592240375,0.79432445823693643,0.83596677790486396,0.79506584077911557,0.79116671710147146,0.85275658190216808,0.81601644779049065,0.79570851562142209,0.8112199914568885,0.76514204878338854,0.7772960989322224,0.80911139888602035,0.74238453197261467,0.75562416217926431,0.78781379474864832,0.85974760204589251,0.77639615260090888,0.8454392457219787,0.81098388270026089,0.88366217858632612,0.86004003925778616,0.81375342528785555,0.80965617925775935,0.8045718565120632,0.8049142651549831
0.84488627923469728,0.83135122410663842,0.79245521898721005,0.84476413510459258,0.77950841793812542,0.86087931409920992,0.82257905710769985,0.69117411628250069,0.80541824848385968,0.82155533767237277,0.73737054395756318,0.81489882342620668,0.87583744576151279,0.83768510410619945,0.80226997094913832,0.89126483598254747,0.76080325136078553,0.81192075792831297,0.87223769021704989,0.82305346148970004,0.78560981136022534,0.83631849886653054,0.79632382132512003,0.81517094181740857,0.76076470309042954
0.79472861271566253,0.7697604862937949,0.78773426814857317,0.80476902005270057,0.77897566623760595,0.78135845620246569,0.85123412633516393,0.80541496075169849,0.79287008070035292,0.8736722845445587,0.76666067381514769,0.80284156516031846,0.88477658032741946,0.81208762427475334,0.77953086424926366,0.82412482785188168,0.83196710698985321,0.82923895233222888,0.87846763962666374,0.85411481894955388,0.83557168809396454,0.80856889621125394,0.82155323065561059,0.62251011897045838,0.85044373519086114
0.78917396805469553,0.79863575301909995,0.80124275685083679,0.78608572223635098,0.79135077399239984,0.79106069383242905,0.81873559704137999,0.84011820044839158,0.82700728470802565,0.81268804581855636,0.72262402100402556,0.78130525712450094,0.87120994638596216,0.80118667120431841,0.68782851040849879,0.83056053740352043,0.8693989719671229,0.79970807109416786,0.81756349839217235,0.80422841173655157,0.84202628664952894,0.75695331093745866,0.84060540180184595,0.80725151993480126,0.80613876816224461
0.7898140597442983,0.71526036676695459,0.79221354565705948,0.7972231122282164,0.80955892960430809,0.84960115068303677,0.83101591456677348,0.77438929218238695,0.84452114920128696,0.82572356694856475,0.74884914415504911,0.79518887441306418,0.85593945954851636,0.79527945302658065,0.80336084597641511,0.83682332949348603,0.84719375624709148,0.82124707328852287,0.81754551227262973,0.83348554258911811,0.88212882979904517,0.76825171460797881,0.83635458404497409,0.69763142790919663,0.83553541038799073
0.76163340577485183,0.76391345141480682,0.81493110109603362,0.80663637182860204,0.87171766393723127,0.83305206235058138,0.82581926983258847,0.71258421719887111,0.82556203704635123,0.85133266158245369,0.74965458378789951,0.77511053860471579,0.90891725515957222,0.83711343518591352,0.81388509700370648,0.71593651251071211,0.84237201960324493,0.79789542143044612,0.90164463470294065,0.86586741488817354,0.78845859505025362,0.80534838344500725,0.80180924214337246,0.82209622684013084,0.86418917271462359
0.80903432726338675,0.73555101375656229,0.79308652411862035,0.8667752457947927,0.67583015457702267,0.85412882774040311,0.7796869670303529,0.80103989748092508,0.79147605573339841,0.84112188699495716,0.83732455803765926,0.78880025957712141,0.86409270045634723,0.80835884837205718,0.77581087093737533,0.68901560279854979,0.8519316840790413,0.76980990346921363,0.8489852157613631,0.8286462121511281,0.79845797353591086,0.90236796702949296,0.69165548310590386,0.84874776234317717,0.84718555495076631
0.82346271962706852,0.72684914234073883,0.76254206194405694,0.80762386532737285,0.78002642984421966,0.84264260622393361,0.82511155424687077,0.8608808087821519,0.83493771204335976,0.86129433546033962,0.74059365920608555,0.79953492361786582,0.88381512546364493,0.85401400610557476,0.79579297817526251,0.8564068640973137,0.83365879296121637,0.82373198532897418,0.82532918985454495,0.84349523514519553,0.79298638701022661,0.85821477647792732,0.87541668621850666,0.85210132481234246,0.85810152942400342
0.82106701543146532,0.82935941208429098,0.78994659819080459,0.82822738827531439,0.77707115981353814,0.87432374018470504,0.82357468268074285,0.86986425793616629,0.85227380791795182,0.83484816352807589,0.80666918737265625,0.82115690925295082,0.85074666522360565,0.78723216390834361,0.76107494025462075,0.79207152099734712,0.81624583463308653,0.80235731007184063,0.83343817107064266,0.76404475024220209,0.77477695163798199,0.86390509255323422,0.82537599381802473,0.81668577146694921,0.77244494793736229
0.79930098681864892,0.79523060318132088,0.81012623472552525,0.79481982854859912,0.84324435281237109,0.85504634267795276,0.76767552820548746,0.84034829744427875,0.8382628078065556,0.80349551938197517,0.83759198566728588,0.74588660906874471,0.86062052296780855,0.7969749693742979,0.74749849476088104,0.76554180734577515,0.82099223502594687,0.83006199896528643,0.83738964389475057,0.92561936416295543,0.79759213438816468,0.87986236101150184,0.76917201803143209,0.77301134221092138,0.83217086835883358
0.83566223615897262,0.8039972587843992,0.77894783483659902,0.86146173223375477,0.79025053754407015,0.88502786207918738,0.75201774558478507,0.81132863448036785,0.83836726215799973,0.79183386721623295,0.87651631383516593,0.79219252905105086,0.77664670930665625,0.84411431321711172,0.7831566938041411,0.89787590763367242,0.86548749664961178,0.82541028093414393,0.87145673005840329,0.8727857440607355,0.77027075056021332,0.90358376432900966,0.82639510839896113,0.83864928181209453,0.83750602177470945
0.85630537032269027,0.82833686856033428,0.71447277416211219,0.89863417111704857,0.57538150936397714,0.85782701173962161,0.82233807918778157,0.873631523783722,0.73597432481675717,0.81667321189241626,0.80763209079508669,0.80134492586198391,0.81643360634412909,0.83399896059161682,0.77537534645438111,0.87090931547947514,0.78970026396157056,0.81260494670855532,0.86362018430802245,0.88114474952096644,0.72133661426040829,0.86261455263352771,0.79055070015790285,0.76028187006351167,0.83090157440903889
0.85275480942599569,0.77162690394105848,0.78258882703148835,0.7934956479775267,0.80143699436616966,0.87333106352084211,0.84232616966169438,0.81951005093833484,0.79588291567874292,0.79442241069592134,0.87751537506083854,0.83934140049482464,0.80859830507587171,0.85051525090585556,0.82512774363938379,0.83483683194158698,0.85254325194732006,0.80119616474564692,0.82437783392243846,0.89954402359513908,0.8243703430698397,0.87140548653097749,0.82882157778535404,0.78711109210965235,0.86033035845873462
0.8766196896167644,0.90694924477332672,0.74872984606595527,0.85538470304237735,0.69611064175661019,0.85750358285708472,0.84224486549475885,0.79978132102239552,0.85121450144753585,0.77671818788126656,0.83582018897033783,0.81050844741164074,0.85657895119423055,0.83911924072603084,0.80593465669746256,0.86485695617797509,0.84629179527107101,0.82208662008887756,0.83063466977402711,0.84999294310751727,0.76816578068305819,0.84959734902651896,0.79760657100063415,0.77186117786872488,0.731836756736573
0.82047822605023724,0.70807133785815324,0.84079024805724034,0.83922873835706446,0.85844791113121255,0.88224502799860383,0.72298840071149983,0.85960369989841467,0.83454396426656552,0.78966772238673566,0.82386760354253086,0.84495569547168592,0.82125684173393254,0.82833714112418866,0.82494687475178896,0.93333168794312704,0.84653422521689992,0.77339867583761213,0.79324243865286892,0.85812273086309487,0.80944894647710919,0.83435191080850801,0.81856986807884136,0.77573868066344343,0.80104444698069266
0.82756344793512693,0.87956972688667556,0.68524447368757946,0.84483411704225897,0.78848494174351214,0.89817094789885454,0.74247399661621849,0.82416089616129851,0.75312568125517154,0.87446043234320647,0.85655569663937547,0.85630384962595441,0.82828626860674492,0.85836167406078712,0.78192686188335825,0.85081612230109893,0.83801010749684912,0.77428085256784851,0.82244717368381737,0.82471744717923334,0.85827489700947168,0.81275387679426936,0.8619338707692118,0.76843032809253409,0.75330381347051101
0.80513496252033734,0.88608080057362792,0.63703447901547472,0.85175915829827453,0.7602002097280296,0.82628169823459308,0.74442498746902885,0.84373755391590433,0.81891499027391934,0.85624200750641055,0.8295430040565771,0.7797957011564578,0.75439767917928613,0.85607088184723545,0.85483827004571411,0.84872050292784718,0.80560048510991034,0.79459296493141529,0.81453452899841716,0.89296909179294726,0.90744279800104533,0.8681075955234191,0.8020217408691992,0.73020847936392652,0.82777231451870958
0.77621282665994018,0.86868480303282514,0.74600925219433112,0.90027483417218324,0.68993189559128054,0.76260170478474409,0.83480289366154026,0.82526196621501235,0.79729631761546838,0.86631845354456738,0.85424833551874713,0.7986391984453769,0.73690063921215077,0.86868440281912973,0.84634045577448691,0.91237520782509585,0.8781615633649007,0.81636100521467558,0.75172375268189018,0.81546682565604889,0.81034565765059041,0.83889178591351987,0.83914817128062835,0.76722806374969599,0.7851738211341992
0.79314097840415387,0.82307095352118531,0.82704286127178772,0.81237418083357438,0.85195725641625497,0.83709489780546009,0.83134807819957512,0.80449125944078559,0.77377757891620436,0.83388341435253954,0.8311626357173072,0.69580840120809462,0.83052303319210474,0.87931363490999592,0.82160628089465071,0.7705945921484223,0.85264019040303829,0.84920100968005674,0.87683437460811953,0.80057960883173862,0.86059245746122981,0.82390603263995255,0.78660854637747479,0.79352283171820182,0.76616537566478005
0.77925125846753573,0.77438335638995071,0.7951364737233797,0.85303952894160695,0.72943470046889936,0.77081111173939831,0.7137838869129518,0.85021041323850166,0.89243053352097057,0.86031842765516187,0.89858367758640201,0.74672213878319771,0.8037490416516978,0.70935450109065368,0.85761460290781277,0.82553079109494909,0.74555565483449182,0.8310396682528991,0.8203866814387758,0.87639867131312965,0.86690270977762951,0.82427429813051534,0.81014998123421444,0.87626106941438375,0.9017851079009106
0.87944745938939128,0.84038988414907245,0.82857248949940976,0.82873975205096784,0.77543519867502331,0.74671531749942954,0.90859102750066789,0.84116558821729903,0.85047149646046905,0.91457202087660594,0.88578857819461776,0.77599377792360413,0.67232977826630569,0.85205052786034696,0.82441552380846439,0.66635447646579415,0.74573552307284763,0.79698854331566693,0.79802303497447524,0.86125601152537568,0.84310910550458262,0.82754603467398768,0.83119810204251565,0.82655100840091533,0.84466334149053324
0.83835444511888757,0.84514789682260483,0.75526137285724093,0.81704239838298975,0.77798863288886355,0.70452638295394698,0.83286956726946326,0.87865129908054562,0.86473700135423415,0.86936139098177534,0.86896074161103409,0.76879498742260644,0.85399874640581885,0.85176851773945417,0.81273153522114649,0.81647487994834456,0.87770072480723582,0.87670177637531288,0.89674684121939396,0.85207790900405878,0.81100152674890036,0.84407944135911261,0.79723673751905566,0.83973658339338131,0.8349707223822741
0.88998177260791922,0.80022169541286658,0.68425538631079674,0.7951926257062335,0.85222499911126537,0.67114617475640026,0.92519205274928462,0.85138119202962537,0.84120427198776715,0.76098253474492894,0.79529996614372855,0.80963922334853866,0.75080412564150489,0.83619871994876327,0.82842036290459919,0.77722776256850923,0.89515868370665252,0.88573652187758667,0.85988732286147185,0.81090341782738806,0.87370994081225817,0.84691482125176987,0.84428080040947073,0.83306061896802497,0.81237801097623541
0.88232617409386238,0.8154609189778933,0.79572833687734745,0.78052906480945472,0.84868368331725808,0.85695824603058113,0.83776127173049786,0.86335772004451672,0.89896995773270449,0.7581814803465905,0.69997991528905257,0.80193858164189846,0.70603955741898972,0.82184795403704536,0.80522425968913403,0.87494567050693173,0.87998344074388968,0.82758882232385678,0.84692994237044084,0.85961414677699066,0.81807177670744702,0.75677141647650004,0.78087440526374907,0.83949811301368193,0.84215408872701103
0.86729684712008215,0.76126195457744272,0.80488705055197429,0.84162120855334688,0.80900895915771942,0.86824195009083405,0.87670664949121579,0.80252218830100297,0.8757997822688256,0.84939882441222636,0.83985468216144632,0.75436797958370727,0.83805399784591716,0.82368012370958221,0.77467633240054312,0.82228641756526288,0.83815989172527861,0.85291900644996543,0.88464211820982874,0.88080997075234957,0.92171274955036919,0.87818944717472203,0.8762602272895329,0.82166728705241121,0.81759656511728906
0.82508543981940041,0.83221061224066828,0.82775513997472594,0.79472170985066004,0.7608766394260057,0.82433764543403842,0.8622010330476062,0.83218203913205768,0.80576796070077394,0.80822657029912026,0.77249805481494849,0.81346843341880837,0.82101030947195952,0.90061917094657362,0.89325443544783167,0.73595254920590503,0.80182307494067839,0.82507987255127291,0.77831386077660503,0.81935128603927798,0.89575741975700396,0.7640888541297155,0.87330904863840553,0.84001070111031717,0.81574084682943482
0.89821303206119818,0.88369042159726496,0.84735739298441026,0.83446103608547695,0.77835623839436585,0.89394914782537105,0.84285471339108797,0.87060211194231696,0.72142081635582023,0.84081800665827577,0.85208954973458784,0.83137106020203189,0.87402143535752475,0.86430616982120689,0.84786010121939914,0.89761390895670379,0.84007988123456812,0.88083715554028885,0.79637115972071049,0.77566446216970053,0.88022460967544447,0.77627879443718828,0.78188871060411991,0.86007265176223691,0.79648907774444844
0.85388522572969261,0.81560130184538826,0.78007537754939471,0.82329237649389608,0.82125629801128053,0.88774688738879592,0.86120839610260791,0.84926392949275609,0.77032004855970493,0.82922526557238729,0.82245464038346872,0.87325463171459605,0.78348910590141541,0.86708472454003582,0.91772118565848793,0.89064409500349728,0.76827615482573886,0.86569770584727623,0.83459423166909608,0.78215610987230955,0.92324189119469935,0.76292391059561593,0.80627775268496749,0.84413513003747498,0.73580789531067059
0.87556862803600666,0.89679068993596123,0.76761596688721412,0.84559161065760713,0.78919128759753143,0.93180036645538733,0.89925711504297179,0.87009430123452891,0.8124580866127441,0.75614246700498244,0.81831477302170141,0.83638272192168439,0.77495940398734198,0.90841172500322542,0.88619954554202618,0.82590716918675111,0.84866054849608952,0.76416820889767922,0.81006259525162216,0.83902513409905777,0.81405662968250214,0.77537523371978301,0.82388427856499147,0.75560243236762381,0.78945446487866144
0.84861773425626841,0.81511490455009261,0.83172475810321289,0.82872676689251157,0.78247434704425101,0.83442581333636656,0.81128624665459992,0.83210481953876847,0.8057540098010425,0.88699318922277293,0.68285514168147621,0.8515724204673647,0.8126345864032295,0.86682595682496399,0.82418385983300613,0.89571162959559159,0.81865944662931656,0.81936661431232927,0.84271288017658996,0.8543142883735485,0.85292447309394914,0.82154770494455387,0.75505365084544107,0.85875632400677659,0.76375005591304024
0.86178344205687851,0.83576713246559831,0.83897415232829153,0.84005975865886562,0.81952709713721894,0.85121867412265739,0.78935028100763405,0.8110363551790517,0.81344709984134722,0.82139166249059792,0.80328067897300304,0.88999478965532941,0.8242386775974061,0.85205763234646281,0.81805340714022612,0.78456503723137461,0.83363226225091591,0.81751557333127156,0.85930485098177434,0.88528921051653309,0.8248910335408155,0.76402841338463834,0.79423376892314024,0.81438860097205168,0.86040307493028911
0.82394489794101333,0.74961922919156365,0.86111001557582578,0.73969417029980522,0.92671646746057701,0.86295576502516291,0.8703816655642832,0.74888985956931442,0.82175403254228596,0.85663832462266098,0.84393950074656621,0.82831300306819933,0.80970527363421174,0.8923738049420743,0.88754211312138098,0.81906679630884549,0.86055290990231859,0.80642678144341851,0.87044325319141846,0.91292278133266502,0.85651794809257042,0.70507944827165547,0.7753700326002223,0.85463313126015306,0.86936585276229095
0.86077162418795183,0.71073235367148035,0.78225633737788036,0.67890207907850098,0.90031932982300622,0.91650429257110344,0.89123533466157401,0.73201683368276016,0.85355047735004763,0.88637082508268694,0.88753404683551596,0.8888773898352309,0.8015385411021434,0.89093031946953039,0.9006984431997096,0.67359198972201673,0.82153544577450144,0.80181136007417197,0.82108500769180348,0.84990552661178087,0.81891886760537369,0.89598137615069329,0.77346967217581741,0.91703059439204926,0.84207409236626052
0.77635333564961417,0.66938424131732266,0.82223797288153022,0.83873778823656608,0.92980001921305688,0.87454290935930135,0.80531251582711461,0.81135072026875699,0.85938014863948287,0.86824179834717352,0.84824855808306288,0.86151790569888398,0.82557992634729649,0.84410249502457391,0.87297759329737479,0.88800707170118609,0.81156369515957238,0.89494040349480741,0.86633601485952116,0.80402255433884173,0.81666843484992713,0.91720523053337455,0.7854702626701684,0.84628972132409197,0.83470347949398027
0.81743364706220234,0.86128517566020013,0.90809668956444145,0.70882797187688706,0.87082506559653106,0.91797996752229394,0.88524325220472444,0.9048639181303828,0.80219120836925339,0.83916412926438488,0.8130941515807798,0.92005795110226873,0.77780452414692314,0.87934660140170451,0.88372101169836104,0.78809897149806507,0.83522446176089526,0.77075554339155006,0.80922931640011908,0.83551889455785244,0.87615991481180211,0.88043549358912798,0.77844197454483088,0.84587964922675885,0.86105195873605367
0.89882638969761863,0.78831884277753073,0.81001157703462467,0.85271784022640262,0.88869357507657221,0.89727149291635289,0.85318701111069961,0.8227111561613546,0.83863638941644991,0.89761267282797519,0.8925817596607597,0.85007486474978389,0.86254103373460211,0.86975916546411447,0.87908158171582329,0.83467436308200627,0.84876638098810242,0.85155182143014418,0.78032343382839875,0.88703385738944129,0.88809040010515405,0.88194303189052892,0.83584112947627276,0.79845638563488186,0.87637260617127299
0.92516901013805131,0.81579901495170537,0.89788838759212664,0.88797498676828412,0.93241751692436092,0.88745483464274544,0.85188171917268396,0.88113125908764933,0.86981614844616595,0.90807167188007343,0.87893556363956626,0.86000298081290005,0.87931709273605663,0.85570306406370233,0.89820755955421427,0.92066458502188042,0.84366031216976756,0.88942991158932627,0.78640199188417104,0.90571425060175925,0.91414722592268671,0.87858396958207086,0.80245269682247133,0.86472384772683741,0.78757462684589219
0.85701580632588581,0.69431393754103954,0.8571171145587585,0.78983235491265735,0.91524033643983471,0.89866042807636481,0.86655616154940429,0.80807438040712187,0.83288062080584846,0.88055200466562011,0.84609895269872526,0.88592498650773099,0.85333527969846201,0.83174272253552872,0.906171211193189,0.93177029209535678,0.83012434651696609,0.86120139033377285,0.82129014178879189,0.82849184976353263,0.84692902697735994,0.86523521991705399,0.84172978510726648,0.81016699150451954,0.87389632619698632
0.86321921470050733,0.85013185454355333,0.91406534130275563,0.79124021135716371,0.88998861352058423,0.91036657094560303,0.86354099580865673,0.73907026772631756,0.77202865254794228,0.91125116298721132,0.87801760244264437,0.86897179435305283,0.87355045968155187,0.86062142592914681,0.90426648292425515,0.98801975351254168,0.8367412659059652,0.89967124680957433,0.91232613721051625,0.94656620046971973,0.87743077027276806,0.89552432495440237,0.91358216691140093,0.8413405736296774,0.87585549498073101
0.89887316531568007,0.87493439944452134,0.80340293305555976,0.7667014599801808,0.80705522461837709,0.88324266193928069,0.84772537497479949,0.78354870153403422,0.88625782240247786,0.90202207152428826,0.8124033242369022,0.86649760133240517,0.92927081492057617,0.67870429632842744,0.78488799464066583,0.90318277104496059,0.82274105099772987,0.86172929963160383,0.88417724409201626,0.84848401914245375,0.87824160884607361,0.67504837360111425,0.79650497370420925,0.84748557424466409,0.73235246528259113
0.87357546748943915,0.82490563610082823,0.87122518504570345,0.83042511392219609,0.95000313743524345,0.90784456691768256,0.82173992945003882,0.85372406003115853,0.89594203539470485,0.93734803066058592,0.86643541629310983,0.76320922591206852,0.88506108360684632,0.8705760332858804,0.72455531993486355,0.88878640377164764,0.91491181235531771,0.85925371006255569,0.86776891391108379,0.89310421438039567,0.89652269442139998,0.81597534844675879,0.84515763196131044,0.9205157301571173,0.7892588691115503
0.83964160353980022,0.8793419562468523,0.84483954803851591,0.89384244450742134,0.88664083144579198,0.89286636477100789,0.88900510279989131,0.81841376193670357,0.81870382454181911,0.78554364659206644,0.82060474697333285,0.88767132571321938,0.87634447690244277,0.79371026484873608,0.66804740777916272,0.88767570624473302,0.81445595812816318,0.83989497275302671,0.89024941903282395,0.86412231474333989,0.90819294682181906,0.85116718124143542,0.86335251005242819,0.7430202710567384,0.83865016277860038
0.86725819631251377,0.82529605357079427,0.84757967434397974,0.89478511047686515,0.95590878532497936,0.89030342496866677,0.85651265858053471,0.87272920941929688,0.90148845312651904,0.9403719001577886,0.79629549745208972,0.7769070417458861,0.82884893860381181,0.8932555416939294,0.78328625526641604,0.84021728958237962,0.68136875104537464,0.79050375476439605,0.89755592407318963,0.84762796561698439,0.83963187309454845,0.88561667231176089,0.86614088505597286,0.78724787730971657,0.82948561049284775
0.88334290497413781,0.79359492934538911,0.894467951101381,0.8384054826527173,0.92648019304511409,0.88569172694951548,0.89724074212659211,0.8106974987108686,0.80874944671538429,0.89248516451536308,0.87848397520843113,0.77171039471059133,0.82127799112582955,0.81412601213089253,0.90288673184711621,0.8493879466062414,0.77658801852274784,0.80146628161131717,0.90544195854345677,0.89074002541722552,0.83847124109399651,0.81852076880523339,0.90948879952298656,0.77520335410452734,0.80096698336421746
0.80118991455138067,0.86431683657013902,0.85902430544537245,0.89170716161280306,0.90092558955082225,0.93318487525885729,0.88144637885508148,0.8854696900599921,0.77373924956012585,0.87482679615229286,0.88400371059999072,0.81696424108741827,0.85693616335712686,0.83662054020582455,0.84026065151162743,0.94638764093053496,0.87445529907050112,0.82783628284699173,0.91553053182062805,0.85932529171537841,0.92824295238686927,0.82951150917494698,0.7949840152643548,0.83003914724806316,0.83258687250081764
0.86028531511085371,0.8575221538045098,0.8430054412787692,0.87066843573685604,0.84469268090291683,0.90927979596288355,0.88970737749469941,0.86057197825265408,0.93842973792385742,0.88702003353681691,0.90229888403197067,0.83550819270629939,0.91304751691579178,0.88596535883003391,0.85495291978071097,0.94619165690066143,0.81869841894039552,0.81480533984944958,0.86956712935054536,0.8665033846016601,0.90071563648204833,0.77208106963717549,0.90740536161273044,0.86093010654754687,0.83235449652522908
0.80886773722416949,0.85995600040471842,0.81129897427545583,0.87812442610589814,0.82768418172033009,0.87457574664657933,0.90320907152248076,0.81503113411070971,0.91453745548622467,0.81876666094298911,0.88458659797828365,0.90080349275793414,0.85470173772458313,0.88631190336806032,0.87305586876726016,0.8920742611863649,0.80017804053681407,0.79994966609127294,0.89870261554066622,0.87708844410467013,0.81507032663265355,0.89336183876868847,0.8795166698152741,0.78918123084247993,0.86351208607132579
0.59168787600129313,0.84012162069129159,0.78104179311681743,0.81713401938843788,0.91637026194589011,0.9172624614035122,0.78118685504963081,0.8827916965341791,0.83626318063117067,0.9508695551310673,0.88036841725817938,0.84598052359044607,0.85329384052661428,0.89335730760606213,0.81928334975766959,1.0004773339309718,0.62555333229082266,0.86390349008868061,0.88225561699540966,0.86784191920351839,0.82743104183329241,0.84402509525700742,0.81975832277126692,0.8500478213375493,0.86304415752201247
0.84002576140938467,0.88250190752329238,0.84386293331611029,0.89568537293656747,0.86297268408225503,0.8066207517536147,0.83646604759918042,0.75592051913920666,0.938161361963195,0.90548408017254389,0.72070478579762542,0.78918693807767859,0.84830239973065846,0.83732138611266049,0.77947585832075794,0.92034564735090862,0.88012527466983648,0.75325488737710966,0.89561291934226805,0.90310116438233656,0.83466040471042191,0.83935489587752121,0.80920522009361018,0.85506438295559006,0.85450926832821594
0.84984766095466147,0.90819885055396765,0.85974113808293973,0.87792923902868281,0.90758352025549871,0.87855193006132337,0.81972756672832559,0.86942129082974562,0.92784078226820377,0.85781094494789734,0.85700191089506184,0.82344581005251083,0.85632473311841584,0.86510326403891624,0.83604621475485308,0.93187522490327701,0.9411003826655342,0.87424054987719357,0.91862192716589453,0.85931799402819331,0.94371545602623985,0.86141869000877425,0.83456659678069944,0.83474486852953156,0.86512391594212357
0.88172206946662635,0.81316561065200477,0.79556563043262218,0.90461654020470872,0.80706828050010448,0.82059239157985142,0.8532436292193516,0.85759423690992787,0.89206978407191195,0.87448462929433957,0.78962315903221902,0.82240389974484673,0.85481387148247789,0.83143614925695264,0.83011115517189449,0.89354505187448907,0.91777329842526534,0.77122004397679811,0.9660594474794264,0.84414558771304993,0.832330948962135,0.80231046819352547,0.86723307811721073,0.807373017429595,0.77362078122660227
0.77190234854957696,0.87666286965472962,0.82929884477067495,0.88632580336555755,0.79018219881552765,0.84433084062714858,0.64292186425778164,0.90273713338060368,0.90803490000026488,0.91023013585231682,0.77408283605554495,0.8790949484240701,0.90084216860626887,0.79127223512274836,0.86044897088358374,0.88512784254976262,0.8403704702501853,0.90304239025267052,0.91546639643571515,0.8080802125376465,0.86482428327779171,0.83321203869253457,0.87198531813909053,0.78218508696292266,0.8510384502274525
0.84109890743604077,0.90895753010583913,0.8936696196220616,0.93250191534739346,0.79024247835699191,0.89789032234584498,0.87543310771952443,0.85514219748233755,0.90238513712211277,0.91403299268812943,0.84952373722706209,0.82325096068797199,0.91002004656307522,0.81009891349855423,0.81150085910681069,0.95566667836014774,0.82367933756015654,0.90772749552817722,0.89555290762491446,0.73941868068410643,0.87527121624023407,0.82032114380399335,0.84297061642440008,0.83333853609962893,0.89978107433544718
0.90062671774942349,0.9066879141223021,0.88006072693408721,0.86100043960382389,0.81364247454965144,0.88410019541270646,0.77954248739663967,0.8503838823619968,0.88233022328130217,0.90232781543513818,0.83987395158663536,0.89270736348170487,0.88709606019627563,0.82631116567123919,0.83424189892870948,0.91611010728333986,0.89625909429442019,0.89089818566975143,0.87230368238253797,0.87426273191468862,0.86270610857907448,0.84179257536098762,0.88413346622696853,0.90051970657302516,0.80838123956369778
0.89828949169420491,0.92947835030831238,0.89518476057067353,0.85251546133123757,0.88999610313927846,0.9401435473321138,0.758197762050283,0.85526069947333383,0.83348199873137718,0.89942901973492329,0.84787919383576604,0.90700719457562595,0.89520700839991074,0.85214615335836008,0.87194462817976781,0.94118672237170331,0.89149922922316926,0.889129627336678,0.91493109596626931,0.89808589861618959,0.81585170919597061,0.90539475751420595,0.96696065063656811,0.88207906536835989,0.79862285275548128
0.90137922274507409,0.93419604528451738,0.84639731454318567,0.91828550913375306,0.90328876489467813,0.87907715898609151,0.86991671617059374,0.83861236457322619,0.81530369274733872,0.92058317819528679,0.83258339571251694,0.85402627044638135,0.89967190298359723,0.82866661023349208,0.81617071826154575,0.90627154289848311,0.86910905355552348,0.9001483920723834,0.90519288894856831,0.82145963047510673,0.85528751891389643,0.80108597726501796,0.9613412621075762,0.88578311336182891,0.85154783393904654
0.85664552997884702,0.8888779859468191,0.90404278232239188,0.89484887252985146,0.75686138168960759,0.84299108536795486,0.87345796878842763,0.79783838600804857,0.85994000931980452,0.86670317157936061,0.80088709055370588,0.8453177863213801,0.88303508012579313,0.87663204306403952,0.80024048492511957,0.88542343769017418,0.87763941258217359,0.853162605474172,0.8765727340610634,0.84931434079534451,0.90450243434694533,0.82956226178704662,0.90761617716624265,0.94173820167473976,0.86200688726494479
0.8818339477494942,0.93376735433525271,0.89740337780641133,0.96738535011847837,0.80177729248520146,0.85275206649431801,0.86149136469852705,0.78259915818330938,0.85845924111442518,0.87684812079323771,0.82047061967129498,0.64170657983349322,0.85126377529359576,0.61580821913206796,0.87860160954149669,0.83724762021081123,0.8036878134919363,0.85641494732651502,0.92095982329432757,0.85470510327505567,0.67944456860123936,0.8708925811058561,0.96689879262376477,0.95518713429222635,0.94055592101060537
0.87745559610284585,0.89002004597730511,0.8556634596675744,0.907643645422053,0.88669536178761954,0.93124063171297278,0.83577432002028018,0.8075681992654834,0.75055452236830511,0.89939725286056549,0.84777494677133092,0.8237259892399863,0.91230244699636853,0.91628285867493531,0.8357675026658159,0.75921801226192143,0.86215176787892223,0.92410428046801862,0.88158217498820191,0.73110466706135968,0.8698471904987275,0.87775486585578599,0.93625208207011912,0.91912301634368143,0.89886024569841394
0.93575804845991273,0.88184859506764735,0.8529113961124215,0.69657285996274043,0.90531263550536623,0.86076292447885017,0.93284944622962185,0.8566422797765092,0.75810319265272275,0.83872780144185932,0.86744346044093346,0.86454765353121121,0.86582300817958868,0.85672969400508903,0.90109613716194092,0.88353416943742613,0.85934606142817138,0.93481094136414167,0.87489283296855358,0.90298681156007954,0.88771615650457203,0.88902863860742698,0.91574749692499235,0.93683238712124406,0.83880212247984365
0.8327871420472126,0.8958763094723341,0.86036758117195966,0.90824732664185082,0.76539631513208284,0.90374406360332615,0.9123100711133918,0.91093961589920203,0.88474640353542988,0.86698864198162073,0.92128738765315155,0.87137126993628133,0.86877131973025357,0.86089114603334516,0.68070573346998464,0.68210759828788892,0.91886189800919016,0.884371306285054,0.86132644348471643,0.79313838242721846,0.82882595595907893,0.88697782929397162,0.93501968799707191,0.93731318982601597,0.89790809115202053
0.89768520878646563,0.88905617022983863,0.87212317047773047,0.90873721153874898,0.87214151288588937,0.87901581546704455,0.90634786352058927,0.89603837055395708,0.95123828142465316,0.76929497499434696,0.89888746771134498,0.87987321058921986,0.91577486575174682,0.80183744569949578,0.71836772254121428,0.93557942090772406,0.86090995356631383,0.95315912899841782,0.90630861571857424,0.82071647215148802,0.76788178418870345,0.90834033254397983,0.89622708609852442,0.92825876896131498,0.89701538083847465
0.88211831829259346,0.6842729340971887,0.87126866013391802,0.9030487096674803,0.89316142362385542,0.90289307058875812,0.9212636879654682,0.91752328133799177,0.92585045909671926,0.86470218683484235,0.90541047227986415,0.86046509486434364,0.8507418452988853,0.89667261426670053,0.88186196011005813,0.91703988470248254,0.78792971025243008,0.90700916270878862,0.86251650509250699,0.90431038650270534,0.83296766636928776,0.86865226338872081,0.85445136831733692,0.91279064089355921,0.79675044458389255
0.80570304819439997,0.91362816838171679,0.88117376050667306,0.90918789966769731,0.92823037110749673,0.87000922874196374,0.91091840791558909,0.75475173174471932,0.92906604529489367,0.94453780860436665,0.90425603397916965,0.80649952339324638,0.9362895154350146,0.76098121754876813,0.86840356595152879,0.88830037455818345,0.87355106253522563,0.90554743316680919,0.91465536939839576,0.94967031969666216,0.88744939611260631,0.92084996654488072,0.89208555950390522,0.92093886974958594,0.91915541622802588
0.86308603103714432,0.92577070934465733,0.88474921226547953,0.90453502418080611,0.93410571845478418,0.89179829374695641,0.94414918217960975,0.77109977551918119,0.89543109483851213,0.85273830061675948,0.88836260450726812,0.8895654972076672,0.89868245524602786,0.9042781670193264,0.78263315705909964,0.88318971104347588,0.8788726294736624,0.95345091327288323,0.86894786837977223,0.97574980357179941,0.91338733947141915,0.94104739823162853,0.90926183195452281,0.97851978269647655,0.91304792950294655
0.84760553621693846,0.86116765322806688,0.90879818100151033,0.95895975222801488,0.92316782633951577,0.89855079952797101,0.93275468641256654,0.86912480803991154,0.92424491682784604,0.93436083371427836,0.86351990471657125,0.87482276841293316,0.9169526993855549,0.83746829263912403,0.95201023723960976,0.91279245977750278,0.88197755963672453,0.90265958368445454,0.81521978490497748,0.89998310225341294,0.9216504230761835,0.8772427023640742,0.92355286083033861,0.90846085686491529,0.8979969537841932
0.87512729461900796,0.64844050409039755,0.83580429933319789,0.90442606062211961,0.94323393049708759,0.88072698039794017,0.92989059920463468,0.86356691630414961,0.87991259484248752,0.83923305622236333,0.91856240794349564,0.90588068394697785,0.89972710057191219,0.82220541255736568,0.9258221294185649,0.85219768192199885,0.90876709138096634,0.89133108466078914,0.9298280080798399,0.75352520100672704,0.81580883465652387,0.9186675294627088,0.91116115997993863,0.90423602577493911,0.93128281171829375
0.8318100048367969,0.86007508172681346,0.93031002426147313,0.89925826793659946,0.91318270545709057,0.8565391753086018,0.92875521195754673,0.83652077758984422,0.90109906523429439,0.8325454460818571,0.78787015710227393,0.89705501683235112,0.79448625487614633,0.8317056101888799,0.96267730561946474,0.86193850678067307,0.93946685232672011,0.94031217803018186,0.91989377678510797,0.90256967350483808,0.88970934001360202,0.75605283745941965,0.86547511629664509,0.82122948942766205,0.82162937555050108
0.87448220322054926,0.96265140118997394,0.87934160680209905,0.87061651742715762,0.95163379649309787,0.82613381367692829,0.91298511086504064,0.72212510600444446,0.84006126379650914,0.8942690442302943,0.95071582151875567,0.91534731460547314,0.86910422588902536,0.80439872294038073,0.96343433578337434,0.83806772618816849,0.87282844673031679,0.90353812209622197,0.93156161201907839,0.81567760179451998,0.89522036412927852,0.69292717300814355,0.88189343554025246,0.88783261211587317,0.85062863260085519
0.88330597997820759,0.94181764313324678,0.88574816234169573,0.8217854028719539,0.97407125776484305,0.88881435330027614,0.84952290845110634,0.83472573143391293,0.8793663692556094,0.84296062387590354,0.8431674436749873,0.93058695162138483,0.86605945155904318,0.73766639275826884,0.92151938012258316,0.88381332472685115,0.9613415554636322,0.89480057092328658,0.81255496801282601,0.80332714309696007,0.83512087378272948,0.87743075913898416,0.91710906975621742,0.88688535084877163,0.85561732665387513
0.84604781178640154,0.9786704763397408,0.91088592116666511,0.68829756153040533,0.90326092900841104,0.86599869885298864,0.87521623992954711,0.93557661257308689,0.91418305674806899,0.90191731499973327,0.92378058523786255,0.8894035746261777,0.89956591326539725,0.72070530037821767,0.88979308390281919,0.9542296407693569,0.92830708150636421,0.93641807362119223,0.86147161597108779,0.80327747967232987,0.85268479347693449,0.86323495862288002,0.91055843472008824,0.91750895158019219,0.87972461870896246
0.91060382889808988,0.8642031824968357,0.91441775256359903,0.83157831731495668,0.93151795595531595,0.82802642956988814,0.82580340632702653,0.87623286244362053,0.88366157015716018,0.92547934733352299,0.87854055531765474,0.83718406225805131,0.97150658343510565,0.94754341409162168,0.79482880098214803,0.90997515360905434,0.92412987729138496,0.9143588778763645,0.82363144473853867,0.82702853795377507,0.75990378620618226,0.86895579904399645,0.8966822834125695,0.90672464623303073,0.91315511609413769
0.93140372707399477,0.82192156928913807,0.95250570105516186,0.87778177429846904,0.9085527539301268,0.89251219956448669,0.88008545799291438,0.82678630402981867,0.91093344205972548,0.90468809925929494,0.86234211698008278,0.87627938660261395,0.80123309705104206,0.85721495189776675,0.94368859975028352,0.94504354850082894,0.89669206914536237,0.90011688098756293,0.85162539539884297,0.77453583953043381,0.82683947313396344,0.78365763430499791,0.93148182759628884,0.77809847353711492,0.86444727154691392
0.84880975624020039,0.88772129347318085,0.75692316305639007,0.81989375167539291,0.91302404058914688,0.88954893936466894,0.91904984509593879,0.87219473461040253,0.80653061265717474,0.76769292176460069,0.87018412650105603,0.89352160000940206,0.88879198927480463,0.86719019901578276,0.86464235122149313,0.84184808170111303,0.95075611500345447,0.74055352085741788,0.86327187090278201,0.93345344214874792,0.84876125888689868,0.89681316216795848,0.90803691518576923,0.95321162156676587,0.8909368077434261
0.89907725424284168,0.92039303644073289,0.74955290005444497,0.86021931745871749,0.89438819934643476,0.86044399570547869,0.88175065131442154,0.90772311314664444,0.84186624668048715,0.85546809189090089,0.9054208525782439,0.89963310900713755,0.90410172501856834,0.88693994252759767,0.92685081913206524,0.85112707050792091,0.8372174544103328,0.79034760513716706,0.88366635770578683,0.89060088780625779,0.91450648081179076,0.78791360896756879,0.88334627143669964,0.89305468705883251,0.8958710016973952
0.89669738801408427,0.87888491688747428,0.93087831583520797,0.89510518280086704,0.98285185584925661,0.90666928454589757,0.88838058837228251,0.86150029495654679,0.85020817334915055,0.84792677730870258,0.92100261053689536,0.89916068559328466,0.91500915036191655,0.89894922155453405,0.67767197348555241,0.83834332524014354,0.86995881853012891,0.84179110780382371,0.84231696463413219,0.85964082093668737,0.93737192500041888,0.90465654639603355,0.90699343005709843,0.88949230503750598,0.88473851608465404
0.91169731365288675,0.9076932327718118,0.90597082980157551,0.84166822810644282,0.92989679653783508,0.88853808406842094,0.94413714807596572,0.87374488153783558,0.75768569480369596,0.88081283758388962,0.97942406458355868,0.85559837015464346,0.9079569877271092,0.86612335459183032,0.84844150103547511,0.89388690660043102,0.82410474381883025,0.80269689021531376,0.85502329831470647,0.92419988743806314,0.70259372071642168,0.89342175150445458,0.84450226203276479,0.77399446670033034,0.95119143570316889
0.93315546004095462,0.8247463396283391,0.84747307743336531,0.88248797262802003,0.97501213746719806,0.91439585557444447,0.92246731350236111,0.8959172858591874,0.7710861366181011,0.8623958218536244,0.84715646445646597,0.83753405658979907,0.88951764311221959,0.85473381552931937,0.90270622320291483,0.85329922079824783,0.89892919257338477,0.86522542441000982,0.76196819373257774,0.91519338107194215,0.91173501218938124,0.95695725610821791,0.85939305459080706,0.75006686676270318,0.84760704838829048
0.88171031182921411,0.80890298489967272,0.87030755615207178,0.82795505693482085,0.86034137801674881,0.87302094125141239,0.9200593714494063,0.81166081372414278,0.71858066481239546,0.76702260639699849,0.81743271615438151,0.81801508653332689,0.89120116845957786,0.9273754986933247,0.80597047078208184,0.87617209982903843,0.88862024071138268,0.83698621342724289,0.90119816914399664,0.92163115666052209,0.87250343008967768,0.90798104451313344,0.86702990600590624,0.90316659313961123,0.90525927360500513
0.91958913712352808,0.88610458407431913,0.87005402410167132,0.826497156791004,0.83910664359896736,0.92617848134704006,0.8841685646236499,0.86854742318871381,0.86341069012236349,0.76486742537004282,0.90828956946499428,0.87678390507190895,0.94887196030323184,0.87505212000575194,0.91424375810946712,0.8574179749156301,0.89407480841785414,0.84295260238930647,0.82786946939234274,0.82466606915275786,0.86726265173740702,0.92814746767261513,0.77797690978847722,0.89363261309300179,0.87887797031466808
0.91835469136523085,0.79285223489812562,0.86451510056135572,0.78663247016587701,0.75167057223632028,0.90195767594758924,0.8772337782601457,0.86210992818537613,0.88828213583232452,0.66460066270491236,0.91131393413851947,0.9112237188800143,0.90338932072379974,0.91552179734318206,0.92945140092487211,0.76552926338319693,0.87151128798565258,0.93446818348563754,0.66406824622053229,0.87151735579811296,0.9120032147753544,0.95024697509620581,0.89227529753266699,0.9007406354287999,0.82716964724969111
0.92844715941685751,0.76057256794280181,0.89904849747210269,0.81283203591324082,0.83818099828448989,0.92594472769156677,0.85443694491347466,0.90051299444145472,0.89633141944415895,0.90812273706809843,0.84241229264737072,0.901603920136135,0.90641205532377156,0.78515242270445162,0.9012721244175248,0.90546687445290153,0.85225232360673253,0.88533115931467865,0.80903159252882972,0.91763857509229263,0.88228311576157648,0.86568482438846928,0.9391113718429247,0.88228114769576749,0.83712718335819025
0.86291180204062801,0.93023423129138172,0.7284580655305728,0.85384464000645544,0.90865290843284996,0.92026548681951048,0.76670409968641484,0.92088927440890878,0.92346360936229077,0.93124816074137118,0.77883490081006113,0.88694234845273667,0.92016466113967055,0.95078498443433013,0.89847677920485891,0.89806149070972596,0.87236429960674522,0.87244552752565852,0.80977698935187947,0.79388514521062492,0.82692227153944919,0.81587854970096263,0.8915827166618282,0.85054211898031395,0.92037722468444294
0.86452991514253497,0.74711460238791938,0.86040486962471863,0.79709451206278181,0.89268510818795055,0.85647767037355005,0.85390051514020848,0.8776855362928937,0.86389390444126157,0.92225519170623593,0.82323408313742197,0.88647330950878678,0.93507854290784986,0.90464256238661878,0.71161791542796149,0.83986960339850469,0.92128108980643597,0.88875458282044728,0.83495015343464529,0.95571430631725518,0.83611103673445641,0.92791206189211084,0.67921205924423034,0.80087123948091676,0.93526644676320769
0.92487941968758069,0.84481910875172728,0.89028933632175355,0.76062385730263704,0.80576563633128095,0.85581667093174563,0.82333237545996518,0.80672952356033101,0.85982277554248498,0.91821007501441676,0.93985028584627239,0.87776771937968867,0.88180547150279021,0.88470497898522849,0.67746140175504732,0.88371389700678327,0.90920153739301002,0.7470115339397384,0.94016581104391839,0.91163335466726969,0.75806579063875446,0.94555338290768587,0.89054277449153996,0.86136549918141625,0.94162733184156133
0.79832794657237405,0.88137006820456276,0.77542567257797634,0.91637052134830999,0.85140445546523191,0.93313582843569554,0.8308913891720906,0.91343396609042715,0.86075082418749094,0.96292703328141982,0.90838862903217743,0.90893391042734328,0.93000042447842224,0.87806231662405343,0.72946112590799339,0.89758545556545866,0.87369074416789061,0.9059250848556879,0.8317214180468262,0.94719200681799209,0.81657408447618707,0.83710995937178745,0.90153597698529653,0.86133961185962515,0.88845367764593619
0.91158623124020266,0.50057326497302024,0.80374332253492209,0.93391511972866448,0.73877038236830073,0.82506039546097698,0.89919484148472062,0.92390716833701647,0.93424450309056062,0.94631858966057625,0.90681827584354802,0.79325093122540624,0.94757197628361234,0.93414874361566835,0.95047557202410515,0.87645545860305574,0.87766333316872591,0.79042026317934133,0.83914911956860117,0.94323187122014995,0.8863054015356302,0.9083776760904696,0.76928220459570229,0.74559182268170221,0.92069970905253173
0.85522763978233862,0.8950601121020807,0.77096511022683378,0.88568270662586268,0.85921948634555312,0.7290595489493098,0.89895862081865008,0.91051696588530207,0.86226871231364677,0.8764595426489058,0.8768931424741484,0.89473028399897014,0.91837028809970467,0.87659478815393199,0.83159977124321804,0.88785744729263982,0.90037970451712346,0.93230679199037336,0.76869013821348153,0.93711160184891895,0.90759478230039126,0.88306777260748404,0.88228963598083587,0.78424185785254164,0.89442702045859157
0.85435654303110153,0.91337899294848146,0.81627714780850624,0.87967919234594816,0.86400956774426929,0.87168421215033332,0.91907611641428144,0.85274725740200896,0.81299886315933012,0.85457465889413431,0.92938613272509984,0.88849502415847037,0.94417327967019393,0.79091307347807249,0.54012767176988885,0.89258475502717594,0.90545886168658263,0.88897503622930873,0.93024251135049929,0.89060531682605604,0.84963114459317146,0.93905743804844033,0.82366865569113101,0.85102557991127348,0.88398309201786007
0.88334370995437173,0.88082963664368652,0.88210708887336975,0.9326621545971161,0.74976285195514292,0.86984026843465501,0.89944822417287817,0.8442232531527829,0.84132751376898718,0.74952693243240698,0.90265416947572064,0.85613258237856671,0.95564802113616509,0.86144853210955941,0.8617903906789629,0.91391605675071541,0.95066167188012762,0.83675471527392964,0.89425510762670635,0.93404172344186442,0.74281598495594581,0.90640838679641744,0.86854785565727188,0.8731042708354706,0.92896935417415971
0.69335812642329142,0.88828249028463324,0.90018308687202897,0.9076336793545311,0.83335951214835291,0.87702722058792326,0.91628669141048369,0.89408656934968556,0.8418232795966184,0.79497854349730057,0.81368391788891881,0.88073834701443809,0.909043270055789,0.86790969863880685,0.84573287367388217,0.83977122466593657,0.97320246970701052,0.85099320991382066,0.90241119441108064,0.86611079555494608,0.88199450275758062,0.88205074017093454,0.89109032533744226,0.80908368558878352,0.89729370086849081
0.67952980115303163,0.8938324387551283,0.81241957588580815,0.92581969241659623,0.81978139423606777,0.84877448870256189,0.84453802399725608,0.9000090116912185,0.90896483061252464,0.90906644813510062,0.85955635970459743,0.93805036863910995,0.91254914285193645,0.88200966039707673,0.91751506153361473,0.8548460321582988,0.90200633223467841,0.89909639574344058,0.9010988527240047,0.87282760670384985,0.81629282640129297,0.96059495026271557,0.8125539072807868,0.94731195374400712,0.90057508945713127
