0.93166834731507009,0.87966960307147268,0.73013638743257059,0.84009173090182754,0.88358213007400177,0.79971566572314878,0.64114065580830426,0.91878331700539428,0.81346844628398474,0.78582629018567662,0.7751711612646891,0.8303021841427668,0.93169490552694156,0.89717986571590436,0.82418249168116176,0.7815933894642032,0.87217723458664742,0.81141633416657388,0.74066409089960394,0.86298487085616382
0.93166834731507009,0.87966960307147268,0.86562967216688536,0.84009173090182754,0.88358213007400177,0.82851242828899641,0.7933164779304166,0.91878331700539428,0.81346844628398474,0.79442290613943323,0.7751711612646891,0.8303021841427668,0.93169490552694156,0.90149554997953618,0.82418249168116176,0.7815933894642032,0.87217723458664742,0.81141633416657388,0.74066409089960394,0.86298487085616382
0.93166834731507009,0.87966960307147268,0.86562967216688536,0.84009173090182754,0.88358213007400177,0.82851242828899641,0.7933164779304166,0.91878331700539428,0.87616861738796792,0.88726465360817242,0.812948773792735,0.8303021841427668,0.93169490552694156,0.90149554997953618,0.82418249168116176,0.7815933894642032,0.80437690348302326,0.81141633416657388,0.85952787646979134,0.88430977073560435
0.93166834731507009,0.87966960307147268,0.82228632142220182,0.82179793687858871,0.88358213007400177,0.82851242828899641,0.79108597368083522,0.91878331700539428,0.87756565571404499,0.88726465360817242,0.82101541783175669,0.8303021841427668,0.93169490552694156,0.90149554997953618,0.82418249168116176,0.7815933894642032,0.85775787582153273,0.81141633416657388,0.85952787646979134,0.88430977073560435
0.95370975368718713,0.87966960307147268,0.9003113631091505,0.82179793687858871,0.88358213007400177,0.83775489153509652,0.79108597368083522,0.91878331700539428,0.95036477592397839,0.85645603671128079,0.852360144663178,0.8303021841427668,0.93169490552694156,0.90149554997953618,0.82418249168116176,0.7815933894642032,0.85775787582153273,0.81141633416657388,0.85952787646979134,0.88430977073560435
0.95370975368718713,0.87966960307147268,0.9003113631091505,0.81474902969941798,0.88358213007400177,0.83775489153509652,0.85920726454188778,0.91878331700539428,0.95036477592397839,0.85645603671128079,0.852360144663178,0.85181369920139094,0.93169490552694156,0.90149554997953618,0.88928278763123336,0.7815933894642032,0.85754377097572321,0.81141633416657388,0.85952787646979134,0.88430977073560435
0.95370975368718713,0.87966960307147268,0.9003113631091505,0.8783605093727247,0.88358213007400177,0.83775489153509652,0.95399320477569083,0.91878331700539428,0.95036477592397839,0.90733478125715583,0.852360144663178,0.85181369920139094,0.92918394783640601,0.90149554997953618,0.88928278763123336,0.80642094932994923,0.85754377097572321,0.81141633416657388,0.85952787646979134,0.93314376021585255
0.95370975368718713,0.87966960307147268,0.9003113631091505,0.93411783036456375,0.8100950013421333,0.78377860638544794,0.95399320477569083,0.91878331700539428,0.95036477592397839,0.90733478125715583,0.852360144663178,0.8861391821490946,0.92516695166396679,0.90149554997953618,0.88928278763123336,0.8526688323588949,0.85754377097572321,0.81141633416657388,0.85952787646979134,0.93314376021585255
0.95370975368718713,0.87966960307147268,0.9003113631091505,0.93411783036456375,0.83083563282947692,0.78921459963505558,0.95399320477569083,0.91878331700539428,0.95036477592397839,0.90733478125715583,0.852360144663178,0.8861391821490946,0.91177292123294362,0.90149554997953618,0.88928278763123336,0.92303682941595899,0.85754377097572321,0.79336815457271048,0.85952787646979134,0.93314376021585255
0.95370975368718713,0.87966960307147268,0.9003113631091505,0.93411783036456375,0.83083563282947692,0.88811055475033129,0.95399320477569083,0.91878331700539428,0.95036477592397839,0.90733478125715583,0.852360144663178,0.8861391821490946,0.91177292123294362,0.90149554997953618,0.88928278763123336,0.93895631190906925,0.85754377097572321,0.72616629150588563,0.78557097485044791,0.91059821046275458
0.95370975368718713,0.87966960307147268,0.9003113631091505,0.93411783036456375,0.83083563282947692,0.96976027987156932,0.95399320477569083,0.91878331700539428,0.88193710235905431,0.90733478125715583,0.852360144663178,0.8861391821490946,0.89308584876371011,0.90149554997953618,0.88928278763123336,0.93895631190906925,0.85754377097572321,0.72616629150588563,0.81169467255948036,0.90620190210038498
0.95370975368718713,0.87966960307147268,0.9003113631091505,0.93411783036456375,0.83083563282947692,0.96976027987156932,0.95399320477569083,0.91878331700539428,0.9519114976063201,0.90733478125715583,0.852360144663178,0.8861391821490946,0.89527235801865834,0.90149554997953618,0.88928278763123336,0.88878137556897407,0.85754377097572321,0.85041907496054781,0.75165349000810977,0.97416459544086742
0.95370975368718713,0.87966960307147268,0.88770142926098761,0.93411783036456375,0.83083563282947692,0.88470382456088881,0.95399320477569083,0.91878331700539428,0.9519114976063201,0.90733478125715583,0.852360144663178,0.8861391821490946,0.89527235801865834,0.90149554997953618,0.88928278763123336,0.88761761349785206,0.85754377097572321,0.85041907496054781,0.89205840923831414,0.97416459544086742
0.93163301908223706,0.87966960307147268,0.84548531811404992,0.93411783036456375,0.82284571323388844,0.97734133476568896,0.95399320477569083,0.91878331700539428,0.9519114976063201,0.90733478125715583,0.852360144663178,0.8861391821490946,0.8838638121480149,0.90149554997953618,0.88928278763123336,0.98611754029015719,0.85754377097572321,0.85041907496054781,0.89205840923831414,0.97416459544086742
0.98430555132834541,0.87966960307147268,0.8231511995344839,0.93411783036456375,0.82284571323388844,0.97734133476568896,0.95399320477569083,0.91878331700539428,0.90530181589005976,0.90733478125715583,0.852360144663178,0.8861391821490946,0.88524640332738391,0.90149554997953618,0.88928278763123336,0.98611754029015719,0.85754377097572321,0.85041907496054781,0.92121148001600639,0.97416459544086742
0.98430555132834541,0.90229000727338227,0.83665652288606096,0.93411783036456375,0.84940387117508642,0.97734133476568896,0.95399320477569083,0.91878331700539428,0.90530181589005976,0.90733478125715583,0.852360144663178,0.8861391821490946,0.91673350710970514,0.90149554997953618,0.88928278763123336,0.97328765827117969,0.85754377097572321,0.85041907496054781,0.88820887007172655,0.97416459544086742
0.95347539102444712,0.92549688820424914,0.8421380487618747,0.93411783036456375,0.87632494736229205,0.97734133476568896,0.95399320477569083,0.91878331700539428,0.90530181589005976,0.90733478125715583,0.852360144663178,0.8861391821490946,0.91673350710970514,0.9612718839284512,0.88928278763123336,0.97328765827117969,0.85754377097572321,0.85041907496054781,0.91815290435816443,0.97416459544086742
0.96074593658528529,0.92549688820424914,0.89777563654039239,0.93411783036456375,0.87632494736229205,0.97734133476568896,0.95399320477569083,0.91878331700539428,0.90530181589005976,0.94359064307327789,0.77124207597074301,0.8861391821490946,0.8964154203523883,0.9612718839284512,0.88928278763123336,0.97328765827117969,0.85754377097572321,0.85041907496054781,0.91815290435816443,0.97416459544086742
0.96074593658528529,0.92549688820424914,0.91471450560285494,0.93411783036456375,0.87632494736229205,0.97734133476568896,0.95399320477569083,0.91878331700539428,0.94951346419819227,0.97983530305533761,0.80346533716417456,0.8861391821490946,0.89275537609766387,0.9612718839284512,0.88928278763123336,0.97328765827117969,0.85754377097572321,0.85041907496054781,0.91815290435816443,0.97416459544086742
0.90423752003289559,0.92549688820424914,0.91471450560285494,0.93411783036456375,0.87632494736229205,0.97734133476568896,0.95399320477569083,0.90661905085975092,0.94951346419819227,0.97983530305533761,0.73556462880614115,0.8861391821490946,0.92314063522992706,0.9612718839284512,0.88928278763123336,0.97328765827117969,0.85754377097572321,0.85041907496054781,0.91815290435816443,0.97416459544086742
0.90523884843087477,0.92549688820424914,0.91471450560285494,0.93411783036456375,0.87632494736229205,0.97734133476568896,0.95399320477569083,0.88500756163341754,0.94951346419819227,0.97983530305533761,0.90277873610765558,0.8861391821490946,0.92314063522992706,0.9612718839284512,0.88928278763123336,0.97328765827117969,0.85754377097572321,0.85041907496054781,0.91815290435816443,0.97416459544086742
0.922198093443239,0.92549688820424914,0.91471450560285494,0.93411783036456375,0.87632494736229205,0.97734133476568896,0.95399320477569083,0.92538840467326566,0.94951346419819227,0.97983530305533761,0.9270732547370435,0.91493037794412746,0.93859532595606576,0.91928752500703093,0.88928278763123336,0.97328765827117969,0.85754377097572321,0.85041907496054781,0.91815290435816443,0.97416459544086742
0.93256773996281095,0.92549688820424914,0.85927852152580741,0.93411783036456375,0.87632494736229205,0.97734133476568896,0.95399320477569083,0.92538840467326566,0.94951346419819227,0.97983530305533761,0.92315482197241383,0.91493037794412746,0.94442331119028844,0.93683067091108785,0.88928278763123336,0.97328765827117969,0.85754377097572321,0.85041907496054781,0.91815290435816443,0.97416459544086742
0.97206998928840782,0.92549688820424914,0.93822380644994618,0.93411783036456375,0.87632494736229205,0.97734133476568896,0.95399320477569083,0.92538840467326566,0.94951346419819227,0.97983530305533761,0.92315482197241383,0.91493037794412746,0.94442331119028844,0.9099208565836362,0.9561427285131352,0.97328765827117969,0.85754377097572321,0.85041907496054781,0.91815290435816443,0.97416459544086742
0.97206998928840782,0.92549688820424914,0.9569324002262477,0.93411783036456375,0.87632494736229205,0.97734133476568896,0.95399320477569083,0.92538840467326566,0.94951346419819227,0.97983530305533761,0.94409806988217693,0.91493037794412746,0.94442331119028844,0.9099208565836362,0.94746278102076142,0.97328765827117969,0.7934387918888145,0.7808007500981835,0.91815290435816443,0.97416459544086742
0.97206998928840782,0.92549688820424914,0.966941786705381,0.88730767969939817,0.87632494736229205,0.97734133476568896,0.95399320477569083,0.92538840467326566,0.94951346419819227,0.92014491160094669,0.94409806988217693,0.91493037794412746,0.92623524843564742,0.9099208565836362,0.94746278102076142,0.97328765827117969,0.7934387918888145,0.92574316827948544,0.91815290435816443,0.97416459544086742
0.97206998928840782,0.92549688820424914,0.966941786705381,0.95725542990459245,0.87632494736229205,0.97734133476568896,0.95399320477569083,0.92538840467326566,0.94951346419819227,0.93007053889851887,0.94409806988217693,0.91493037794412746,0.94157022136109514,0.89648862489428871,0.94746278102076142,0.97328765827117969,0.73603316315763423,0.92574316827948544,0.91815290435816443,0.97416459544086742
0.97206998928840782,0.92549688820424914,0.966941786705381,0.91725342749096184,0.87632494736229205,0.93154510340087282,0.95399320477569083,0.92538840467326566,0.94951346419819227,0.88394314052723488,0.94409806988217693,0.91493037794412746,0.94157022136109514,0.94943122112603318,0.94746278102076142,0.97328765827117969,0.80162357864443234,0.92574316827948544,0.91815290435816443,0.97416459544086742
0.97206998928840782,0.92549688820424914,0.9665413251421302,0.89788481615778903,0.87632494736229205,0.93108459477519179,0.95399320477569083,0.92538840467326566,0.94951346419819227,0.88394314052723488,0.94409806988217693,0.91493037794412746,0.94157022136109514,0.92013115778089938,0.94635770784582762,0.97328765827117969,0.87845279084043781,0.92574316827948544,0.91815290435816443,0.97416459544086742
0.97206998928840782,0.92549688820424914,0.9665413251421302,0.8791155728733171,0.87632494736229205,0.91552669326911473,0.95399320477569083,0.92538840467326566,0.87273991907118054,0.9300065378115252,0.94409806988217693,0.91493037794412746,0.94157022136109514,0.8185075619600658,0.94635770784582762,0.97328765827117969,0.87845279084043781,0.92574316827948544,0.91815290435816443,0.97416459544086742
0.97206998928840782,0.92549688820424914,0.9665413251421302,0.88418127206812858,0.87632494736229205,0.96699068173243463,0.95399320477569083,0.92538840467326566,0.88589938733069007,0.9300065378115252,0.94409806988217693,0.91493037794412746,0.94157022136109514,0.93876460044796384,0.94635770784582762,0.97328765827117969,0.87845279084043781,0.92574316827948544,0.91815290435816443,0.97416459544086742
0.97206998928840782,0.92549688820424914,0.9665413251421302,0.85200809639221975,0.87632494736229205,0.96699068173243463,0.95827654819249319,0.92538840467326566,0.88589938733069007,0.90915465659075112,0.94409806988217693,0.91493037794412746,0.94687209690462337,0.93876460044796384,0.94635770784582762,0.97328765827117969,0.93926387004482903,0.92574316827948544,0.91815290435816443,0.97416459544086742
0.97206998928840782,0.92549688820424914,0.93008193465406308,0.92618530304656066,0.87632494736229205,0.96699068173243463,0.95827654819249319,0.838968334530379,0.88589938733069007,0.98029256903270445,0.94409806988217693,0.91493037794412746,0.94687209690462337,0.93876460044796384,0.94635770784582762,0.97328765827117969,0.93926387004482903,0.92574316827948544,0.95000520833105284,0.97416459544086742
0.97206998928840782,0.92549688820424914,0.93008193465406308,0.90682254229901449,0.80107144515394724,0.95260632961269909,0.95827654819249319,0.88237244951619076,0.88589938733069007,0.98029256903270445,0.94409806988217693,0.91493037794412746,0.94687209690462337,0.93876460044796384,0.94635770784582762,0.97328765827117969,0.93926387004482903,0.92574316827948544,0.95000520833105284,0.93200608311994459
0.97206998928840782,0.92549688820424914,0.90606138922851687,0.94905564343768467,0.8578006905297173,0.95260632961269909,0.95827654819249319,0.91373573314815859,0.88589938733069007,0.98029256903270445,0.94409806988217693,0.82833356692081006,0.94687209690462337,0.93876460044796384,0.94635770784582762,0.97328765827117969,0.93926387004482903,0.92574316827948544,0.95000520833105284,0.93200608311994459
0.97206998928840782,0.92549688820424914,0.89643782627365032,0.94905564343768467,0.91638131466125117,0.95260632961269909,0.95827654819249319,0.91373573314815859,0.84371780989706602,0.98029256903270445,0.94409806988217693,0.87589903220751941,0.94687209690462337,0.93876460044796384,0.94635770784582762,0.97328765827117969,0.93926387004482903,0.92574316827948544,0.95000520833105284,0.93574144256078695
0.97206998928840782,0.92549688820424914,0.89643782627365032,0.94905564343768467,0.91638131466125117,0.95260632961269909,0.95827654819249319,0.91373573314815859,0.85100423912120027,0.96391727216256173,0.94409806988217693,0.87756093345350628,0.94687209690462337,0.93876460044796384,0.94635770784582762,0.97328765827117969,0.93926387004482903,0.92574316827948544,0.95000520833105284,0.94366157658579775
0.97206998928840782,0.92549688820424914,0.91508700432872836,0.94905564343768467,0.91638131466125117,0.95260632961269909,0.95827654819249319,0.91373573314815859,0.91858446902368063,0.96117067509779974,0.94409806988217693,0.87756093345350628,0.94687209690462337,0.93876460044796384,0.94635770784582762,0.97328765827117969,0.93926387004482903,0.92574316827948544,0.95000520833105284,0.90867929727494945
0.97206998928840782,0.92549688820424914,0.96129777537841954,0.94905564343768467,0.91638131466125117,0.99418658945591931,0.95827654819249319,0.85423219622471203,0.91858446902368063,0.75459836322350671,0.94409806988217693,0.87756093345350628,0.94687209690462337,0.93876460044796384,0.94635770784582762,0.97328765827117969,0.93926387004482903,0.92574316827948544,0.95000520833105284,0.90867929727494945
0.97206998928840782,0.92549688820424914,0.96129777537841954,0.94905564343768467,0.91638131466125117,0.99418658945591931,0.95827654819249319,0.92140911687665883,0.91858446902368063,0.79071353383480636,0.94409806988217693,0.8835670181222004,0.94687209690462337,0.93876460044796384,0.94635770784582762,0.97328765827117969,0.93926387004482903,0.92574316827948544,0.95000520833105284,0.92555281952978596
0.97206998928840782,0.92549688820424914,0.96129777537841954,0.94905564343768467,0.90190744173984416,0.99418658945591931,0.95827654819249319,0.90416177342332282,0.91858446902368063,0.71617268939693768,0.94409806988217693,0.8835670181222004,0.94687209690462337,0.93876460044796384,0.94758347588622083,0.97328765827117969,0.93926387004482903,0.92574316827948544,0.95000520833105284,0.92555281952978596
0.97206998928840782,0.92549688820424914,0.96129777537841954,0.94905564343768467,0.90049714769650602,0.99418658945591931,0.95827654819249319,0.85766581752017901,0.91858446902368063,0.78757357337618328,0.94409806988217693,0.8835670181222004,0.94687209690462337,0.93876460044796384,0.94758347588622083,0.97328765827117969,0.93926387004482903,0.92574316827948544,0.95000520833105284,0.92555281952978596
0.97206998928840782,0.92549688820424914,0.96129777537841954,0.94905564343768467,0.75345495587569677,0.99418658945591931,0.95827654819249319,0.83101471206712763,0.91858446902368063,0.79911166966876168,0.94409806988217693,0.92412683957249342,0.94687209690462337,0.93876460044796384,0.94758347588622083,0.97328765827117969,0.93926387004482903,0.92574316827948544,0.95000520833105284,0.92555281952978596
0.97206998928840782,0.92549688820424914,0.96129777537841954,0.94905564343768467,0.73441023730420252,0.99418658945591931,0.95827654819249319,0.94640683246890445,0.91858446902368063,0.79911166966876168,0.94409806988217693,0.92412683957249342,0.94687209690462337,0.93876460044796384,0.95524428077547363,0.97328765827117969,0.93926387004482903,0.92574316827948544,0.95000520833105284,0.92555281952978596
0.97206998928840782,0.92549688820424914,0.96129777537841954,0.94905564343768467,0.78176224432637553,0.99418658945591931,0.95827654819249319,0.94639549444377202,0.91858446902368063,0.79911166966876168,0.94409806988217693,0.92412683957249342,0.94687209690462337,0.93876460044796384,0.95105473783343286,0.97328765827117969,0.93926387004482903,0.92574316827948544,0.95000520833105284,0.92555281952978596
0.97206998928840782,0.92549688820424914,0.96129777537841954,0.94905564343768467,0.87675744307240833,0.99418658945591931,0.95827654819249319,0.94639549444377202,0.9019061046390936,0.77149333471838877,0.94409806988217693,0.96070420281500879,0.94687209690462337,0.93876460044796384,0.9007720787605451,0.97328765827117969,0.93926387004482903,0.92574316827948544,0.95000520833105284,0.92555281952978596
0.84645752472541846,0.92549688820424914,0.96129777537841954,0.94905564343768467,0.9621934806452398,0.99418658945591931,0.95827654819249319,0.94639549444377202,0.9019061046390936,0.78209021575048754,0.94409806988217693,0.96070420281500879,0.94687209690462337,0.93876460044796384,0.90940977800072453,0.97328765827117969,0.93926387004482903,0.92574316827948544,0.95000520833105284,0.85626124798170689
0.91140808456027667,0.92549688820424914,0.96129777537841954,0.94905564343768467,0.9621934806452398,0.99418658945591931,0.95827654819249319,0.95192605478580272,0.89833868434620501,0.77878431627358113,0.94409806988217693,0.96070420281500879,0.94687209690462337,0.93876460044796384,0.90940977800072453,0.97328765827117969,0.93926387004482903,0.7795201341138025,0.95000520833105284,0.9202873531880692
0.91140808456027667,0.92549688820424914,0.96129777537841954,0.94905564343768467,0.9621934806452398,0.99418658945591931,0.95827654819249319,0.95192605478580272,0.95746218588455323,0.78842621390645773,0.94409806988217693,0.98119548437534132,0.94687209690462337,0.93876460044796384,0.90940977800072453,0.97328765827117969,0.93926387004482903,0.89352724161333463,0.95000520833105284,0.87976194307481737
0.91140808456027667,0.92549688820424914,0.96129777537841954,0.94905564343768467,0.93731214154738918,0.99418658945591931,0.95827654819249319,0.95192605478580272,0.90614627591694286,0.82450266420871376,0.94409806988217693,0.98119548437534132,0.94687209690462337,0.93876460044796384,0.96462764765755304,0.97328765827117969,0.93926387004482903,0.86427828108715665,0.95000520833105284,0.92029261219935754
0.91081130893214468,0.92549688820424914,0.96129777537841954,0.94905564343768467,0.95791003061087254,0.99418658945591931,0.95827654819249319,0.95192605478580272,0.89898327457070248,0.83778378741408011,0.94409806988217693,0.98119548437534132,0.94687209690462337,0.93876460044796384,0.96462764765755304,0.97328765827117969,0.93926387004482903,0.90144036638853697,0.95000520833105284,0.92029261219935754
0.91081130893214468,0.92549688820424914,0.9228306900240123,0.94905564343768467,0.95791003061087254,0.99418658945591931,0.95827654819249319,0.95192605478580272,0.89916830834234163,0.76898289873896564,0.94409806988217693,0.98119548437534132,0.94687209690462337,0.93876460044796384,0.96462764765755304,0.97328765827117969,0.93926387004482903,0.93011075038163349,0.95000520833105284,0.89708775970674026
0.91081130893214468,0.92549688820424914,0.86605116658489656,0.94905564343768467,0.95791003061087254,0.99418658945591931,0.95827654819249319,0.95192605478580272,0.99563723112634217,0.89427333360637096,0.94409806988217693,0.98119548437534132,0.94687209690462337,0.80665448634967396,0.96462764765755304,0.97328765827117969,0.93926387004482903,0.93011075038163349,0.95000520833105284,0.98181108706888764
0.86162050360104359,0.92549688820424914,0.86602005794721093,0.94905564343768467,0.95791003061087254,0.99418658945591931,0.95827654819249319,0.99356530998552828,0.99563723112634217,0.89427333360637096,0.94409806988217693,0.98119548437534132,0.94687209690462337,0.81236800539116294,0.96462764765755304,0.97328765827117969,0.93926387004482903,0.93011075038163349,0.95000520833105284,0.9494922503139499
0.89025544560392411,0.92549688820424914,0.8352258387749627,0.89014840558520014,0.95791003061087254,0.99418658945591931,0.95827654819249319,0.99356530998552828,0.99563723112634217,0.89283439413299315,0.94409806988217693,0.98119548437534132,0.94687209690462337,0.82882455226786977,0.96462764765755304,0.97328765827117969,0.93926387004482903,0.93011075038163349,0.95000520833105284,0.98871832553973515
0.85524911793671576,0.92549688820424914,0.89092241933512939,0.84119914887577174,0.95791003061087254,0.99418658945591931,0.95827654819249319,0.99356530998552828,0.99563723112634217,0.90496529799560776,0.94409806988217693,0.98119548437534132,0.94687209690462337,0.92062616076774961,0.96462764765755304,0.97328765827117969,0.93926387004482903,0.91707941570799256,0.95000520833105284,0.98871832553973515
0.83405622314273054,0.92549688820424914,0.91133610277178168,0.6948323629204658,0.95791003061087254,0.99418658945591931,0.95827654819249319,0.99356530998552828,0.99563723112634217,0.85714532019544443,0.94409806988217693,0.98119548437534132,0.94687209690462337,0.92062616076774961,0.96462764765755304,0.97328765827117969,0.93926387004482903,0.92942236594069705,0.95000520833105284,0.98871832553973515
0.89838790956198811,0.92549688820424914,0.91133610277178168,0.86190654723040749,0.95791003061087254,0.99418658945591931,0.95827654819249319,0.99356530998552828,0.99563723112634217,0.888974789141043,0.94409806988217693,0.98119548437534132,0.94687209690462337,0.92062616076774961,0.96462764765755304,0.97328765827117969,0.93926387004482903,0.92942236594069705,0.95000520833105284,0.98871832553973515
0.97168986975000027,0.83482428745270887,0.94596582895418413,0.8449882019818602,0.95791003061087254,0.99418658945591931,0.95827654819249319,0.99356530998552828,0.99563723112634217,0.888974789141043,0.94409806988217693,0.98119548437534132,0.94687209690462337,0.92062616076774961,0.96462764765755304,0.97328765827117969,0.88393831226593012,0.92767565260284424,0.95000520833105284,0.98871832553973515
0.97168986975000027,0.91620327026058168,0.94596582895418413,0.86668270420610882,0.95791003061087254,0.99418658945591931,0.95827654819249319,0.99356530998552828,0.99563723112634217,0.888974789141043,0.94409806988217693,0.98119548437534132,0.94687209690462337,0.92062616076774961,0.96462764765755304,0.97328765827117969,0.90936032607619111,0.89428306055384943,0.9868456949487342,0.98871832553973515
0.97168986975000027,0.91620327026058168,0.9362089483824928,0.86668270420610882,0.95791003061087254,0.99418658945591931,0.95827654819249319,0.99356530998552828,0.99563723112634217,0.94629918714957029,0.94409806988217693,0.98119548437534132,0.94687209690462337,0.92062616076774961,0.96462764765755304,0.97328765827117969,0.94336667377372208,0.82207051576363199,0.9868456949487342,0.98871832553973515
0.97168986975000027,0.91620327026058168,0.94532432497290819,0.8540392459979389,0.95791003061087254,0.99418658945591931,0.81812379934871715,0.99356530998552828,0.99563723112634217,0.94629918714957029,0.94409806988217693,0.98119548437534132,0.94687209690462337,0.92062616076774961,0.96462764765755304,0.97328765827117969,0.99066968681519918,0.80973142423658673,0.9868456949487342,0.98871832553973515
0.97168986975000027,0.91620327026058168,0.94532432497290819,0.87934630620919674,0.95791003061087254,0.99418658945591931,0.94230157978056917,0.99356530998552828,0.99563723112634217,0.94629918714957029,0.94409806988217693,0.98119548437534132,0.94687209690462337,0.92062616076774961,0.96462764765755304,0.97328765827117969,0.95007979658192321,0.8138282846553746,0.9868456949487342,0.98871832553973515
0.97168986975000027,0.88603797192049161,0.94532432497290819,0.96245580240748285,0.95791003061087254,0.99418658945591931,0.95448380832801627,0.99356530998552828,0.99563723112634217,0.94629918714957029,0.94409806988217693,0.98119548437534132,0.94687209690462337,0.92062616076774961,0.96462764765755304,0.97328765827117969,0.96684483473506599,0.82621000559792757,0.9868456949487342,0.98871832553973515
0.97168986975000027,0.93870929753795063,0.94532432497290819,0.96245580240748285,0.95791003061087254,0.99418658945591931,0.91871702350292928,0.99356530998552828,0.99563723112634217,0.94629918714957029,0.94409806988217693,0.98119548437534132,0.94687209690462337,0.92062616076774961,0.96462764765755304,0.97328765827117969,0.96684483473506599,0.93738162389914503,0.9868456949487342,0.92876096864972157
0.97168986975000027,0.93870929753795063,0.94486950532786218,0.96245580240748285,0.95791003061087254,0.99418658945591931,0.88753125647917508,0.99356530998552828,0.99563723112634217,0.94629918714957029,0.94409806988217693,0.98119548437534132,0.94687209690462337,0.92062616076774961,0.96462764765755304,0.97328765827117969,0.96684483473506599,0.90438698303035958,0.9868456949487342,0.91853879714761966
0.97168986975000027,0.93870929753795063,0.94486950532786218,0.96245580240748285,0.95791003061087254,0.99418658945591931,0.96907202169697704,0.99356530998552828,0.99563723112634217,0.94629918714957029,0.94409806988217693,0.98119548437534132,0.94687209690462337,0.92416177860177828,0.85518218801357626,0.97328765827117969,0.99304659166819287,0.91508771104870201,0.9868456949487342,0.91853879714761966
0.97168986975000027,0.95179728701628985,0.94486950532786218,0.96245580240748285,0.95791003061087254,0.99418658945591931,0.98164080007214516,0.9463322648189253,0.99563723112634217,0.94629918714957029,0.94409806988217693,0.98119548437534132,0.94687209690462337,0.92416177860177828,0.88038045354988081,0.97328765827117969,0.96936638228798722,0.96657881924384637,0.9868456949487342,0.91853879714761966
0.97168986975000027,0.96000080973706603,0.94486950532786218,0.96245580240748285,0.95791003061087254,0.99418658945591931,0.98164080007214516,0.92997437108284431,0.99563723112634217,0.94629918714957029,0.94409806988217693,0.98119548437534132,0.94687209690462337,0.92416177860177828,0.88343640934388934,0.97328765827117969,0.96936638228798722,0.79733790776884617,0.9868456949487342,0.90597511915642326
0.97168986975000027,0.96279320029877558,0.94486950532786218,0.96245580240748285,0.95791003061087254,0.99418658945591931,0.94375521243720673,0.93181127168478961,0.99563723112634217,0.94629918714957029,0.94409806988217693,0.98119548437534132,0.94687209690462337,0.92416177860177828,0.88343640934388934,0.97328765827117969,0.96936638228798722,0.81503587813488909,0.9868456949487342,0.91066593981030997
0.97168986975000027,0.93963446889519331,0.94486950532786218,0.96245580240748285,0.95791003061087254,0.99418658945591931,0.98604447961905661,0.93174972995229077,0.99563723112634217,0.94629918714957029,0.94409806988217693,0.98119548437534132,0.94687209690462337,0.92416177860177828,0.92155143524427352,0.97328765827117969,0.96936638228798722,0.81503587813488909,0.9868456949487342,0.90552792934532556
0.97168986975000027,0.94269821255262276,0.94486950532786218,0.96245580240748285,0.95791003061087254,0.99418658945591931,0.98604447961905661,0.97078343389774613,0.99563723112634217,0.94629918714957029,0.84591262811398171,0.98119548437534132,0.94687209690462337,0.92416177860177828,0.86246108998713955,0.97328765827117969,0.91809807468331217,0.81503587813488909,0.9868456949487342,0.953667085315968
0.97168986975000027,0.91894577603882455,0.94486950532786218,0.96245580240748285,0.95791003061087254,0.99418658945591931,0.98604447961905661,0.97078343389774613,0.99563723112634217,0.94629918714957029,0.82947610718258824,0.98119548437534132,0.94687209690462337,0.92416177860177828,0.89605829141676419,0.97328765827117969,0.91809807468331217,0.99672599224870406,0.9868456949487342,0.953667085315968
0.97168986975000027,0.97743849373138336,0.94486950532786218,0.96245580240748285,0.95791003061087254,0.99418658945591931,0.98604447961905661,0.97078343389774613,0.99563723112634217,0.94629918714957029,0.78920797933120701,0.98119548437534132,0.94687209690462337,0.92416177860177828,0.92540046741487492,0.97328765827117969,0.92962786644838225,0.99672599224870406,0.9868456949487342,0.953667085315968
0.97168986975000027,0.98399503518520981,0.94486950532786218,0.96245580240748285,0.95791003061087254,0.99418658945591931,0.98604447961905661,0.97078343389774613,0.99563723112634217,0.93389737599860301,0.84045818847150933,0.98119548437534132,0.94687209690462337,0.92416177860177828,0.8781151065986178,0.97328765827117969,0.94165557695052193,0.99672599224870406,0.9868456949487342,0.91168259536357432
0.97168986975000027,0.97404889555721508,0.94486950532786218,0.96245580240748285,0.95791003061087254,0.99418658945591931,0.98604447961905661,0.97078343389774613,0.99563723112634217,0.80430221235556931,0.84045818847150933,0.98119548437534132,0.94687209690462337,0.92416177860177828,0.8520114737950496,0.97328765827117969,0.89907566448506748,0.99672599224870406,0.9868456949487342,0.97040766025196878
0.97168986975000027,0.92655032594357267,0.94486950532786218,0.96245580240748285,0.89090365246255021,0.99418658945591931,0.98604447961905661,0.97078343389774613,0.99563723112634217,0.84384122319545518,0.84045818847150933,0.98119548437534132,0.94687209690462337,0.92416177860177828,0.87150050560926484,0.97328765827117969,0.86075522432191132,0.99672599224870406,0.9868456949487342,0.90577822169270228
0.97168986975000027,0.92655032594357267,0.94486950532786218,0.96245580240748285,0.89465042893340474,0.99418658945591931,0.98604447961905661,0.97078343389774613,0.99563723112634217,0.79804288967601067,0.84045818847150933,0.98119548437534132,0.94687209690462337,0.92416177860177828,0.87457725636615913,0.97328765827117969,0.78735710404358339,0.99672599224870406,0.9868456949487342,0.90154661104743727
0.97168986975000027,0.92655032594357267,0.94486950532786218,0.96245580240748285,0.90768111747845004,0.99418658945591931,0.98604447961905661,0.97078343389774613,0.99563723112634217,0.82491959291608907,0.84045818847150933,0.98119548437534132,0.94687209690462337,0.92416177860177828,0.82787150392719211,0.97328765827117969,0.87353984750947022,0.99672599224870406,0.9868456949487342,0.90259612298628267
0.97168986975000027,0.92655032594357267,0.94486950532786218,0.96245580240748285,0.90768111747845004,0.99418658945591931,0.98604447961905661,0.97078343389774613,0.99563723112634217,0.83819820674318612,0.84045818847150933,0.98119548437534132,0.94687209690462337,0.92416177860177828,0.9015696290424674,0.97328765827117969,0.87353984750947022,0.99672599224870406,0.9868456949487342,0.83586492588650263
0.97168986975000027,0.92655032594357267,0.94486950532786218,0.96245580240748285,0.90768111747845004,0.99418658945591931,0.98604447961905661,0.97078343389774613,0.99563723112634217,0.90311976300937269,0.84045818847150933,0.98119548437534132,0.94687209690462337,0.92416177860177828,0.99418916577274241,0.97328765827117969,0.87353984750947022,0.99672599224870406,0.9868456949487342,0.77692365198763313
0.97168986975000027,0.92655032594357267,0.94486950532786218,0.96245580240748285,0.90768111747845004,0.99418658945591931,0.98604447961905661,0.97078343389774613,0.99563723112634217,0.87137941649256967,0.8715534556858533,0.98119548437534132,0.94687209690462337,0.92416177860177828,0.99418916577274241,0.97328765827117969,0.89894277162903313,0.99672599224870406,0.9868456949487342,1.0087160194562159
0.97168986975000027,0.95519549850597218,0.94486950532786218,0.96245580240748285,0.90768111747845004,0.99418658945591931,0.98604447961905661,0.97078343389774613,0.99563723112634217,0.92436228254661845,0.85170264389407802,0.98119548437534132,0.94687209690462337,0.92416177860177828,0.99418916577274241,0.97328765827117969,0.9213660315048644,0.99672599224870406,0.9868456949487342,1.001721228203855
0.97168986975000027,0.95519549850597218,0.94486950532786218,0.96245580240748285,0.90768111747845004,0.99418658945591931,0.98604447961905661,0.97078343389774613,0.99563723112634217,0.83603053631582569,0.89375392059386083,0.98119548437534132,0.94687209690462337,0.92416177860177828,0.99418916577274241,0.97328765827117969,0.82630836736513669,0.99672599224870406,0.9868456949487342,1.0197499702522439
0.97168986975000027,0.95519549850597218,0.94486950532786218,0.96245580240748285,0.90768111747845004,0.99418658945591931,0.98604447961905661,0.93764770401666897,0.95442061876446138,0.93456575436927114,0.88381804668947139,0.98119548437534132,0.94687209690462337,0.92416177860177828,0.99418916577274241,0.97328765827117969,0.87403468674111584,0.99672599224870406,0.9868456949487342,1.0197499702522439
0.97168986975000027,0.95519549850597218,0.94486950532786218,0.96245580240748285,0.90768111747845004,0.99418658945591931,0.98604447961905661,0.98670569554719734,0.95442061876446138,0.92548967948286853,0.82413058709083076,0.9298036022552254,0.94687209690462337,0.92416177860177828,0.99418916577274241,0.97328765827117969,0.89368246259061623,0.99672599224870406,0.9868456949487342,1.0197499702522439
0.97168986975000027,0.95519549850597218,0.94486950532786218,0.96245580240748285,0.90768111747845004,0.99418658945591931,0.98604447961905661,0.9921241346822629,0.95442061876446138,0.94367165432900701,0.90744557430664652,0.9298036022552254,0.94687209690462337,0.92416177860177828,0.99418916577274241,0.97328765827117969,0.89019737563392498,0.99672599224870406,0.9868456949487342,1.0197499702522439
0.97168986975000027,0.95519549850597218,0.94486950532786218,0.96245580240748285,0.90768111747845004,0.99418658945591931,0.98604447961905661,0.9921241346822629,0.95934737409646254,0.94367165432900701,0.89981497232797103,0.92328418778109489,0.94687209690462337,0.92416177860177828,0.99418916577274241,0.97328765827117969,0.91778512908813881,0.99672599224870406,0.9868456949487342,0.99545074661694966
0.97168986975000027,0.95519549850597218,0.94486950532786218,0.96245580240748285,0.90768111747845004,0.99418658945591931,0.9045056528234271,0.9921241346822629,0.92337184549740992,0.94034879718393372,0.86469725994048918,0.98337403723679706,0.94687209690462337,0.92416177860177828,0.99418916577274241,0.97328765827117969,0.91778512908813881,0.99672599224870406,0.9868456949487342,1.0292788278533018
0.97168986975000027,0.95519549850597218,0.94486950532786218,0.96245580240748285,0.90768111747845004,1.0069857943910179,0.93281019079530614,0.9921241346822629,0.94656297609582052,0.94034879718393372,0.85720879477910195,0.98337403723679706,0.94687209690462337,0.92416177860177828,0.99418916577274241,0.97328765827117969,0.91778512908813881,0.99672599224870406,0.9868456949487342,1.0292788278533018
0.97168986975000027,0.95519549850597218,0.94486950532786218,0.96245580240748285,0.90768111747845004,1.0069857943910179,0.87068081972110534,0.9921241346822629,0.97828428990195804,0.90469136363189628,0.8447876088347277,0.98337403723679706,0.94687209690462337,0.92416177860177828,0.99418916577274241,0.97328765827117969,0.88082407171385491,0.99672599224870406,0.9868456949487342,1.0292788278533018
0.97168986975000027,0.95519549850597218,0.94486950532786218,0.96245580240748285,0.90768111747845004,1.0069857943910179,0.82184274756473119,0.9921241346822629,1.0213846353856597,0.93198555014513029,0.87678772050671594,0.98337403723679706,0.94687209690462337,0.92416177860177828,0.99418916577274241,0.97328765827117969,0.88697738308037932,0.99672599224870406,0.9868456949487342,1.0292788278533018
0.97168986975000027,0.97608569253530642,0.94486950532786218,0.96245580240748285,0.90768111747845004,1.0069857943910179,0.94800808165469608,0.9921241346822629,0.97374112646216415,0.93198555014513029,0.79814302921914104,0.98337403723679706,0.94687209690462337,0.92416177860177828,0.99418916577274241,0.97328765827117969,0.92154750927110818,0.99672599224870406,0.9868456949487342,1.0292788278533018
0.97168986975000027,0.97608569253530642,0.94486950532786218,0.96245580240748285,0.90768111747845004,1.0069857943910179,0.94800808165469608,0.99035965801873438,0.96194250099509071,0.93198555014513029,0.80289629209129576,0.98337403723679706,0.94687209690462337,0.92416177860177828,0.99418916577274241,0.97328765827117969,0.92154750927110818,0.99672599224870406,0.9868456949487342,1.0292788278533018
0.97168986975000027,0.97608569253530642,0.94682487077561572,0.96245580240748285,0.90768111747845004,1.0069857943910179,0.94800808165469608,0.99035965801873438,0.96194250099509071,0.93198555014513029,0.76498889559533378,0.98337403723679706,0.94687209690462337,0.92416177860177828,0.99971485657334636,0.97328765827117969,0.82333254987290427,0.99672599224870406,0.9868456949487342,1.0292788278533018
0.97168986975000027,0.97608569253530642,0.94682487077561572,0.93315776473790268,0.90768111747845004,1.0069857943910179,0.93846043246275423,0.99035965801873438,0.96194250099509071,0.93198555014513029,0.80144810761350282,0.98337403723679706,0.94687209690462337,0.92416177860177828,0.99971485657334636,0.97328765827117969,0.92734579771416925,0.99672599224870406,0.9868456949487342,1.0292788278533018
0.97168986975000027,0.92061825352462101,0.94591227817172763,0.92439020487465606,0.90768111747845004,1.0069857943910179,0.93846043246275423,0.99035965801873438,0.96097132157066634,0.93198555014513029,0.89723391065606917,0.98337403723679706,0.94687209690462337,0.92416177860177828,0.99971485657334636,0.97328765827117969,0.93281471853894615,0.99672599224870406,0.9868456949487342,1.0292788278533018
0.97168986975000027,0.90136473380058524,0.94591227817172763,0.95932624411387313,0.92799523840552622,1.0069857943910179,0.93846043246275423,0.99035965801873438,0.86455245488765253,0.93198555014513029,0.89671803061321631,0.98337403723679706,0.94687209690462337,0.92416177860177828,0.99971485657334636,0.97328765827117969,0.92702929190815198,0.99672599224870406,0.9868456949487342,1.0292788278533018
0.97168986975000027,0.87939054965875119,0.94591227817172763,0.95317605625159374,0.92732353661618017,1.0069857943910179,0.93846043246275423,0.99035965801873438,0.96077329071540984,0.93198555014513029,0.89671803061321631,0.98337403723679706,0.94687209690462337,0.92416177860177828,0.99971485657334636,0.97328765827117969,0.92702929190815198,0.99672599224870406,0.9868456949487342,1.0292788278533018
0.97168986975000027,0.8873943060346029,0.94591227817172763,0.95317605625159374,0.92831384870519218,1.0069857943910179,0.94122111181812917,0.99035965801873438,0.96077329071540984,0.90878497490960186,0.88774596884441226,0.98337403723679706,0.94687209690462337,0.92416177860177828,0.99971485657334636,0.97328765827117969,0.92702929190815198,0.99672599224870406,0.9868456949487342,1.0292788278533018
0.97168986975000027,0.94761795474649246,0.94591227817172763,0.95317605625159374,0.88617369692163672,1.0069857943910179,0.87034259633846645,0.99035965801873438,0.97792251139857522,0.90878497490960186,0.73820451399669351,0.98337403723679706,0.94687209690462337,0.92416177860177828,0.99971485657334636,0.97328765827117969,0.92702929190815198,0.99672599224870406,0.9868456949487342,1.0292788278533018
0.97168986975000027,0.94761795474649246,0.94591227817172763,0.95317605625159374,0.87987162572347044,1.0069857943910179,0.91401485890223189,0.99035965801873438,0.97792251139857522,0.92344236816542535,0.76500227373046592,0.98337403723679706,0.94687209690462337,0.92416177860177828,0.99971485657334636,0.97328765827117969,0.93804627049060541,0.99672599224870406,0.9868456949487342,1.0292788278533018
0.97168986975000027,0.88820725925735255,0.94591227817172763,0.95317605625159374,0.92822850837062532,1.0069857943910179,0.91401485890223189,0.99035965801873438,0.87423633383775634,0.92344236816542535,0.71482025803860894,0.98337403723679706,0.94687209690462337,0.92416177860177828,0.99971485657334636,0.97328765827117969,0.93804627049060541,0.99672599224870406,0.9868456949487342,1.0292788278533018
0.97168986975000027,0.89371506276183432,0.94591227817172763,0.95317605625159374,0.92822850837062532,1.0069857943910179,0.91401485890223189,0.99035965801873438,0.89634620225719874,0.92344236816542535,0.79328647095298599,0.98337403723679706,0.94687209690462337,0.92416177860177828,0.99971485657334636,0.97328765827117969,0.93804627049060541,0.99672599224870406,0.9868456949487342,1.0292788278533018
0.97168986975000027,0.93686078200770395,0.95436498910741074,0.95317605625159374,0.92822850837062532,1.0069857943910179,0.92340912765737104,0.99035965801873438,0.99971235743532183,0.92344236816542535,0.79328647095298599,0.98337403723679706,0.94687209690462337,0.92416177860177828,0.99971485657334636,0.97328765827117969,0.93804627049060541,0.99672599224870406,0.9868456949487342,1.0292788278533018
0.97168986975000027,0.94774459317524662,0.95436498910741074,0.95858155150780722,0.92822850837062532,1.0069857943910179,0.87611043825257851,0.99035965801873438,0.99971235743532183,0.92344236816542535,0.84114393244495111,0.98337403723679706,0.94687209690462337,0.92416177860177828,0.99971485657334636,0.97328765827117969,0.93804627049060541,0.99672599224870406,0.9868456949487342,1.0292788278533018
0.97168986975000027,0.98570152705375591,0.95436498910741074,0.95858155150780722,0.92822850837062532,1.0069857943910179,0.92149517652218715,0.99035965801873438,0.99971235743532183,0.92344236816542535,0.826437326637391,0.98337403723679706,0.94687209690462337,0.92416177860177828,0.99971485657334636,0.87719995004309703,0.95314100266700841,0.99672599224870406,0.9868456949487342,1.0292788278533018
0.97168986975000027,0.98570152705375591,0.8932007220706194,0.95858155150780722,0.91307047374077399,1.0069857943910179,0.97001135195074073,0.99035965801873438,0.99971235743532183,0.92344236816542535,0.81465001580510898,0.98337403723679706,0.94687209690462337,0.92416177860177828,0.99971485657334636,0.89174462217613593,0.95314100266700841,0.99672599224870406,0.9868456949487342,1.0292788278533018
0.97168986975000027,0.98570152705375591,0.93011624715563213,0.95858155150780722,0.92328444231148343,1.0069857943910179,0.97001135195074073,0.99035965801873438,0.9687671218468199,0.92344236816542535,0.79275587126390679,0.98337403723679706,0.94687209690462337,0.92416177860177828,0.99971485657334636,0.8640110805241511,0.95314100266700841,0.99672599224870406,0.9868456949487342,1.0292788278533018
0.97168986975000027,0.98570152705375591,0.93011624715563213,0.96752481195148843,0.93262215723702946,1.0069857943910179,0.97001135195074073,0.99035965801873438,1.023577967284526,0.8601477327391559,0.75776524984362859,0.98337403723679706,0.94687209690462337,0.92416177860177828,0.99971485657334636,0.88133755475094444,0.95314100266700841,0.99672599224870406,0.9868456949487342,1.0292788278533018
0.97168986975000027,0.98570152705375591,0.93011624715563213,0.96752481195148843,0.93262215723702946,1.0069857943910179,0.97001135195074073,0.99035965801873438,1.023577967284526,0.76187829836401222,0.88926601778068481,0.98337403723679706,0.94687209690462337,0.92416177860177828,0.99971485657334636,0.8853301911897874,0.95314100266700841,0.99672599224870406,0.9868456949487342,1.0292788278533018
0.97168986975000027,0.98570152705375591,0.97092294072409968,0.96752481195148843,0.93262215723702946,1.0069857943910179,0.97001135195074073,0.99035965801873438,1.023577967284526,0.90884231758471667,0.99923277586107229,0.98337403723679706,0.94687209690462337,0.92416177860177828,0.99971485657334636,0.87008760736203838,0.95314100266700841,0.99672599224870406,0.9868456949487342,1.0292788278533018
0.97168986975000027,0.98570152705375591,1.043230754516715,0.96752481195148843,0.93262215723702946,1.0069857943910179,0.97001135195074073,0.99035965801873438,1.023577967284526,0.85865788908512108,0.99923277586107229,0.98337403723679706,0.94687209690462337,0.8740242860182732,0.99971485657334636,0.88421745048499267,0.95314100266700841,0.99672599224870406,0.98502904645053824,1.0292788278533018
0.97168986975000027,0.98570152705375591,1.043230754516715,0.96752481195148843,0.93262215723702946,1.0069857943910179,0.97001135195074073,0.99035965801873438,1.023577967284526,0.92286960302646881,0.99923277586107229,0.98337403723679706,0.94687209690462337,0.87374002451671728,0.99971485657334636,0.87983424470419147,0.95314100266700841,0.99672599224870406,0.98502904645053824,1.0292788278533018
0.97168986975000027,0.98570152705375591,1.043230754516715,0.96752481195148843,0.93262215723702946,1.0069857943910179,0.97001135195074073,0.99035965801873438,1.023577967284526,0.88594915248163453,0.99923277586107229,0.98337403723679706,0.91386434483870427,0.89942991155841112,0.99971485657334636,0.89191560784315393,0.95314100266700841,0.99672599224870406,0.97416297161862808,1.0292788278533018
0.97168986975000027,0.98570152705375591,1.043230754516715,0.96752481195148843,0.93262215723702946,1.0069857943910179,0.97001135195074073,0.99035965801873438,1.023577967284526,1.0010321888364742,0.99923277586107229,0.98337403723679706,0.95491552042510475,0.86563309876036343,0.99971485657334636,0.96889817200120709,0.95314100266700841,0.99672599224870406,0.97416297161862808,1.0292788278533018
0.97168986975000027,0.98570152705375591,1.043230754516715,0.96752481195148843,0.93262215723702946,1.0139064075679278,0.97001135195074073,0.99035965801873438,1.023577967284526,0.95098205807228731,0.99923277586107229,0.98337403723679706,0.96949072855917662,0.9344384993232111,0.99971485657334636,0.96889817200120709,0.95314100266700841,0.99672599224870406,0.97416297161862808,1.0292788278533018
0.97168986975000027,0.98570152705375591,1.043230754516715,0.96752481195148843,0.91202095752778878,1.0139064075679278,0.97001135195074073,0.9984584952812523,1.023577967284526,1.0081648457056316,0.99923277586107229,0.98337403723679706,0.93908956555136558,0.88641219563273954,0.99971485657334636,0.96889817200120709,0.95314100266700841,0.99672599224870406,0.97416297161862808,1.0292788278533018
0.97168986975000027,0.93709092255209026,1.043230754516715,0.96752481195148843,0.92687961543893693,1.0139064075679278,0.97001135195074073,0.9984584952812523,1.023577967284526,1.0052314176103083,0.95676654779284909,0.98337403723679706,0.93908956555136558,0.91563821859666517,0.99971485657334636,0.96889817200120709,0.95314100266700841,0.99672599224870406,0.97416297161862808,1.0292788278533018
0.97168986975000027,0.97314348653343008,1.043230754516715,0.96752481195148843,0.92687961543893693,1.0139064075679278,0.97001135195074073,0.92797207762980616,1.023577967284526,0.98211090457058803,0.95676654779284909,0.98337403723679706,0.94567797720122793,0.96172923728267168,0.99971485657334636,0.96889817200120709,0.95314100266700841,0.99672599224870406,0.97416297161862808,1.0292788278533018
0.97168986975000027,0.97314348653343008,1.043230754516715,0.96752481195148843,0.92687961543893693,1.0139064075679278,0.97001135195074073,0.73793186027202062,1.023577967284526,0.9782872551146139,0.95676654779284909,0.98337403723679706,0.89434477157721548,0.92196345444201011,0.99971485657334636,0.96889817200120709,0.95314100266700841,0.99672599224870406,0.97416297161862808,1.0292788278533018
0.97168986975000027,0.97314348653343008,1.043230754516715,0.96752481195148843,0.92687961543893693,1.0139064075679278,0.97001135195074073,0.92837683726304709,1.023577967284526,0.89646015593279482,0.95676654779284909,0.98337403723679706,0.9084086199243262,0.95550432682150677,0.99971485657334636,0.96889817200120709,0.95314100266700841,0.99672599224870406,0.97416297161862808,1.0292788278533018
0.97168986975000027,0.97314348653343008,1.043230754516715,0.96752481195148843,0.92687961543893693,1.0139064075679278,0.97001135195074073,0.92793498570522637,1.023577967284526,0.98120886877999447,0.95676654779284909,0.98337403723679706,0.88255171960484569,0.87155222965326729,0.99971485657334636,0.96889817200120709,0.95314100266700841,0.99672599224870406,0.97416297161862808,1.0292788278533018
0.97168986975000027,0.97387677080213897,1.043230754516715,0.96752481195148843,0.92687961543893693,1.0139064075679278,0.97001135195074073,0.92008391165395886,1.023577967284526,0.98120886877999447,0.95676654779284909,0.98337403723679706,0.85424145925701445,0.94044531241030871,0.99971485657334636,0.86925636747913426,0.95314100266700841,0.99672599224870406,0.97416297161862808,1.0292788278533018
0.97168986975000027,0.97387677080213897,1.043230754516715,0.95497589683523498,0.92687961543893693,1.0139064075679278,0.97001135195074073,0.92008391165395886,1.023577967284526,0.98120886877999447,0.95676654779284909,0.98337403723679706,0.92602107997220606,0.92756975107473272,0.99971485657334636,0.98172477152730708,0.95314100266700841,0.99672599224870406,0.97416297161862808,1.0292788278533018
0.97168986975000027,0.97387677080213897,1.043230754516715,0.96116388513671847,0.92687961543893693,1.0139064075679278,0.97001135195074073,0.93282819860615429,1.023577967284526,0.98120886877999447,0.95400685866347212,0.98337403723679706,0.94388169616928685,0.93681938026806366,0.99971485657334636,0.98172477152730708,0.95314100266700841,0.99672599224870406,0.97416297161862808,1.0292788278533018
0.97168986975000027,0.97387677080213897,1.043230754516715,0.96116388513671847,0.93008477672545009,1.0139064075679278,0.97001135195074073,0.91824598260245027,1.023577967284526,0.98120886877999447,0.97905150009460651,0.98337403723679706,0.8833969781254708,0.94487288788311163,0.99971485657334636,0.98172477152730708,0.95314100266700841,0.99672599224870406,0.97416297161862808,1.0292788278533018
0.97168986975000027,0.97387677080213897,1.0492364092640964,0.96116388513671847,0.93008477672545009,1.0139064075679278,0.97001135195074073,0.91824598260245027,1.023577967284526,0.98120886877999447,0.94290665118277261,0.98337403723679706,0.9864930776221954,0.93541127242095479,0.99971485657334636,0.98172477152730708,0.95314100266700841,0.99672599224870406,0.97416297161862808,1.0292788278533018
0.97168986975000027,0.97387677080213897,1.0492364092640964,0.96116388513671847,0.93482394052284312,1.0139064075679278,0.97001135195074073,0.89318743718948024,1.023577967284526,0.98120886877999447,0.94290665118277261,0.98337403723679706,0.94115997356563375,0.94365120657517665,0.99971485657334636,0.98172477152730708,0.95314100266700841,0.99672599224870406,0.97416297161862808,1.0292788278533018
0.97168986975000027,0.97387677080213897,1.0492364092640964,0.96116388513671847,0.94614826158315379,1.0139064075679278,0.97001135195074073,0.86557093800547613,1.023577967284526,0.98120886877999447,0.90606898168612005,0.98337403723679706,1.0093790525681809,0.94365120657517665,0.99971485657334636,0.98172477152730708,0.95314100266700841,0.99672599224870406,0.97416297161862808,1.0292788278533018
0.97168986975000027,0.97387677080213897,1.0499879489651571,0.96116388513671847,0.94614826158315379,1.0139064075679278,0.97001135195074073,0.8485160693436955,1.023577967284526,0.98120886877999447,1.0067006854484208,0.98337403723679706,1.0093790525681809,0.94905523070668774,0.99971485657334636,0.98172477152730708,0.95314100266700841,0.99672599224870406,0.95858952980940892,0.98052163821544902
0.97168986975000027,0.97387677080213897,1.0499879489651571,0.96116388513671847,0.94614826158315379,1.0139064075679278,0.97001135195074073,0.87843035729575503,1.023577967284526,0.97394562342263036,1.0067006854484208,0.98337403723679706,1.0093790525681809,0.92606059287407705,0.99971485657334636,0.98172477152730708,0.95314100266700841,0.99672599224870406,0.92200143536444423,0.95371409942356389
0.97168986975000027,0.97387677080213897,1.0606095794633696,0.96116388513671847,0.94614826158315379,1.0139064075679278,0.97001135195074073,0.92212351137514093,1.023577967284526,0.96437411190018862,1.0067006854484208,0.98337403723679706,1.0093790525681809,0.92606059287407705,0.99971485657334636,0.98172477152730708,0.89868332392689831,0.99672599224870406,0.93463929747160535,0.94606251694242094
0.97168986975000027,0.97387677080213897,1.0606095794633696,0.96116388513671847,0.94614826158315379,1.0139064075679278,0.97001135195074073,0.95990811048395042,1.023577967284526,0.9383398864475534,1.0067006854484208,0.98337403723679706,1.0093790525681809,0.92606059287407705,0.99971485657334636,0.98172477152730708,0.89868332392689831,0.99672599224870406,0.90740337487655276,0.95245771924023648
0.97168986975000027,0.97387677080213897,1.0606095794633696,0.96116388513671847,0.94614826158315379,1.0139064075679278,0.97001135195074073,0.95529665485465221,1.023577967284526,0.91845918697583184,1.0067006854484208,0.98337403723679706,1.0093790525681809,0.92606059287407705,0.99971485657334636,0.98172477152730708,0.90245273205745913,0.99672599224870406,0.91835713534755159,0.92186529064515765
0.97168986975000027,0.97387677080213897,1.0606095794633696,0.96116388513671847,0.94614826158315379,1.0139064075679278,0.97001135195074073,0.93682834697658846,1.023577967284526,0.97406167226476381,1.0067006854484208,0.98337403723679706,1.0093790525681809,0.95639874734294006,0.99971485657334636,0.98172477152730708,0.90245273205745913,0.99672599224870406,0.90170319556930911,0.95880326644996716
0.97168986975000027,0.97387677080213897,1.0606095794633696,0.96116388513671847,0.94614826158315379,1.0139064075679278,0.97001135195074073,0.96405705613986503,1.023577967284526,0.97406167226476381,1.0303102982550265,0.98337403723679706,1.0093790525681809,0.93463373416468476,0.99971485657334636,0.98172477152730708,0.90245273205745913,0.99672599224870406,0.89342989199626899,0.88637689793582941
0.97168986975000027,0.97387677080213897,1.0606095794633696,0.96116388513671847,0.94614826158315379,1.0139064075679278,0.97001135195074073,1.0096064136223055,1.023577967284526,0.97406167226476381,1.0303102982550265,0.98337403723679706,1.0093790525681809,0.93552919527325218,0.99971485657334636,0.98172477152730708,0.95938404109777498,0.99672599224870406,0.89004587736036056,0.97838860266494021
0.97168986975000027,0.97387677080213897,1.0606095794633696,0.96116388513671847,0.94614826158315379,1.0162220408307865,0.97001135195074073,1.0096064136223055,1.023577967284526,0.97406167226476381,1.0303102982550265,0.98337403723679706,1.0093790525681809,0.97502824613273764,0.99971485657334636,0.98172477152730708,0.95938404109777498,0.99672599224870406,0.92431315803309189,0.95148343423906423
0.97168986975000027,0.97536906926703293,1.0591464003519873,0.96116388513671847,0.94614826158315379,1.0162220408307865,0.97001135195074073,0.99497100863165555,1.023577967284526,0.97406167226476381,1.0303102982550265,0.98337403723679706,1.0093790525681809,0.98356692798418055,0.99971485657334636,0.98172477152730708,0.95938404109777498,0.99672599224870406,0.91928791406192367,0.93832590341182165
0.97168986975000027,0.97536906926703293,1.0563998195088762,0.96116388513671847,0.94614826158315379,1.0162220408307865,0.97001135195074073,0.99497100863165555,1.023577967284526,0.91388653229349925,1.0303102982550265,0.98337403723679706,1.0093790525681809,0.98356692798418055,0.99971485657334636,0.98172477152730708,0.95938404109777498,0.99672599224870406,0.92806830653685146,0.94324714487765893
0.97168986975000027,0.97536906926703293,1.0563998195088762,0.96116388513671847,0.95665433698755531,1.0162220408307865,0.97001135195074073,0.99497100863165555,1.023577967284526,0.93258910917083226,1.0303102982550265,0.98337403723679706,1.0093790525681809,0.98356692798418055,0.99971485657334636,0.98172477152730708,0.95938404109777498,0.99672599224870406,0.93454537630992596,0.91954964842051823
0.97168986975000027,0.97536906926703293,1.0563998195088762,0.96116388513671847,0.95665433698755531,1.0162220408307865,0.97553793998949534,0.99497100863165555,1.023577967284526,0.95734226335812433,1.0303102982550265,0.98337403723679706,1.0093790525681809,0.98356692798418055,0.99971485657334636,0.98172477152730708,0.89277888393163163,0.99672599224870406,0.97385304854342825,0.84948791348239294
0.97168986975000027,0.97536906926703293,1.0563998195088762,0.96116388513671847,0.95665433698755531,1.0162220408307865,0.961366908064756,0.99497100863165555,1.023577967284526,0.95734226335812433,1.0303102982550265,0.98337403723679706,1.0093790525681809,0.98356692798418055,0.99971485657334636,0.98172477152730708,0.96778242712027185,0.99672599224870406,0.97091985319482066,0.7882964232574784
0.97168986975000027,0.97536906926703293,1.0563998195088762,0.96116388513671847,0.95665433698755531,1.0162220408307865,0.98520576170054408,1.0002181840883819,1.023577967284526,0.95734226335812433,1.0303102982550265,0.98337403723679706,1.0093790525681809,0.98356692798418055,0.99971485657334636,0.98172477152730708,0.96778242712027185,0.99672599224870406,0.93950492142994302,0.86588148373004326
0.97168986975000027,0.91661088123490342,1.0613213214977715,0.96116388513671847,0.95665433698755531,1.0162220408307865,0.98520576170054408,0.95851418644760777,1.023577967284526,0.95734226335812433,1.0303102982550265,0.98337403723679706,1.0093790525681809,0.98356692798418055,0.99971485657334636,0.98172477152730708,0.96778242712027185,0.99672599224870406,0.93892203439674338,0.7972965056298168
0.97168986975000027,0.93945794980026942,1.0291803672716124,0.96116388513671847,0.95665433698755531,1.0162220408307865,0.98520576170054408,1.0167592163832033,1.023577967284526,0.95734226335812433,1.0303102982550265,0.98337403723679706,1.0093790525681809,0.98356692798418055,0.99971485657334636,0.98172477152730708,0.96778242712027185,0.99672599224870406,0.97030936177112137,0.86713288825920298
0.97168986975000027,1.0096148575989559,1.0291803672716124,0.96116388513671847,0.95665433698755531,1.0162220408307865,0.98520576170054408,0.95876629780111822,1.023577967284526,0.95734226335812433,1.0303102982550265,0.98337403723679706,1.0093790525681809,0.98356692798418055,0.99971485657334636,0.98172477152730708,0.96778242712027185,0.99672599224870406,0.97030936177112137,0.93794798218277919
0.97168986975000027,0.93416109715208862,1.0291803672716124,0.96512110767685688,0.95665433698755531,1.0162220408307865,0.98520576170054408,0.94578893916711404,1.023577967284526,0.90079601047375801,1.0303102982550265,0.98337403723679706,1.0093790525681809,0.98356692798418055,0.99971485657334636,0.98172477152730708,0.96778242712027185,0.99672599224870406,0.97030936177112137,0.94733432925564931
0.97168986975000027,0.88738956680994907,1.0291803672716124,0.96512110767685688,0.95665433698755531,1.0162220408307865,0.98520576170054408,0.96517432358826094,1.023577967284526,0.9493564581979469,1.0303102982550265,0.98337403723679706,1.026785897643679,0.98356692798418055,0.99971485657334636,0.98172477152730708,0.96778242712027185,0.99672599224870406,0.93490237495816575,0.94733432925564931
0.97168986975000027,0.89824376195240541,1.0291803672716124,0.97615947833606898,0.95665433698755531,1.0162220408307865,0.98520576170054408,1.006407255295217,1.023577967284526,0.93971720872210773,1.0303102982550265,0.98337403723679706,1.026785897643679,0.98356692798418055,0.99971485657334636,0.98172477152730708,0.96778242712027185,0.99672599224870406,0.93490237495816575,0.88563560834794497
0.97168986975000027,0.92952392060181732,1.0291803672716124,0.97615947833606898,0.95665433698755531,1.0162220408307865,0.98520576170054408,1.006407255295217,1.023577967284526,0.96466186786668262,1.0303102982550265,0.98337403723679706,1.026785897643679,0.98356692798418055,0.99971485657334636,0.98172477152730708,0.96778242712027185,0.99672599224870406,0.97041097990030933,0.94823342078251116
0.97168986975000027,0.78893009934610669,1.0291803672716124,0.96299165029257117,0.95665433698755531,1.0162220408307865,1.0017679758966362,1.006407255295217,1.023577967284526,0.96466186786668262,1.0303102982550265,0.98337403723679706,1.026785897643679,0.98356692798418055,0.99971485657334636,0.98172477152730708,0.91843922816290569,0.99672599224870406,0.97041097990030933,0.87744572887963912
0.97168986975000027,0.78744805790526995,1.0520396217277683,0.96299165029257117,0.95665433698755531,1.0162220408307865,1.0017679758966362,1.006407255295217,1.023577967284526,0.96466186786668262,1.0303102982550265,0.98337403723679706,1.026785897643679,0.98356692798418055,0.99971485657334636,0.98172477152730708,0.89132418643608602,0.99672599224870406,0.97041097990030933,0.94670802995595815
0.97168986975000027,0.82693677809414101,1.0353918904524779,0.96299165029257117,0.95665433698755531,1.0162220408307865,1.0017679758966362,1.006407255295217,1.023577967284526,0.95824173793404999,1.0303102982550265,0.98337403723679706,1.026785897643679,0.98356692798418055,0.99971485657334636,0.98172477152730708,0.85251993129201997,0.99672599224870406,0.97041097990030933,0.89651233903691385
0.97168986975000027,0.80074897115650157,1.0563371410391929,0.96299165029257117,0.95665433698755531,1.0162220408307865,1.0017679758966362,1.006407255295217,1.023577967284526,0.93089566354057673,1.0303102982550265,0.98337403723679706,1.026785897643679,0.98356692798418055,0.99971485657334636,0.98172477152730708,0.95640769798963854,0.99672599224870406,0.97596785600966374,0.89651233903691385
0.97168986975000027,0.75622103347295677,1.0329050123510859,0.96299165029257117,0.95665433698755531,1.0162220408307865,1.0017679758966362,1.006407255295217,1.023577967284526,0.96419866332971638,1.0303102982550265,0.98337403723679706,1.026785897643679,0.98356692798418055,0.99971485657334636,0.98172477152730708,0.95640769798963854,0.99672599224870406,0.97596785600966374,0.94582843610484368
0.97168986975000027,0.85324857225393869,1.0293048563070504,0.96299165029257117,0.95665433698755531,1.0162220408307865,1.0017679758966362,1.0068240158643715,1.023577967284526,0.96419866332971638,1.0303102982550265,0.98337403723679706,1.026785897643679,0.98356692798418055,0.99971485657334636,0.98172477152730708,0.95640769798963854,0.99672599224870406,0.97596785600966374,0.92305423876901715
0.97168986975000027,0.96416390942026242,1.0540656399811117,0.93562344506545392,0.95665433698755531,1.0162220408307865,1.0017679758966362,1.0263978449529254,1.023577967284526,0.96419866332971638,1.0303102982550265,0.98337403723679706,1.026785897643679,0.98356692798418055,0.99971485657334636,0.98172477152730708,0.95640769798963854,0.99672599224870406,0.97596785600966374,0.89211596495856516
0.97168986975000027,0.96416390942026242,1.0540656399811117,0.97507445778181989,0.95665433698755531,1.0162220408307865,1.0017679758966362,1.0263978449529254,1.023577967284526,0.94737877007193916,1.0303102982550265,0.98337403723679706,1.026785897643679,0.98356692798418055,0.99971485657334636,0.98172477152730708,0.95640769798963854,0.99672599224870406,0.94498264628154049,0.86233819955030522
0.97168986975000027,0.96416390942026242,1.0540656399811117,0.97507445778181989,0.95665433698755531,1.0162220408307865,1.0017679758966362,1.0263978449529254,1.023577967284526,0.95477441929046392,1.0303102982550265,0.98337403723679706,1.026785897643679,0.98356692798418055,0.99971485657334636,0.98172477152730708,0.86409952457875927,0.99672599224870406,0.94291901654003452,0.89236696674396887
0.97168986975000027,0.9368401317014593,1.0540656399811117,0.97507445778181989,0.95665433698755531,1.0162220408307865,1.0017679758966362,1.0263978449529254,1.023577967284526,0.96867636658360057,1.0303102982550265,0.98337403723679706,1.026785897643679,0.98356692798418055,0.99971485657334636,0.98172477152730708,0.92362079558208832,0.99672599224870406,0.93555316605986849,0.89323669355177204
0.97168986975000027,0.88464283461983206,1.0540656399811117,0.97507445778181989,0.95665433698755531,1.0162220408307865,1.0017679758966362,1.0263978449529254,1.023577967284526,0.95768159367796368,1.0303102982550265,0.98337403723679706,1.026785897643679,0.98356692798418055,0.99971485657334636,0.98172477152730708,0.98304464518580392,0.99672599224870406,0.93826064833280842,0.96233911232318781
0.97168986975000027,0.89751028705457891,1.0540656399811117,0.89490233241185391,0.85877059856259219,1.0162220408307865,0.94719504054281234,1.0263978449529254,1.023577967284526,0.94846906573133372,1.0303102982550265,0.98337403723679706,1.026785897643679,0.98356692798418055,0.99971485657334636,0.98172477152730708,0.98304464518580392,0.99672599224870406,0.93826064833280842,0.96233911232318781
0.97168986975000027,0.89186384101249594,1.0619562255366053,0.96293217166651546,0.96127669737342281,1.0162220408307865,1.0248217118128378,1.0263978449529254,1.023577967284526,0.91010593302513476,1.0303102982550265,0.98337403723679706,1.026785897643679,0.98356692798418055,0.99971485657334636,0.98172477152730708,0.98304464518580392,0.99672599224870406,0.93826064833280842,0.96233911232318781
0.97168986975000027,0.87520275268027958,1.0619562255366053,0.96293217166651546,0.96127669737342281,1.0162220408307865,1.0248217118128378,1.0263978449529254,1.023577967284526,0.97659808566747863,0.99503805350203878,0.98337403723679706,1.026785897643679,0.98356692798418055,0.99971485657334636,0.98172477152730708,0.97051626709361516,0.99672599224870406,0.95287268246841828,0.96233911232318781
0.97168986975000027,0.88028019026104576,1.0619562255366053,0.99830455963986664,0.96127669737342281,1.0162220408307865,1.0248217118128378,1.0263978449529254,1.023577967284526,0.97659808566747863,0.84269435857413544,0.98337403723679706,1.026785897643679,0.98356692798418055,0.99971485657334636,0.98172477152730708,0.8605365146960593,0.99672599224870406,0.95287268246841828,0.96233911232318781
0.97168986975000027,0.81913940816954622,1.0619562255366053,0.99830455963986664,0.96127669737342281,1.0162220408307865,1.0248217118128378,1.0263978449529254,1.023577967284526,0.94239215940921051,0.91216100258727151,0.98337403723679706,1.026785897643679,0.98356692798418055,0.99971485657334636,0.98172477152730708,0.97631650010896109,0.99672599224870406,0.95287268246841828,0.96233911232318781
0.97168986975000027,0.80039485430727064,1.0619562255366053,0.99830455963986664,0.96127669737342281,1.0162220408307865,1.0248217118128378,1.0263978449529254,1.023577967284526,0.95348384695449062,0.89417552702253111,0.98337403723679706,1.026785897643679,0.98356692798418055,0.99971485657334636,0.98172477152730708,0.97631650010896109,0.99672599224870406,0.95287268246841828,0.96233911232318781
0.97168986975000027,0.76477431842176491,1.0619562255366053,0.99830455963986664,0.96127669737342281,1.0162220408307865,1.0248217118128378,1.0263978449529254,1.023577967284526,0.9749775925193348,0.93369898612768043,0.98337403723679706,1.026785897643679,0.98356692798418055,0.99971485657334636,0.98172477152730708,0.97631650010896109,0.99672599224870406,0.95287268246841828,0.96233911232318781
0.97168986975000027,0.8377203455445329,1.0619562255366053,0.99830455963986664,0.96127669737342281,1.0162220408307865,1.0248217118128378,1.0263978449529254,1.023577967284526,0.96934737466250764,0.98294365175514309,0.98337403723679706,1.026785897643679,0.98356692798418055,0.99971485657334636,0.98172477152730708,0.97631650010896109,0.99672599224870406,0.95287268246841828,0.96233911232318781
0.97168986975000027,0.85507770625739676,1.0619562255366053,0.99830455963986664,0.96394058875994104,1.0162220408307865,1.0248217118128378,1.0263978449529254,1.023577967284526,0.96934737466250764,0.92543386665474192,0.98337403723679706,1.026785897643679,0.98356692798418055,0.99971485657334636,0.98172477152730708,0.97631650010896109,0.99672599224870406,0.98487531292108288,0.93847390210206194
0.97168986975000027,0.93404797243749627,1.0619562255366053,0.99830455963986664,0.95616658460563542,1.0162220408307865,1.0248217118128378,1.0263978449529254,1.023577967284526,0.96934737466250764,0.86112205873320347,0.98337403723679706,1.026785897643679,0.98356692798418055,0.99971485657334636,0.98172477152730708,0.97631650010896109,0.99672599224870406,0.95207603463505353,0.93847390210206194
0.97168986975000027,0.95216902409593818,1.0619562255366053,0.99830455963986664,0.9643001674147017,1.0162220408307865,1.0248217118128378,1.0263978449529254,1.023577967284526,0.96934737466250764,0.89290123053591519,0.98337403723679706,1.026785897643679,0.98356692798418055,0.99971485657334636,0.98172477152730708,0.97631650010896109,0.99672599224870406,0.91153766604134179,0.9450160379682695
0.97168986975000027,0.94371225660709868,1.0619562255366053,0.99830455963986664,0.88701345218047101,1.0162220408307865,1.0248217118128378,1.0263978449529254,1.023577967284526,0.96934737466250764,0.83475934744469371,0.98337403723679706,1.026785897643679,0.98356692798418055,0.99971485657334636,0.98172477152730708,0.97631650010896109,0.99672599224870406,0.9802410157055238,0.96439916825090366
0.97168986975000027,0.9570434609756544,1.0619562255366053,0.99830455963986664,0.96335169529885989,1.0162220408307865,1.0248217118128378,1.0263978449529254,1.023577967284526,0.96934737466250764,0.89801087550693781,0.98337403723679706,1.026785897643679,0.98356692798418055,0.99971485657334636,0.98172477152730708,0.97631650010896109,0.99672599224870406,0.9802410157055238,0.87635073463610058
0.97168986975000027,0.9479444392366112,1.0619562255366053,0.99830455963986664,0.90454539341525086,1.0162220408307865,1.0248217118128378,1.0263978449529254,1.023577967284526,0.96934737466250764,0.92843360990719914,0.98337403723679706,1.026785897643679,0.98356692798418055,0.99971485657334636,0.98172477152730708,0.97631650010896109,0.99672599224870406,0.91469641848463479,0.86301580477190198
0.97168986975000027,0.90393383531212779,1.0619562255366053,0.99830455963986664,0.88642260291631914,1.0162220408307865,1.0248217118128378,1.0263978449529254,1.023577967284526,0.96934737466250764,0.90456117521563895,0.98337403723679706,1.026785897643679,0.98356692798418055,0.99971485657334636,0.98172477152730708,0.97631650010896109,0.99672599224870406,0.94986964660389284,0.82581589957725721
0.97168986975000027,0.94872956668019659,1.0619562255366053,0.99830455963986664,0.8772914068219595,1.0162220408307865,1.0248217118128378,1.0263978449529254,1.023577967284526,0.96934737466250764,0.91441245136101512,0.98337403723679706,1.026785897643679,0.98356692798418055,0.99971485657334636,0.98172477152730708,0.97631650010896109,0.99672599224870406,0.94986964660389284,0.87250848287436022
0.97168986975000027,0.95340873883193056,1.0619562255366053,0.99830455963986664,0.88044107494762169,1.0162220408307865,1.0248217118128378,1.0263978449529254,1.023577967284526,0.96934737466250764,0.87791570171177746,0.98337403723679706,1.026785897643679,0.98356692798418055,0.99971485657334636,0.98172477152730708,0.97631650010896109,0.99672599224870406,0.94986964660389284,0.77247479879023728
0.97168986975000027,0.95340873883193056,1.0109652971834591,0.99830455963986664,0.84338967957044775,1.0162220408307865,1.0248217118128378,1.0263978449529254,1.023577967284526,0.96934737466250764,0.94361967643709743,0.98337403723679706,1.026785897643679,0.98356692798418055,0.99971485657334636,0.98172477152730708,0.97631650010896109,0.99672599224870406,0.94986964660389284,0.96823909237528938
0.97168986975000027,0.95340873883193056,0.95041115729953507,0.99830455963986664,0.88738472763174958,1.0162220408307865,1.0248217118128378,1.0263978449529254,1.023577967284526,0.96934737466250764,0.83125477619345456,0.98337403723679706,1.026785897643679,0.98356692798418055,0.99971485657334636,0.98172477152730708,0.97631650010896109,0.99672599224870406,0.94986964660389284,0.96823909237528938
0.97168986975000027,0.95340873883193056,0.95041115729953507,0.99146666286143403,0.91060140889292118,1.0162220408307865,1.0248217118128378,1.0263978449529254,1.023577967284526,0.96934737466250764,0.75973868556052859,0.98337403723679706,1.026785897643679,0.98356692798418055,0.99971485657334636,0.98172477152730708,0.97631650010896109,0.99672599224870406,0.94986964660389284,0.96823909237528938
0.97168986975000027,0.95340873883193056,0.95041115729953507,1.0073288649511576,0.89380275337599413,1.0162220408307865,1.0248217118128378,1.0263978449529254,1.023577967284526,0.96934737466250764,0.79181537603634433,0.98337403723679706,1.026785897643679,0.98356692798418055,0.99971485657334636,0.98172477152730708,0.97631650010896109,0.99672599224870406,0.94986964660389284,0.96823909237528938
0.97168986975000027,0.95340873883193056,0.95041115729953507,1.0073288649511576,0.95222728130718559,1.0162220408307865,1.0248217118128378,1.0263978449529254,1.023577967284526,0.96934737466250764,0.89021502334748237,0.98337403723679706,1.026785897643679,0.98356692798418055,0.99971485657334636,0.98172477152730708,0.97631650010896109,0.96597064468201665,0.96869806641289191,0.96823909237528938
0.97168986975000027,0.95340873883193056,0.95041115729953507,1.0073288649511576,0.93827881057136164,1.0162220408307865,1.0248217118128378,1.0263978449529254,1.023577967284526,0.96934737466250764,0.81547349850717155,0.98337403723679706,1.026785897643679,0.98356692798418055,0.99971485657334636,0.98172477152730708,0.97631650010896109,0.99431056383922478,0.96869806641289191,0.96823909237528938
0.97168986975000027,0.95340873883193056,0.92153629560564987,1.0073288649511576,0.90028850144649297,1.0162220408307865,1.0248217118128378,1.0263978449529254,1.023577967284526,0.96934737466250764,0.92732549449157342,0.98337403723679706,1.026785897643679,0.98356692798418055,0.99971485657334636,0.98172477152730708,0.97631650010896109,1.01479269274407,0.96869806641289191,0.88304823609734928
0.97168986975000027,0.86502141968876667,0.94004491017217851,1.0073288649511576,0.88626946106448379,1.0162220408307865,1.0248217118128378,1.0263978449529254,1.023577967284526,0.96934737466250764,0.8218757832740593,0.98337403723679706,1.026785897643679,0.98356692798418055,0.99971485657334636,0.98172477152730708,0.97631650010896109,1.01479269274407,0.96869806641289191,0.93585065461015127
0.97168986975000027,0.88420185834603171,0.94004491017217851,1.0073288649511576,0.8946190832148333,1.0162220408307865,1.0248217118128378,1.0263978449529254,1.023577967284526,0.96934737466250764,0.80150029083938346,0.98337403723679706,1.026785897643679,0.98356692798418055,0.99971485657334636,0.98172477152730708,0.97631650010896109,1.01479269274407,0.96869806641289191,0.93585065461015127
0.97168986975000027,0.82717466655280469,0.94004491017217851,1.0073288649511576,0.98483795985657918,1.0162220408307865,1.0248217118128378,1.0263978449529254,1.023577967284526,0.96934737466250764,0.85137829060791614,0.98337403723679706,1.026785897643679,0.98356692798418055,0.99971485657334636,0.98172477152730708,0.97631650010896109,1.01479269274407,0.96869806641289191,0.93585065461015127
0.97168986975000027,0.87445424485456857,0.94004491017217851,1.0073288649511576,1.001536415838818,1.0162220408307865,1.0248217118128378,1.0263978449529254,1.023577967284526,0.96934737466250764,0.88912982839090227,0.98337403723679706,1.026785897643679,0.98356692798418055,0.99971485657334636,0.98172477152730708,0.97631650010896109,1.01479269274407,0.96869806641289191,0.94456590244162153
0.97168986975000027,0.8352532270452907,0.90889751477177516,1.0073288649511576,0.99055271580751381,1.0162220408307865,1.0248217118128378,1.0263978449529254,1.023577967284526,0.96934737466250764,0.86456312614012198,0.97566598911166225,1.026785897643679,0.98356692798418055,0.99971485657334636,0.98172477152730708,0.97631650010896109,1.01479269274407,0.96869806641289191,0.95594038440352269
0.97168986975000027,0.85175938594723233,0.90262222619428156,1.0073288649511576,0.99055271580751381,1.0162220408307865,1.0248217118128378,1.0263978449529254,1.023577967284526,0.96934737466250764,0.86309987571902647,1.0116532464309871,1.026785897643679,0.98356692798418055,0.99971485657334636,0.98172477152730708,1.0087045896803599,1.01479269274407,0.96869806641289191,0.94704497169100288
0.97168986975000027,0.88196258120370497,0.85063354856286977,1.0073288649511576,0.99055271580751381,1.0162220408307865,1.0248217118128378,1.0263978449529254,1.023577967284526,0.96934737466250764,0.90038365355613381,1.0116532464309871,1.026785897643679,0.98356692798418055,0.99971485657334636,0.98172477152730708,1.0087045896803599,1.01479269274407,0.96869806641289191,0.95847197577988019
0.97168986975000027,0.92269297420203289,0.85467736235493197,1.0073288649511576,0.99055271580751381,1.0162220408307865,1.0248217118128378,1.0263978449529254,1.023577967284526,0.96934737466250764,0.94674251913682639,1.0116532464309871,1.026785897643679,0.98356692798418055,0.99971485657334636,0.98172477152730708,1.0087045896803599,1.01479269274407,0.96869806641289191,0.95589206829732998
0.97168986975000027,0.89265245973243879,0.87808034194167983,1.0073288649511576,0.99055271580751381,1.0162220408307865,1.0248217118128378,1.0263978449529254,1.023577967284526,0.96934737466250764,0.94674251913682639,1.0116532464309871,1.026785897643679,0.98356692798418055,1.0089762589077906,0.98172477152730708,1.0087045896803599,1.01479269274407,0.96869806641289191,0.97119945193604373
0.97168986975000027,0.85395897022922007,0.8511738199181591,1.0073288649511576,0.99055271580751381,1.0162220408307865,1.0248217118128378,1.0263978449529254,1.0371802978801463,0.96934737466250764,0.94674251913682639,1.0116532464309871,1.026785897643679,0.98356692798418055,0.95713900864563672,0.98172477152730708,1.0087045896803599,1.01479269274407,0.96869806641289191,0.97119945193604373
0.97168986975000027,0.96146671462990851,0.87666402346434902,1.0073288649511576,0.99055271580751381,1.0162220408307865,1.0248217118128378,1.0263978449529254,1.0371802978801463,0.97808902576198908,0.94674251913682639,1.0116532464309871,1.026785897643679,0.98356692798418055,1.0225860392033383,0.98172477152730708,1.0087045896803599,1.01479269274407,0.96869806641289191,0.97119945193604373
0.97168986975000027,0.93159447340929646,0.9231789710337408,1.0073288649511576,1.0303274269628744,1.0162220408307865,1.0248217118128378,1.0263978449529254,1.0371802978801463,0.97808902576198908,0.94674251913682639,1.0116532464309871,1.026785897643679,0.98356692798418055,1.0225860392033383,0.98172477152730708,1.0015511690332868,1.01479269274407,0.96869806641289191,0.86964030990825891
0.97168986975000027,0.94860709230568863,0.86110868653815387,1.0073288649511576,1.0303274269628744,1.0162220408307865,1.0248217118128378,1.0263978449529254,1.0371802978801463,0.97808902576198908,0.94674251913682639,1.0116532464309871,1.026785897643679,0.98356692798418055,1.0225860392033383,0.98172477152730708,0.94119127966662408,1.01479269274407,0.96869806641289191,0.98971252337389004
0.88733825106579767,0.89285838670729878,0.80732975712612509,1.0073288649511576,1.0303274269628744,1.0162220408307865,1.0248217118128378,1.0263978449529254,1.0371802978801463,0.97808902576198908,0.91181645825874047,1.0116532464309871,1.026785897643679,0.98356692798418055,1.0225860392033383,0.98172477152730708,1.0041366916300478,1.01479269274407,0.96869806641289191,0.98971252337389004
0.83031558450862364,0.85217359954537408,0.88531732157684861,1.0073288649511576,1.0303274269628744,1.0162220408307865,1.0248217118128378,1.0263978449529254,1.0371802978801463,0.97808902576198908,0.94322538383978827,1.0116532464309871,1.026785897643679,0.98356692798418055,1.0225860392033383,0.98172477152730708,1.0020410737601984,1.01479269274407,0.96869806641289191,0.98971252337389004
