0.74802759565529353,0.74917413324576521,0.62787960757544625,0.69913438694410357,0.68693447371487715,0.78527177176921525,0.58818730058047208,0.78005239057286524,0.59923809565605135,0.68929040986937984,0.76898952479118798,0.83796504374720959,0.6718744068159771,0.75008089503155984,0.79849630417271622,0.69929763772494391,0.86524089144922967,0.88306361673003586,0.89195359575379252,0.79913720226066187,0.68858187116773339,0.55665444933535502,0.82439991898381382,0.68535326931394214,0.66334480558202036
0.65755655728533924,0.67961119339146392,0.80321777168958164,0.71226179552233837,0.67766355782740273,0.69140097828522085,0.79153270164195078,0.71642582690435286,0.59711710709688925,0.66585471371780014,0.85404977569900153,0.8562878626158088,0.73293673375628809,0.69864262499168051,0.77168570138175463,0.61541779906783067,0.7105278350281734,0.89311016080060968,0.90206417673719341,0.75880909025835019,0.73831676393368839,0.72540157949748996,0.85234794913695133,0.67128345581386561,0.65061613438528865
0.57915772950541189,0.71140604678438035,0.67066818271888795,0.77134837360172126,0.83244262926022172,0.65733038173098468,0.75421977224448289,0.8126790423132696,0.7145302480961413,0.61638615448641021,0.8190304804345232,0.76742538803486138,0.6786504587360368,0.76806045045531834,0.74891707591444989,0.61504819677885947,0.69148227778243809,0.81554413013214377,0.91994921835519783,0.80052799558385657,0.67468731663086889,0.70757873634738411,0.87234657318065068,0.68759922625205405,0.65133298935495021
0.77733383225026209,0.78056473015370398,0.76835528932337238,0.81696441507259931,0.75208880936769829,0.81421682989880151,0.6939804210248921,0.74238203727732965,0.75295769210786345,0.97552676065691291,0.71240848457970207,0.74111500620603488,0.74441309303743319,0.78793799218422078,0.7844716630906523,0.62620280093318514,0.78111056006262525,0.83373725981325308,0.90813359789022741,0.76939174431504864,0.87510961907263862,0.82142934521033428,0.87352979661520658,0.68180203823397822,0.64644945962749389
0.74267074856647697,0.74467507169712777,0.77229386826548929,0.73751732511022827,0.91199461763324696,0.81922759523645627,0.70369474848720603,0.8400520299837152,0.85800303350935603,0.88919165710762804,0.7112360953423208,0.74950175415276199,0.73774846848797815,0.77055388952059822,0.7737397032647173,0.5658718871379661,0.73798026475065459,0.79064708774781733,0.90274011125450659,0.82108807578841225,0.8905560284487668,0.82630664798133491,0.85709817270870214,0.81742823634244188,0.66910446937002155
0.76325663920178255,0.66904092196285736,0.75209204797871232,0.78701419952912466,0.92688984777331962,0.65245131923651556,0.71121976128148301,0.72123339788052387,0.84613617321711088,0.8554794902252052,0.81247128139791014,0.72583004618050628,0.77334639976870745,0.77576274646164167,0.71061477604961132,0.73863421974897903,0.8102084740479909,0.85505938000038939,0.90378913336773059,0.72009358244516997,0.90204137720821209,0.84285010518948411,0.80851227892034039,0.7545463179256271,0.63819942528597662
0.71672790293436195,0.66947792434306919,0.7495771144898733,0.61170771571504456,0.90141539395590187,0.71680246343096488,0.71839219322320269,0.67711651644280446,0.8710712575620212,0.88462104621410032,0.78799233250838063,0.65099825052786475,0.74212807328913322,0.76756225899312858,0.74198856146104408,0.72501349746712807,0.77551739160655142,0.70053657638774647,0.90639771793597435,0.80153451709309731,0.58193648448275892,0.79898013260052614,0.81287666185181717,0.78998540219731483,0.65310136137017671
0.85839843469646926,0.66166542986599441,0.8001375369158843,0.7009265227937167,0.88266497684399348,0.71747081307554839,0.80429108918432901,0.65426159570597275,0.85411728074956905,0.84584840152753848,0.66386636451024872,0.6419581965812533,0.89328058608880834,0.74930596118434079,0.7838279608235682,0.85348076683315832,0.73752235653833953,0.6320409825687604,0.8694300277673479,0.81877900452886354,0.53396637790517654,0.75159700782409122,0.81845450889840499,0.78868171915812335,0.6577014066166389
0.76687267720138552,0.64012255631962822,0.78456532042234695,0.60490438163335758,0.85846707739888217,0.72784182640735606,0.82992814384582581,0.63160402088749379,0.88475299226358617,0.85267638543942148,0.82060269890453497,0.74233798189594358,0.81351223400498884,0.71716141894051677,0.73964469250879061,0.79732937553884498,0.81650459318103563,0.66802598343799624,0.70945891785445148,0.90373862763390311,0.57601981546139047,0.69976257353047866,0.85542448896344669,0.7036548145188587,0.6661886909565764
0.73806092272546797,0.72983009564086265,0.75924317943598596,0.88687548654858661,0.82557271439792501,0.78012810198767923,0.82306128955621338,0.66665854610442732,0.85465242103579753,0.87256750951953643,0.75200924663782165,0.69515843168425939,0.77952922375007205,0.56405871935657914,0.69263634742769642,0.74109726641804929,0.76707624342971203,0.68389230588803951,0.84461712152609647,0.75416826892295741,0.63506002268149353,0.74899264952177269,0.79419009299619925,0.85639980788636672,0.67139671335262896
0.7394079348213638,0.77172425581180104,0.72532226068414973,0.79044208427188267,0.80586862108228807,0.70369185471169859,0.79997257612229167,0.62521448515069034,0.82490008373256329,0.86044376455025984,0.82761360486109981,0.65762866952951216,0.77753971864843685,0.66692228365689143,0.6695703793104143,0.679198334371931,0.74405949197583221,0.78473213892339999,0.90376078777646662,0.60966747952331857,0.68070729341376157,0.72420824441117815,0.79346682340719865,0.81249416482235604,0.90084204363554765
0.71240091446484188,0.62500830254285733,0.79355007991251558,0.64810199897455778,0.79916424980387812,0.6959321697595473,0.81328268306717044,0.7430278613553577,0.91367683845019676,0.85868026838931932,0.76857382214690995,0.60801681693557852,0.80670685989135527,0.54749855354617782,0.79523977113498401,0.64559213687270511,0.77124083406657273,0.84137006866460229,0.8150951001814023,0.72621421436044864,0.6131631518496512,0.74025313205608478,0.80542998337198712,0.84291880434268573,0.86634552588673119
0.70938931009635464,0.48886517721826966,0.79782984975873861,0.79205097143402137,0.76633775864887099,0.74016608447892407,0.79224397335033636,0.71551884988581371,0.92615999737189858,0.84902494499587633,0.82459361534895581,0.74021313982724624,0.84250746434623081,0.59007467101125721,0.79164765022341033,0.75867803425734903,0.79366623132953196,0.67463456273670519,0.77062881290019636,0.7778857922948702,0.80142913029735585,0.74007247483910654,0.81709727813053012,0.77551428478858264,0.85675622336178159
0.74921051251065907,0.71959900304762536,0.65539770123794405,0.79906459948650665,0.69533045631487389,0.83752234827281091,0.79655441847966235,0.70651918768455912,0.86497540320610156,0.85299366174668001,0.78107321697240784,0.80705007245052063,0.81573608544998988,0.565606233132676,0.64853199241961135,0.75513061181778407,0.64644350995925182,0.72078009468449034,0.80299063430344253,0.75932696103634312,0.78425290961306882,0.70360412527667027,0.77580135330634004,0.8244120869617646,0.69037392296335021
0.65712060980602827,0.82898798496147852,0.60975768007452669,0.79703408414368226,0.49751968113808065,0.85763679195603704,0.76635891877166296,0.62786867185996209,0.89779864242414598,0.85779403144078092,0.7631773330424797,0.78782943032634756,0.82706455572871374,0.68555338092497464,0.75813424200716317,0.63704365173306243,0.66305582529646423,0.84559200419382563,0.7583347949351773,0.66679310608115339,0.71338246326051902,0.65762958651914905,0.79937789738157106,0.78741057164358752,0.58863949718277009
0.646567976207851,0.84001021294267642,0.64388157987149197,0.76765565860810547,0.55957749248873134,0.81794392329208376,0.85516298594497087,0.71326905957754905,0.86301362216522515,0.79868909391563681,0.63372380942235373,0.77341097752268728,0.81355274496930219,0.60358712563316375,0.67036647367437274,0.76639142093752377,0.65223473816750488,0.75908151759549269,0.84529777067070011,0.84674031482198631,0.7786908218503531,0.74300794205265697,0.78240204384222511,0.76758146209189682,0.58376727642155413
0.73252302702898553,0.95716740916908472,0.60762969840039815,0.73790396844269612,0.79552213090785073,0.80329910649850877,0.88820985671657349,0.62559645775679862,0.8648768434640598,0.74837271065978506,0.86574483012598791,0.61924429299192929,0.78270923912699097,0.62282735540382284,0.68336490765202118,0.74527649269033924,0.72620563776353719,0.68602752235434206,0.88513605008285767,0.8075931916590976,0.72112639820251156,0.68650141315543045,0.79848436780358911,0.80661855671148608,0.51356177896035793
0.68161860372692351,0.94479496527156925,0.67390898383547859,0.75964289068501278,0.75447854080594645,0.80814301376360753,0.81054457046826911,0.76076648260212121,0.90989936144719696,0.76791737573428931,0.81687111879177865,0.7045412428483897,0.81775358971229029,0.57333914265648067,0.66139641402221105,0.69376563722167883,0.70601804392802336,0.83511645785820376,0.83882175750666699,0.80006813992090986,0.80586250832678019,0.74713607299714491,0.76386499275820308,0.8113444710418386,0.48823915702660015
0.71634560713209949,0.9674641000180263,0.63745379152574133,0.83947238042793293,0.67141886622157354,0.73871267297511667,0.78000777260301313,0.78192358645937565,0.86051649768740934,0.73998794938782586,0.68036909559978054,0.68494322610641345,0.79757200495670644,0.65080520029181366,0.71418324530341992,0.67840420221820097,0.70814815396717423,0.78281410205635682,0.8774229915120908,0.81622273060010775,0.6832917680865046,0.69194590776273901,0.79772104480666495,0.9080246494331452,0.65613433779394581
0.73258603179298232,0.83447514464661765,0.6840866783857783,0.7847755845229798,0.65991310044908313,0.81129980516492139,0.93135564518328662,0.79580501293258243,0.82802846048516665,0.82466115786086802,0.83712128830206922,0.71344309959792251,0.84775488063841653,0.52834473574801222,0.90712267677188796,0.68064554911209685,0.89315179406345491,0.75257632931204899,0.87718533019097567,0.77917498729797663,0.71712444456994828,0.66591091506521582,0.78303178761941827,0.65791778589575933,0.66461899708184446
0.77743698144499862,0.82822347285111675,0.65083294818617921,0.84629333578196653,0.69724934091934576,0.82589793649186338,0.90069646811957749,0.66605383757261771,0.7222668958234042,0.59007890653233919,0.80287133834553581,0.86335214443161912,0.79446915837565191,0.82766907071061446,0.88810987986845003,0.71973798406357536,0.81427165266247159,0.64128225411453732,0.85482068272750655,0.81132578043646819,0.68433443614157552,0.69197549221465016,0.74808215041599324,0.73855444964795092,0.61065369145802062
0.81682903815997032,0.85623422442297603,0.80675382516884409,0.8778488249041817,0.69746187287111694,0.84609913093247591,0.84132721377495345,0.68013592935994038,0.66258751204509037,0.94752321751977775,0.7681843897223356,0.88387857737650843,0.77632772067581646,0.82824224070598806,0.81447400189312846,0.69416401002769113,0.79315407294434059,0.65058747875263345,0.84017705868048032,0.83041976196202594,0.67263445970017421,0.82333960971964648,0.76309578708960979,0.84754573205510986,0.47703860212209021
0.73236336150806003,0.94451295023095405,0.75931939860989339,0.82472767323047358,0.66812658837744243,0.97267190949127369,0.73932454671431203,0.6928913487738978,0.72135943896560828,0.91158038928700214,0.64595545156564449,0.65805546933337233,0.7303556237497334,0.83802517627303041,0.87376751782161399,0.65640098761283316,0.83928136794750197,0.6969501765634567,0.86398359511535183,0.93344153536250807,0.71404968242311839,0.86010453239616413,0.77130508922341101,0.57593279603308178,0.70288279988982105
0.81634819118169943,0.90258688123844455,0.82168290267638289,0.76478810122971419,0.75557753264402072,0.78767883210283607,0.87830348778319922,0.76127701782637114,0.73025038212394777,0.8743220237616357,0.62828452880280317,0.70543996894765271,0.63087776121340933,0.82691020528594683,0.87409990823813632,0.66483592996436858,0.82339476485904894,0.86870451257244119,0.86393487854144035,0.88637384034248201,0.68845910756367079,0.77489264425199722,0.76248217378210736,0.67846365903777894,0.67270187271078541
0.90639720673779089,0.82201559699830129,0.75135665173137056,0.8880958122688819,0.70400682981890483,0.79942759960807586,0.77172141620462487,0.71562236883624597,0.71781701553962396,0.85335518529710264,0.82636363625994114,0.6576106334668429,0.86806229206934804,0.84468505253320691,0.82038281225778664,0.69155311311864753,0.843917642612943,0.80944036145780984,0.88415639850965932,0.90741929585537062,0.69709378635403241,0.75574738610342196,0.7708484019602152,0.73991804916570614,0.80062070626030668
0.75575890950567437,0.8738280149766281,0.75178997936129,0.76080260370670172,0.68475373131520156,0.80366019631512109,0.87466047591812324,0.66460916729958974,0.64969404004833275,0.7792131234546632,0.74822716691721369,0.65196826620852011,0.69972180507906367,0.78881852716013034,0.85883168274079347,0.68641692741980298,0.84157149616815163,0.65741919222256717,0.86698138875059272,0.85876818818248757,0.67131562154938018,0.66008225796619691,0.80373720590078379,0.74735470623106748,0.80979676635622777
0.81339823251545063,0.84499238239136831,0.75060149705653656,0.7033003548637603,0.65023312336792805,0.88882575702226241,0.81392539789855023,0.73477654283400995,0.72881482041020185,0.89332739571883324,0.66502902068588954,0.73451639668555713,0.69392741050025519,0.86347959122341644,0.78011335257595638,0.60045521794818191,0.79772249491163039,0.63070789167258623,0.83322923378361724,0.89474357158096895,0.67676048185691418,0.64839641745311416,0.82987524381616973,0.67434765912992212,0.8225265812024507
0.80268031175439758,0.80531505174373597,0.67368681189356805,0.7117292366212763,0.81268731005473738,0.82956352760035657,0.79129886568725238,0.63110565517472128,0.75541961175381134,0.909175485502414,0.79078152071717012,0.66132802646712774,0.66988683494633583,0.81840105468704261,0.75799760629379354,0.70600970732854196,0.84838251332567538,0.6843224771269355,0.88126958214357287,0.90857622519176473,0.80967333302866729,0.6819384221138336,0.90066931793200822,0.93011720791559216,0.79102252802631834
0.82936501618031433,0.82198375011214819,0.86546775747387705,0.68768187679341752,0.87681873460269699,0.80307885953746339,0.78548269750054156,0.66168335919172383,0.7308511989338291,0.86093304452720032,0.70627144838114642,0.74447630561907141,0.6543063085325822,0.80202770989514616,0.54898892097581964,0.72039147992576635,0.95377543795755004,0.73178462993864068,0.93782070549658558,0.86571418507487896,0.80915719882087789,0.73984574001069792,0.81499338987067316,0.89463632201765386,0.7966461585112381
0.85935144684749631,0.86902281212273191,0.83542482212969271,0.86945909362383189,0.85584753022176752,0.83126525426658782,0.90702511911799544,0.58405719067234896,0.6949452006539194,0.89924074857567371,0.64668444761847299,0.86865316206668686,0.65263680524320844,0.82848927651837057,0.78070742440446861,0.69875912713722443,0.77823636720198253,0.67485598964676141,0.98259104223587634,0.94343247952884568,0.68824501718143349,0.68433450127843332,0.81669290179647225,0.67074769777479715,0.77128055230241677
0.70844720902530367,0.87126382694228965,0.76724808747112194,0.75177553409492093,0.83992833441024262,0.89668481756081575,0.93172568972835468,0.70886666264442066,0.76314026623468723,0.8447074587551221,0.72312541253096518,0.86033781525735475,0.71128632689609184,0.84815442656826012,0.67793570075856424,0.64055748655358247,0.90949481746928629,0.87115972536148401,0.9697732411740273,0.97503630352629156,0.70087303059039641,0.72487286949500529,0.81906866712030812,0.7514659860896914,0.80452587033232315
0.74537663068743309,0.81536056841933147,0.87226703048433896,0.85051434021176153,0.85356783018915805,0.80016571855970298,0.89626041674834767,0.67945126862919925,0.80733247528414276,0.70974477870949149,0.66829377578070759,0.8354112214899736,0.75064439883762146,0.7784774076331501,0.75604195982174971,0.42043443410109155,0.94786278540226687,0.79680935502018391,0.96696663100363922,0.91330614986897929,0.63422596955170596,0.73464297944930967,0.79950245233860351,0.73104338793934409,0.7360845377448082
0.68718178733197877,0.91533771539193776,0.62587508309313489,0.80447827274977102,0.84150013381315181,0.77735712143253888,0.84835282906441056,0.54157432176169507,0.80704301217092422,0.68147624655438932,0.69928871481060528,0.70761221356371196,0.69584639573483131,0.82927387791884366,0.69708267302509475,0.91119988852358003,0.88469907996396502,0.85120723865556835,0.96682386483980898,0.88984656597799849,0.64692501928451496,0.69636505356697831,0.80890675342502105,0.75106749445148091,0.7560988680524191
0.70902892179977139,0.88142512427993269,0.70590963581636401,0.85556294579130787,0.89203330847070483,0.77287765039484724,0.90840702105609594,0.68051451460770862,0.75838519691770367,0.61884288716140712,0.72218508615839061,0.87556714682959202,0.67118738566459901,0.72953750762329872,0.70405231229608345,0.86642729209892122,0.8475960325401497,0.86496324591279117,0.95655656456343663,0.78960627043161502,0.70117735945298443,0.82360952235862761,0.77170906035012232,0.72660348398045627,0.79487719414902069
0.63345905352645338,0.88042967396852911,0.69328884341974562,0.89203139890622463,0.90769377099474235,0.7941882684553313,0.84431805404261906,0.62912708083644031,0.77760629728918595,0.68726943102486093,0.7745627880372119,1.0270698373922638,0.67184905192871303,0.79875158183642148,0.62686621421965427,0.85967719691270339,0.71241950534795651,0.78669092680007613,0.97249927983531947,0.9204162338275037,0.68923568253048106,0.77745370734791952,0.82403732362803273,0.74287444295729776,0.77164510202018488
0.7670310100331188,0.93803237831619812,0.84053474302219811,0.88383751149653456,0.79769979643028044,0.85117435524515939,0.83245581281864123,0.75822151751266886,0.8796574987268595,0.67398657973478771,0.65726736685490861,0.85010626067172068,0.71054802533097194,0.7386087088855432,0.87049056060640906,0.86496019219565068,0.87600242825890051,0.78772269988657617,0.91621834238355482,0.88013937842799284,0.74299365303449882,0.73855904063573774,0.77816416568365498,0.76092468478985487,0.75625489892906694
0.7724627165379031,0.79093581431228721,0.84770397771943606,0.85573410284345908,0.82261052727965367,0.78758167693171588,0.90643403962995539,0.85707471893932663,0.9292342524981213,0.69291600937487041,0.69516014018234928,1.0395911679157193,0.66304275065213114,0.86831379725891211,0.88981696371907859,0.89175431320103171,0.80601735493439253,0.80914915337701154,0.86273410286054486,0.84935504286710028,0.66688212726908835,0.92234570649796843,0.76227800374539367,0.70160072338512713,0.77350155200069726
0.67650477383477914,0.89761213111391447,0.7752641324259506,0.89737173251342772,0.81759526367887703,0.83841693721299426,0.90113335199913314,0.78339139673312541,0.85146565822958953,0.70436362765278515,0.62496459053943476,0.95055756367403776,0.73157883798920242,0.76380211152116417,0.87481228407699241,0.82423903080859096,0.81934573053334003,0.81738884722757255,0.76137316867772764,0.93400452498084841,0.69976400251479387,0.8070472844573664,0.81798201870306264,0.67804285187349356,0.79002247319185981
0.81728782587839721,0.8556338949899901,0.858530584059914,0.83861320268192818,0.89763434052757163,0.78513984476421128,0.83275460895135478,0.90213150788573759,0.84945640294111924,0.61987258562583791,0.67797204143267975,0.86851394688100869,0.78888766777709673,0.75400902637264533,0.83553594257263231,0.86432671430580621,0.78176268971674379,0.77222777897474204,0.67375901771183866,0.94520482479861512,0.78429670341299607,0.86366411706198454,0.82106231978101296,0.7465865021088518,0.761656060754204
0.70795545266106086,0.82942334461272915,0.82931362954816545,0.87641261167242834,0.82442669584656303,0.85113172589736752,0.84616082721524466,0.8725257662724436,0.82255417547451048,0.69516872562364729,0.66888818471893541,0.97942926238765082,0.86005039206490042,0.80418068565412337,0.83737656109830216,0.88746413595396723,0.7140721498228928,0.7402212500543538,0.87868333400120802,0.89201812345814147,0.71114802214252915,0.84109276576626502,0.80256103702274417,0.79708789733390795,0.81480176382186575
0.68024720083227286,0.88941591071361215,0.85955553707699806,0.78586913324852525,0.85708099996322917,0.78441617665090402,0.74532191012670557,0.89672172148280227,0.77705219927774427,0.79251396810342389,0.75966552426416012,0.75230972470681468,0.99913228765130147,0.71754445030347269,0.85917630168508519,0.83350819554370525,0.73081253943150559,0.83604833390328948,0.78230339535927029,0.92707391924648253,0.80180918930281031,0.87659278689696107,0.81012587505668066,0.74920858534773849,0.88654620409109297
0.72819333784101403,0.91729805477647153,0.78898759363563165,0.78467252585493519,0.78024588848072984,0.78890740176058183,0.79511986411661273,0.85634654307567259,0.80792146780350926,0.69071876963372658,0.80157739489858348,0.73618945943027536,0.82304194719092649,0.78514258588632313,0.83289425563782726,0.76130887957011173,0.75565493741986278,0.86267803608927907,0.79208451256289147,0.89444485329495593,0.83626640616669001,0.89356058771242763,0.79963376411509268,0.75211684488794039,0.89933219350995086
0.66623471501511433,0.90216486213957536,0.83846492030485886,0.73084663900557256,0.85620524334377235,0.83382219268539781,0.84189853122275315,0.88594208328604485,0.8405842531800114,0.86764446835612286,0.62366045091793731,0.84747463184783622,0.78283089209685375,0.9222928063567194,0.82754843061405348,0.70883817961912488,0.85555282589434711,0.92319587292256866,0.93726500086873688,0.91602798829299414,0.8390576737014146,0.86654683857640735,0.77214005434221111,0.62380605025487668,0.91161138023720178
0.72602080541809044,0.89176909451904385,0.85370776328724041,0.908174541765157,0.82997069482172647,0.84445435186115314,0.76091128580484868,0.82319207061335797,0.77756753830336123,0.82443242520193072,0.69075051280174882,0.9802156966667489,0.93003435187936701,0.89464038884289621,0.88500658963485734,0.84483386455064935,0.70635851603882138,0.90818646436195494,0.95703428387963518,0.85766688745943431,0.77624154988394356,0.66512669108153988,0.86783680847194289,0.68153249962458529,0.91400196251495458
0.7470361552245296,0.94114220048051123,0.85070902957192041,0.96111129345592594,0.87275137285908544,0.70444347204803759,0.84804753123788135,0.87210697130637105,0.85621514460655457,0.78721955372565822,0.66160240587899066,0.8793018158859065,0.86681097074760671,0.88527640399846608,0.65447989799861372,0.82303516927068676,0.84378394956058056,0.88703850738839085,0.99353198293341316,0.86651413403503852,0.87176545839196862,0.87770054156827715,0.86557832029885695,0.7804531454365814,0.90706626035386306
0.76462627928040083,0.93042896737263125,0.78137604864528021,0.94865076592743824,0.85120784833747798,0.82590532354436019,0.87996895392042052,0.86394051918478754,0.89169351567648569,0.82882096206953748,0.61764960721797091,0.8522975952774916,0.96076813252622706,0.83600528721755429,0.77416876454563877,0.8747679651070619,0.78520899350806106,0.74532402763788252,0.95262652509396106,0.8863121329566539,0.81961605159861728,0.77624119103304867,0.86358679716795805,0.67555718843000911,0.96631227073066472
0.69018046755415585,0.81799748147748774,0.83332478944695398,0.9477151395868858,0.90391499597527303,0.88090570308565574,0.85824573723712838,0.82000471828059718,0.81725620219110429,0.80117674995978982,0.64975010886345097,0.8085765554464075,0.86920363452582294,0.86693591858899488,0.77596276313692392,0.81038972722744373,0.91292909371839603,0.82400140510278008,0.96664996368242495,0.80952093431186101,0.88349232282482437,0.72470770436097631,0.89006775744325339,0.74552149442047844,0.8737922991051229
0.64507151561841969,0.87874822306750677,0.81702798748578931,0.92700541673097048,0.84236880712548712,0.92597092912525247,0.81099413603588588,0.68034157139771223,0.76894771905909365,0.8493654397041247,0.85273118786101854,0.85751740503279805,0.86489600671490807,0.89736602364219664,0.88972843617666086,0.87333248209023895,0.76022228838123362,0.76053086285300164,0.98355767062803112,0.79700917649711323,0.78337693468908609,0.795076657519177,0.92256542874403524,0.75135828284213257,0.9509983599097116
0.75536390732972813,0.87378898976281527,0.87976661788502086,0.93397516914674539,0.75356885951865504,0.94473841886251897,0.86779936849228356,0.82262347590606555,0.83847790097172603,0.92882162249564659,0.7793406378871508,0.84589593926600348,0.86411768125392785,0.84625325131159668,0.92945055175301683,0.89010033496404573,0.78954873525464486,0.80398627694210656,0.94861864081710134,0.70808123257856959,0.86238726538715482,0.82684716097681898,0.88177172011250093,0.81565927458828147,0.89237976715831402
0.68211027775166799,0.93722979358790592,0.88792206031597698,0.8834740659311735,0.8533488655354714,0.91525657573628039,0.88524013597431517,0.96859793873585087,0.7389799671337044,0.8857058744931301,0.66010342838725755,0.81264267056995332,0.73955904346026102,0.92996196443241719,0.84544023499359899,0.87543910001971759,0.96103863563183223,0.80683126537949235,0.95850683488283284,0.93951057775176117,0.8670119931211907,0.67744129660199037,0.86762466601063781,1.0129134937608613,0.93206024144395605
0.78958825464217941,0.88487731675874892,0.99360843911046048,0.86429131592122399,0.89566883504993966,0.84894109014143737,0.85219773699764634,0.79429237791255958,0.7911120074660023,0.82449096088488549,0.77656685030558736,0.59959055851757648,0.84777771515583367,0.96749168767049887,0.85333568001741633,0.84030672311352861,0.89436119236259293,0.78784188031981706,0.92205833451924069,0.93433980973605679,0.79774311267982312,0.85631257672373584,0.83110179615098412,0.99094390536712396,0.8924727118085346
0.67223987341705138,0.88533762732059029,0.70477062373097321,0.82400792625496433,0.94871030407392587,0.87604007675549289,0.85930587531303526,0.80420010493783389,0.77330389560702273,0.87362901561663353,0.60842670110142372,0.60900251376484038,0.82513768040310453,0.88525986894049224,0.81547108962319448,0.87750342525481395,0.81514980305078943,0.76233978817053838,0.8524370101043276,0.90804161165858477,0.86470697020115184,0.76246308134723983,0.74097911021622265,0.97859710898409713,0.93276386814119217
0.76358009578770125,0.87807571622956038,0.95047988814997442,0.83149711178602514,0.92111152575454092,0.8210511091653605,0.86483600616063783,0.77939112553965706,0.8146277722466817,0.89269083690202222,0.74929584009692218,0.66685017047150508,0.7509811471051745,0.87780958006664445,0.65395095458669295,0.88533567696180782,0.92139771619549871,0.87601275719841576,0.87850349770925173,0.90732420867800445,0.85518098951877131,0.74287432570081557,0.80730931231218417,0.80946172042765385,0.94814578477116029
0.77928544228480556,0.92852647954408274,1.0106113131036616,0.744767585382481,0.86721746476263928,0.93715043584005686,0.88745300451358722,0.81094088992707514,0.79942549795336748,0.86668569173524801,0.80174098988119236,0.63460656914677194,0.8418334206883622,0.86014948827793003,0.90937629692467237,0.79316644826317539,0.81634094413511693,0.88791184325599004,0.85558829412855353,0.9003920110635576,0.86174022201123412,0.74941685708959582,0.83625755115337008,0.83695226782243204,0.89091772212995213
0.70146869233771347,0.8912715571443659,0.94627998391936463,0.86091966150333277,0.84194821973680856,0.99056235792614888,0.87860863277398993,0.84987210642608235,0.89769690993257478,0.90735062239245723,0.72902827571170836,0.78993423035490118,0.66792733862571774,0.88984727460153001,0.79238320829695208,0.85656772581242502,0.96713145555242841,0.99765001477368076,0.90343911563700929,0.75558650633629554,0.7306278405116553,0.68046349228545999,0.73093240401419646,0.71310217506346241,0.91973396362632809
0.63905591286731112,0.8629268093632948,1.0104856944506444,0.8372355500101154,0.68429395988977793,0.93180323598596548,0.89258782668034997,0.92686512480428596,0.82715318970539631,0.94299453961023416,0.77030073742579919,0.7093838925570668,0.66692619181804358,0.89550920047879701,0.76674758815836619,0.92805140989878887,0.97309489425705087,0.8541096386747602,0.887600195054007,0.68615429949030016,0.69226078022867166,0.65826298169011099,0.90034467968543364,0.77323322448131748,0.94453767249148213
0.67872569870863697,0.80363893760338911,0.91291038412460634,0.8203669746141693,0.72624694374596344,0.88047759701367523,0.95843136533355178,0.89992308054087511,0.80823504920595313,0.80511154039240884,0.88515829992890516,0.69446717749340459,0.70574049266326555,0.8583011130775039,0.88211398439793187,0.85444739198509423,0.96905820257555331,0.91306699319176432,0.87924207058145876,0.79851287459586751,0.73161616816945307,0.58948913893305455,0.84581488600690724,0.70063340794033568,0.95312462142345145
0.7922737682133052,0.89532198440199573,1.0295953583560657,0.79810285063538011,0.66722464194943765,0.85777456974313793,1.0138367822583774,0.90477396014028511,0.85815632968541666,0.89267334866397063,0.81184157140304547,0.78886458717632013,0.74378153039629935,0.74845286102340136,0.87486679776866194,0.88768637308675669,0.85844923663510631,0.91269083927822559,0.89380841352378293,0.64194260444444529,0.80015312477256273,0.69478428591003227,0.88980771150938121,0.63437511982918182,0.81782713533317852
0.82288659498573535,0.99855399211565499,0.94935370076685688,0.88972028440620909,0.75961135408375846,0.94526245273927756,0.77142487298373941,0.92085233979493064,0.70582586663004587,0.92168148309506404,0.70924328266921388,0.73718156139678392,0.71587381877549472,0.86191117487419044,0.95209725409831403,0.76303553586958572,0.93965167422920992,0.70689377967366096,0.85578955358194619,0.78684208793451793,0.76425482473180106,0.6323707893812881,0.87064711636671777,0.7173901385416821,0.81752636780242172
0.62843593527803232,0.94883935121905749,0.85056839663371164,0.86946166012584591,0.87693003234594935,0.9001878180074353,0.87919892973910763,0.95932477264689742,0.82927177521335871,0.86543916885189831,0.75466046105553319,0.71542039922779765,0.69298920216393267,0.71246188022067891,0.94444503281421854,0.79571932664951384,0.89259319384794056,0.92267919979699475,0.88833955738994053,0.83916520254615001,0.78362187200550837,0.85013000037037345,0.88689260751857923,0.6597631058531449,0.82987375495554749
0.71718027137660045,0.96800707245588613,0.79177661900454643,0.91936077077605871,0.8967994242037407,0.92831414540912083,0.95028209620462356,0.97043160656699112,0.72351201251531105,0.88103054882876686,0.84563950017845224,0.74175765065240262,0.76419706612628169,0.654903597955516,0.86082995668877993,0.77924513160077591,0.89364527837992036,0.83663455845504064,0.83685501294985132,0.67635041946790131,0.75201172658443516,0.79650819931538919,0.89484001461923635,0.79534030359296304,0.85256693928754868
0.67548153271652278,0.99116116552367306,0.73907708206519607,0.86339767264719758,0.77287166843861255,0.76729365493211654,0.79891666347687074,0.95114369502250351,0.71195106184238566,0.85074945750956665,0.6705743258683794,0.85885929241107528,0.71087934302602229,0.7650216876184428,0.86204911380533078,0.59572173986216026,0.843079052291974,0.90868706984422354,0.88512158903795646,0.71978414713857952,0.66002135893952885,0.85031532943806432,0.87635368543263836,0.68190625625993562,0.76054579851325887
0.65149648320803133,0.89710066432915592,0.67379772571851548,0.83895691468968692,0.85935727253968863,0.85842006359860357,0.85211475759514699,0.91353184906830487,0.75737559278981692,0.93993211774125796,0.80413972691018809,0.87217563765105321,0.78435655187928799,0.77457272955749956,0.7338405716440527,0.76308351596293944,0.93891239289831663,0.83644844019332243,0.8898859890797588,0.72130339888271122,0.90010032368343962,0.79953868781188586,0.86652756380034146,0.73240328601333271,0.80924072250648904
0.71915080331305969,0.95056148345686853,0.73805850213641333,0.74204033322922758,0.83369571415974253,0.86428273979375148,0.80497244200265494,0.86076840702190316,0.66593533602695865,0.8626879774051931,0.76242244881202803,0.88732829418220549,0.77318190416338384,0.65825818182442619,0.88262110011664918,0.77358276414864591,0.90798488413202472,0.6191272686472894,0.87169374682948686,0.69094568207784124,0.86290150213622374,0.8438353972924757,0.95231022254636255,0.73250764739000174,0.70588031306015731
0.6514940266370769,0.90866677742402946,0.69407245758386293,0.57749246838757284,0.8477180339226561,0.75063518362323312,0.66723274293628521,0.89704430854558048,0.69382105045839659,0.80304983597055946,0.70461789550214093,0.81383006443701544,0.76326934380004852,0.69198783295487787,0.86188135778366215,0.84179206162624465,0.85772908265142922,0.74775088033243486,0.86949794104220401,0.76392118714794477,0.84572805035709242,0.80941446417953955,0.86145989818680513,0.79814406583601183,0.57541673340222876
0.68893206999789414,0.87297553574471298,0.88195288908565828,0.9195638482882097,0.80125148749551189,0.79696876536123584,0.75533203211973809,0.94246542570128633,0.91649659464719591,0.81426167285664164,0.62537980135637816,0.78310482728996955,0.78429801483510275,0.68380167284476223,0.77691767218910801,0.93580125373223466,0.9193680604151554,0.92442504995638264,0.78761771885899234,0.68773598375661948,0.81393290636635596,0.85067055436267058,0.94470615013491221,0.74941891221672829,0.71923855386881108
0.74694235060568337,0.93438207418079811,0.86309585144028411,0.85023268297578602,0.77507039461550098,0.95484303447969099,0.79165171417595193,0.87021476918064256,0.88518283023843114,0.77048732071351544,0.73501467593595315,0.73635033807215822,0.77732720444096637,0.74622632684830503,0.90349206761581846,0.76372930600887545,0.93225562148670993,0.94174834553828424,0.86291320441633057,0.71504511393944259,0.89662772821125902,0.85317703392061206,0.88129549224321235,0.76719163772317767,0.73211052134841625
0.83501078683449548,0.91013006534783636,0.73986996658929083,0.93103792376494565,0.86931282213827621,0.86890443674712314,0.68995989172026118,0.82578517525416439,0.84898549176956584,0.6843158389107884,0.69718690708450937,0.91924597712700573,0.78433252272269371,0.81241460528002551,0.77049367364604837,0.84879439486719743,0.92896179550204239,0.83770351963927903,0.85289475502584644,0.74694616696840876,0.93962790769606386,0.8651629766129163,0.77489993319799055,0.82531573146428394,0.75302979619205435
0.82563274787982344,0.9374516470050277,0.64553489519510276,0.87423183992376041,0.81980523255554971,0.85398804548438367,0.99078497919876007,0.76245114450192153,0.92222402328688202,0.79385137487781976,0.84212134584045062,0.88236955837362041,0.7529979849555356,0.72468007872775597,0.88404083495039099,0.80477238717995847,0.77561769052478646,0.96658628855055539,0.86873645427012303,0.69431473496378848,0.89093206741823994,0.85036545993653123,0.91470722254206727,0.73410807782632348,0.8297968810522216
0.8365598065486427,0.91653225026656737,0.69588112649384504,0.94161204370712082,0.85193293192550923,0.8801214153221768,0.81880655411899328,0.85422297750504717,0.99825619461672055,0.75742113923720178,0.92133248836576764,0.80779861997741909,0.81307476662370304,0.96407669398581253,0.85140902648943417,0.81660274597708582,0.95941859720325851,0.89787368824242231,0.81861479833195105,0.88059480150805969,0.8953204815291369,0.86882525225309815,0.89751042930467906,0.7530497508020102,0.81975549489492128
0.86788257300162108,0.8436733006325704,0.66331375678118143,0.85336329189640392,0.90041337662954768,0.78896431081334528,0.8958732345807624,0.99888185249326888,0.89869010827149454,0.93593961105476764,0.7915936392078734,0.73381924848185942,0.89235379483141686,0.76790878913830207,0.78660986347913198,0.90102761623364025,0.94065506942407373,0.92919184390222642,0.75022040558959935,0.84060330888845725,0.94354221022291029,0.82453582425903715,0.75586159734664626,0.76905166954342097,0.79889076820575333
0.90678735997222315,0.87046171642629067,0.75822094288041164,0.91814951729123473,0.90135741350637055,0.85555158430441003,0.98598139274165209,0.85407958034068088,0.88457099044974175,0.71921214257528154,0.81675973715422701,0.70735339138099762,0.8070690344975413,0.78322630754677458,0.94899762721312408,0.9095972969767957,0.88136778048422482,0.68901716211522823,0.93725220749307714,0.74272002621327682,0.87877829786104333,0.88960342253955049,0.71501256143315362,0.75917710093429658,0.80740253915636073
0.8133852344906678,0.86574463345214614,0.76336424930757441,0.81740268624867229,0.89273746600227044,0.94531864113248443,0.92057470098681016,0.95044116044825711,0.90067841117615843,0.80363334371918549,0.87755539158891072,0.61578526440499881,0.83831792911005221,0.83712868625985404,0.88918455728717594,0.92236685900049753,0.92691334102972667,0.76083165235822892,0.86617787673374114,0.72214489149939254,0.87355967228500098,0.84078709140798535,0.81862905317891776,0.8332844780289772,0.72566739808767722
0.86206269522877599,0.87753900933059681,0.84888062998068803,0.93107526966528831,0.87752390389641166,0.88254992988478176,0.87860487023996847,0.93079804722471282,1.052377232079549,0.84836290870436848,0.88907079391081645,0.64644883466348113,0.95554938472623419,1.0488414669656974,0.81836590999851466,0.94364709432537042,0.94828459814623534,0.71830841979243654,0.71635660305714888,0.90441623447532926,0.88923408758064715,0.80710548052428899,0.87120175530572097,0.79252271197269131,0.79148234042145238
0.82620845252232544,0.82941519393631591,0.81682330082327548,0.85684953798203456,0.83003264242357389,0.86933369185883147,0.97710241075952753,0.76340213168164583,0.85035025916049145,0.8012307821222141,0.85269376805984887,0.86691523374584645,0.89750385183784187,0.82905099828321449,0.76489309478886069,0.68715758899956247,0.9445673315584201,0.89778792300469734,0.82559721744503423,0.90128848953697949,0.79337628618705036,0.85155021123998642,0.68810610238089698,0.81514596376251891,0.85215452612866782
0.86108559995894907,0.80344246343862458,0.79837244906624982,1.0229644866310175,0.83655931137400752,0.82570258105855054,0.86356919790505626,0.82570966487103592,0.91396266620750022,0.90898427150327998,0.90322073901125377,0.76753408112975541,0.85687534087905681,0.86360920339417402,0.92909388085550626,0.88263182588999156,0.72558922176512497,0.89255162816133182,0.75325801194717057,0.90470180741650075,0.89240483780683,0.84022739986301453,0.64127478627812806,0.8343894013818447,0.7864935488284478
0.8336737208683942,0.87553638759645536,0.78163680335135755,0.94969736270043592,0.86343331782569976,0.92159076206324686,0.98396360076063127,0.79933342735815804,0.87541150788221045,0.9183201516115681,0.88186622660804259,0.81064040950284799,0.92468490311973295,0.75930699457199613,0.94797361281384296,0.82840961781681688,0.92562132252725593,0.93963804082073132,0.79914118034884518,0.84739864619234706,0.96471178035720229,0.83250018905610856,0.86573559774221198,0.89302249443969972,0.84134067709095228
0.78374846952930655,0.79863731038444896,0.78358813204886424,0.86928527928233124,0.84099692135341586,0.9726949167019403,0.84986701797796049,0.7270084524833329,0.85686760930083983,0.88536621436600993,0.95114913938274348,0.91192832513020294,0.82511042504404186,0.72704947220602167,0.93430985337075123,0.81113592336443108,0.9186212914935834,0.93436513765292994,0.82810934677491566,0.91729439189559048,0.91092288744725969,0.79852155592331164,0.83441964273419378,0.69855195736688258,0.89185797032831826
0.96863045842470141,0.79733741065502817,0.7232771886432956,0.94273281143744281,0.73935052356864828,0.77199833707976606,0.83782475736620476,0.76964885074128808,0.93544592572827734,0.861397004262209,0.8737463521448442,0.82884538945030706,0.69534698246736992,0.75671674164464175,0.89780745041065246,0.87406317469789485,0.98202423464119337,0.91690652889752799,0.78116166671661014,0.80560908780709051,0.77714721553738841,0.83103260417625824,0.94543761028564199,0.75261513383869982,0.85717548677629751
0.9612610914390517,0.82356649882782917,0.96740567847380032,0.96096603696399463,0.84166844335284963,0.86374863440701555,0.8252067844446096,0.76154245151714928,0.99323970682985874,0.87978043639890791,0.93951590438433796,0.89573269224509777,0.73856030996530309,0.8431006047173053,1.0051294699865831,0.82755619482054699,0.87339453445910509,0.99556032575354769,0.92608438228292234,0.87005235418507187,0.93287494611637178,0.86095247785727591,0.87007381332305522,0.74491458182587045,0.84659341040596636
0.86844541551891485,0.87952693483700128,0.95563202822163984,0.93389719676642224,0.87665593109675155,0.86267839160053683,0.6942764720726784,0.88587419311240378,0.70517612699111443,0.94851243433212939,0.92185619350590908,0.81096967217955562,0.90951041635609664,0.78623856475977694,0.96382986291498085,0.70940937379021229,0.86967090406482706,0.97686114424412995,0.99065987691380242,0.71945012116996754,0.89540050482420586,0.82488372424534051,0.71594281325429765,0.8457173330130956,0.92432151805028706
0.98534406115979767,0.90358948920167548,0.98596294575259291,0.91488860607689204,0.78121666013377766,0.84571731010350104,0.90984229032137132,0.84413191134953236,0.97494321799447647,1.0204549243803194,0.90242729009445233,0.91912014243959672,0.83808318626700096,0.8358859483083555,1.0030337207504865,0.87026189708714652,0.94963483817115135,0.90181361378004432,0.97853077220838058,0.91124091401469687,0.99089137537899752,0.76864190802386256,0.8731468780457069,0.70360848075099269,0.95705115130548879
0.94047301526729921,0.84087154311936907,0.95609179042223791,0.93825173847051224,0.83279493963213658,0.8229410420736929,0.84739900340781626,0.86025117070179069,0.92295434424681821,0.88449251440272447,0.92789465576426566,0.81646173500616215,0.92739519121293335,0.85479223130620563,0.88285595318249321,0.90592333445967543,1.0048422895824964,0.95393513026727828,0.98140130490505473,0.83959538435922254,0.90299289029249652,0.8636590180339293,0.90999389557860089,0.80981131135212459,0.9367443923803267
0.84887527189569978,0.76966179948239821,0.90817588258579141,0.92637319191585177,0.88162923732714482,0.67514713171115515,0.84054204375013941,0.83494855432257753,0.99649489661655277,0.93196987765386907,0.83828623003694969,0.7812989276523078,0.819834834492429,0.8315773803452966,0.891519858028476,0.7321379174245557,0.84345526205389532,0.92724837447581954,0.92492691846598352,0.78769558359223368,0.94925646544764852,0.78022166764629242,0.96524706067136767,0.73537347273381193,0.85959341603868877
0.70200658704469876,0.93041336959928078,0.93228255496183965,0.86726904680592853,0.81956354364073158,0.84130298747025645,0.71802450676283502,0.93390763057259785,0.98176217025658308,0.82055339618701195,0.85416654326729646,0.89626875073842194,0.89288080650574797,0.69380531052029792,0.85894734578749943,0.65899154819447847,0.87475697597824975,0.94733968435657823,0.86294233023230826,0.96196595474887658,0.94164043012310661,0.84430167596111982,0.89029201377885447,0.7630594378101081,0.83457632999662612
0.74312938789718319,0.90979038786497313,0.76394243481685853,0.94049328248777575,0.8247944954263795,0.78608961809205113,0.94036029623219297,0.829186401272895,0.96179090174175297,0.77071435270334743,0.80115354660798488,0.91230922930267488,0.80984128442044212,0.81162203573425074,0.78478340331036844,0.74427617941149971,0.8944160034683355,0.86715798199123229,0.91983061471827365,0.87975112301305247,0.89209341812125265,0.97607356434540193,0.93725778480350286,0.75145331867762355,0.87843732406738084
0.99467091842852229,0.89127938687121622,0.786649967691472,0.90220799185748068,0.96558500357009958,0.87182392968211364,0.82287012827382855,0.83132633024869429,1.0042925068099449,0.78407921115481638,0.84149790324757923,0.84588976784493086,0.89229625424481962,0.82813497355033316,0.72142013507151082,0.89301720514894345,0.95265931362962986,0.82475691473956692,0.89815756619797982,0.89679596898438974,0.86631871729619259,0.90858376643979188,0.90957046307040534,0.94363602891752929,0.88630915280597411
0.89386000136351462,0.87217351092347561,0.64137798352847575,0.94475197525391286,0.94770342982761202,0.79951166348120006,0.90816056975244674,0.86522291466155954,0.95059941784207846,0.76443618433230542,0.92517202456521608,0.94587327056811576,0.92042706639766081,0.84385097275794618,0.84520320010700611,0.8996231768138685,0.87061559659087673,0.75197779935146425,0.81538861833149334,0.81995391315557964,0.913928191693262,0.99293910493710014,0.93229676788057181,0.85773202003267046,0.88589448135839899
0.89516220521125722,0.87670880444775245,0.82513960276407727,0.91494301601635941,0.90107271335633132,0.76346169928369534,0.96161252678357267,0.88224120805782613,0.94824450057933796,0.84403001332617189,0.88923709373014237,0.95166314776347383,0.98235103299572424,0.80588503972359227,0.8773333007250409,0.88666955386058766,0.94917018593437186,0.71925514749418251,0.87779196514446434,0.71815402288848162,0.92642051201600817,0.96662749711430984,0.94230793982025385,0.91552539862596827,0.9371172482633372
0.95294718389250899,0.93642132182428928,0.93920078392911799,0.92088768678101851,0.834868839663783,0.8531575095452687,0.93372980748674883,0.84124559776340102,0.88609527397762278,0.89419752442384204,0.91906173672656233,0.81941984260167122,0.92592759186782303,0.80395074616937101,0.85182483925669505,0.86072786428300563,0.84125857463135834,0.82951881622436929,0.90438120041782999,0.91227210290021321,0.84908520008895716,0.87806352067908688,0.9666776153815122,0.87260030611213113,0.93974619854547459
0.91490966087112036,0.90499044967915732,0.71305613500443188,0.91481651073050974,0.83835295182587366,0.86044947875119204,0.91636928305917686,0.87930181601870949,0.94957201265987012,0.83370782229927409,0.91816226842218707,0.96391188129443806,0.90723966852473958,0.84725496235995756,0.84288371467953427,0.84588609587850383,0.89765553397714748,0.85942028722869535,0.85816190469835818,0.87785085134257879,0.84177938177143385,0.91222284342187065,0.97106608235231806,0.83120011157556983,1.0005264556188376
0.64545115683797583,0.8895868455718936,0.9297118678067432,0.88075731437149463,0.86405148116395003,0.84250697181043921,0.94597019521037362,0.92010203172628413,0.95249690916502305,0.82310972030423457,1.0102272143602347,0.96690298770427363,0.94685209586033858,0.80432393986540762,0.80710906907264779,0.91732432909373285,0.84610022427538256,0.83692263689502222,0.87989396396897757,0.84354298492730029,0.92773687718163567,0.95448233568282648,0.937291225447623,0.97511310983441546,1.0018286129095364
0.73203710523260612,0.84320566411115827,0.88104225342064235,0.86260390573693135,0.84003875390466798,0.84525134103528443,1.015518996405308,0.93434224080420947,0.97282604831688624,0.87195485523191141,0.88214068963652603,0.94077005731794727,0.80403651625169037,0.7205839579920742,0.82565005095008071,0.8500018189363403,0.93707513187381941,0.83856218265998772,0.88892280851293726,0.76915023919748993,0.83000440565063882,0.93446300960733664,0.90475931464376691,0.91713772985064435,0.99709463889336269
0.9858518482616796,0.88383741714495589,0.86216492475118711,0.88662887116540379,0.86429814946154637,0.87891873048131075,0.96303248895911597,0.96305728079147912,0.92712155011230524,0.90627816738076639,0.86573468808452358,0.955001990104136,0.98223742425375082,0.87071338469591175,0.90997414740604821,0.82636276202188086,0.9484353052447696,0.84198855504510206,0.84311405290421215,0.90341217321679201,0.78568461662348665,0.93149306003093169,0.89028053708437882,0.928827808759217,1.056335764314607
0.78086953083181332,0.87113435061711453,0.84547118259163867,0.90982626762146235,0.83783982336944507,0.86045769011959705,0.9821850835831567,0.94664788438517977,0.91373865295243051,0.96546191724470198,0.73823871203573421,0.92611190509617047,0.93576840109637383,0.88579509307547832,0.97777155949466854,0.84298039777975398,0.97895689301767297,0.81313990190245644,0.88637248066633945,0.86260403525311291,0.89320579205738271,0.90039553196269706,0.94724224731496121,0.81645327719121707,0.99082433946251403
0.77792931852624536,0.96839403652082479,0.82905379735322893,0.84673982378006996,0.84965074946774322,0.73470338160219373,0.94334204736355154,0.87514794110350336,0.96983366039290586,0.91896964105727086,0.95676487287348988,0.9774201902823747,1.0481031768245519,0.87716961382036585,0.99628072281337987,0.99278580442670139,0.92359667577856253,0.85554354971700652,0.87154990998144721,0.90567767543133049,0.89261497673038448,0.91271119021930158,0.99553177989334318,0.79848685198920233,1.0022935586833002
0.69296042601278052,0.9200532371380562,0.82763160148224868,0.95787480516067358,0.89624454424087507,0.83091788240002207,0.94234171360033225,1.0319260226330853,0.95944872610929255,0.85965124800604398,0.99358215620938384,0.8907259879200371,0.84357498341481574,0.72168804946172782,1.02425598377917,0.88420090207147595,0.83154534467972652,0.79278462528691429,0.88076458008244574,0.9859987526615186,0.8451457289867802,0.92810072500604923,0.89522669431154822,0.85991408566169036,0.97530103743026975
0.77771546828599492,0.85157562644268336,0.90978162099469739,0.89005380643639731,0.76432320884518234,0.84165273176595978,0.89847361890204913,0.85832390929191638,1.0229897090316085,0.94394124471228646,0.90114675681941159,0.89647384736316327,0.91185493950623664,0.76343376397695206,0.87604258228479559,0.9702676927860816,0.89845943953413976,0.83392128392084985,0.89617842275639981,1.0021481625377275,0.89231626584042156,0.88203301108398013,0.97885045992744701,0.88136889785729111,0.94130103144156485
0.88975042539669658,0.84268323016763524,1.0001607993378752,0.90590780918056046,0.82500979172606281,0.86530786865179532,0.80163359142674229,0.94714355104109904,0.97453342082679439,0.90978208685090034,0.8982696275424934,0.98744336987671466,0.98879244324595528,1.0077074422024417,0.96546644689808669,0.85382347508301848,0.90216208954668176,0.81718690829570895,0.89773940074288927,0.90147564431341565,0.86232388447953667,0.7576279143397685,0.93022422684442096,0.66952261583098593,0.97024360491500639
0.89089491277187027,0.91195178188452364,0.83166484011788866,0.89463480909923165,0.63797208155782037,0.86642182361503894,0.85367454480681337,0.92774065562675523,0.95410793591891629,0.90723070728280319,0.89955385196204185,0.91986111802899928,1.0463159934504715,0.79903825456834376,0.97749228111283881,0.81833397124476837,0.98554571894636456,0.73723763586534197,0.80330888712393678,0.85352536943335156,0.88646171644029181,0.8934756675712886,0.95868657312407768,0.89174270663900557,1.0214721119283712
0.87446431569331096,0.88959325216357177,0.84849738421912291,1.0333719631133926,0.94273942424730073,0.86256285012285949,0.95213310492364167,1.0269020686361161,0.94826584111027978,0.99434635044163389,0.99081262394210412,0.86694439615525087,0.8517587221590337,1.0122447996524737,0.9043877874661328,0.94753641380887843,0.95939566422732303,0.79220055960424651,0.931989837100059,0.91337499316498771,0.86710190049682823,0.91768135672878004,0.98236406795720521,0.98297791514860322,0.99958604595504263
0.9820644865950493,0.964423417360466,0.90284692321425009,1.0539342041145368,0.90144683049646812,0.79712236714460694,0.99698707407062848,0.96856472268090976,0.91998796484501222,0.82074971026227206,0.88155018772470906,0.92894513440976545,0.92497570650674032,0.94660113348228259,0.96023409559900963,0.96815743363184448,0.99130574044969466,0.97479916118252852,0.95418092949347921,0.94499064473246486,0.87182483381182796,0.90286752452751307,0.95746831428126467,0.87378083686345975,0.96441871812784052
0.86716078027375121,0.87219374224251611,0.80316591991771824,0.96856923757465496,0.75400099754315486,1.0247427528370576,0.97693533446541292,0.91013179171659186,0.8824043662990374,0.91083347032257489,0.91226260002557813,0.96666053239031413,0.96964820296554333,0.73662666046565872,0.95218604329345413,0.96046006814961071,0.9705312561629349,0.84393367619907345,0.80875244229495846,0.93105584679185294,0.81565852363803315,0.95241940861434005,0.81993414234544559,0.89416588346844128,0.98571721990061101
0.87470524082930745,0.76610807552769278,0.84866355601955645,0.90107117130782921,0.90877465101619648,0.86112590635991615,0.94058958086252265,0.98692865114548578,0.96686845206357375,0.94347572524795631,0.83156203454663413,0.86840650156287635,0.92528238800918117,0.79108110212091509,0.93168257335146787,0.99503172336023515,1.0111598699544486,0.94652721688301455,0.95429931693187242,0.80934031318125599,0.89807887587615343,0.90955304364691736,0.84465213910587278,0.93928266638822522,0.96317280791220394
0.88181267037695954,0.8539303012181656,0.8791926484817052,0.80973724522296664,0.88421172418380078,0.98235623914193593,0.89793355390564711,1.0122343089788453,0.97320897069293533,0.91705401432430877,0.94545333854907287,0.94116521283520416,0.8479665022835241,0.88473282967701172,0.95618174242636245,0.94264983246896406,0.98131861186090463,0.97181068864755593,0.89471363242891933,0.9317529843928094,0.96737761405527067,0.85486385696114253,0.99809075215380227,0.82058751530619556,0.92308449119912073
0.97820268713942737,0.94247320987380923,0.88935112435082408,0.88982697677392197,0.91202074997424121,0.91969738264710832,0.98590990813735535,0.92819466638625248,0.88975144782646598,0.95675633980024122,0.96028688679153729,0.9269390157381201,0.89453514653573207,0.80649652209374578,0.9300970572326277,0.95270718126710729,1.0184978782579444,0.9021959963303765,0.96355995941047179,0.7311745652430317,0.98004801671101638,0.93632469047686184,0.99154959647210339,0.92367638121902051,0.97093587570621132
0.98527370705850881,0.90792586383050422,0.9413721176875095,0.90962913746598006,0.87261179610788275,0.96970151780102731,0.8829986472943816,0.91540086952380928,1.0488873776477643,0.88449270618444453,0.9539556557506077,0.98831820549542915,0.80405475829701045,0.86139150330010872,0.91925664834685117,0.90926952461825161,0.97947697564003156,0.91153398275585806,0.8411620629965606,0.88910092494414084,0.93342938531554964,0.98234562196965514,0.8330781553450165,0.94113352547265183,0.94872117228060537
1.0229287024922507,0.90112304531946941,0.91012874345978734,0.82018005552102791,0.89292198681212998,0.88134678566198044,0.939016123828188,0.99704870015335267,1.0291507486485685,1.0125319023843025,0.96232610987212852,0.83063740620725057,0.98588678810124186,0.83443086053421611,0.91550384008440377,0.9638943338322653,0.96059830778208377,0.93043271483218926,0.87266263040587211,0.95974835740785736,0.97084915857691101,0.88121115768199976,0.92224122176607504,0.97133053651121903,0.96677133499175327
0.97649385267659361,1.0053227333575783,0.88530049709749425,0.85415415601125333,0.88490932535275535,0.86121705571456919,1.0230722808748547,0.99876226797331857,0.90930884738667317,0.98979564449189106,0.98229167498115388,0.88768412651461559,1.0032619881502161,0.95683722924419068,0.9563452948363691,0.95724490183616551,0.99927878909835999,0.98468245857539893,0.93767907193618194,0.83088093902964633,1.0029520947301187,0.99391606223050277,0.91132460115012726,0.9800398514230142,0.91858001178879567
0.94293573086327653,0.83806693533153254,0.99463816551704476,0.9005398381970986,0.87063573263613658,0.94492642127310778,0.96545808933156418,0.96289158951048082,0.97836792120816429,0.99684337921122201,0.93538778980712767,0.92738506241678542,0.97432568940774933,0.95007080586402426,0.86709647366197651,0.98866927811514449,1.0068068444801186,0.97503370625855312,0.86653862045510899,0.86167154075693075,0.94731616857820544,0.82719278264555629,0.91624228471350999,0.9975496515717529,0.92566757708800007
0.82927993335002526,0.9977475970543771,0.83532152194563469,0.85860415240640453,0.75873429454221908,0.95440893708156049,0.94734155726339575,0.96911096203412717,0.88708098157973958,1.007141908232424,1.0104401654060606,0.9264140483051565,0.96173571948107339,0.86301387285465259,0.9280667274210932,0.92951589160708958,1.0068945052458904,0.98774419396436386,0.88169533578664139,0.94977157664545986,0.9309942928947097,0.79845530706172196,0.91619965830667438,1.010617903939264,1.0135115938093817
0.88496735846732799,0.99684198973211535,0.94119907146137505,0.78778134881035233,0.92232715442531388,0.90526241659860052,0.94650966046441642,0.75769081855528464,0.89069303583441561,0.98140536564693226,0.98342860017978939,0.94110830252734934,0.93083995009386022,0.89299276228615354,0.86233439501650855,0.99883730211464394,0.9958274119684245,0.9818374220139563,0.86293257902771048,0.84247139081734002,0.93001743393258218,0.95441664461707654,0.9164041674211677,0.96447359277072042,1.043254489949667
0.96631446761885087,0.94778993876093853,0.98547449444918733,0.98190370675173955,0.92703950896656062,0.95681219208508006,0.91308457419211297,0.96701645508113321,0.94817064548996122,1.0268416535955662,0.94949856209957995,0.9486589691175551,0.86373521136448683,0.8961478467098436,0.97219399425322284,0.97149104889571192,0.94785028253625681,0.9611182977448568,0.90897254090549073,0.8506802970345545,0.98866696640333152,0.91279078561245619,0.8853608403957044,0.9275499948131678,0.83069893607402967
0.98784214495653988,0.90033753948543838,0.93888226924678586,0.87847383387856481,0.9392864881286026,0.94945239112376134,0.91753828597840048,0.99183344668019613,0.94981821887293849,0.94135069656682191,0.68332900314527278,0.92386375420363698,0.82989132399889598,0.81285123367714462,0.86609369429530914,0.92898650859797349,0.88423801493442822,0.96835868645172496,0.91750053396150544,0.99686199888180982,0.88771477579472546,0.85801064638835645,0.87010343222244368,0.7964300138322965,0.99638501931369183
0.96375318365363305,0.96063012177400042,0.91397074458845873,0.91602772360507156,0.86916905495695951,1.0046998774220612,0.90374897646412156,0.99725130211212876,0.92370699786467914,0.95338601946564305,0.97198583591125642,0.85223723137541252,0.87600229845828048,0.88248763269942743,0.82660052971854714,0.86910044238692863,0.88768934791130494,0.90089221435888167,0.90977334983947367,0.92275340198694866,0.96586922274876352,0.85499765921766613,0.79156863752671924,0.98639988372031773,1.0226639638123747
1.0100584089297255,0.96939215914993893,0.95168279312614001,0.97918803789659126,0.76884487401699786,0.89227635319563892,0.90815658419607481,0.87917037211303528,0.96286969321374793,0.93287705483544847,0.93737091891553392,0.96569218847930083,0.92129460254914664,0.86553134965401102,0.8136540925348662,0.88372100908128026,0.88617036637175106,0.9550095249042414,0.93127635657766594,0.70051584881146289,1.0035862902772446,0.85488061451322284,0.88212648376913949,0.94875796623378539,1.0039458604918869
0.95601222893496407,0.85220169130357248,1.027392914200433,0.89739003017051422,0.95416756028512473,0.88815661666345558,0.8709512049286533,0.92325444396887646,0.86086081346173882,0.9153504132960284,0.97883152192483347,0.84685509985047314,0.93414251794754388,0.86002203369954344,0.84434296630632866,0.87934189371417459,0.90215996542534571,0.94465640090479852,0.96914021299440301,0.88023846996043364,0.94833783909316205,0.85235678160212158,0.90416636081976742,0.87794040886050251,0.74331865076423798
0.92285380564612529,0.9892955754526499,0.92846504833376975,0.90190367657155035,0.97028713065516048,0.91711516324045095,0.94117617048042856,0.91751800058546717,0.91805063723556646,0.98592949926755946,0.95191426161066028,0.84446536723740284,0.89780270733535728,0.93487244130672564,0.65555036913384601,0.91293244879766144,0.92259021275166064,0.94456496227047704,0.92940059817652698,0.89583792056818268,0.97738905316669933,0.81426807933950529,0.89027290824303362,0.89577000255756856,0.88806116850275596
0.97083421736210462,0.81719996489497204,0.89922438325812382,0.9135380587239974,0.95224442251871455,0.92367467282660198,0.97698011592617884,0.96458015259159224,0.98715942678266222,0.89487160945549538,0.88678590019733217,0.91421362064242284,1.0196438342386474,0.8815888258571668,0.91806346153551854,0.76946581540185144,0.9050063225221544,1.0018152890372121,0.95266857116320924,0.81168698891310875,0.96544305200944269,0.87759390513766966,0.8545116182038337,0.95205965857456099,0.92621194148008001
0.97882185499009378,0.83968407678717483,0.97375210260907641,0.98228224908939055,0.85194611086506467,0.8733311243012869,0.99711328739082827,0.87268179065736817,0.93006479143221843,1.0284109670740154,0.95786658637739741,0.86265324099946028,0.97867138556285571,0.87925264976371742,0.77816175919077091,0.99947357896430999,0.82936551173749162,0.77130972445570412,0.95602300823656094,0.90400257290961583,0.98742972519487171,0.82155370957366536,0.70860141782468533,0.98473364220269022,0.81315923830962122
0.95601976775516395,0.93547916235612394,0.89457697398483726,0.93808356986345909,0.99915090172104859,0.88867716778052896,0.99530802814511621,0.99161136100474567,0.86179294286741526,0.90013828252951766,0.93466892759762077,0.79554102944691607,1.023830596166714,0.82108350709054789,0.92909169985772333,1.0113204318552891,0.89984307948681774,0.7534131433672967,0.79170617032486024,0.90708637509471135,0.87706665555514363,0.78581166903033117,0.89265623829226826,0.94839608860960511,0.84163043791637215
0.95082711344969995,0.85529118046704289,0.57883404440744923,0.93977828279090203,0.9228900300410614,0.89628533385263787,0.98234072345792378,0.85402326265904605,0.82255173287103434,0.97611235112652528,0.96986914026048976,0.86662899902803925,0.9639256628105336,0.89275002267563386,0.81682036834341198,0.91500311177961369,0.54394300267047335,0.94220425971442001,0.81816323097069077,0.94008613342866887,1.0097213508942693,0.94161066954955353,0.85262674155964702,0.96794042719539009,0.83959611007104906
0.96071749685043084,0.91558189519738853,0.92234394696563249,1.0207638927375104,0.80776182449106482,0.92065438862433624,0.89743152161604134,0.94648989203192968,0.94802089545639057,0.95760348195524514,0.94297173997924255,0.93964338072823594,0.9408688135483031,0.94240894750348347,0.89758865866866699,1.0027751254202883,0.89926684468530937,0.94413186442686237,0.86376612445389611,0.89166899763163998,0.88357931843027704,0.91264567935899366,0.92688891291725473,0.84709176669140029,0.96462222193077229
0.99837194502345561,0.76837566009697278,0.94914200602664567,0.92999562228075094,0.94150148930372246,0.95101634201255769,0.93235448359811945,0.86843951280425569,0.9297427400877285,0.85409184758780843,0.77523543567158237,0.87689000441049303,0.94296070963258605,0.88002722843432135,0.86776164900064612,1.0019067903843393,0.85067417974076354,0.94943493437002169,0.89403871464500728,0.59545071023607177,0.90184150518799722,0.94967555403411386,0.78750649586740396,0.94005776043583178,0.99320749852174939
0.93230484068668329,0.81187369211444393,0.88191689876438994,0.87401395857833875,0.93997079044438103,0.84317014528881862,0.84345627403440782,0.86227597226004937,0.88266600968926112,0.86020173157441482,0.87123002475182643,0.94183960901714092,0.92959466243185185,0.85723995109062956,0.85376475619147907,0.99007957548171077,0.85152889340420879,0.80176309030846427,0.77315634326971217,0.87673123427765443,0.86414254980459371,0.85516190564502426,0.79247756945444614,1.0058364512777878,0.96067951774237248
0.946799637236307,0.99526687879819187,0.94461438996177127,0.83279818525748373,0.90409118881075046,1.0098013716456036,0.96899519094215025,0.91198387146833093,0.96048955761539101,0.83587215035608942,0.83729698068192915,0.83575225376462314,0.97527888567378318,0.89087055773888157,0.91107349308800367,0.98576829047999093,0.99415279990026395,0.85644580903374035,0.86317340406800702,0.82508725928400062,0.91030156134560281,0.95271418170865108,0.85515335933894066,1.0050702241039371,0.94548501772713678
0.99602554291802803,0.89722297903042958,0.9485732190708982,0.99675050953069588,0.86012766104913463,0.91895287247584501,0.92151722904530642,0.99956353152940935,0.91289780371374263,0.9647245885057727,0.8301681549033687,0.92698805318836253,0.87294354199253532,0.82868302133309935,0.93064400043240936,1.0477628492891147,0.82729531938649992,0.85995425976999651,0.75096233490655906,0.81286937273991999,0.97199801313275302,0.87446177265765146,0.94012525866936913,0.95761340807673812,0.8964284775299739
1.0037367124751171,0.80780406866284182,0.93699457617479454,0.94442381521888508,0.80192080655115794,0.98751724258255247,0.86710262916884795,0.89658728233160245,0.91540568395408195,0.85100603804530595,0.71961821902759027,0.9099818074053676,0.95100505827077253,0.85292764679003075,0.78987960949710101,0.97668008691720065,0.9776561160892665,0.80729499703113794,0.90101926516020681,0.75198631444647757,0.93771577131162964,0.81290073823022169,0.90540606084221165,0.94361692816408604,0.76850212253379513
0.92531485675154768,0.9215926964752762,0.90711962413472558,0.96791928248097248,0.942472254199202,0.92537461270445887,0.96115642073367158,0.88972790640256827,0.88387255963743072,0.82190953737587624,0.89285322070967088,0.77519070169891835,0.96488464912617922,0.99378525465868317,0.83586823413858247,1.0112592177406288,0.86762375284214521,0.82845381546043662,0.66776496575431254,0.82079022689981274,0.89500363025152418,0.72837576420693351,0.8981156322925542,0.86252689784013514,0.84404090316643976
0.80738206922034195,0.84401708852176838,0.88679784937541839,0.9067734744306758,0.87206917667217598,0.8793700808510001,0.99490262953747122,0.93987105528818293,0.77977127637567889,0.84635061602621875,0.78392614803016281,0.84509671329519209,0.84435186186079414,0.85754850112165737,0.78830079354923144,1.0051154064108634,0.97241246153252103,0.79679263419648483,0.8317788925372166,0.77333352222889862,0.91302984968465128,0.87910742163020139,0.97999543198396788,0.95236981205863591,0.9038990537610615
0.9047267665525538,0.92745370663375315,0.85147841644716071,0.95763265759987437,0.96139863177615126,0.92538385042593974,0.92642805310563758,0.90173822712113461,0.79328471718514326,0.80720458591204602,0.89083012372419046,0.95416343589417574,0.72948084374905731,0.90427995247010762,0.99654989409227346,1.0265234575811646,0.96794435304505277,0.89700625418731494,0.87930269793574256,0.72981434811216783,0.96450444103327082,0.93566336674473427,0.94759145242356002,0.92756166230558834,0.8967713147548837
0.80565781922834967,0.8877640843245348,0.94390281339637616,0.97367583818783454,0.87180283998750951,0.90998627671821397,0.95667639489349565,0.98905510984659195,0.86744640565739006,0.84790009537767563,0.90753815676012162,0.98004068922820486,0.87353990317458285,0.82868587047225717,0.8408180776980877,0.97109031634596266,0.95984660176306691,0.88763349301181138,0.81577018633108811,0.84636229522324768,0.9015501797326978,0.8970933931049172,0.90456593196785928,1.0217734899823281,0.82989732240169578
0.93098280670378375,0.89332857406009569,0.93439536007010882,1.000617622887148,0.8663602116300041,0.88877721102234841,0.97455187270752552,0.9171758914235586,0.80851448750716537,0.88445225832822594,0.82998684746904206,0.94125529946891484,0.90323530715025202,0.91251308791546726,0.98232657485565589,0.96856414022610782,0.98238818432489927,0.87211339553829026,0.85554853807768527,0.75176628647926258,0.97122971384119772,0.97968447350462773,0.8873447586016876,0.98506664086169171,0.93542845265088581
0.86042468573063202,0.80986128028431603,0.92852180488841296,1.0081737462218596,0.77635696916298447,0.79732166492098877,0.86759619126833087,0.82709144181448524,0.90600607183638704,0.78893456941380102,0.9289553426414805,0.91745998343384916,0.85995998877353885,0.63593582967098428,0.81883965244177415,0.94064451826196505,1.0017506113932508,0.83604655350003032,0.92106085980541985,0.88680887451408541,0.88600116902357406,0.92308080704375906,0.81767394354958789,0.97794140100752736,0.91136522778022722
0.76984653298560168,0.84916920521054196,0.84136484468597328,0.94587697973282325,0.87142377073294142,0.90457064999833814,0.93594776301499671,0.90945992197951386,0.87904752177540957,0.84941763914064994,0.99895872413007236,0.93247034666088002,0.93871216570006266,0.84354941343665046,0.83990151543199787,0.99507133876098885,0.90398716924830536,0.80160626748879193,0.79118100474493958,0.83988117170897625,0.92217632749484946,0.90026622211489127,0.85224933565201455,0.88862994028742825,0.89774178814507088
0.89489603277076479,0.74149075911272533,0.91401943116875717,0.86787770797037633,0.7668208314059699,0.85688197563170332,1.023339849019661,0.9153528404936554,0.75245880876358684,0.78802056269206011,0.96577135623316557,0.92100704573410519,0.89814801400712285,0.86320203959291752,0.8859196128147192,1.0210589736062092,0.86447503628112043,0.80404587796092519,0.66125178934110773,0.94169313950702249,1.007912807649896,0.78546721942682862,0.82287743165800931,0.77202664633898466,0.80980277598280637
0.84430207141605684,0.86856829880622444,0.7783988138289144,0.83046110533500839,0.80195049784670025,0.66537207990066172,0.88410953896199118,0.85613918604701988,0.81156609859947582,0.8474316429047819,0.90175488917204938,0.84482772665551031,0.93281216186559979,0.79055475183827462,0.90924686790162823,0.95959299962322331,0.87536128414307746,0.93408414069423207,0.84358203950750432,0.87134684903884918,0.88823507529187706,0.81039501081358589,0.7602316131258875,0.88648836454847435,0.8156548681237058
0.83933845464075241,0.80220045690441821,0.98227010004805815,0.91848900182446336,0.88540477250260019,0.5947103134662779,0.89423227143663497,0.88666469079207921,0.80510208836527919,0.6969062533408763,0.87863898497614823,0.93738794113995616,0.85098269603131493,0.84309459308080237,0.92455431368342578,1.0106051322519765,0.86771499807884134,0.81175104112837781,0.9354991043206482,0.73189818070875012,0.93827966981443001,0.77292646336217874,0.8512935196638266,0.86584267065098275,0.93096246858611009
0.82869899613872755,0.81419577262127696,0.80332349788617063,0.89098821162983299,0.86466055600886493,0.86492744168439983,0.88341437471710926,0.87622840507607624,0.88778880943414673,0.8038996960730298,0.89417081410601451,0.89825883727011802,0.86057760690115193,0.91103216094877559,0.74952992219994286,0.95514240019341556,0.93602765713564762,0.91813872768884985,0.82817120817150047,0.95739182858642458,0.9315754495735763,0.93796007391880187,0.82043821061420075,0.86488928282624689,0.80392295474781317
0.92786956249698582,0.79438159783777762,0.90306476390654633,0.91531981139167629,0.87609180393798958,0.73204159123563728,0.89122679285050743,0.75707909403111251,0.82598628527848261,0.83464749856694109,0.89210824285935619,0.98015246932716382,0.99659170847323775,0.82329466791442929,0.89146793141518765,0.97194108084344588,0.93060967076121826,0.90327246386198512,0.8216548759338228,0.95045081647889607,0.96481904411935904,0.91151985368065247,0.65279843433669316,0.80328938880613532,0.66337363625036239
0.82312213569761838,0.8715052400265233,0.8562199935432927,0.89723928052055013,0.89406576161895113,0.74934734217011456,0.82352985254180178,0.88029992703313875,0.88369658722160749,0.82908342566950455,0.88935893467576876,0.95914576728107215,0.88505517950544654,0.88143861042490701,0.87817848401766407,0.97963575203397013,0.87228657533931475,0.91928818403690005,0.82605726611474195,0.86479292587269707,0.93194311960032139,0.86432247040529175,0.907643260888502,0.87919039383186548,0.84006084830183214
0.83997765379974287,0.81316815782021856,0.86039703590929717,0.82443408444049016,0.87840567420143523,0.76568336404835191,0.84053215917475543,0.9157538949761328,0.80679702226391936,0.84916568335154041,0.99646897531573175,0.98121214556538716,0.90407047063234391,0.77696147627698708,0.95706273240699014,0.96596677301860023,0.95482871139011116,0.89830757486013735,0.91185764993318341,0.80368793347926815,0.94480724658945903,0.77641445936846387,0.87954759097197865,0.9211920731432045,0.72297735928786488
0.87017757060906298,0.90324068310653738,0.89145662404592041,0.89517102865105036,0.78641521850364715,0.92225232905352739,0.80851152334812393,0.85166882828056911,0.59316475413004577,0.87975144703055252,0.95986756777500426,0.94818436767575565,0.84987339696160535,0.89888931294653007,0.92299457977194987,0.95727364572545681,0.95584856319343281,0.87995372300717101,0.87976904045279358,0.82542081604757866,0.97803632701036558,0.86059992452105627,0.83756248529108679,0.84523358392473291,0.77851073151719674
0.84917756317890192,0.89193837519702823,0.95212620896680389,0.93814360974638866,0.83837439423352877,0.73870827210695045,0.89072280275228055,0.94346772185734717,0.82244368047873562,0.88449087216856381,0.93311242970691666,0.85879065467062832,0.89962575956893431,0.92200115599301102,0.80817736974940635,0.93036684626067667,0.94991710956463693,0.93121077533913588,0.70182801666671069,0.83746674529760112,0.86670493313639452,0.60822680447228661,0.83037827688758437,0.96184622334985548,0.39298194703059708
0.88018476042091986,0.84142557774785742,0.91378963512269173,0.72420850930281322,0.87497494363673356,0.87558866103328836,0.88331402716365548,0.91659419007292953,0.81092343186772597,0.75505682910110616,0.87273609301955435,0.9122894766814067,0.93536251826100369,0.9391463561438087,0.83378634934449314,0.95213555478001999,0.93002773270968697,0.9759682513596335,0.91529917715274811,0.74608493318633806,0.96821146094883748,0.93850641555281533,0.86466267382779549,0.89466219409594006,0.88346679921159144
0.81161173415870602,0.8005883397497574,0.95090714001727217,0.96647021581692594,0.86155251294905022,0.85572659114000948,0.91376277170903963,0.89539963017429358,0.84890029659784605,0.77583970217963327,0.87397793008563607,0.96091886459438214,0.91754397761833473,0.94523011644359678,0.70839367872432457,0.88449728524195392,0.85239279130921297,0.88879723095562113,0.86365202835771782,0.88118706509043099,1.020932399678286,0.82264941977627226,0.93068779103016741,0.81842008110528119,0.90076445574458164
0.91435996051230606,0.83737833159463326,0.87550063748326434,0.90834416329103851,0.91974393740032778,0.90262824968278432,0.84044172719306376,0.87984468171885233,0.82745957774481527,0.92527025393579498,0.94277145603027346,0.95216219724774132,0.93904459101360482,1.0753142745314128,0.81986931688110631,1.0245090165672328,0.9252083343282077,0.95325548596655663,0.95063609723842701,0.77857456926597035,0.97595524405113421,0.98004770805748043,0.76430991222015177,0.8627321808936681,0.69502617045087067
0.85290216051985601,0.79939596130722801,0.86365494142182608,0.86593298234183458,0.88814584242753269,0.98608297750903984,0.92967417554209253,0.69807443085226295,0.68154133798734018,1.0200946608814028,0.87589951118646669,0.87570963286723436,0.99271093525447707,0.94390821168443573,0.87470232768075795,0.94895144345829208,0.80511409667967404,0.93921224638761514,0.92258916176611538,0.62501570897717862,0.93291955528033499,0.85864803329859507,0.83863086200716219,0.87331542888689373,0.81038737143653938
0.87552985287981022,0.91311860906620024,0.84472021025237642,0.88575699929899587,0.84291877943003146,0.89215030309134669,0.91490280908715438,1.0165728492400534,0.83790180677207693,0.95693580022032476,0.96724322575017396,0.85235565321103079,0.83720346491814579,0.81916482223936016,0.84765397371443585,0.95613550320837581,0.87702311287554435,0.90554915687893756,0.68843297516197099,0.88872896609568608,0.9271936393578678,0.91724563650811408,0.80426771976286571,0.89321532445037999,0.58829112409590423
0.87499560267278909,0.86976603192598168,0.84160833057349627,0.88018392687197489,0.8773847428555831,0.82338610329741924,0.85987599456856323,0.91611404936813956,0.9129349602437441,0.93883585059663477,1.0005858831586452,0.89460790863716866,0.93529128766133141,0.84802086165183799,0.93001506244891907,1.0472000039874423,0.87321522849198185,0.79835796209065246,0.94896369589413465,0.90479879958934595,0.88493558246208393,0.88458436036449128,0.72439771439448808,0.86785726593390733,0.93840065126183414
0.80158504014431187,0.80394360754972338,0.79581468111042297,0.93602858690189672,0.86414635954225083,0.91212046639647371,0.96273557101591734,0.87526993959702837,0.99470449475071565,0.86108680718554731,0.9663570213574717,0.90056195301534747,0.94851615967475544,1.0147773164551177,0.89019164579807386,1.0237390736484993,0.96299617784053915,0.96249174736052523,0.87471315459210486,0.79967816286609239,0.83120683466026002,0.91898982984229183,0.80376168493149625,0.88810663945624857,0.88267906096096238
0.77689090846863773,0.65959270864503217,0.98634457648977725,0.77566768612750503,0.94281667066565711,0.95681554992828077,0.95616254374316667,0.99640041071056384,0.96477145748189874,0.94293326905118302,0.66962957182412475,0.84596921813106418,0.89798693621309378,0.97979780621227341,0.96782729785438304,0.99196110448620489,0.81268735067467202,0.96026283705689663,0.94661033270142447,0.67328091360058284,0.89142818601773333,0.88224025044652243,0.82764507260909848,0.80285917331841694,0.8332828305504173
0.82068988006617705,0.77970607557632565,0.98580791436365822,0.73159966923161213,0.8071291497156825,0.85125033288995666,0.96281607302762162,0.97299549163082588,0.97518733735088237,0.81871510508765488,1.0282746606716617,0.87777972731780907,0.92301170420241008,1.0350576677774905,0.8607346117860718,1.0333602432178497,0.77281968043032934,0.9837701405024174,0.95460807515776702,0.9003127341541638,0.90380542642573081,0.84822657950470393,0.72433820721059483,0.72144808132196292,0.95226618290755083
0.76221522619615023,0.91302595622152283,0.91809310422053725,0.70372277789110227,0.83554137178369536,0.71117888681784147,0.99886191351842246,0.87481360873205194,1.0014891296861859,0.76723573532133316,0.9237981122563993,0.9120583020463231,0.90862426892972226,0.98850501716344819,0.88879263420283217,0.91515362172787162,0.94109675509856594,0.86554010611642485,0.95426388084227887,0.79470316690976528,0.87014937152229166,0.55902748471967356,0.92572085121703374,0.84142619441607891,0.91296967901894011
0.95618629021386925,0.87159434013352222,0.90822240958512757,0.84093365078477478,0.94661947874001617,0.86239802947308952,0.95778475498454207,0.91742983458717375,0.89340890170086062,0.95071612640424752,0.84601195095354609,0.94091924971164753,0.78504462338081682,0.94062010180428335,0.89136059421838443,0.91817326425198198,0.90550793829151566,0.98431903307617297,0.92951287174757824,0.88489534514631085,0.94774890692545621,0.93703172226190234,0.86271938092884348,0.92573222859578874,1.0660010257875241
0.82680867736775665,0.96513144650152305,0.8676439744748784,0.89487852126754464,0.72814743464520726,0.96545568662755277,0.98951082905725196,0.95322954062962784,1.0066920585640122,0.92014548960559694,0.9882215840504972,0.98850821661322263,0.83840209248914277,0.87605692862604156,0.85081993111819709,0.96631670227456956,0.87630862402322507,0.93150154081062242,0.96131874779776116,0.78485481660456524,1.0187199009663777,0.78642750851076959,0.91908059825830535,0.81349455537180793,1.0510040033987134
0.83257721924106654,0.9245776694063319,0.88013594506250081,0.88838943463899633,0.90330596806220531,0.92164456249287596,0.94990643727271751,0.87558987430051216,1.0098787798738182,0.91600233155452093,1.0034946447644193,0.89938195077334293,0.91373791966051199,0.81551527580539129,0.97573757093627089,0.98252898867471683,0.82074588432626627,0.97129493753789065,1.0114252553318797,0.69536245389969775,0.98623605737740194,0.8036323218364112,0.65644034332651247,0.90277802681248798,1.0305428670331651
0.87454875001670329,1.043105483297732,0.892893961573762,0.93718889516626347,0.96661109021323355,0.99661162138315473,0.96545209896218653,0.67808804036361103,0.98038373318331629,0.88385196067345784,0.9939391214295682,0.91240726998176569,0.90683354038785635,0.86215027101031538,1.0609850916436698,0.94117748039188154,0.89256818158334406,1.0180305951593627,0.99570228855595744,0.9003962354233952,0.94105701278256171,0.85964792284007163,0.9105921463611385,0.9195527839123544,0.90958490220433197
0.75227024026486544,0.91359801291653153,0.86518095584178822,0.85430513104427763,0.99422291695173481,0.88271346902061132,0.9565478744806073,0.96054044144443917,0.92742217163933249,0.91920901118837595,0.89343842388679839,0.95015933494601457,0.9267203018257163,0.92457061354730852,1.0524107651693357,0.96133509971964348,0.87284343933604069,0.91741485176110915,1.0113235442727138,0.96677142911725944,0.9578258412178231,0.7988921575819864,0.86346015394381459,0.93661394978883528,0.98237060677603827
0.81570339717773777,0.96859696858367561,0.92154478242505045,0.90409380397386807,0.89658258602208563,0.95652472149438561,0.9975547545992548,0.89060136519076905,0.9520010855224067,0.91037746797867358,0.96299195678230898,0.94846225969523834,0.92147033275497325,0.84500142589020699,0.98151310452371043,0.93490504609728797,0.90963533870464497,0.96293112505827261,0.8451602942962575,0.98291774392723308,0.93787796586979755,0.91231704060715668,0.81009678787116779,0.9982640704470136,0.90892629368558608
0.86950900390781649,1.0629812714588758,0.92493736433989115,0.98846022065536598,0.89411293178209406,0.99813571320382188,0.95984744831881985,0.92977801126903148,0.93542767816829264,0.94628240510067896,0.91925088043459502,0.89246294472779819,0.95438614818593892,0.9920239854481685,0.92434677782688213,0.87983917736391626,0.85349176547542116,1.0229954446864487,0.90960892562847373,0.99882046580425388,0.92163210443540622,0.85809865055815504,0.93739488056298648,0.91479477989928193,0.94823405440098829
0.96424452300524877,0.89599084752758318,0.95040953016759644,0.92373242771422326,0.8673741024470969,0.95694820516650647,0.92037640332840087,0.89622243500433652,0.99101346514374866,0.97106761564293087,0.89635647879019076,0.7196599958935691,1.0005510946585257,0.94390416618913786,0.90192047546258125,0.96692037214768856,0.91808871995559671,0.89580350788650487,0.9268779171758853,0.89356266175897536,1.0283994294511623,0.89594437663569004,0.9378998518488314,0.94626113616437957,0.95299599441652927
0.87834936549812492,0.96680361588628871,0.90861767489690981,0.97931292735821251,0.89092695508306174,0.88281950963681988,0.98267349408129467,0.9582362603248058,0.96333952604287332,0.90417130504900578,1.0050621984542834,0.9810341276260246,1.049243114095981,0.95611098658938065,0.95468641672362187,0.89103245471646186,0.94442927659790532,0.89955637815950429,0.96761242484970267,0.88668041939451814,0.79219895002402452,0.88226302231497067,0.94987628423653092,1.0316073957426917,0.92262268521225155
0.89632225946499267,0.88742532901325422,0.88664767586814519,0.9141534296653393,0.89766807116070935,0.89413412551376403,0.73186716130130691,0.99531271358081863,0.91557125059239564,1.012957345842822,0.91211967354519363,0.9395568579715633,0.92968831239359595,0.99703266426141202,0.9841678455712215,0.95780534064542444,0.88165728947073463,0.91870343195144866,0.95352061966996859,0.82619397302270026,0.98733180285446365,0.94453076089940913,0.92364220349327453,0.91597026776488355,1.0164959152253574
0.99739625397902465,0.9937418961669785,0.91355272357294437,0.78783627968256442,0.84198696203295631,0.9401450013525825,0.95445869511835701,0.93616954034479039,0.87621070295002346,0.96398994175447938,0.96731483025368914,0.93459563235206145,0.88216302541510416,0.9532155319253407,1.0381480995176764,0.98923463119697941,0.76353084483223865,0.96401485859687464,0.96298585990639651,0.77500114500041717,0.88714766016817559,0.89654568096079579,0.80343512530811667,0.97053050294257748,0.91983480464391054
0.960196763365187,0.94885558528816227,0.97444827600210138,0.88089835344895762,0.91172173723339145,0.94210018095824322,0.9481023164542437,0.9630385881494623,0.87411347349836022,0.85425351121859094,1.0034709872267549,0.9269564900674131,0.93979871261088554,0.87745708806290468,0.94150120372553681,0.88289092708657846,0.77541197252371352,0.97466495996363522,0.79537310732401267,0.90640463276503958,1.0132363523352002,0.80898640579399206,0.91123575759659392,0.87214356505972579,0.90879895710264991
0.91609026502149737,0.86521123920497656,0.84752438205035985,0.93347115880057097,0.95119777603764566,0.98571465183428253,0.94932847914414631,1.0130325755966554,0.94433130438592972,0.94107574554098505,0.93547364368274777,0.96463654982723568,0.89824728031699241,1.0662252036430713,0.92407617746473059,0.94106440572251659,0.99175923228604179,0.91762445507305324,0.8308682983390796,0.86717233578890152,0.76659710814023463,1.0011286965993196,0.93500562139724708,0.96077975810188787,0.99106698291186324
0.91862904208162099,0.99447357694195471,0.89877992753916225,0.94086822519402113,0.96754769995641932,0.98945408258550427,1.0281866015751946,0.91934041738997951,0.93610233285835975,0.98231814804420836,1.0336780383869222,0.88364150870903857,0.94072859446437196,0.91273851493830538,0.81574708071038371,0.97811223212168674,0.98512448687362875,0.97057566819164487,0.93631394417773817,0.86792416777051828,0.95647365503645121,0.92086272048936102,0.95398453417305418,1.1032763810258293,0.96115709781480518
0.86431095698658178,1.0324227291201511,0.92815503961507662,0.95487199344897999,0.95303691842461791,0.94313278204806106,0.90923161003295894,0.97671948125495178,0.94706400253063627,1.0219917338831879,0.93370610527503783,0.93625948584776986,0.95863747126225274,0.94565741896660382,0.95537857489365186,0.95516041171585286,0.93013886960215519,0.94673873655355234,0.88184790884485631,0.89574984219681053,0.87903323648399512,0.83245755805147092,0.65978883033899971,1.0349576013519277,1.0395728172847749
0.99364622818032755,0.94688812640513398,0.92694100424433401,0.80372508257440689,0.91187790111451827,0.86272317568845935,0.91949385411917683,0.86099933487193714,0.92291746088750615,1.0084905448759294,0.98059436406895195,0.9734525195532201,0.94180315098518297,0.91774579842468429,0.96230525804263423,0.86990848786159791,0.88304541167883122,0.9372739726005852,0.91485753763335298,0.96177283906484945,0.9763553883815933,0.89084977572101098,0.88753714357456237,0.77425063634707181,0.98181158587670858
1.0078832822360104,1.0591471489814626,0.96647325896660219,0.94069206183815457,0.89667157027364064,0.85820728798889745,1.0104792621634149,0.96389925007247168,0.8381800045165847,1.0016475305871206,1.0044215082644379,0.88622456410150163,0.94067754108346491,0.95781554742422159,0.93152003143165962,0.85783899004353747,0.90541870311397821,1.0110177926317108,0.94684794835152808,0.96330643802040661,0.91293774713206488,0.97924901040938617,0.87488008304022491,0.92607973418055789,0.89407784682479319
0.87546093944214265,1.0354935782322872,0.87497939516814338,0.92502452164704674,0.95346375907070802,0.64022921350673556,1.0716814449739389,0.9404441920939669,0.92963469414564248,1.0033141467264335,0.97660733336045824,0.95863081652378579,0.93046361510770192,1.0079436747369754,0.93741818901127671,1.0309954954883671,0.83764869166965439,0.89452113641994835,0.87068797069855897,0.93039014559081323,0.89540105788967861,0.8283330199702007,0.97440743811936059,0.9846829621139559,1.0020621575580257
0.98344410004277216,1.0243090322335098,0.88780713027263136,0.96316880288764783,0.90344913866691512,0.95748770353022827,1.0125302353267458,0.92152620037963329,0.99904294812682903,0.83391998306237425,1.0137342293501463,1.0402326349534152,0.97876195789193787,1.0077667463472137,1.0259524417544903,0.99824443891643089,0.77983141386587962,0.8997842663457285,1.0222232750321014,0.92687353602993972,0.95056840623974703,0.90694654659498675,0.95930276689910843,1.0079973579583357,0.98598386628696688
0.92088138776973105,0.96510261842831746,0.90435318373084572,0.91800617571777465,0.95418294954762051,0.82438126780367493,0.94493080719377243,0.87796994867301037,0.95176303036903975,0.89707580260054043,0.95937423061851579,0.94512765361515172,0.87569816957629709,0.98547297269931922,1.0002760885759794,1.0471141967489419,0.95954245027291463,0.93936016056999683,0.83812817645779902,0.93979176616550919,0.95449838801893061,0.88827347155668557,0.85421852279411115,0.9517323397390639,1.0021600814571645
0.88141980369182682,0.98688523949048912,0.98822457749159154,0.97835525290948833,0.9647582694789204,0.92663100277682686,0.86674623409293616,0.79817887988447467,1.0193941838351988,0.91135663943415679,0.92099817950506924,0.91359568347383557,0.86736519599750583,0.89250269085476441,0.93812489983832881,0.96299648738372556,0.92065820512601282,0.9132428214605306,0.98638268140571239,0.96757987882409913,1.013842084812413,0.84988144188887738,0.85875387676366177,0.94505023800602306,0.9432804447743145
0.87467555708884015,0.99302430169790867,0.91522593868558788,0.76677801018084313,0.95548421879937151,0.86337073234547734,1.0113792006421667,0.8877428657236538,0.92060045800501578,0.93500335244100463,0.90756273374913721,0.94375031360257933,0.86617708491438239,0.95037647832452465,0.91327103739897064,0.94890398877753823,0.93098183543105584,0.93283201122195569,0.81525772028254395,1.006140227763394,0.97132255779073828,1.0057527524462189,0.96136953925880397,0.92967615297580641,0.92904222390540525
0.98495858963091965,0.87009942774607818,0.95180786508774129,0.91899630162770674,0.94895298167378428,0.90117588833896112,1.0086659630052741,0.93580004744132361,1.003115706543203,0.88290321454489373,0.89633634075692181,1.0024785132936369,0.94077981583757719,0.98712880143163051,0.97994954622581476,0.86806553642798046,0.97451340536243847,1.0342048297582151,1.0218451441998668,0.97696248745455783,1.0191123917465859,0.9462898585841899,0.98639727768992402,0.9540964722135824,0.84520127313784321
0.98256277033540806,0.95535246768826887,1.0107303736047299,0.88918915346175398,0.85221365880295064,0.86018972306600439,0.93933967683919539,0.89013871691444535,1.0075602467286182,0.92474518975614528,0.93620395807408507,0.9297347981171028,0.89155671696168604,0.87563088536560374,0.97280872047262179,0.95645808474129024,0.89272657181591919,0.99208972969560083,0.95361786035947738,0.9012919723842403,0.9552040705014313,0.94117624264740007,0.99151588136053692,0.90625829414382719,0.9761570101895255
0.94097984952292968,0.96075552210380555,0.85447048018563887,0.98384826012435134,0.90899395830972296,0.87053312873369748,0.94903654166364571,0.8704797103886317,0.95521640505818728,0.88806544517466579,0.89219358823296069,0.97671355897248757,0.96535701799253082,0.85730852544365621,0.99409800910481905,0.93798359300677625,0.88350837864558829,0.98320875426800403,0.83473238791550886,0.93806065106304182,0.9626477555325581,0.95199203606049887,0.96297825297893658,0.9115772105951705,1.0146890910721491
0.74941624788628014,0.99290847408060134,0.95078992313356836,0.95479098425567699,0.87064869904727271,0.93302448049534481,0.94402287552394859,0.76180473940346427,0.89536637915719575,0.97344277886114383,0.93397260111279767,0.92142082767594913,0.97045718000278391,0.81660173726984031,1.0145413164977164,0.97169300569631545,1.0022106432683116,0.90018129103635713,0.92449197221050938,1.0735703802516829,0.92804748159419159,0.98718677507530128,0.92081097549761926,0.95867436951276552,1.0130009333887644
1.0052704486155506,0.94358814892171061,0.97697800629658715,0.92901838094137046,0.9615718575544896,0.87875844566436712,0.91379900847482409,0.92862865233064695,0.95761520777311238,0.91579986440161154,0.86597079252582332,0.94589575426072581,0.82128806286976286,0.92424900316022818,0.99834688819422313,0.92478922605919545,0.98671683765207852,0.99887756089288771,0.90363520466804481,0.93217801518248111,0.8600827569677344,0.87056563235165374,0.89818638146902929,0.89550822377000994,0.93490901929977677
0.99914676839283434,0.98711606769383697,0.99535957862159896,1.0303107179169122,0.92328367054054228,0.9292828354786542,0.87080640432670531,0.90594664096768351,0.80419601949635489,0.94012893925494967,0.93089599298340142,0.94862804576448301,1.0496396136894355,0.77944888524149092,0.96218498589366563,1.0073527903855202,0.93318300779182306,0.98333457811978453,0.83972495283468984,0.98096707991026955,0.85531803979743659,0.86857672700554789,1.0110054820053769,0.94780391879960912,0.96185129335538999
0.92507216969956407,0.98423348542893985,0.92917613724020176,0.96048926454229466,0.88830949444565654,0.96604352704690444,0.89591164725041683,0.94526795582271572,0.94291738249414769,0.95741896118762071,0.92018620551911467,0.93996899904365061,0.93515939118645819,0.89588647067861038,0.97806116194307069,0.9401407403361467,0.76247593185794471,0.91909987648635705,0.96328865486228499,0.99452077393745808,0.97047998953911352,0.92242929905057569,0.84940636786515256,0.86967821300379144,0.98308847921106379
0.99983564159976224,0.970255872128298,0.92887320226124859,0.85141932218873906,0.8219396489136056,0.94224502498548257,0.86100000221910045,0.90834332840818621,0.7942972325463592,0.85687575326871124,0.94686092543049738,0.82485655011367909,0.8443925950513459,0.98709215408259865,1.030885901083942,0.87238910393743196,0.98060131591738375,0.8795689360856066,0.74032964830846237,0.9815168425965316,1.0172549862864901,0.93245115704184189,1.0265763364549891,0.92091478752760214,0.90958667648428648
0.97035502643757121,0.93576523426720837,0.96018080140008333,0.95624006401503392,0.98908793392781902,0.9151122602651216,0.95264998692997827,1.0031094598326054,0.72212158244296087,0.88676291563703469,0.89698382721248382,0.95192820783493992,0.97592792915287796,0.99239186595725859,0.90914542135235255,0.98426514480711713,0.94460652029989478,0.8764054420771239,0.93948881078886382,1.0125466800070162,0.99707055005632483,0.96037457457226183,0.99104330545401198,0.86097005284947437,0.97505481028338437
0.87296342670385696,0.95792696271239386,0.91675909629107466,1.0059662978568931,0.94040405178719977,0.92113085935091255,0.89322084721024986,1.0095638800913151,0.99824350000870687,0.93961577610329949,0.95039166220838689,0.96665977949006832,0.97857367326116929,0.95575532916189965,1.0232476009870501,0.96150747658023417,0.8117646683256714,0.99584558428189185,0.9337353323992662,1.0471376050745023,0.88507530762382258,0.98507827594551944,0.91036920530187526,0.96809448194878289,0.94079080934776427
0.9161536164869104,0.9525842063674399,0.89970725916864747,0.93037248860398714,0.99589006555218296,0.9356590851740062,0.91093526248194823,0.94849005282784127,0.99834998359779181,0.88835324071566335,0.88747758233801455,1.0172521787574766,1.0030541812618397,0.9633119837451376,0.97423926068580702,0.96647388973624526,0.98542593545327717,0.92291911304650054,1.0008949006293473,0.99334966129720148,0.91986096796473626,0.94295457705127872,1.015026578279717,0.83169187094032093,0.89614349171692542
0.95397039171421338,0.96514458833913974,0.95657179105472279,0.94880965615686597,1.0261698042933132,0.94444986771594952,0.8626220973692138,0.96095122565953683,0.97203752196299709,0.9484855181316022,1.0023545258070694,0.92366755737210626,1.0048615536643353,0.92211876813935267,0.95873392260071155,0.98080796812192672,1.0566158562855819,0.97291483511053212,0.88863093187306441,0.95704037394310448,0.99570563288225489,0.96116101918285857,0.92000007853441912,0.89468053102295775,0.86187565850844383
0.93991141651530596,0.9713437649347757,0.90033748860520246,0.95202792224048005,0.96820740576389319,0.93900506679058404,0.90460352687665269,0.9982546109177759,0.97803389739438518,0.92095881476166153,1.0317265336558861,1.0034230127876069,1.0469424169897734,1.0409665072097911,1.0391734631726348,0.86185043268012729,0.92699949159179684,0.94075322775657222,0.91739242459670078,0.97936414863301902,0.90965042563304088,0.90627804596348349,0.90536514773731047,0.97675489124117554,0.89428119786477556
0.92073242970047564,1.0096544775932392,0.97135096428776746,0.83251820083883532,0.91493624524175532,0.88849764706805112,0.85280673624568415,0.98406085930464671,0.961327630484617,0.96821056037876496,0.97152404678720805,0.9896769612160542,1.0110286583517867,0.85985688012758865,1.0303334190346654,0.92290876210635653,0.87605387515162914,1.0085425749601402,0.96609288224796519,1.0076735732561137,0.92829582009113198,0.94174097098439169,0.87703209455110764,0.87814797536603306,0.87979745064217363
0.95358183545438513,0.9849467184148285,0.94693282374256815,0.98041373138438281,1.0259119643184442,0.92152185911008611,0.92342905031960076,0.89711091079027627,0.95828005955598328,0.87956782921853027,0.96208088982857543,0.92312678992868258,1.0291490904424265,0.93127603031314443,0.9545680184579195,0.94311370584835774,0.72309025632037627,0.97352312609610692,0.91598932174209258,1.0015547234051667,0.96901876120474584,0.94862685169444261,0.95008269773136611,0.97471572812080665,1.0024801374381096
0.90882293391549895,0.87568375886158756,0.90997228984046097,0.96266451718373336,0.98095694093499886,0.90723619823344093,0.90686997220622967,0.96029053872185954,0.96106468847384929,0.86137761262590962,0.87554336974065683,0.99224765516423508,0.99003026958507689,0.91461842651400671,0.9903573497303032,0.99857578665771851,1.000407720699253,0.97712448231581861,1.0089221341979955,0.91777319925265066,0.97164768206691599,0.9203014757277328,0.9284665601260832,0.93930292577590213,0.99590354389041524
0.94153486726976576,1.0194810689121554,0.97660601923763335,0.870359973131135,0.95648411052982785,0.95157640194014437,0.94667510469000304,1.0287653692741618,0.98412832152711061,1.0245303744533991,0.98284566794440187,1.0036638079594822,0.93165127185718843,0.94773661932011499,0.92660126545152888,0.96416601403362578,0.79852275284555119,0.9983770339657434,0.75404742533862601,1.0249210998004392,0.93235084338176255,0.82120104537240568,0.94656193457547155,0.87001415181687625,0.92724823198150907
0.90887138166892534,0.95112713232770929,0.94218117834359805,0.97131058384350688,0.95575528871167081,0.89478028045582281,0.8794439527644845,0.89918682605956712,0.94137746336022299,0.88731426630368593,0.98626492852821424,0.93695983914410352,0.92967316602941286,0.90908942517445757,0.89607821715366087,0.97984585120544121,0.81463685996993296,0.95122012515897447,0.87951772866700517,0.90287301253390906,0.8312204385201758,0.94315641813635098,0.99375716330343566,0.856298330853278,1.0472783920023276
0.95072517300337567,0.98311706451370784,0.989588527273362,1.0170073901631578,1.022327393651,0.91648719306096305,0.88412292749749732,1.015642886205242,0.88952994455937473,1.0236204039639381,0.92593235186939604,0.91174870592194901,0.95055272526497958,0.95990316223691297,0.75368661201590326,0.94467143609295467,0.9813528190574774,0.876437464379338,0.9915681274876309,1.012170612450582,0.98924261805039859,1.0033729850610309,0.87783313344124436,0.81905298677773841,0.96803815201919108
0.93408676408398839,0.95531144476975893,0.97383870150574492,1.000674972406101,1.0105472201169361,0.92667126327367177,0.93425666119606532,0.93127941392419322,0.88280867287386589,0.90025591731879728,0.85120338363770798,0.96030897752590838,0.85103408668151592,0.99409147512436535,0.93678694496860937,0.88738680331112818,1.0113442015333156,0.95950895051565865,0.90840960389405012,0.90202867800959463,0.91743059476477251,0.9593125564825784,0.88908283472430294,0.85568832179361387,0.95622839327735332
0.99037503634005497,0.75994142416753396,0.98696438569884948,0.94516316689390556,0.83223838164672337,0.88981874888162305,0.96020950829726193,1.02367103487583,0.99912625082536133,0.86311541326365093,0.92227934384433552,1.0563353001309059,0.91432937411201942,0.99334204186101316,0.96372318972634441,0.88249859482377158,0.970820444011396,0.92782381856671214,0.89771898889384372,0.9611424463955941,0.98801335600462847,0.97475002966757007,0.98395179799847954,0.91857704325623235,0.97645965241739663
0.95563868871024682,0.97938765635127389,0.95700040736132619,0.98920461566092921,0.99594429763774051,0.90256643843597484,0.96304838885013211,0.97008946204930813,0.99454398973248681,0.91904336432155387,0.90259019009902886,0.96692457648544494,0.91093228741519061,0.96348062846291826,0.9333410586678621,0.93349568389766313,0.92802217759576311,0.92696905136192798,0.97610944306030256,1.0283338647166076,1.0114638025098719,0.9722298392865194,0.9910141888563162,0.84372101109138242,0.79668124078063718
0.93061077000508463,0.75516256732437181,0.97230058797589269,0.98882350000599972,0.85120138158282965,0.84620979138177066,0.91146019013659807,0.9051332864390913,0.95492148756816042,1.0346462947951731,0.98408460942768239,0.94261496126990052,0.88006493878465064,0.97243731441976411,0.96161841013649163,0.79963319899024499,1.0187222134835405,0.93735158324145673,0.83733347681444015,0.95058503887106838,0.9605091545160046,1.022214881594369,0.95648287600960102,0.89030314075338057,0.82609072823875696
0.92467968071013873,0.93696204370720992,0.87250137099085134,0.87589929585552473,0.91833477779149497,0.79585982305274805,1.000304602490145,1.0093214684236334,0.88264464376644414,1.0216794034959764,0.99082064573461637,1.0636677641469807,0.81305888450027797,0.90054655005000384,0.92561794939071385,0.89458086823212413,0.95099798857131335,0.99531353822308,0.92508304199475044,0.94425984521795325,0.95145619325606967,1.0301262618129168,0.91136515362469195,0.92612141971674899,0.90913506235748043
