0.67987434830116367,0.72204617638795499,0.71723174504269593,0.84881181779670256,0.80011032591850118,0.7475974108535498,0.67886914714743529,0.55358747512642614,0.75022556980342692,0.83082604319063846,0.55717939081927714,0.75206325534921503,0.74139521917378448,0.60562242522370302,0.8196220514535969,0.66093061600925762,0.79664430214921167,0.76541166963407503,0.63711042253602701,0.58916735149279709,0.77626516303540027,0.76863344163019021,0.72121389488348953,0.70329720885342051,0.79867343346517194
0.7004774645465256,0.83784193469456125,0.62949979848678239,0.83393581266166961,0.74378986926278878,0.65858485201042705,0.74179366642020172,0.59997721727172615,0.73798143157472207,0.80964013575240401,0.55915964276342855,0.90773212363823796,0.71779496831277578,0.68660570518873021,0.86567741400968579,0.83293434819943846,0.86199836353179304,0.75366672064659435,0.72236085418904439,0.83786769342555634,0.82940784292006864,0.88550800726811307,0.70060144672612845,0.63903534509853777,0.74728638431616934
0.73133241908181812,0.77607990062533649,0.63524507883015224,0.85566364478896628,0.78518952191313884,0.70973192474751334,0.66525933653255653,0.57926285067211147,0.75705581051405968,0.83274816386939143,0.66669417230766459,0.9203042346874698,0.87456685975495352,0.62548329632377897,0.75524969338311854,0.88169363252606714,0.86553902169020946,0.76746485835094524,0.69347235034555244,0.83356432000123559,0.74923019081706022,0.74706619877668901,0.77384130666998263,0.77563369650910807,0.86028380915083147
0.87989844160043773,0.70335371143066794,0.64434631339933257,0.93309964197084094,0.75262445513890008,0.76926020039828535,0.62336010661901686,0.70634472455684838,0.73575366004988196,0.95572079874801119,0.69217575880249049,0.83074677809131625,0.81839932742385602,0.81576123182149585,0.73790837604659454,0.8225452134403517,0.78298699688084117,0.78471382529627209,0.90515784273340505,0.88381619403038314,0.77112625359590148,0.77966396715829134,0.80811275006046435,0.769550632041758,0.76122059797062358
0.76461253203585711,0.64484582301054028,0.64909255224602747,0.92402249178377172,0.74641796397890403,0.75267067472353177,0.86481947306033558,0.69005803840979507,0.81658097417763986,0.84601815225440202,0.70245194564990776,0.77562996658652417,0.74243034850744793,0.74846237147303907,0.68302971845955218,0.81691468800746625,0.7911416300368207,0.86261340982018664,0.88198257240338263,0.93214231614134968,0.72841024244898434,0.91765781237165356,0.79878001661764242,0.90480772786419417,0.86487120494461722
0.8470327225263814,0.66914602784724064,0.77677114336782815,0.84640035968565241,0.76021544290641307,0.55432774963364884,0.98501074858524562,0.81568496093564113,0.96478789794023023,0.90078825712266319,0.69131607496937186,0.81898324533024369,0.89139717261527496,0.77438771479669788,0.67196905685031783,0.88067918496152298,0.73298446952108498,0.91086830381864892,0.87189628909705763,0.82579156234699069,0.79376034099272152,0.90568775467671492,0.8007487313424011,0.79403516463007329,0.86182951226151283
0.90803983687977785,0.81775369408772036,0.76587203949334193,0.82802277557412718,0.79818588457233386,0.64183756355776689,0.87188612061888549,0.78113384700566191,0.91305738192069685,0.86022131521167433,0.70915740369934444,0.77817776529537153,0.91232131973362174,0.80517099893710975,0.67459025145607565,0.87623591292398595,0.76451927616203386,0.93881251972324797,0.79303162775546643,0.74534616446080937,0.77241176815545254,0.87405911523787305,0.68067877622673756,0.90802654949114636,0.84394161450515315
0.98680852808396979,0.77146941216093134,0.561295513925409,0.85421973967946485,0.75853178709976243,0.67652979597973206,0.76830814460874042,0.63359434426935024,0.86048558596735603,0.91374522661394619,0.67302576959572902,0.79766636966819604,0.88262022427648756,0.68158339412698865,0.68581389656235481,0.908329362533705,0.75133511955335786,0.92671657548979525,0.77533712380619502,0.74454651746316725,0.76444720397662225,0.91519443034145997,0.59000496730075314,0.90685640579881654,0.94921646266065463
0.88256857016300416,0.90669422229985974,0.58003658743437503,0.84534677031541272,0.90503962674874028,0.6616670275465022,0.66843244059478302,0.77248477357793754,0.87588952255927355,0.70344716440730692,0.68470385652092669,0.81898558840707592,0.80134749496664059,0.68750776502273403,0.83577397318457958,0.9664321089418767,0.78255205812476836,0.73792489902266833,0.93350964342292364,0.76811969300527316,0.71964159159902041,0.91168147913800845,0.86963123143526688,0.90889950292140109,0.95394993143919182
0.88643075514011149,0.83642817293592586,0.85932511504435805,0.85194459193884542,0.92812645583529063,0.6831523776936459,0.9414189102701036,0.79095265210959276,0.86710079549382779,0.89977251401848435,0.85081305607028179,0.75046025258125182,0.88595463357162585,0.84112822037132839,0.84666513135633159,0.78316396321798332,0.73211872155609936,0.98056384625182857,0.95164252505721392,0.77626555131584818,0.7733800602322598,0.91824808181894368,0.81353899863110402,0.92270630778564111,0.9107249332721884
0.85594337887988947,0.76122525579429123,0.90379257709870364,0.8375784384088828,0.94727912024682726,0.731719841332229,0.74209413374826139,0.66499384835796949,0.81345509959217333,0.85352993865169458,0.84447999642846483,0.8227273672834291,0.75747225759772607,0.82837493108015681,0.81596537902565025,0.8930009233828301,0.79279594073554038,0.74141816374420133,0.91702868977366669,0.70718402765620803,0.7994319673207344,0.91974718556133117,0.71437716209384261,0.88109361943573961,0.8239158638805667
0.77972707793953555,0.76052272892641193,0.84757353092564247,0.83800910065227263,0.91053897737784861,0.73352440212665659,0.81743717147938966,0.60474202876644367,0.87208898455825312,0.78694847086869857,0.80904340796122276,0.79720023524643346,0.83343534050965262,0.8138781079849311,0.84899992532808954,0.96008704108677256,0.72611669348951458,0.83267722254672505,0.88097330885891822,0.78264635103264435,0.78670963020989115,0.91396620287110042,0.8344178826090507,0.70178210252738671,0.76932687672075173
0.73032403374008881,0.7209080057869286,0.91837793061450912,0.84544114626744993,0.89607341356343084,0.73207734808392255,0.81569882371718971,0.61983542269304892,0.85203793265236227,0.75631772934068286,0.8598058981824207,0.7803412606459591,0.86153519860233907,0.73798661360234674,0.83766900366965746,0.9992860991075404,0.72392448349465188,0.88738672641211269,0.88482192724049991,0.72993226451364335,0.91655051050592318,0.74871692862597472,0.92519259893132078,0.90657388718587328,0.81380750170564675
0.76936552257318203,0.75471944937964752,0.91107998529243972,0.85579945312910932,0.90859589458449075,0.75914018982912379,0.75335787543610322,0.64412740268305324,0.71459573188692815,0.75069135940122034,0.70489037136500732,0.806037190193026,0.86455456517072926,0.78593497659105349,0.87585562839436104,1.0308504928275977,0.78807659384751916,0.84480466417538913,0.88371720383098173,0.78401734884704044,0.91762669941703001,0.64078821732918301,0.78418906768442698,0.91517946526021365,0.81044462704802456
0.8755263451596601,0.70720673303909654,0.91001716813640221,0.8328757466563117,0.89674279999895734,0.74626596233163889,0.78507770877000094,0.80160951779303913,0.8880078533983411,0.88423798081291249,0.65542586666628033,0.79952516152411934,0.90616020628489602,0.6377683375937282,0.8482851469030166,0.90229279521521077,0.63456205663171716,0.82536751064762315,0.6342385294292221,0.75039542235050782,0.92556771335772203,0.65701064098262407,0.77521882350190341,0.90193887843865417,0.80339816357537475
0.84158853006526879,0.76924952729370999,0.87769622214834742,0.87534881389112618,0.84070834855663978,0.75070797375000553,0.82981852475475959,0.87817079006170851,0.92124916624002973,0.84852995320358282,0.6444056666660255,0.83996025731584845,0.73818643178182708,0.66236586447674339,0.87389893729750712,1.0185172514804433,0.71951911666394841,0.74644141951377985,0.7027522501304837,0.77625937828608627,0.86897511713309505,0.65304241761776305,0.89796435463898183,0.89487779472056805,0.80041302204100118
0.77579341685019676,0.78154417888630856,0.72454223745060742,0.70221645319784987,0.8580527041274113,0.74062965267907599,0.87280038229938184,0.81923814183160881,0.82607752061678319,0.89265231826084601,0.67029293440392301,0.86693356940163302,0.61621025841890764,0.79997257212609663,0.9501691214818504,0.9257977376330927,0.69457463231420347,0.89885161641978673,0.63350472173728245,0.78584005973117255,0.8653843718901616,0.66212682785136012,0.92436381661294931,0.72884777629153097,0.71888621180109158
0.74202483487378423,0.81283145608862706,0.8434696704808855,0.64906213409549984,0.88958959723581299,0.76954914650253337,0.83233347451580453,0.84800986275391155,0.79945020688841195,0.83880853679824319,0.77004312719173629,0.80160939605360237,0.77011656871304857,0.78653823540003742,0.73308684903160115,0.94500668900989293,0.81375823482243281,0.88464160115026191,0.77931580019553037,0.82068743270854172,0.78577285270358332,0.74611161050907027,0.77712337386893571,0.7291184433975223,0.72334006405201334
0.79353310467453653,0.81231469632676234,0.76956821650953844,0.69257999303163675,0.6953283547419008,0.6454925675201546,0.94111267752659755,0.76619124067526334,0.83152288733406132,0.88355423848728321,0.84863858583903418,0.83412396176747217,0.85704382571029702,0.78045761495344723,0.95545676448978123,0.96472378891514832,0.83572639730693532,0.91652883013337083,0.76899595930117437,0.80218199077025565,0.92475698579548482,0.82196432780825812,0.84680794873894305,0.74655879999137709,0.73014805225607304
0.77720630048411465,0.89258003341446723,0.90022735988434466,0.65948685066536028,0.67320036622843749,0.6306939487271549,0.95309126857613879,0.48226607141103756,0.75194483951319702,0.79985591310855686,0.81129237667804566,0.65097948859464128,0.85929906387915989,0.79942947908129591,0.94974806165533854,0.89633850288922901,0.75439513936803659,0.88581565781272675,0.87918169418845349,0.82361317257983924,0.94390007061123815,0.6963388427367504,0.80455565066113965,0.79171003039929067,0.71616070605562532
0.79458513430423727,0.92238216531371342,0.80895233739973771,0.60393016323040127,0.68933870185781632,0.78935290563075955,0.7640285476727513,0.55105146945382955,0.82690795077684098,0.89715629779031658,0.74228630714730681,0.73812058929446955,0.8742786527013362,0.7887728738695321,0.90716778202675619,0.78478491295420982,0.75109485419575939,0.71508096270577559,0.89312850853558912,0.81038431386388898,0.9714781053273347,0.68235851306405337,0.73704986803929162,0.80368580765867903,0.74006010988133475
0.87484929045659843,0.81655166055196882,0.81400676333943345,0.77564010278047402,0.80989786283995924,0.79583110875322638,0.81261730953255429,0.84674759612752959,0.74028272269078366,0.80896067497756408,0.80557389496409093,0.78255334330780402,0.85323511764158211,0.79346659455098323,0.9095557030361936,0.84528530384514311,0.7371694765323159,0.80382453138213783,0.876268975415884,0.82633950249209454,0.94541145722366982,0.88508982432042382,0.81650626164433271,0.80056195562443189,0.75170995742732827
0.79149948903906564,0.88365057092389254,0.83480779686829165,0.72457371479824251,0.83337740700895258,0.67792291813071748,0.79098030011601828,0.87763963489974428,0.7504739143268937,0.79674053363886821,0.79463570727874888,0.65644335860481573,0.7499440883395041,0.75234637408880933,0.94567201044676763,0.82471280238555555,0.76019292103062319,0.86395428096752358,0.69740822825963456,0.71723813081909549,0.99488835833268929,0.81229451257551999,0.69779973568596798,0.77284640603286858,0.69211151721566055
0.73679262025470904,0.90904461907542922,0.86824126614354846,0.90077096148883729,0.82934918351079623,0.6839110118254581,0.83519512739993884,0.8936499890058639,0.79795964837945732,0.76665809279366248,0.81515554845013594,0.75554478187313368,0.76246352158378228,0.87109926431632922,0.80193924700187413,0.84434746005989803,0.70804338568703218,0.74653014056396605,0.83257683456343556,0.74545358718864518,0.96144786789593029,0.91097770727709992,0.75821518397471255,0.76373849761689061,0.79560010121504232
0.66791229313591516,0.88733189750837183,0.86399242230476336,0.94160074089884049,0.81565009743299599,0.81009522390792199,0.82984655404626384,0.84826402833461823,0.78317697196704017,0.78625674588011352,0.7821492677543177,0.78514167655331657,0.83217147148378068,0.80751347191562928,0.77130690976301897,0.83937441028284232,0.86020089789266518,0.80035894981847688,0.82767659258328363,0.73389696222052714,0.75153853756744715,0.9262096133497647,0.85657553532999442,0.86604286282969489,0.78794164255383425
0.81407992585978417,0.95209387662782441,0.86463012287333241,0.79536710920370934,0.79652375560623023,0.74601846212013778,0.80819131089893659,0.85088549935295188,0.92562285326216509,0.82125038841825493,0.825396713086193,0.70378722587995701,0.7864554216639037,0.79399649402878203,0.75381073888204964,0.81551969696410365,0.75318945873127052,0.72672014571876287,0.59393612760809089,0.78127432910711048,0.77620975150220883,0.92459332537408467,0.74375865221422655,0.82221114527910677,0.75951719338344292
0.77956288767065807,0.88364371574956846,0.79641756269847708,0.88365263787720749,0.85115262502557154,0.78750736093905294,0.77047784601014979,0.89913096283634819,0.88633446918179015,0.79967206503484112,0.80793595208599756,0.63130061856150854,0.75045108948764228,0.80676439442495151,0.7164373154116237,0.81895048667632475,0.85964369738513224,0.79327582666326468,0.70231367763093455,0.76158705566916918,0.76495510000286271,0.95504238552022402,0.76019055121189716,0.80943777440355114,0.79547156050341594
0.94380925339050903,0.95455630684740267,0.91721923835302877,0.94803633856069514,0.84547240120761824,0.73185234920603137,0.89218066911109439,0.90230702498680926,0.81499648505106415,0.93412861383150414,0.7564159080112135,0.79963646775789099,0.80984733029835354,0.80204727210775983,0.79246801120610622,0.76210602594678145,0.79750497632246176,0.85075541912530284,0.78372402924096862,0.81590953568480407,0.7267719319513587,0.98279510392169644,0.73332849824698687,0.83744153208639494,0.75472086636819014
1.0218940334596984,0.93294117012017763,0.81672443188973398,0.87859590439076585,0.81224377758912147,0.7774553109589909,0.83323133124367987,0.87973685255195877,0.87305868075016368,0.73749300731893053,0.75117799492206649,0.73522308858848162,0.71195121378473214,0.74431714942983473,0.94081921933699875,0.80663026126844062,0.79052266295635254,0.77445002983903444,0.77290157210425059,0.83494884360366561,0.64327826620909634,0.94477026612565851,0.81066814912211682,0.79022568600251031,0.80239878639963891
0.91834050997168026,0.87436918569401512,0.59461312089874208,0.95436905531669924,0.79861733006860858,0.74702554424794243,0.72093214116984627,0.91747209673005592,0.88959188930252531,0.79611546497899333,0.74274274177102306,0.77520200762295921,0.77187439314512152,0.86602246176067665,0.91457904973128334,0.80037691773745601,0.83455958115364848,0.80568996912473212,0.816283814960302,0.84143561110310672,0.8515806627535325,0.92920725944337468,0.72267148302080686,0.85195250005922984,0.76072605235960722
0.85121343756001466,0.60244670063042971,0.71785132009061048,0.90850972395224572,0.91074519168323187,0.70173628077566585,0.62703577569077673,0.80343137324830138,0.80546263805096574,0.83639646586893768,0.82580826421757991,0.77846835122074898,0.73937370513187395,0.83603442640532477,0.88318840000093801,0.77350960594436324,0.81327643939261618,0.85736795795295773,0.7350869838839591,0.84544081857569153,0.81372765056223706,0.93119687215702229,0.68454776046966992,0.93238256972239753,0.75284623237036497
0.93143913559624802,0.90936140789771414,0.85983679102859645,0.82381296863627917,0.8901794272118424,0.86602467932094906,0.74691585506100744,0.75543038579396837,0.92098239251244396,0.85994519563778826,0.77684572610956093,0.91214097506233083,0.85108731957632799,0.79779025020529581,0.8418439464359565,0.7518398667449383,0.94609883570619613,0.86612846901261187,0.75809749587725606,0.68051382904863056,0.92105533997246558,0.91665671437170504,0.71569683127836703,0.88929808481790529,0.78397763111714636
0.91236330975377611,0.93653548857306768,0.95373406105763603,0.77154864759949016,0.88034998253686625,0.9260338535838154,0.8419966157638068,0.94657805502154457,0.80545412529679294,0.80751025096134788,0.92560910483734427,0.94731667712623679,0.82748299306194684,0.76875124721536314,0.8825960673157579,0.5435009761984485,0.85633312210296086,0.88898669304069677,0.8543535400353397,0.7320615669966748,0.92421039168669539,0.8196635659952024,0.78768174479393727,0.76674731725945033,0.7494331648143675
0.67966446617221032,0.84691860186568912,0.81004037285814878,0.79096442080649043,0.85912526950692691,0.83670035860511871,0.79230229537040275,0.89926263751874069,0.89410824312987436,0.85062052813778666,0.9496437394191396,0.90460890561049034,0.86913576654894842,0.83047088332295849,0.72237703760402505,0.81171831698224006,0.88288903863298152,0.68462949745887425,0.84554506363004867,0.81260181426510658,0.8537326484600134,0.88887263430600605,0.74123390008949697,0.80163348829674197,0.80449023758357352
0.76741973975644995,0.76811237257400256,0.85244748310207252,0.8150076858530011,0.83408221849694175,0.94586401443741386,0.78237283740649832,0.91574145680279206,0.79575272639937022,0.83083802502996351,0.87621795480591302,0.96967639743725975,0.77806633405558467,0.81065930847179501,0.79779072248262617,0.83941524219533403,0.83042920103481788,0.91861233282845045,0.89315199468145778,0.84037000159285724,0.88031035681896475,0.89061849687413419,0.80073513909467509,0.92302213446480941,0.80843557016840628
0.78202778785390958,0.79460270613737716,0.89830954249694384,0.83245677744764623,0.88794364958588501,0.89848965032707429,0.82527372695725909,0.94920097234312351,0.7888839919723416,0.83029390413904802,0.84482470031939827,0.87873593195530719,0.85736482269565306,0.72428683857305554,0.84495916417007666,0.90980459886865028,0.85709304378209472,0.89865605041790375,0.87149380825690326,0.91141864995967914,0.87576609872157374,0.94309699986394346,0.8244640530575148,0.8532920820331138,0.89491031542010147
0.83951841672118876,0.94045541231709628,0.85145057126301782,0.7927281612619056,0.99347479891140134,0.88425537226225348,0.77038079951812433,0.70485013601566937,0.82301728353163983,0.83595247031792863,0.85543717305581446,0.86916632121325454,0.88819202592584001,0.84693095399756413,0.78993319598212208,0.94965585615935999,0.99489963387404301,0.92021818685636547,0.88931036148035025,0.98942880077022999,0.88619734279975482,0.93713288942886963,0.82416386697614596,0.82333635179412801,0.9413473981849273
0.754425819365388,0.85186557501655702,0.86759011704537925,0.85256731492279492,0.9365695041248292,0.82231585075089975,0.97919893905515043,0.91274656642837382,0.83820466537678306,0.83256428243576508,0.92695283723215094,0.87987071687866281,0.96371705836822785,0.89499375157496996,0.86303318113501992,0.98326222080156345,0.90725053139532519,0.95212062106168249,0.83967015828972802,0.99196476324620664,0.96088908493697156,0.86962926000202811,0.92205900245497963,0.74454531146326908,0.9497177942745797
0.81427457543283166,0.71511429137026428,0.83518958817740807,0.85128553968843657,0.77134860939137062,0.90707110869605179,0.90583508294851345,0.95776508319242437,0.80781794076588542,0.78751320239660272,0.93001147133784035,0.90522594794454259,0.95061843546689428,0.79373738747301381,0.87089915159446996,1.038370103773206,0.93570732114667521,0.9081097123971501,0.81391062331096975,1.0383169995829595,0.96833639696867302,0.91020229826208154,0.98721707983355378,0.74602322366275231,0.94990394532845113
0.78190644819703914,0.90602846704591289,0.86841459958985723,0.78070053764730285,0.84123631518475828,0.96783406693178775,0.89158022882555821,0.92320960100086247,0.82643243474588812,0.79674169095224445,0.89648543645510947,0.80564895482904741,0.91400660443138959,0.88638558139728341,0.79784028027519749,0.9593251782058988,0.99612958011040431,0.92902346417338477,0.68577353992146006,0.7970207841734932,0.92417691720331785,0.90050407396410914,0.87835830520326319,0.78249412582007216,0.90207274081045186
0.92422831849065423,0.84613419625458219,0.82197836226340737,0.8503848279940508,0.83001116448299095,0.95783880723389014,0.9801637556507492,0.85380247671039633,0.82429428688794659,0.87477845540671428,0.86360354388452187,0.89815120841809259,0.84801926028853558,0.80092666877464558,0.97540589216098694,1.0230179081679471,0.92982498454044815,0.8235912991573876,0.95496940940673392,0.8564568180028761,0.88279149392772671,0.88498635463372044,0.9742162950121579,0.75016433750319222,0.84773994025086674
0.92479885245328386,0.89025291811219776,0.87467701870647652,0.95375785031321048,0.68265682852797094,0.97488587289328532,0.82729838660291466,0.93579568773489041,0.90763292228081438,0.80155817538427965,0.90354508741722872,0.8741534785701448,0.93243041438343521,0.81128230426105663,0.91831552441058761,0.87090487743230549,0.86860980199570204,0.85665216472568639,1.0077753884457641,0.86375321464181998,1.0100438398886822,0.89372223654814775,0.92205575562477504,0.87432005519636868,0.88616541487904721
0.96506156177346225,0.94298227638628762,0.86449255682786952,0.90654019459780877,0.92898411650862334,0.95896139486040188,0.8152588232049891,0.96774653313546999,0.85313050650800459,0.7793335100329698,0.95501820101656143,0.8966864854412977,0.83404245986239212,0.73260358016532123,0.88018128900192583,0.95500430098701239,0.95884256113659816,0.89697598289159564,0.95725742270617808,0.87337671039603415,0.83631537741732576,0.89698418772025079,0.91258916794443601,0.79018898859597175,0.89025116046747654
0.9490740643962351,0.93635640313166812,0.82281600190465121,0.93020129623664372,0.92095975601795632,1.0043132875962644,0.87540221621273151,0.92023493821697178,0.89964693425915609,0.74859355036493447,0.91466900875794754,0.94877746417007347,0.92931492466886212,0.80490635512178288,0.89127883230197291,0.87815472284831486,0.88524849859024379,0.91094824742369318,0.91479722783192707,0.83795335572102581,0.99830226876244965,0.89283750849522447,0.88439744982292745,0.75692892219479524,0.91006423519599877
0.97229198816177553,0.95009243617018957,0.95668168293943834,0.9375298426560067,0.90714986601762082,0.90873691699399251,0.95620558091630781,0.95714275941728977,0.98106346682214374,0.85135031113562853,0.98197846596755911,0.92213140098451218,0.99231120763004788,0.89608364209197211,0.93273077514636382,0.96469160132734255,0.95779477073145203,0.91827629995986848,0.88510051613285368,0.91231214852411291,0.94461459137026604,0.84216597907935653,0.89958743518328621,0.99469638434883567,0.92222620353674201
0.94166959789776961,0.96197201984497505,0.99037334403551458,0.97530682964512094,0.85474345067390889,0.95060720827142708,0.99032143713985654,0.98690593205141597,0.93755253889962209,0.97814807004089521,0.8011295871566223,0.90958350971962931,0.90757056005685988,0.92596764044550062,0.97040534440759429,0.94449137994366628,0.89367843700655025,0.95988144602129777,0.91430456965946028,0.86693845039045725,0.95921699089141521,0.94069339564696663,0.88682426978491258,0.92464454863189049,0.83247814124303643
0.921746771163242,0.96769500581377588,0.89133433284098718,0.85361223116736318,0.88411202350031759,0.93944907617934925,0.81672937487918962,0.96091850574456072,0.9674166160714055,0.99454105928735193,0.89317194266405175,0.95949177770995475,0.92189221839588642,0.95879584163840981,0.93102177776711725,0.97833053072635057,0.88210634397150511,0.92426928005032771,0.95240048845975911,0.88739133846103924,0.81194839053696377,0.94150328904682135,0.91707698636045643,0.93646884843802636,0.93452015129471278
0.90080217095312942,0.88738040316254974,0.9271324331961952,0.93884353714561963,0.80408282581825696,0.83339490692352958,0.95378699728693972,0.94605770620542717,0.88871002221294471,0.91393496724534284,0.95085118723708795,0.86418713994748486,0.95141645811648279,0.87936134448747871,0.91028394935648349,0.97941536650419181,0.87066127276203198,0.99048194416080482,0.91856078204782843,0.89469955105197219,0.77619566789304983,0.91529308597384085,0.898047028027945,0.92162517253032383,0.88303573002434677
0.95028530864489535,0.93687501486042857,0.88804069680033504,0.88845287072227175,0.94563313760207035,0.91557658484978333,0.91732589912365237,0.91561635685966614,0.93428518135019356,0.88202484592212316,0.89934028425101464,0.95972041874390712,0.92592772229976272,0.92958098212099471,0.98505889759687437,0.95964192001012916,0.9236443355163011,0.95479191469341496,0.91273027585896471,0.93272839773070249,0.87706688521603415,0.92320927984354317,0.9406064869316354,0.89566571136593998,0.87643819611682872
0.93563048744234023,0.95921571547706563,0.93583679498550809,0.96681523415504578,0.99657030915517542,0.97470839018392263,0.85068672049563454,0.96985370110191427,0.90079782737728487,0.91974599238927601,0.95921460940811798,1.0119933755562243,0.92469784081443307,0.9921214745884569,1.0172482978161197,0.9279118150760497,0.98179348058127558,0.87957146353099303,0.93605844310465303,0.92765194269031404,0.98152448074587395,0.98151787381936262,0.99361620725446809,0.91208378468586826,0.9344852672543017
0.92767468809668718,0.95904517625992214,0.99581057247472105,0.96727450140950766,0.77886170896298856,0.9328885097082249,0.99728564036680556,0.950214921595531,0.9593559386310514,0.86249845920764101,0.89856522308455211,0.9530571176607,0.93359127805691222,0.92372951625140676,1.0209003684353983,1.011255700920237,0.97698093090676685,0.89645128008174235,0.9212243178347429,1.0182714214513495,0.95362330540653795,1.015521087191142,0.91737262086906179,0.9142956788886617,0.86955671851337157
0.92236206332670401,0.94115051427983343,0.98884642302642267,0.97339227882914758,0.92176631050385205,0.92841247103687841,0.94433087791103687,0.89856660864941151,0.94017851574470523,0.90372172241326365,0.84122128817164898,0.96226711802292453,0.88173889657419413,0.90009414087611173,1.0005849719906843,0.94800629391466629,1.0032535486470671,0.97543309241686937,0.91550125361832602,1.0007975899944321,0.86402744639619333,0.9792666459750593,0.97775697646788406,0.96034825763717824,0.80975971170338457
1.0151586662688539,0.91399052908590839,0.9402104330471317,1.006572847203113,0.89518255041327233,0.90566538287700105,0.908629078492182,0.91348513376428675,0.94033722882871107,0.89147421435137741,0.95490660622130241,1.0117786535151889,0.87779694464580438,1.0354683088222432,1.0229026979503293,0.89983975585250442,1.0144485286648035,0.90053203485830702,0.85715397851933239,0.95013923210946849,0.88605065625725077,0.93457241264136426,0.85745712379535799,0.93874850168135338,0.84001532128609091
0.94502879389305017,0.92943138862851749,0.88094169269319877,1.0343986034714188,0.93321370773190804,1.004812476243454,0.95558525436490738,0.97302282746746738,0.86447948082880943,0.89963325925963677,0.89179115886979576,0.97165673447685363,0.9798211986256451,0.87916238127410729,1.0105404691189726,0.95642957925258609,0.9611008930559628,1.0052131218615801,0.98359248043400638,0.99471780836909396,0.93066711567944982,0.85417370756507782,0.97286355345904618,0.90333925067454279,0.93825990531844494
0.99724785806075733,0.96200646500757603,0.91025552891489914,0.96952888703252726,0.90807076302934908,0.96145771513710643,0.97134493928163956,0.88644895004195978,0.70618196841686698,0.98726589319453417,0.90664200184514354,0.93471984328653013,1.05245571152137,0.99579504220192572,0.92281661455128516,0.96197682720183475,0.99092050946437138,0.92927091755984992,0.95862049153915307,0.97860995834133047,0.92960849910661181,0.94280690696951752,0.93993891296590548,0.90966221067723407,0.91959479940046585
0.95516080601094999,0.96270423884674283,0.71856018977478198,0.93198920442140698,0.8442500094198182,0.90171143671993614,0.99937570207246351,0.74936571745106928,0.95295549205853614,0.92621644733130737,0.89295623190053608,0.93016823243662827,1.0312779560890055,0.98983023180628427,0.99537505720324715,0.78749233844893007,0.75519624666874552,0.99006233071714267,0.92552655151911412,0.98876937439950163,0.94159176216311702,0.98182332252161797,0.9880195095102744,0.94129962359249453,0.99762207211637055
1.0122444430803059,0.87630699815472757,0.95573840158649848,0.95973453682774301,0.85948442867180563,0.97660806723641669,0.85003808005754855,0.93994754441680695,1.0126361076543819,0.87860871544007246,0.9814351264689759,0.89224216698279091,0.94043354838772719,0.9514808793618903,0.98991341449285708,1.0122259109028275,0.50889236257716786,0.98860957690835238,0.97195280232881232,0.82941783478912401,0.96411860262630966,0.96519325932897504,0.98680874776909189,0.92886584273693462,0.92149983097264276
0.96580547466423916,0.93355974584501467,0.85373439336884949,0.96387392470351085,0.88642632322890369,0.98407950984961612,0.94720968391134741,0.98515381726663853,0.97727085483014953,0.94534888360607239,0.98882184478723978,0.95814330174864759,0.89907551541949482,1.0335182134050696,0.86297913940332105,0.80921367015234102,0.91584802593414438,1.0428172267379261,0.94552052407783693,0.89582800854327405,0.84748478741402589,0.97771763767442987,0.95319069092044306,0.94327566111903571,0.92559491906538982
0.91920221627544896,0.93113806712937086,0.86372763167803512,1.0195965406898166,0.85922924754456487,0.93929406649950531,0.78947509029019347,1.0138860716549911,1.0066147933006235,0.85739290143421432,0.968069402989292,0.9482269583214431,0.98430489604660443,1.0187604749293522,0.97388380742178382,0.9366571579483095,0.90030210955224366,1.0213127780412286,0.97830185921908852,0.92400972310585616,0.90666756444993002,1.0066344125696316,0.9732805204588727,0.96744376726321268,0.88251959977915029
0.89407962838676658,0.97576966155856071,0.83929861066892575,0.97175468551527244,1.0124257046241032,1.0137813187406248,0.91773837267306502,0.99052566813326703,0.8773927058958485,0.91615807756978418,0.98331930625204611,0.90980428938412128,0.93337767194845311,0.94949805492015349,0.88222969885444358,0.91278287677554104,0.98939618210310387,0.98421282196333759,0.99971452781960402,0.96617058692740276,0.98172341898271376,1.0392738502558054,0.93745512540905906,0.96941786064438717,0.9781748128679526
0.89460835296736019,0.93467275337065436,0.93591060091462974,0.90211275207054809,1.0025687478647745,0.97759015044363207,0.96810281738609227,0.89152049183197124,0.95558193918282097,0.92258133498581452,0.93122103175517257,0.96667195848904319,0.84060642052996837,0.94208800267424675,0.95076481592028805,0.92948108120245954,0.98635569867004036,0.86764723605468208,0.99473537414735747,0.97411328929462526,0.87811302621816423,0.93531280860846766,0.94600730565184565,0.95411352950282124,0.95624144808013278
0.89962386341552492,0.92797560242162114,0.89881449907082833,0.92927783217815985,0.95440918767162919,0.96537913787089302,1.0122335726292591,0.96315624375047648,1.0008754738896268,0.94015100666689422,0.92260354119892718,0.96115875457984723,0.89569395025893261,0.93370975452619676,0.93231213588810546,0.95983251164909178,0.93885385561015855,0.95822529359277475,0.97207124271288947,0.98560746416040679,0.87823787127785957,0.99079855899994651,0.87225246000365586,0.94153996017230246,0.98348016399197402
0.97639906570514623,0.99652853448636447,0.94192611315499364,0.8598820522964028,0.93491669826078971,1.0096656483121054,0.89739070104453966,0.94179815729491101,0.99226087795898332,0.90191328299887996,0.97464528017631991,0.85356909816291127,0.87338176337926476,0.8456401910398188,0.94739426084654188,0.95131612931637055,0.98499802327442221,0.91691338938462086,1.0197432088145355,0.95203294240119185,0.70779388461345305,0.9512968920803524,0.93956699239637798,0.77445400561633615,0.99597401648829476
0.98507497497959129,0.95700895411584574,0.83919780830431334,1.0153090412124959,0.80885761702673142,0.96391736848702769,0.93453880228229835,0.97519620783586047,0.96690337868575527,0.9298284207708678,0.9628184568293473,0.92520577703878826,0.93998372145786346,0.95888457389045056,0.8678755989089888,0.96952092972892667,0.81631401347380594,0.927740838496668,0.91560479360135538,0.98691033413745155,0.81672417056166347,0.93996694371306855,0.90130695718942644,0.90388370909193527,0.9610600893753104
0.9455797765460553,0.97671036577491088,0.71745113957894613,0.9996076432331169,0.94977253478355872,1.010454914895758,0.97410104208098891,0.91707820479659219,0.95267362854592319,0.92858177923994856,1.0066706341259026,1.0083883509021512,0.91220276017145718,0.8181082652638727,1.0113251045546121,0.83107908917937734,1.0117411634415387,0.93026953107570376,0.99259269487600621,0.98782873313688868,0.93535549904459458,0.92987042477351722,0.94289904395559576,0.90076443082989988,0.9726751126800155
0.93410577446027798,0.90884884121302889,0.84522364906792924,0.97727938534478342,0.93156952275654836,1.0070833306418374,0.97216108911573895,0.95670936917656813,0.97086640194447693,0.8967921198433092,0.95643655758918211,0.92672106996132553,0.91323788095486058,0.96970318144238277,1.0068832057026049,0.94023011378797172,0.88833848268390847,0.80860790603956256,1.0176555703917245,0.97626054726568867,0.97299454638613248,0.89422255947563911,0.96443380164238213,0.85383744332414935,0.96211023496273917
0.85696963945498561,1.0148333028559349,0.98659422097130478,0.94788325328515177,0.99058473573712991,0.77635409206533568,0.87993690333182251,0.88148896254770293,0.98276304005846693,0.89803541494628236,1.0023724128578269,0.99762460393028496,0.81862966107445967,1.06522162668423,1.0077248773944063,1.0260675666431518,0.93966654192402232,0.94225500439735665,0.98633998208365403,0.82001108015379376,0.9562844724519215,1.0143182897265712,0.88511659848266333,0.82652008913587982,1.0590404236365725
0.78071822475210173,0.90293668463314147,0.91895328927483833,0.97051613710531826,0.9910722026633545,0.88429983092440068,0.92290063969100977,0.82307101897496093,0.95075031498849949,0.93242220607327808,1.0182645416996701,0.97128642932463372,0.91989496418563388,0.97001837147603265,0.91805736630690948,1.0064701963603651,1.0042654997098288,0.91699650528288401,0.9772131706704279,0.98045090920357014,1.0051642819122137,0.91661065732620162,0.80523900062109655,0.90375404452215791,0.97610603830868636
0.97871015271412831,1.0102631166977203,0.9472014644687029,0.95207327208211612,0.81272294884722318,0.88920386783471528,0.95660393805984434,0.91500201893803046,0.96821839581248881,0.92007909361679396,1.0100971711500797,0.91268596299694815,0.99069581625092751,0.92031178542017467,0.79873443856248127,0.83099977426530414,0.92734812877375739,0.96614764281265653,0.98697832918043571,0.97465634827880598,0.99688806277978137,0.93911728612271816,0.91125214953514622,1.0388649766207383,0.96974686862066073
0.99293334566477531,0.94356096227877218,0.97225064662935157,0.93637934243869103,0.91366195567235742,0.96267409366364964,0.97011555506696456,0.9585600953743737,0.89641040492556945,0.95965783482910338,1.0093249470981305,0.99417535627298803,0.9683321998814225,0.91391188127573231,0.96193939884128532,0.88200527577420329,0.79090085450040193,0.89311069648305219,0.94930625273570635,1.0087670818620671,0.99845645457175636,0.98387706798320063,0.98981418634315943,0.98086795220365552,0.99579649389660696
0.86959433062195302,1.0349896427174574,0.81087085187316021,0.92329305242543758,0.90814561229957547,0.86070048890466699,0.98724316514845678,0.94571943891384969,0.89207502870761435,0.9057137442065708,0.98066854652514912,0.85004357264429065,0.98028689636282873,0.90989072870918375,0.91661217666103789,0.87432560871604836,0.90846903763109521,0.75331240322513215,0.88243640621300967,0.66120425538269023,0.99830637241268816,0.94887673665967553,0.96545854612632442,1.0018354879570006,0.97002491827626536
0.93171657151987763,0.94649119747428589,0.95406451453999852,0.92777103955726636,0.97260897067864005,0.90499099946206485,1.0133994491607019,0.92584498889445599,0.99695595476569143,0.93367140617341349,0.96558415113699447,0.95837635719513581,1.0024583525819695,0.81808732374272852,0.90870604029462798,0.91975276682582507,0.93511905382470684,0.88576187283806784,0.87006592241443093,0.7636361387911379,0.98582589190586278,0.96232583167270469,1.0073229853830923,1.0028990012563515,0.99181983440305121
0.95165512246620843,0.98774143064586961,0.95726332085351806,0.96191813310835317,0.93991212116887757,0.95165939988634063,1.0027546885770313,0.9653321630520606,1.0190996596918522,0.91801588648716148,0.90887010029146797,0.92071686819126075,0.96337464411864859,0.93478725756501546,0.89977578705198569,0.85222144279350676,0.83111726703039135,0.86393127152598104,0.95376184849098111,0.93696998362828954,0.94709157467106275,0.92654871991200105,0.96374703088596414,0.98985476433338282,0.96802826642968332
0.99629597936617054,0.97002261372375465,0.95069409896383417,0.91408918990216281,0.97676077371776726,1.0170409484699974,0.93891637240696235,0.95005776248989371,0.99735021865896212,0.96946146901290564,0.92036076467219408,0.97459094493621534,0.78732325750138932,0.94365836899798938,0.81471990735803135,0.91175267935068183,0.798941058273831,0.90590412373523455,0.91668752286703892,0.86383153860307016,0.82959670766170956,0.91374505002910777,0.9677488691812226,1.015627432020038,0.94067928980326787
0.91602816980203006,1.021443943563048,0.86409971188538282,0.89981511763692612,1.0029581601976563,1.0371370472601085,0.95697471091953046,0.91977109639817889,0.97539305058624237,0.92473272194301093,0.91921257018064695,0.92211882514643151,0.94647849277922413,0.99286445874122065,1.0120603351323165,0.92176527719064183,0.8295035190324741,0.87588734400381008,0.99738524001693374,0.9572788154195776,0.88961465220669012,0.94638267313220936,0.99362987252237445,0.93333324354088709,0.85869184200145754
0.93496609072311831,0.7853453686477696,0.87648848655131295,0.98871763512006794,0.92617431066847378,0.99153574229436814,0.9741844219272231,0.96033541686996315,0.96126111657434543,0.97113035616025356,0.89245603226010894,0.94974627008999324,0.91118175379927147,0.90664689137960452,1.0296590654715183,0.89130006167953824,0.92951549366787889,0.86563444061520467,0.9950509115861188,0.79835886618232288,0.81780387717890324,0.94761933294169398,0.99761179754134466,0.85761153346041419,0.99196047949244115
0.98136225880061745,0.84813768969575343,0.97399503613454086,0.97021565869246229,0.90541093588512844,1.0219002719758672,0.96902548092341645,0.95716043298640074,0.8838896883472499,0.96931439953055598,0.93374155209836684,0.983936423646535,0.87239416266410341,0.82983179513751437,1.0391337303898629,0.89079529899982723,0.92719716831472065,0.81756718288598151,0.93471934509214849,0.76370996969246141,0.96547274618423096,0.92383144515672733,0.95200771761488656,0.90771754536528548,0.90123946244579778
0.96254051006384378,0.99104257853154809,0.95139773804754946,0.96388036088540641,0.90644737291569732,1.0314160151888017,1.0069692217630921,0.98842796834035473,0.9454415047605802,0.98333859076760255,0.90237800673437629,0.97816934762783037,0.93657379017502784,0.78866831603877541,1.0148553522716217,0.93472287779508856,0.86457724903216349,0.95148781513904901,0.94946526982031643,1.0047453368222883,0.96355913516944369,0.92000782805425463,0.96045086687948689,0.91732777455294001,0.89063220645392205
0.81083878128959463,0.88139930195804916,0.89376073095277364,0.9308572063315832,0.96874003245984475,1.0463309808398917,1.0096140434637735,0.97034555910098363,0.99418011480766388,0.99402309762068897,0.9522510422635736,0.95665834737061284,0.90426251727775953,0.93664636332034901,0.97762951750914884,0.95274452263836362,0.81096375192093373,0.87770063871295512,0.75503231650969138,0.96691232917191827,0.8428295995407783,0.95004333073058267,0.93823931562074336,0.86709421334405135,0.92522119575230766
0.92952806236841745,1.0194495280443037,0.90105941761641994,0.94108754224413294,0.98640658593464614,1.0045222142239096,0.8981205238686164,0.98338106114682133,0.94586251884453354,0.90904174893562772,0.9720178715788057,0.9753628556548487,0.92784427868576747,1.0106088699985867,0.99068821308639288,0.85086349689421947,0.89773978418083134,0.84712200274390015,0.90401083972331731,0.93040811919959232,0.90159609246961125,0.97947261123999596,0.91629013795427616,0.88001702698345907,0.95741699545742653
0.97650331145752756,0.75521540893223027,0.8095492060479953,1.0399448915900278,0.93471429853142685,1.017713815724878,0.95043024330686698,0.9550451449016113,0.95441020763417472,0.98902371176494697,0.94038533494547882,0.97356446631701632,0.9718711880535057,0.98311566065965683,0.94613776626860135,0.95792645003772037,0.73046300192350377,0.73183139185047064,0.92418744067985414,0.97797388292394904,0.83166640700234384,0.9508773880185325,1.0054196331319327,0.98994930467308995,0.89939910884906316
1.0008086260775735,0.75194884549290442,0.89226386791126355,0.98053784219841456,0.81019118174182969,1.0228821777921877,0.91360951843005811,1.0099717056313413,1.0109455590723293,0.9348253111003072,0.88410933784902157,0.94376654840090668,0.96501042765105849,0.98317546540255096,1.0519851399493769,0.8800002287917551,1.007963242199557,0.88315988124304523,0.92023591769160273,0.91684232711984548,0.69515639614756108,0.97121954952801037,0.77101679363280973,0.85967453100694702,0.91576604014248597
0.95648621401445333,0.93595712448195367,0.91962101193309242,0.9635905062316471,0.91136363064733816,1.0317542869548753,0.92705959494158274,0.91435377300853882,0.96477438878689414,0.94461048761003319,0.85914092139815368,0.92244736170507213,0.92929203542912253,0.95861784549670281,0.91980913568214728,0.86329588585180694,0.95996294883211952,0.99547426679696072,0.92308986477895172,1.0013557841538383,0.90752661293719827,0.92430256467926108,0.93036206809644828,0.91558381468683581,0.8844245865005097
0.85468413679629662,0.93523760284174962,0.91355383724065975,0.98538690675526097,0.9246438135376952,0.96050063482241443,0.90715400672484736,0.97026571055060062,0.95815282086148112,0.936308462394976,0.76063825739709667,0.97381048238244994,0.90886294902089992,0.9123195206924829,0.97597495967157444,0.93921947303003317,0.98274003492972495,0.92400677953729615,0.93907863758818422,0.94820682441744442,0.89065936303024962,0.90268954523357881,0.93456739105092135,0.98992063334016256,0.91580117501171365
0.92572232821275646,0.95162909179625121,0.97232611800480184,0.94506473045257644,0.90385644109905416,0.92170541302549247,0.90711460916469433,0.92813886232459397,0.90956175224941516,0.89918474341659649,0.99832436320423024,0.97301834051715397,0.9147491830739154,0.77984026434454701,0.98486762698994545,0.90249150236942244,0.95664601838069263,0.96255339742629409,0.99837777801790528,0.9515725513524903,0.86147423110636412,0.88818241421577315,0.94334145321027729,0.99092165008050226,0.93076937975695118
0.97111356330641951,0.86705161752566962,0.88532314416107083,0.95494466816521928,0.9254005896219647,0.89479232708841439,0.92854959916981028,0.94882008873014401,0.87421828184359607,0.86538061785443421,0.9893925310992423,0.93449763603952107,0.96808430657543809,0.95080395867103851,0.93711297838377194,0.94121879572003964,0.93148978116066838,0.95305116442739612,1.0063939149102714,0.94291664932829633,0.91803491872318488,0.89735782034074218,0.97375768791073702,0.95827241331815283,0.85845991976724256
0.9553563305133882,0.91598525757541627,0.97782302901162188,0.91285112315810757,0.9895155023717479,0.95048441926816329,0.89900762441929738,0.91371078714565523,0.90262091464983973,0.92151703697468568,1.0364318443517349,1.0034416608456516,0.89829444745776399,0.97506975299608623,0.92700973194109215,0.90093466204998918,0.91611683166283819,0.91067714201658567,0.93896941005722112,0.89727545432982292,0.9414979122970949,0.96807544624495823,0.89674927372890767,0.99505057982913725,0.76831315338486361
0.88783150134109068,0.92387021557065696,0.96500201865737489,0.92798103048566882,0.91009878399329391,0.879956196739615,0.90290424470486641,1.0025414263595249,0.96176788909132227,0.86076524197095206,0.95324808767726144,0.96109683935038392,0.88351223247103339,0.93808344003757815,0.97666763141251867,0.95243839594185409,0.91439693015064483,0.99061835940931375,0.85241003315439612,0.9300608070660451,0.8550111593652,0.90049082339498754,0.93999018175231686,0.88616086376310033,0.93502694510010465
0.96710529831506564,0.90084908601339397,0.93016228759355024,0.92225588864669417,0.951413735328274,0.90121454228212805,0.92685350739979477,1.0343971316981122,0.91018088783581486,0.81055674470209815,0.85068817648195849,0.98987456936849638,0.91796977245166456,0.93777304334360645,0.9830131962321722,0.81339286585051285,0.98671842036732593,0.93462070133286035,1.0006369973815517,0.92079971064385813,0.82198004789876178,0.81799094328726396,0.81118358364980381,0.93107523497512434,0.94428014899723456
0.88008962495990695,0.89924248700662202,0.97957010472931016,0.95531750787335745,1.0047382251303496,0.97261033284530185,0.91763374018661481,0.98410155079712336,0.93139146284503249,0.9725550054009765,1.0424789258023586,0.91780382624963042,0.92507604845290015,0.97964487679438383,0.95244146873697866,0.93060114603139343,0.96075415279077714,0.97240179966267792,0.97112415031458832,0.97798580947443825,0.91164965514483387,0.90133802569782651,0.96269516748130379,0.93835787519546554,0.91767583481273973
0.92310459844949744,0.8654638412005502,1.0072330216018182,0.98076710519795307,0.97001462645819736,0.94146361680311219,0.95621221354426378,0.97995919385935271,0.99998624638048861,1.0079603518322855,1.0453390795914284,0.94882971285239137,0.92972181929374698,0.95958194547142106,0.81725343541881168,0.96073818992794546,0.9658233888385519,0.98258404363493501,0.95744539625898317,0.89253456157475675,0.92165619149680122,0.95047957441854314,0.94245513666168179,0.99007231808807039,0.92263705529641937
0.73389709277308168,0.89716993993724659,0.76822954683107292,0.93523837883415639,0.96009110900824401,0.96420696309022003,0.8931842930737206,0.80196532140973187,0.96194399897429972,0.88303361484988774,0.79896182151039563,0.91837850326225945,0.96218870904363218,0.91692570636862725,0.95216120415972449,0.98585751721331527,0.97203492614298248,0.98226498522559347,0.94129349330481993,0.8417685665510436,0.96269175216215697,0.95104481229626059,0.96595488272934626,0.92813090472911997,0.80061754155115084
0.95802108463116176,0.9303472348814632,0.86677009156370011,0.94923479778052644,0.89445510011004947,0.93111501319573586,0.90710350600627843,0.90084164633296293,0.95624995392855516,0.97501297322066571,0.80632933976853816,0.92609021132684755,0.9511643090088957,0.9639293138479581,0.9851318622533527,0.90362865033014927,0.93630788687983779,0.9898650978899336,0.90803638112094731,0.96854980133866242,0.88726931949548582,0.93429856631361674,0.9814599727880956,0.90714731621404976,0.92475379681234549
0.93306741096460499,0.92662388095145398,0.91512558755587858,0.96692213297499519,0.96228991517590379,0.93624649549856187,0.92195403014458344,0.91667536233648006,0.98662464783749171,0.96541986173251937,0.76004809867989342,0.98147508742118583,0.92515357357262562,0.96770585894782024,0.98722696852401248,0.87949421053186638,0.98508139754020041,0.99569187608679299,0.96339563686585139,0.97930394719786462,0.94012702647328861,0.9640583470875852,0.92625412956786801,0.90476251458962464,0.93927342605544761
0.9303134837034881,0.8686979618152989,0.9737208261551128,0.98206285731221654,0.99884213978408765,0.97559250172527179,0.93157367936579139,0.94800079224434763,0.90275458717117407,0.92526880259783195,0.91556076121201091,0.89924481899581254,0.79398357486557281,0.8969586804666061,0.93170529783218203,0.85790350135867854,0.92229441793901079,0.98421578725443482,1.0188111521821575,1.0096252196836484,0.95596286742979075,0.908874328318233,0.97699465557261822,0.91278394269915464,0.89280276115470425
0.92648185460689847,0.97748604273805051,0.95389629248353713,0.95320564929566098,0.91431287708524123,0.96211357881948834,0.93551167625579812,0.87900501892049276,0.90704277010968659,0.89093438371052103,0.98262136558322544,0.92070591899395959,0.91990364051189444,0.8765787447429163,0.98210567809285942,0.9542074731704504,0.97661299265635459,0.93173535764490989,0.92657366325328494,0.99037803385246548,0.9810422726916348,0.95479735982155733,0.89185260266340805,0.91733560663823699,0.88472627934252224
0.87866548948424861,0.94976995834525402,0.82224455638207328,0.93483328815541911,0.96359877496519775,0.94489938050973143,0.95757757952875966,0.99972601897728319,0.97161596563562658,0.86098649933490901,0.95250847817375639,0.87655897562028195,0.98312025379685697,0.89874947362156088,0.86048228533508764,0.91943486964280718,0.99454784684241826,0.91411136396154358,0.93544777395551137,0.96102289589627665,0.94633275139446993,0.83849816250401976,0.99531276033278293,0.86653672169900342,0.93900045279999333
0.91210261444555285,0.92553383334509354,0.86919547493601867,0.99869102586053149,0.88809171010311128,0.90069113602801198,0.91679082937297818,0.96492409259636613,0.95402679677311375,0.94644576464285113,0.84746542427107996,0.90444045742470403,0.95952035207609465,0.78401464038205482,0.77545379081393917,0.92490570861597943,0.94843103000519413,0.99452820095935901,0.85684588010680951,0.98458206806556148,0.84604476791571115,0.78561950532827241,0.93994973650888181,0.87200996305330403,0.90579047693089421
0.88175220460956694,0.92563726093253118,1.0138761552689473,0.97678583851932754,0.87150895402918394,0.8834707714598361,0.85640117541358163,0.96708334522849326,0.977558206445586,0.92952845838031029,0.83813971959865252,0.93081408784867525,0.88180824346139297,0.96021440665985747,0.92507018296839616,0.84640559877814814,0.90368086010648496,0.91213547937759643,0.95274995643474891,0.95146194864577016,0.94327188177188659,0.88299437402314773,0.96373525712650765,0.81654775775240196,0.90624004390566282
0.91640799381271887,0.90506885642221802,0.91512176238157006,0.95401660397344656,0.89960587184359164,0.87721382279067195,0.90035192031447531,0.95763287774545836,0.94489823624533809,0.93422850152783543,0.83901703635401592,0.9238111020802503,1.0079944776144891,0.87670925408887979,0.90945278740533964,0.92825332812368466,0.96376089092144779,0.95669150044694173,0.95910301490302008,0.93711506166899872,0.91928215547323588,0.85251016045084427,0.96283849305064051,0.86935775789005898,0.98354805570669213
0.88177176556786285,1.0101272522217697,0.92912859990002328,0.99593215356179488,0.9417093812769427,0.99179948302343746,0.95047905992919646,0.92589599134056288,0.98255963994233009,0.93318536440659527,0.89515993703228791,0.94290010383899858,0.96520623920708681,0.91443440965478295,0.97899012953928033,0.89124557602412158,0.97685121918277873,0.92656935628089299,0.96318417419059221,0.89970638465864883,0.9472802289787714,0.8797102188475534,0.96486269542226788,0.94371271187185812,0.98332807511377762
0.88189550598816824,0.92880742059671562,0.97304535505322487,0.98028886449574548,0.94361916922468092,0.92200233344286464,0.90059978932572127,0.93682512598745904,0.98064746437275752,0.9180563675510327,0.98483012958027005,0.9911903720301376,0.93088620884918172,0.88364418521447086,0.8996981661614325,0.95501457120690336,0.98749279822335145,0.99188298035755007,0.95308412345786475,0.9028604788352903,0.89856956891686135,0.93875425080689567,0.9789676040199109,0.91660171364220722,0.99724514785328211
0.8568793187465723,0.92608535382618895,0.90020675575694453,0.95934097787645223,0.89692528912957281,0.96416824735923412,0.85412909594554842,0.88095184072492605,0.77522578437460599,0.96130422210074129,0.93220823825052224,0.94155393919350161,0.895771444247355,0.89323146901038364,0.90547053278938716,0.92024458763803629,0.96536229097790494,0.98424133652629331,1.0277968872168772,0.94091647746723961,0.90745687622368487,0.89379423418300097,0.94523183135837008,1.04339992012681,0.95010293602583795
0.87638341925186314,0.94081591220100758,0.90455444977522681,0.99740529964476654,0.84484038186645605,0.71450578183865165,0.81038724818288199,0.96707708355538802,0.95340946274812843,0.81673727602497204,0.88905758571058768,0.91977612515606855,0.99338580912401453,0.95658195824141534,0.9514899616133865,0.87134439738274483,0.97447694801598517,0.95133332491697575,1.0011593508108367,0.98048608165245166,0.9679137809218612,0.95330935837096131,1.0011992772791476,0.91204700829293817,0.965286223345864
0.87934690917690972,0.91311584832021808,0.94828408293194899,0.96071869104048968,0.93894616953255294,0.98392887959055875,0.97102489651179036,0.93848081942091166,0.98364949883482256,0.91064057244879537,0.95414157584057113,0.97919580536615192,0.96440015987306016,0.85771927470383358,0.89594265964695985,0.93475934159652496,0.96679175428388453,0.94867299453106391,0.97894827217786395,0.88829243912201727,0.9529653566649714,0.96825478070186854,0.98555395083641539,0.91730624147018069,0.98378655864390796
0.95016872606509573,0.94537829965954523,0.92114263703764976,0.99019302913271912,0.88763947871473403,0.93369088150359614,0.96962428248302723,0.92448484115392215,0.99902605212313111,0.91672791904248974,0.94051806048194408,0.96572745421854422,0.94767776227229505,0.94892743062961316,0.93483332921350759,0.87757678058819444,0.95319718043752122,0.85157585219858223,0.90259204380575397,0.92551054748116357,0.95641604576156714,0.92193423520548323,0.98401436334280001,0.97095164746686002,0.9645338878664812
0.9912017072605136,0.75040497087269442,0.85152407660364937,0.93951572407006723,0.9965265757240892,0.97594671037728653,0.95958005291212201,0.9923439281100962,0.93635701210397648,0.91161484402799176,0.89871556041911993,0.97695482380997978,0.95503750470032078,0.95793961244700288,0.96889929267988273,0.98001145454543059,0.91062127693359551,0.84534164299482317,0.95565928772654185,0.96409649342357362,0.85998610202228021,1.0056653084061249,0.67246457130224901,0.82813850554868662,0.87638607344145381
0.93524745101562923,0.8392112798322483,1.0219235775917912,0.96077456826165619,0.90169603402694332,0.9686978212113333,0.9716914400122405,0.9641544540426934,0.98017612471961846,0.94181647144403013,0.94066119886453925,0.96646209082407719,0.9657999163742953,0.95746537598134407,0.95947688456310909,0.9334448685424338,0.9255625166450322,0.93356259744037429,0.92023387459633776,0.88579269681751205,0.96230576308282656,0.91723039551881802,0.93479353318967762,0.91230170134417299,0.96061886883317138
0.95316098210773492,0.89677854720869132,0.93321311393057649,0.94498857813405357,0.89607548500788092,0.94270427812010071,0.95268685134393294,0.99398567946010108,0.88385621165882333,0.9165377915487688,0.87479088004997174,0.97493363267225752,0.91513499312846469,0.99199237196539802,0.96593258337560151,0.8513304018393163,1.0163893456680129,0.92724715759805165,0.95417277856512961,0.89511231537723912,0.92399379650599867,0.89162888166913945,0.93091171837665831,0.93235113668509506,0.99369275740446139
0.97382851154061612,0.94769645987174866,0.96284956171451885,0.94335349143547842,0.94510807381818207,0.88614888982484852,0.92989245237687479,0.97115972361524261,0.94045832025502407,0.88546821961612387,0.85017922033747817,0.97153925890926929,0.98301797397224777,0.81815636466401664,0.88045136992419681,0.96581590857187671,0.92540541906588392,0.90400899703610493,0.98108943368679691,0.94068878916345278,0.94973469167912805,0.93663417584677677,1.0108363521345967,0.78973281167751863,0.99778681512407108
0.86456359888589474,0.85179154199053686,0.97623018561294173,0.92837757684146105,0.91216613219945175,0.9163596177550386,1.0179719289719185,0.97286083876327767,0.98452150430601848,0.85171275701428339,0.94121868450602297,0.92888161090792076,0.89567796830567048,0.99578863317958199,0.96969116784318443,0.9617451085496459,0.86518082946315522,0.9503755663744593,0.99082748882031901,0.98138181087934107,0.96278501960398277,0.95470137327163607,0.96895024239364591,0.79939080118007633,0.9560239817417826
1.0051225990991712,0.97525269090670963,0.97163492374608396,0.93377656232494999,0.91786164117795777,0.91116791199802394,0.90421147565499671,0.9616563846413283,0.99871269717284095,0.88697053939654558,0.91182529219525121,0.89487325620636027,0.94174266473075752,0.97428023848521705,0.88132901610040482,0.98922094540241923,0.92538010090537526,0.94068036193751892,0.91488883113918251,0.97242708803123745,0.86134743941763647,0.96138973755673685,0.97276744432759421,0.93703817952323731,0.98076529793162126
0.9812219891683106,0.98024904849135919,0.89677416663168719,0.95316282505281613,0.9104955722363739,0.79533094054144826,0.89747424120033159,0.96774175325917899,0.93966224349554928,0.83892535115687084,0.90037771119897836,0.97183401528235602,0.90229262434215241,0.97705435344123781,0.80042586446055408,0.98659274144699538,0.94796616628889285,0.88875881516463229,0.93832854397368404,0.90345561508623851,0.9532329914980775,0.96661540183240391,0.94153657082105568,1.0186167396455601,0.91361208933966986
0.9959201894779578,0.87785206328966836,0.97521513526563741,0.90761117898754107,0.91885696763272462,0.97261083253678549,0.94305908572231245,0.93803511538064532,0.94991878830435583,0.76538166759099413,0.63672787049687551,0.93681667906425592,0.80740853143160807,0.88989763786688103,0.85265667616476926,0.84013516273084821,0.92461891821005093,0.95691047875907609,0.91167632430233025,0.78888408553047085,0.95164086768064116,0.94045534524667407,0.93946178708743922,0.98138749439793893,0.91848604844514559
0.97389660324951477,0.87158360493183995,0.95838921150250411,0.88768388632023176,1.0018508834522257,0.95185244512758882,0.71078397816672434,0.92692784924006677,0.9901840528258079,0.7425125015404862,0.91989919003050091,0.96073887180652928,0.88358835323879759,0.99517885774575798,0.84817497870181013,0.95875157220685314,0.88708688717903794,0.98281612290551212,0.94168485164054627,0.99171007212241136,1.0112942481175411,1.0135565337914842,0.87269885570101391,0.88102550593157469,0.85760198848625102
1.0353127228183834,0.96057467633142102,1.0029832656864319,0.98770617633200364,0.99236479802171873,0.86353666531879014,0.92987846050978817,0.96354258481023614,0.954602957943821,0.93635283741070341,0.91700252576859231,0.99745417835868122,0.89385057152621294,0.96102944641476662,0.93220253651128115,0.98048706923668538,0.83308698902468492,0.98225199563066734,0.9847495588973284,0.94159011266520154,0.97762009943382,0.96254062844828225,0.94346843349186571,0.96946319676396175,0.97511448226711328
0.95342716846261943,0.89871466622338847,0.90144880602109823,0.9464084165470682,0.94274974531523792,0.81409438309771764,0.93732395999383811,0.99026696489994448,0.9223198234495017,0.85265698827872771,0.91288920892337011,0.99907786311196234,0.91096756284519931,0.93249669018948023,0.88027927434545372,0.9776467133019997,0.94958215351671815,0.97495028333186973,0.9718156512617675,0.96817416758042507,0.83270182221419864,0.93395416487666361,0.97241084614610518,0.78811971752800725,0.90161721968068986
0.94740202794103279,0.90097821201279205,0.9868277089285048,0.93943695381910186,0.94176415165464067,0.88132838649221046,0.92211731736311142,0.92479711699630607,0.96739914776354796,0.95105507445350801,0.90710773875433204,0.99038530467823871,0.70164378690548534,0.8408894745681289,0.89378410700202593,0.97888080183390291,0.97606816651613548,0.95874190990858976,0.94502493231525087,0.98461858614734055,0.88731898349298044,0.94314641114407471,0.98217528933994958,0.83904171817569073,0.91117764337736462
0.97946321756112442,0.95175200628715206,0.94293087696078626,0.96145756400750315,0.95666253829575587,0.89906075218108916,0.89611475173835531,0.99593661555383861,1.0027813475978187,0.99804104968020313,0.9508968742271765,0.94959541711699946,0.89449519975392777,0.87446675987118505,0.78149938838944732,1.0297878686882427,1.0131743700749427,1.0135581913093099,0.97869560998384064,0.9684681137056661,0.91957127391766647,0.93019915807453168,0.93869576545767441,0.96490416889694719,0.96914174639201434
0.84387549196204181,0.93685362844469655,0.93116088578296763,0.89764807774701805,0.92261925995570582,0.93850534889904913,0.86706368333955319,0.98728653540657951,0.97116714741221843,0.94436975599434458,0.78620853100181853,1.0086132187496606,0.95905182633906183,0.90767115212167038,0.98167311100363963,0.97782331688321977,0.99848687237674982,0.99197822392727197,0.94413187148629141,0.94864535255102966,0.89719186806526918,1.0145134974660519,0.89221645841881281,0.98934410803887651,0.92808391814936675
0.98325299915977449,0.90236644447559533,0.87930734585663939,0.87760366791862776,0.94615819057532258,0.88877689973496499,0.93868095859189793,0.955352093770652,0.91511793457746526,0.63614827130098783,0.80651643272778117,0.99772898799838439,0.90939081987330883,0.93424804502660619,0.92235713258930707,0.99209825797145401,0.97576569881238717,1.0321018386568048,1.0346003562021426,0.94677917749191232,1.0046316271770408,0.92875570460711976,0.93174688667581762,0.98254818160963231,0.95616697830783004
0.82474195068898482,0.98881636957846109,0.91662088967302058,0.96462186221143742,0.6660975060011074,0.85829392899046442,0.99949134400248885,0.9058106261312151,1.0021683408283231,0.89704018739636848,0.96308003851993962,1.0207837531591193,0.98864096763023979,0.94185743688710155,0.70740050788819497,1.0359829500608921,0.99906958346599894,0.93858052134208592,0.9849874278801205,0.97253440587324769,0.97772671227825447,0.9423076339037777,0.93380528788368367,0.93276855067531494,0.98761173378857436
0.84550317637121308,0.93301738230225073,0.95045575267861593,0.95995381292393045,0.98824193312761188,0.91778784108154998,0.91809701190294157,0.87251043565959874,0.95780846396366592,0.89968066978869665,0.84532208636095518,0.90167527427938465,0.97712331194437918,0.83914910700366985,0.75098557814020106,0.97549069604271321,1.0112137836983366,1.008161829599721,1.0463133682989523,0.89950063482075837,0.96519398228211606,0.96413059428230297,0.86815169145271454,0.9319563896729256,0.96161048490219247
0.96014360471844229,0.96428491954768414,0.92848054304136973,0.99270870918877419,1.0186609294002746,0.6214478449219395,0.88651914670820831,0.92054747825799788,0.99720355532066995,0.89772151744061746,0.8042252397635018,1.0093739654146698,0.9129503388818041,0.92545952682281396,0.78002617334426294,0.95584097308753768,1.0311144290178835,0.96899743439660824,1.0206266066458631,0.98126545468132009,0.99873143801114372,0.9711091191834561,0.97787739279591346,0.93930504384498459,0.97017054134021874
0.85602602046246301,0.99565673708903857,0.94757021402928088,0.93193934078553486,0.86046806965033285,0.87487315492887707,0.96392614515222375,0.93344218851356009,0.95844176442025186,0.87323966229458405,0.75625348651630586,0.92195884331895683,0.9059496541141997,0.81262853941756474,0.81233301146345194,1.0139005919725388,1.0189792038291874,0.9863001585559058,0.99397016497749147,0.94642977373141601,0.88429185143888833,0.9585242930237583,0.98437905243672652,1.0085428828157297,0.95619798519719579
0.84661349269236441,0.9551219521451455,0.92074549217740131,0.91353716569103027,0.94131470225817271,0.94110659097035654,0.90365231725112816,0.94619331704064225,0.97138776267750304,0.91293320336561179,0.86620633389127377,0.85875621876697616,0.97356305851924518,0.95415768615277852,0.93063496557306624,0.99034833225734487,0.9703312348747577,1.0063354669225857,0.99754900919860334,0.83365990795711598,0.88193764281909715,1.0221667328372659,0.96563155517833998,0.9919515091690434,0.91184786239500804
0.95764406371423094,0.98474310035180379,0.92530243671404622,1.0232429957907454,0.87429699240795189,0.90579915283903212,0.91008936328209888,0.91156784633204213,0.9647873349235081,0.79272761744027453,0.97251457287108123,0.95538140626120882,0.97156654249470964,0.97771945741007482,0.99275477912582077,1.0037714164253577,0.97513577556583242,0.95984061206921145,0.96256644325110186,0.91997142784492858,0.97719625959783174,0.98250284579437974,1.0108745426551202,0.93820313421260149,0.92348773256011907
1.0086753810072433,0.93906869550138561,0.94259519543699621,1.005137895452181,0.99808710952630486,0.95195004621435486,0.88756391866494522,0.91371200407967279,0.92415402641838862,1.0219199602509552,0.9060017439570649,0.93350448256184049,0.9769451599979373,0.95145026994766113,1.0051056084666525,0.98630294628403803,0.93220798676602068,0.93805244947856892,0.96202227815154262,0.94243244417348171,0.93803815871079177,0.91260826233145553,0.9143361090447425,0.96471153773500795,0.95076208505325877
1.0115398968355553,0.82084680896058315,0.94879875757428966,0.96800530528828155,1.0099264966318404,0.9485897687504169,0.92686998560505673,0.91966131035823628,0.93176774020194819,0.99835207473457122,0.98806335449398819,0.95466333325139274,0.95804059418267573,0.97335929906561103,0.94846425079677221,0.96193091606860226,0.85458336993176465,0.9292291610278457,0.9492233940060405,1.0267995519350896,0.94322201062851152,0.88350809202011693,0.95628404098608466,0.91829728693437274,0.95115937307510268
0.78382358867080726,0.98550193667311614,0.99507303191573682,0.95470582423135675,0.98442909153295066,0.93452041723562074,0.97703790449958539,0.98994155894735203,0.99751929410846762,0.91012052524180542,0.73872384520985557,0.89719574857399886,0.95757959648942859,0.96881180860919691,0.94358772538559199,0.99165835783161371,1.0260746804035981,0.97729892634174931,0.90541375020299608,1.0038809873777799,0.97021553260200788,0.93854947621969875,0.89814133230131432,0.94459444848133445,0.98271963230356363
0.95891170152909977,0.93201067766656864,0.96259579022503317,0.98907298447360925,0.95511100824156647,0.92672326418854079,0.94436094635424894,0.8139981153818886,1.0110110199460849,0.99347352261294175,0.97926702319309533,0.97119648685804527,0.99429879011543876,1.0405286396483509,0.82745662150386934,1.0335399489890977,0.83637130605372345,0.96890799037022202,0.87873971929595163,0.93800718961459484,0.90849853242868994,0.99552484287886511,0.97801237445372491,0.97692654406096269,0.98103720522195581
0.92672261173068671,0.97095859441152743,0.93157273281043496,0.99490503756935755,0.99132226471240992,0.89627047839658491,0.95024328872186747,1.0066460333411447,1.0147499815889056,0.92489434629541978,0.94311644750933366,0.95840299423912034,0.95846110296226883,0.98190892454936696,0.8944150610236975,1.0100569076781591,1.0092916411118249,0.94224190864232271,0.91316637922654864,0.90048504189511802,1.0016533558109382,0.99940613098383557,0.95382057457754521,0.97118376709543985,0.95807383050264261
0.91592498277021384,0.86804858365181492,0.97426687798394596,0.90823177330491844,1.0343581374609159,0.86106137721596543,0.95081882067003931,0.97602985843927581,0.94191663502571599,0.94121604013362958,0.97778927729405296,0.94924183947607543,0.93900628544159714,0.893284455473493,0.92506915843988635,0.98200509080101273,0.97443465407091401,0.97518003274053333,1.038286606230804,0.96567596632159058,0.97162813246464808,0.81712661018168697,0.8931111141116308,0.96537351549840877,0.98934706557601249
0.92167395595494273,0.90498593986180398,0.9475863566748306,0.81638618075511371,1.0042865667376699,0.94593791493451707,0.83607129652859624,0.92898988037049435,0.89343973099831653,0.93680369757698922,0.89619800103265446,0.96681419405924685,0.98936453411206871,0.96882272290614935,0.88007912829985946,0.99828388961205905,0.97047623673681394,0.86637995355130171,0.98874378459755907,0.94545492394037389,0.97600086070858838,0.99467934967589933,1.0098196204161014,0.9820990385045687,0.986164166043629
0.86170709380780819,0.96121352646871094,0.96222320876403578,0.98316307179308859,0.79501108549942168,0.92721528292153155,0.91754607906101804,0.96573690743748897,0.93467911439619444,0.90808364610267189,0.92985885941495927,0.99727602719998354,0.94955263320367989,0.95449913280812682,0.81049512697595505,0.91832861462621473,0.96045643276690562,0.97945942956769427,0.96651802494730377,1.0294970906299146,0.97299529436358634,0.980241279275332,0.98396863347502239,0.98736580821832476,0.98268030884863034
0.99650939259701765,0.97156682941048134,0.93792544948862411,0.93596589784755824,0.95932215977743396,0.97077964053910515,0.96676184081624472,1.0310889709845814,0.93707448474721489,1.0814489275525905,0.97885775796912977,0.96466273692929205,0.98263374006317228,0.98270321842356034,0.97073418122899091,0.93409100343937823,0.83558010143370853,0.92330608181839635,0.91660592890433334,0.9534600272710565,0.93802985942243133,0.93700267732515785,0.939427599296209,0.95757352864191903,0.97614167194394852
0.97524948468666395,0.95737938750046503,0.93564912344537332,0.93278009911579152,1.0146762106836629,0.95272677106452852,0.97509693119451391,0.91119572907575952,0.99971467498913436,0.96887548324437844,0.90998002528485256,0.9936370757302857,0.9546579534172307,0.94506668754095136,0.96454424582984277,0.99563673361980742,0.9035479535294183,1.004042650467583,1.0006878112785669,0.93057441913660965,0.99271199928163079,0.91308573130197568,0.97107256492937521,0.91931798567499101,0.92353083569788452
0.76090625353889729,0.93653508856744727,0.93776381960792743,0.78282242842467098,0.907781080881776,0.93338693349415325,0.90157753490651615,0.89316614613189538,0.94322114269422996,0.9976608255500653,0.8632546198836748,0.98812278669872189,0.95562310622568891,0.97261471141371059,0.96665200034366283,1.0033336905665513,0.92151822496565261,0.92030304452143652,1.0054568790870482,0.98461266992328123,0.98018281041777222,0.96015789934233475,1.0078322546362464,0.84841097315224723,0.94813152941655887
0.95184973907939996,0.95661907512815503,0.91761173348894465,0.97149341763055752,1.0158420551620755,0.93474164740067223,0.90469619127962919,0.90937198557751486,0.94376129273509157,0.99234194246843654,0.96326097383126297,1.0392916841080557,0.95099748802956852,0.95413347365943968,0.96727114125557978,1.0423215012787213,0.88925787212944118,0.99322147659642657,0.97700524295968905,0.95804989461834011,0.92927335510066267,0.97322371913992445,0.90478633454854851,0.90211488806953233,0.91252158897332747
0.8689933573298303,0.99356729782675235,0.81360217823930103,0.96386873161287701,0.97535896602769567,0.85461977745220619,0.93309236765099335,0.90841065177792391,0.91625286677366824,0.82532013165480578,0.84030557614274193,1.0314064540013543,0.93549323498075121,0.89330754572064641,1.0034195692512975,1.0307139000211369,0.99646245903755659,0.81559858150532161,0.9994491865737346,1.0563238412893696,1.0032514216925685,1.0142961645109287,0.90673775598904804,0.95666081502863276,0.93718861027621181
1.0217348297876447,0.95599031264802969,0.88795127129227014,0.89526622028575154,0.98960901719625161,0.83773757044364683,0.91667171514450996,0.94700374934469012,0.9681566956262323,0.91014897375905868,1.0180673861583567,0.98952987281746918,1.0289481881192748,0.86295753814188558,1.0074619614907006,0.95715156718088634,0.9730147611986163,0.90289108974957788,0.95583500822835843,0.96735219673927275,0.91662932370875827,0.99453603568493831,0.91573682743819873,0.98510935451452242,0.98556357716088705
0.94324953490984198,0.9014648062731857,0.91334808331689898,0.96046618279947671,0.93616749326508286,0.95747554916061717,1.0362901703030385,0.93363579645287809,0.97659698996451161,0.90278599192818876,0.89642930526685871,0.97163578148368535,1.0449519591289307,0.90242998517625705,0.97590442381695996,0.96977236122322008,0.9852802582029172,0.84721246913394588,1.0144635873547301,1.0316648402254238,0.9550781416178159,0.96554835260826832,0.79285201678557937,0.96257525912874253,0.8386491167881126
0.96911731496447062,0.79947428816057664,0.96518656022061955,0.90243770443624083,0.97890992950367439,0.96002574428073206,0.96769499498023659,1.0091266165178912,0.9072506152771308,0.9768821701062087,0.81897492349469836,0.96294752970209063,0.97591747727589417,0.97922344387256954,0.95159686122404463,1.0046498957553855,0.86467047293487398,0.82624057109047622,0.9658359026335579,0.98139980123425663,0.94694430040131561,0.84676090563406781,0.89291826672794339,0.83664069491278859,1.0290821856170396
0.9309928578856812,0.85343767546726601,0.85661627176521926,0.760045751388713,0.95810996574338814,0.95362729694492621,0.9332485472364237,0.93882458762083598,1.0200826649329715,0.95398631303140313,0.93011224598118336,0.97139479687694441,0.95899748110298566,0.89775516706476266,0.99654991882468957,0.9910476005374792,0.94542743824242037,0.93089518291042894,0.94792680159247467,1.0427006811275841,1.0139574567349858,0.83415012246968046,0.93010942004473296,0.99641261271300263,1.0132524545976815
0.95035952110879318,0.96133439322558434,0.98236495268808532,0.91994700654082973,0.93773805217679673,0.96979041824741175,1.0311601008646192,0.88851797434612267,0.86860474294441203,1.0141293800680085,1.0061720444013447,0.99793115196545767,0.9898048142481578,1.0332613831899955,0.93271877870635989,0.95813333588182281,0.93093414353702331,0.94589737454683487,0.94548916084696244,0.95695691089455825,0.9045375308761946,0.90989988469081928,0.87298513344524964,0.86268481712017742,0.94593795849601847
1.0130270331409801,0.89558561043692575,0.97186422747389134,0.90838241105453565,0.99787022139631243,0.96631874156592368,1.0313856000249146,0.87246153965221895,0.90039615943741425,1.001042062030596,0.94286789853306696,1.0409441897772336,1.001646856354492,1.0275441511674901,0.92211204238013389,0.96244279977635561,1.0280851593578157,0.97424049445333794,1.0246025087464514,1.0092804668731332,1.0164140243972226,1.0345911914414765,0.94263759562965876,0.97287246731271282,0.97531228245539592
0.98843366998167681,0.90101405393202916,0.96627071064823034,0.94275461626823731,0.90691171532963422,0.96360535509758505,0.96423488968308846,0.89597457940359537,0.93045152781130047,1.0201259643256568,0.9594703492840253,0.9995928193711453,1.0044956413659631,0.91340332232216503,0.97705595996402395,0.90877440105014562,0.87034058214682397,0.96734009028627732,0.95896949338962489,0.96651347057466941,0.98375040496478017,0.96844887521367073,0.90817080555244833,0.97676625869705602,0.99459638133373396
0.91481999672420011,0.91685408727340767,0.89891198797947536,0.9448055601803611,0.91239042539236292,0.99675858481304003,0.9075362507419702,0.87627708145132999,0.99588641097868758,0.99900282305593691,1.0121604627414411,0.8391299253198522,0.95729568688868305,0.8565181326652066,0.98140175967025833,0.94103470538149703,0.92601360321068527,0.98127790747047317,0.96574950417256045,0.97624280300631505,0.99649118066555142,0.9658209375460074,0.78322443514302009,0.99281553570844339,0.95630643853039254
1.0296512053201978,0.9028797001402602,0.89346962408955921,0.98495429378471799,0.91242731354088735,0.96739729427524768,0.89352066995415369,0.93011276643087593,1.001985185108192,0.9491948751469641,0.90661347662784997,0.91663757015770231,1.0046055373834524,0.98288577466688565,0.8400129663557524,0.97656900078442754,0.87243509115373774,1.0241376525503301,0.98651637122161939,0.96144322338796984,0.92192912369582047,0.95945746163653467,0.95625728954996725,0.92897413199662704,1.0459181041138734
0.91770212757427438,0.99844093936286982,0.89542927566987762,0.91210470519333753,0.92096321796459801,0.93741837927698368,0.83105051466642499,0.97611406942608558,0.93218006819712884,0.8339589131075984,1.0222779735683782,0.96806786279164814,0.85978353816569397,0.81084369327982164,0.99339365863143958,0.9495865078492447,0.92520393482950636,0.91693646593770106,1.021565490715407,1.004585544426422,0.94373905397288527,0.96597642251241567,0.83221927695269482,0.80364918021919929,0.99359427315896032
0.98612342867144787,0.98978989346766855,0.96718184741926339,0.96265615744937738,0.89763348373379814,0.95030547008071864,0.72760347502839051,0.95309075396696918,1.0258703200032222,1.014777213560945,1.0202737483439419,0.9723827764880616,0.94920860921396888,0.85775812759030967,0.91855498879621567,0.99539102784317757,0.74066780798784693,0.97551598031198827,0.9876344542615545,0.97701619448585664,0.92384947351068447,0.97387945005067278,0.78337761237711712,0.9088277115531892,1.0396341688382142
1.0237514276637369,0.98680416227202572,0.91979350986124497,1.007080541973173,0.98207946113506761,1.0046589336021463,0.99240093231521442,0.95030860992461663,0.95750106992680672,0.9988943936657908,0.93745375092399486,0.87114338625425658,0.94938637272335469,0.89472314446205314,0.871907185187069,1.0095404053765462,0.9959902884907389,0.91892705377364892,0.99281811071207859,1.0329619136223041,0.91644675847399049,0.8730599826882397,0.98048174051565351,0.78014193538803445,0.95639917953227827
0.99844317259877402,0.99309032664617647,0.89985197857079513,0.95957194212250352,0.97598750781623256,0.91265831908334472,0.97061550057379431,0.85650092914424414,0.94268136192407759,0.99116783325093716,1.0000213644206075,0.92846361905480346,0.97103663058174949,0.89206925415033733,0.89996813945098997,0.93982930349430738,0.91199813279732389,1.022248364796748,0.9991779094577119,0.82804809309500549,0.97436662550031738,0.7761282223053716,0.71885150851897117,1.0248565154779359,0.91657819934996876
1.0166857666858495,1.0436034224368429,0.87559325503269936,1.0135127089103972,0.97203137301637521,0.96719653601619626,0.94487339677726934,0.99045146401496753,0.80059374024781349,0.95987928687522273,0.98476858734254047,0.96409829620336851,0.74354283056761372,0.87396215889804174,0.83897217848457462,0.96588086562454689,0.94642277711378031,0.95594701990492303,0.99716162577998013,0.9597472759201483,0.94478222122320354,0.89960927848232486,0.95497051271420963,0.97867801700117163,0.95734818293712032
0.9972312422771622,0.98582447880700486,0.88029739924954897,0.9795890509818912,0.94382336718614979,0.96065668201840948,1.0190597571812674,0.90049368151973874,0.81739668291144651,0.96378749965695831,0.96896811902277491,0.93833567390898409,0.99147159393125717,0.95927729657444805,0.70317237909364438,0.94600751774222602,1.0020692522695731,0.9997612975648773,0.95733756742760034,1.0054768830243803,0.90821447112293519,0.88143817536344804,0.92729211982996063,1.0652698811403065,0.98033745794114036
0.86871446127622076,0.98338783113769002,0.88965562477063509,0.97739089093185749,1.0356829085388142,0.9318712343154506,1.0038065503460549,0.92945257055689023,1.01470239569562,0.87132107884180143,1.0011829956310407,0.90905247738446038,0.92142965758633877,0.94213186470404187,0.93332626512533701,0.9570483770008571,0.97490260653653837,1.0023783717688086,0.93762739352280822,0.92325788215726667,0.93805513532444917,0.79660014641871468,1.0449587624252497,0.92274360226042662,0.9334180528863919
0.84739535283065437,1.0044561608626739,0.95602714922581744,0.89420965674106645,0.99688884463092819,0.96057038155412366,0.92536977974998325,0.86090836925938052,1.0268246102602869,0.99949356502871334,1.0091553276987206,0.91639090451955274,0.98302646063763466,1.0285047956412823,1.0399979070919854,0.88183559919368493,0.83937646090013351,1.0166708650936669,0.91451836789261265,1.0305541480899214,0.98384042991944798,0.95515187447467009,0.98897580551880104,0.93870712117803079,1.0087867769257577
0.99318381565705471,0.99117132585190892,0.89439734054450193,0.98678657268682124,0.97194383231328474,0.97664197178901457,0.88581449534215528,0.89173337506777961,0.95048874556882013,1.0056629898242966,1.0300147455350548,0.83463721231614385,0.93214020376368922,1.0454718235417373,0.9253115360433104,0.91871605691606884,0.99668704512754136,1.0585443765603353,1.0058287561923858,0.98810192155106324,0.94517090121629388,0.98938307043953744,1.0304921822332658,0.96549366605329312,0.93812855182868538
0.99045301563342281,0.9638111232139962,0.87573452871332558,1.018791521509244,0.98289919352757715,0.99151753931298303,0.81248421264818282,0.9575474350376878,1.018419451613332,0.98754016192342053,1.0242345684503116,0.92837842463782017,0.97778643166882695,1.0148758997576302,0.96944386708292674,0.97645379933490073,0.99831894773146768,1.0603231739994956,0.96927124078241533,1.0305872530091109,1.0018834760313071,1.0190314485982244,1.0291793812076202,0.95191689415376513,0.97495503144842277
0.9994665553169666,0.96335294532151994,0.92693434764164517,0.9682462904004886,0.95617211127175439,0.98522217195672279,0.95365357394194306,0.977534130963291,0.78383313981612412,0.92714106639778593,0.95336327287836253,0.90713995267013625,1.0017468586391833,1.0032853398883432,1.0181288126564085,0.91938475417459375,1.0572567026478636,0.98828790702687397,1.0120175368092275,1.0308472714215979,0.8863099283928596,0.90058347935092997,0.98835904808640984,0.92151710100818141,0.93373753869033604
0.95193276968289253,1.0020213749263636,0.96058035728607849,0.9952593382953292,1.0539670245649986,0.99025834975764326,0.85954071759532125,0.94136904707795555,0.92941339831354597,0.91830132091706451,1.0369816277688086,1.0040808409238682,1.0363209728043399,1.0253076037704136,1.0076666015889806,0.9605150814064547,0.90466853096236655,1.0038098040872621,0.94720990436621799,1.0432301505597827,0.90520760432120917,1.0082744367455871,1.0243729611028047,1.0345053452403532,1.0038340752144839
0.95677099485532879,1.0284941191312442,0.97067297394394714,1.0174876098194257,1.0168701879074242,0.93642402056001406,0.98671046473533508,0.94076521835904703,0.99335754705157286,0.96778934306582209,0.99217360849874425,0.96840581235918155,1.0083964313453804,0.95305424374825565,1.0357849755997381,1.0418191211043935,0.95948010352557023,0.97127799515462787,0.94654592250314962,0.86430904250134644,0.98130171056313942,0.85357648975689959,0.9595980844143932,1.0319597483050327,1.011888659576671
0.98327106543152631,0.93758291526595716,0.95857138403054798,0.9670329250969687,0.99484242389531718,0.9651593840325674,0.85339543519147365,0.92341997007592536,0.99686170912587935,0.99700799567144693,1.0033525342812188,1.0241331199810697,0.97051536112922776,0.96356205159551389,0.91399778957658995,0.95843579634700771,0.94241524434187274,0.9956080137647767,0.92508328007339591,0.97234468390937123,0.94410180995900772,0.95476832908201448,0.98863280669227283,1.0158649469809582,1.0198969711392087
0.93935434255158179,0.95821951480773104,1.0256002269198008,0.99977009230167646,1.00760362965773,1.0340542397221331,0.96737251045944883,0.97870296416625802,0.91807382817005356,1.0113785969986822,0.9845701160681144,0.96781385237984219,0.95904741666249305,1.0176301224819722,1.0008491572692979,0.98686660252347957,1.0433755047315498,1.0121405596092818,0.9124596570513227,0.89628978369247736,0.84571049090123351,0.89766381695201158,1.0278022676006966,0.99866220381091142,0.97564895962379561
0.98140476227288287,0.99509859691584523,0.97866160146778147,0.93993884957674689,0.9816635538922841,0.96761985337857326,1.0183311946567444,0.93041941310742038,0.98153159012696978,1.0013626737699022,0.98454384854839694,0.98289152592022555,1.0138899170018685,1.0129993380844038,1.0339111185308751,1.0537668993334377,1.0169857910025741,0.95721595346056454,0.93483636887831945,1.0441530758092925,0.93705536320654004,0.92577515338506577,1.0016320868694399,0.92450457868292002,0.92166354467047762
1.0344249717937641,0.92953141679828455,0.96835127152259659,1.0287545008726029,1.0021507538862733,0.97599456401507112,1.0154589287083062,1.0011361554000282,0.96871677504218989,0.9749931058008926,1.0098245051005106,0.89006450747930632,1.0375918407114955,1.0349134107089577,0.99547491867386995,1.0353489261328255,0.98430392042392889,1.0119522567438168,0.96583450829899031,1.0248907160778331,0.99529734700637762,0.92198115938222891,0.97881678599356381,0.93319420891750604,0.94091073439878947
0.99438535169635744,0.85322962998360441,0.93919672134493226,0.90031020404887463,0.98182084548143322,0.96599567972416844,0.99084680259358549,0.96888884857221214,0.98254782497373383,1.003983116664479,0.94795940238524068,1.0276261221299727,1.0348118845440546,0.90412840022298813,0.88267918421727909,0.96507172367109351,1.0141745188384796,0.88709162900050864,0.99950110069699716,1.0196882655393369,1.0346396520125294,0.86335172102185376,1.0148508104712921,0.97061776440192971,0.9457419574894782
0.95252307325886965,0.95773945306635033,1.0035611564333549,0.9615580095018651,0.80361371290540562,0.83238779107507754,0.99442428317799136,0.96209660574689948,0.9020346812522132,0.94889682205675352,0.97570306439321297,1.0092722361532338,0.97438903976486912,0.99286289732504451,1.0064514862397715,1.0142496100229228,1.0690949246691399,0.96601448762579811,0.97027952292317987,1.0056356913754438,0.86453998430304868,0.82251158382210166,0.90726595211531447,0.94273243683274222,0.95772001172378007
0.95828151102608272,1.0101515632128208,1.0140481815033988,0.9535757592913553,0.97556050302511144,1.0235965211124163,1.0240120863577977,1.0081487421433668,0.93309600950547811,1.0239880585064112,0.96531828054627566,0.95321174382556439,1.0040267104900809,0.98556708502196388,1.0096179604823559,0.97704035527592714,0.98556257857070251,0.96983858265540734,0.80026414346091967,1.0468700928251613,1.0190148260347833,0.97965059234863106,0.99356411855765125,0.98340927836504721,0.94063086864560153
0.90480754544956121,0.89842555579191674,0.97322349259156893,0.95724611423249806,0.99159129974533533,0.87724093449072538,0.95944086009973806,0.91474202760252465,1.0043043940315484,1.0498411173522446,0.95282179239397691,0.92633293117868598,1.0052561059085301,1.0340429842585273,0.92456633314004477,0.92159016313543429,0.96203247781710155,0.99468755897494754,0.87643809148519536,1.066081814922299,1.0169103986402084,0.94775501068342338,1.031077246298266,0.97761181280063858,1.0168344079870362
0.90295537738146237,0.92368471135897345,0.95978568781618279,0.94129952595914923,1.0467519996777224,1.0320418735061512,0.94066469817907128,1.0344289000100284,0.97595719154832572,0.88773249812990429,0.99735711550263562,0.97662934577738403,1.0479225147592919,0.943770758159308,1.0281255891010652,0.86714869123552374,0.95177269838933931,1.0315954594702195,0.80097585699536367,1.0013315747478835,0.98333810518014753,0.9402510168490853,1.0118244984727029,0.93450618954576858,0.93548189455146147
0.96049256181678733,0.97029480205717678,0.99046484929997969,0.99673352745228327,0.99370977357235801,0.96578856675962477,0.93383270084653791,0.85507412308493014,1.0455115999864388,0.96353692723739848,0.99265031080690758,0.96741661874750207,1.0200186207450064,1.0480099319882663,1.0394267933676595,0.96071082582128509,0.9999404805203701,0.99485821497918892,0.9582906396408013,0.97553371897411434,0.99132274327580006,0.93684186919187329,0.94920200241360386,1.0217131817553997,0.95246648036127668
0.94266219348692859,0.88922280704890566,0.96457347563082518,0.87918410754304377,0.97167549457189029,0.78906315941651883,0.89955702788052871,0.82340776645086111,1.0018648954618534,1.0676359115319705,0.97054355145612825,1.0391908266292835,0.94890158020417248,0.94753877221411376,0.9966664749210904,0.95691619618319645,1.0204464067158159,0.89822110836066182,0.8543761850318109,0.9025792339914297,1.0358393801623074,1.0260384726103757,0.91020584395984261,0.90737063331115342,0.98685727582078953
0.96771521670751426,0.89632915217072462,0.92453002020926134,0.81770614039819045,0.93035645177662385,1.0282639743391695,0.95853529133140314,0.98979340795306625,1.0121061048288345,0.997267740513467,0.99557484967014709,1.0231976061532966,1.002589466304727,0.96346840517776478,1.0127548538279127,0.9747743108199366,0.94591765909741021,0.97852160260294807,0.80566949640348706,0.99699811582047948,0.96652977358379344,1.0114158383041187,0.95398896938068922,1.025803036623874,1.0555300637584288
0.88950782169364617,0.98823199013630947,0.92120514035101653,0.92398444760559084,0.96360086021279157,0.97965735721514635,0.98658446633518715,0.98917371454779912,0.97402968306888937,0.88305732403173987,0.93144856195450765,0.98600247938904151,1.0294941681935779,0.9423737382018198,0.90800869980896004,1.0434032070416877,0.96119149762765665,0.89213341728741757,0.95992551475606103,0.99915544926722089,1.0093612858051957,0.97057525703607606,0.99860488569883654,1.0200533416096054,1.0108949295620966
0.96867732228431158,0.9365272231494044,0.96514769752441543,1.0089123878473942,1.0266101360665767,0.97838809759858425,0.91510323380194081,1.0137361039528239,0.99292445893753456,1.0109625069764694,0.97432047782242992,0.97320258626823208,0.9735210277724089,0.94082484449025638,0.99156802805713751,1.04776554548204,1.0320986129548386,1.0516818595392179,0.92563962864794935,1.0312303507222471,0.79433098500354904,0.96833980639808315,0.95949411210702129,1.0158377611259988,1.0025010812049087
0.90483008481957272,0.92827032788853925,0.94372133944167258,0.95549604152765988,0.99422915795208977,0.83244159474760182,0.94369505551657418,0.99944452059712519,0.98667026005825598,1.0194904544726451,0.88640488878181767,0.97343286180231714,0.97937472368919887,1.0294194297432677,1.0416783118936705,0.99214876903491911,0.98421532735619088,1.0239113187383224,0.8532560874313867,1.0114627121829127,0.94942217716751209,0.9474901679739437,0.98433589660856202,1.024345834011263,0.96257535388202631
0.98355986983766408,0.96989781684513121,0.9904762591665498,0.99330175854574065,1.0221079900403907,0.89141063321324032,0.91794216510312798,0.97396846800223491,0.96643401059571843,1.0077389050681782,0.96884820245154168,0.93191541766292485,0.96466227447394226,1.0331740015897415,1.0173737230669051,0.98412070079821135,0.99455872070851459,0.97131724073708092,0.97921274217801901,1.0030758051213342,0.92835078481040123,0.85539659907378551,0.9161771232429915,0.92701005668705294,0.98909853519612445
0.95840668796845441,0.96696656188372743,0.99703367578875823,0.93190831066144986,0.93983703313563283,0.82504347312664716,0.99445840895050053,1.0196163537477996,0.93462282744947933,1.0750806596072695,1.0032500055555573,0.99132778659492182,1.0054791774530192,0.99574810032205041,1.0357593189269865,0.99803998986952869,0.8915870428287086,0.99884541578653585,0.97499843735890734,1.0268831646035217,0.97484709949040127,0.95013646968613596,0.94020066744379061,1.0284715379584728,0.95883213428747893
0.80256518578837754,0.95366975971078516,1.0114600903571962,0.86585194430699119,1.0054408967770188,0.88045791858423172,1.0342737337164598,1.016369963677789,0.97237749824368935,1.0190561254985921,0.94383470882837062,1.0109404563558679,0.98232178479386145,0.81334983415129458,1.0228716840980006,0.93487951358546972,0.98303626494434959,1.0201165867900615,0.94222324061324803,0.96268052998373344,0.88132094898201585,0.9749132929123584,0.97211439805609967,0.95681762420780059,0.94822468246943314
0.99551874233372584,0.9778953892112825,1.0409990386472994,0.97104160671896866,0.9918271912156017,0.96037771043379416,1.0222614825567191,1.0402511475500451,0.92104862202416427,0.97063111047608652,0.9845872455393192,1.0236695307459149,0.90108487855600938,0.9790738861615953,1.0341735770153286,0.84609377470266267,1.0411777059213334,1.0015631776406857,0.95718244905339522,0.98658025958596152,0.89798123035635147,0.97385245417745248,0.98396198246139865,1.0386291188909906,0.99873174999692904
1.0340119158626973,0.93037107745671743,0.95309799035071752,1.0218499315518266,1.0009196016610269,0.97302644907465541,1.0407405513707624,1.00188682472016,0.80442393926349787,1.0000590742825655,0.9488190531466083,1.036450548027225,0.97265566440802764,0.9293488021339259,0.9904709644092875,0.89862421231076495,0.99287126204191989,1.0515542264876381,0.92597343763871709,0.99772579333202227,1.0331887040367185,0.90369107198916898,0.96345781507749451,0.94889930996083072,1.0043145261620683
0.90673879131916757,0.95913993949698884,0.96071124029693633,0.9945668006091235,0.93806223581413273,0.98727005535504164,0.97090626334369512,1.0297652199537466,1.0272719005254043,0.98505344830993591,0.95313419616577855,0.97901160346514926,0.95702401935664605,0.92212528545760009,0.97242787738100989,0.95569026203470719,1.0131008033978741,1.0183557505999847,0.93870003607469599,0.99539432303543263,0.92492581243179761,0.97874905610260876,0.938639501233269,0.91519126385350413,0.93641202560022607
0.9594087864261065,0.9540356716752485,0.94438549623032353,0.99297340925666489,0.99444809745891294,1.0547234162549251,0.91703635838792485,0.98232143773677372,1.034084296355376,0.89916044884232815,0.87559784571454569,1.0012168263360735,0.96992331333250603,0.95297820996466331,0.92920434232864713,0.973968554592896,0.94759017378506449,1.0292282051102524,0.96449550898351799,1.0017433880921842,0.95129406964595031,0.93859251957895695,1.0398174991612177,1.0035792451629375,0.92840714659700163
0.97681153678579724,0.92640787186489115,1.0139338175104926,0.96520754686412369,0.98642341873208017,0.98979939678979156,0.99753320157986713,1.0238876057761086,1.0102883037640049,0.99741429533753001,0.95940597287814788,1.0389943905792063,0.94354856411835519,0.91046851305586618,0.96351479943608664,0.92397534953194804,0.96981512429014982,1.0125089457111771,1.0128056667900995,0.98874731760819334,0.97191029535878937,0.94891949404129372,0.96404899062418614,0.98613346014722758,1.0077428142437963
0.96998268265238241,0.96529288736136876,0.96074733747088858,0.96611140673190066,1.030681639256692,1.0285011083067719,0.94756783964629732,0.96243001790574767,0.98295619324287087,1.059519710767447,0.91271384408962741,0.98929116366896619,0.94336298913260241,0.92407658489529254,0.96782394308347341,0.97489859433276083,0.83621817752951755,0.94972185767383444,0.978710246961918,0.97573933671756685,0.95548929992112419,0.95547585582157057,1.0049141104871049,1.0496003035854922,1.0344728624691366
0.9449374163764489,0.92146460368850336,0.94323523923299801,1.0267886720994046,1.0209080136115725,1.0530612061198037,0.94339689927253234,0.99488736698964053,0.99387922474881507,1.0036394600952867,0.93017558913778253,1.0503577621550917,0.97346980560181895,0.90767212000760011,0.9037760345563588,0.87600094824004249,0.96635321169996913,1.0557771732711325,0.89051574198228878,1.0079202739025717,0.993381667417225,0.92634810637862841,1.0200577802944841,0.89203756729870476,0.99613410945583203
0.9331429212722423,0.91361312181272669,0.93200137936836724,0.93556816098482209,0.96000652907262818,1.0611157254734958,1.0039668206437105,0.99584812549904778,1.0242974062117318,1.0546952203266122,0.94723641521925717,1.0475889019047917,0.97296507096053786,1.0309394211019216,0.89073769690935056,1.0083521629011685,0.94556330663592314,1.0270025270232532,0.98455311628610243,0.96180300816581288,0.87145084347330437,0.93919829396502641,0.91811897663790676,0.92336874272408709,0.9684469560210951
0.95282474019606966,0.91630068702416079,0.94994044189414628,0.98617436311283269,1.0262983336712388,1.0474682906522508,1.0458805278409471,0.95660195964163486,1.0514449416708413,1.0137521543381196,0.96090473297773327,0.9406978203775952,1.0343779944655762,0.94443034173461615,0.97632916131381886,0.89418821719583796,0.95225778616428125,1.0076675142068192,0.97798393508547088,1.0022237664497071,1.0039652677098843,0.99631456383553885,1.0053525472562259,0.9168724074539607,0.97370423908616366
0.98705962060454422,0.96029926869543214,0.97139023864258378,0.97938629042472147,1.0456061188556478,1.0427638519600728,0.99104470682072709,1.0181199759691164,1.0429624258265782,1.0234907631760746,1.0172294421129557,0.96167459424397395,1.0383064293557542,0.93264680124145749,0.87482238251603428,0.93293319061415569,0.96998483239110023,1.0329250465318487,0.96538341162106744,0.96749418713924407,0.98019906573785742,0.95759049059267853,0.9459519751238683,0.95141396277237089,0.99838795054339102
1.000996707855629,0.90580680083844201,0.79052531925942315,0.9064560020882233,0.96990580941096738,0.98177320662610923,0.79999322214312973,1.011082231586548,1.0450848930716343,1.0187089314528293,0.96648742651231834,1.0219989407814298,1.0349698833289762,0.94797306357871269,0.92422085116233288,0.95959462449942934,0.94670979287060353,0.9925193690558668,1.0069973784062862,0.87021102119241245,0.90448685915582583,0.87202364511684904,0.88160595377489215,0.99530925428615569,0.94499064813800426
0.89176059204037283,1.0044041537592416,0.96192740781345976,1.022355756721895,1.0767711386531917,1.0345748493649154,0.92841265685701013,1.0158785273163233,0.94527060628774917,0.98270233393216877,0.90115365150545923,1.0234042609352494,1.0442491830037144,0.97477581097605714,0.83467399606726689,0.88315687521829311,0.88676295020290841,1.0177577028395219,0.99919482970783824,0.89522101622757955,0.97233141566428305,0.9650282854462604,0.96314696762970808,0.95204171969920059,1.0177867805791903
0.92700547350976714,1.0208646571543636,0.85129087357096833,1.0350630097484714,0.99206743851840307,1.0183435972541044,0.95760513790457547,0.97009802985730287,0.94367995013553696,1.0547338872973684,1.0438211697826161,0.96927856116910871,1.0185075457806674,1.0078154581763195,0.96973448580222088,0.88916013032128283,0.95840783807333119,0.95646415938411833,0.96730537674607775,0.90849894924931918,1.0108180775771882,1.0630101444058431,0.93855950053568371,0.98430030318892925,1.0250125634167415
0.99704388524077159,0.94336676349802739,0.84358838739868414,1.0388813055942836,0.9753917669579516,1.0213905572553794,0.96351893539712619,1.0337348664360198,0.94424602766101517,1.0114055117954144,0.97598640686615745,1.0400320669573868,1.0185497458728443,0.9349460881955014,1.0106008268901967,0.96113484787618242,0.99021365471323364,0.9561261117981058,1.0563530991103254,0.77499883719448648,0.9757394428804439,0.94007905453881402,0.95123576528604947,0.99777489440916156,1.0271334408781243
0.95936560055485387,0.96848578713495526,0.9176792057122829,0.9943263653812715,0.99816900909887896,0.99207785151407291,0.9909201035679418,1.0020018501528685,1.0349770000426919,0.97593620348889465,0.95466532441831919,0.9835251433197334,1.010472937092558,0.94948721859488217,1.0153473369903967,0.99215648215006347,0.6945769457266987,1.0168277154305754,0.98929214289290046,1.0116986098527516,1.002029686014301,0.93489397674575314,0.92307863019959946,0.99408877209605273,0.89428419020338812
0.98199365278205453,0.93566476913906227,0.91099576773982938,1.0324319284858114,1.0047775610287095,0.97763703628260212,0.96736365609883179,1.0099993586330136,1.0043318548706015,1.0237502115807531,0.96926629381078233,0.98496194886248545,1.0018447517851672,0.97700329115128581,0.96170528682928424,1.0144130536645604,0.933811339108224,1.0243079951883105,0.96968619028087233,0.98613390494363118,0.97412878078192799,0.91378073128932535,0.96964056597889892,1.0127669216045212,1.0456549858129054
0.99072485067435312,0.98426995690415819,0.99887929115578633,0.94563624450331607,0.999776371444554,1.052813482439704,0.94495159068796852,1.0066605277285248,0.99654625409867525,1.0050950197440749,0.93644146973322484,1.0295472873401412,0.95348594926106056,0.97523312039336885,0.9830004512230911,0.91976344927239329,0.95978133056969517,0.99416859952042336,0.98566491138709411,0.97479959137467487,0.94885789937801157,0.91732174532414501,0.89598345662938228,1.0187151264332173,1.0308889204825382
1.0262900431073647,0.95462521796775301,0.91071490503419539,1.0382136958537638,0.97014972378134023,1.0396816326847556,1.0095526950541061,1.0024190579304109,0.95068484523311259,1.0241674568862784,0.9870067285515155,1.0360426691863063,0.92307929730598848,0.98205860927978095,0.98645949586055082,1.0133182205203173,0.92788096738844439,0.96580717863990551,0.88724057703310633,1.0010518380321258,1.0341917710018891,0.96034407310648395,1.0171398876225013,1.0142836524268091,1.0080304972734673
0.89594254090887526,1.0161749507509872,0.94500772476830164,1.0018743376698944,0.92460899196204505,0.99652037785161562,0.93767666669578309,0.94000741365056273,0.99733406484017584,0.95233712411936244,1.0099330257204173,1.0161558041180359,0.92209862698390377,0.96180684790004001,0.93185845805868028,0.98644329597394387,0.99424864719953099,0.97245095852820551,1.057262308543609,0.969546914773041,1.027335367812229,0.93957271926216301,0.9170440029193867,0.96456507645688228,0.95699985964050116
0.92389769258844245,1.0376912442317969,0.89384694294799738,0.89440558013936955,0.97915683470045767,1.0234311365431663,0.95094033186202531,0.99500953520086044,0.92540245244294461,0.9904031713572411,0.96155995516753234,1.0052765706721118,0.98626156186449776,1.0111928265382997,0.93020949177209666,1.039657295272705,1.0076217149202593,0.95492040751891083,1.0246127456421488,0.98904720047471073,0.99469664579645201,0.95833028310653623,0.88238038357523785,1.0440117335337757,0.96511971648554895
