0.7669661019884817,0.77409165834710314,0.75208897137878183,0.56556726237047139,0.7443551134335652,0.72751332289778781,0.72634876284744532,0.72803967040041406,0.65768324394568189,0.68491527760623316,0.56660846514414709,0.74736540435544874,0.68821733186997625,0.75612168668951529,0.75795727699898363,0.62828160956375456,0.68886362677729773,0.60953116306166244,0.77244771056666317,0.70369659728099831,0.76803112124331596,0.69954605705624806,0.84254302951085025,0.76484849769003238,0.86557864496700587
0.82006147378312044,0.80244355887707464,0.81096387722041807,0.57207898185335926,0.76070134752001806,0.79490658433709982,0.76654581078668549,0.77950304097168377,0.66996573228248135,0.64271562197282273,0.56766337000951106,0.68714217323451432,0.67438528801621744,0.55608307978645521,0.63552893883548012,0.67226883288068595,0.71690074679336135,0.59401981661254766,0.6396165222382777,0.67129182962657319,0.85121874132026876,0.70445144604106813,0.80867964640041734,0.63397506529245551,0.87170195772423686
0.72259510038639041,0.75190651236205708,0.85243683727361874,0.53441133219001113,0.87788274064554894,0.74535796240183494,0.78099577033104117,0.79339514201570005,0.64231795523635604,0.71328295801866559,0.66095324043660098,0.74722488858019254,0.68198597072272471,0.59581429189863877,0.63566264690538576,0.65660325786874663,0.72362262025121638,0.72579199046969478,0.65133593855419669,0.63392829332735812,0.86312346481221147,0.79741228457413948,0.74022576168344967,0.59389324295674528,0.86495102537885604
0.70315379036272274,0.70312114283653615,0.85139837216250203,0.52511869393957145,0.8040510319864923,0.76524843015087485,0.92536003476290052,0.72715975364727836,0.76055540491364937,0.62838788244678012,0.62999151778260343,0.88228387653857709,0.77285801253119446,0.56353104958115419,0.83422941013991037,0.54690770029697711,0.69292942976688421,0.67009090906104696,0.64318335822367056,0.63951705088408917,0.83586669857224916,0.77594695309087802,0.75072449531198582,0.59275706272461326,0.85939472100727388
0.70886124462873557,0.73683926793270371,0.88178579144440072,0.64631740624493506,0.89419263835622409,0.85517285665991327,0.93686246463271694,0.76238636781676794,0.76257487799158064,0.58959633324707617,0.57890069981653969,0.85492156389903884,0.93244036276084585,0.53480252928215122,0.76992941361115996,0.654647848946739,0.76122326006732832,0.65300203234956167,0.64553514811543578,0.80102712413275934,0.80661390535142408,0.90792887159201885,0.73806523867831531,0.575290145420843,0.87435595880783246
0.77744139847762295,0.90169693454609157,0.88836785308795774,0.71827884344111415,0.75671956490119463,0.71688792722538586,0.90909116027720449,0.74509681083975121,0.79533924422009905,0.91392148018308561,0.61035194751032051,0.81181131278556984,0.91362111769983789,0.80213480896360045,0.69045531911439262,0.83676046116411684,0.77004147323672978,0.6873165761101645,0.64800217729980825,0.83916169484700343,0.72773890392258389,0.81828165183016943,0.7714088843330128,0.58733474716748235,0.89577930213827617
0.72626126064793017,0.88390737659027352,0.78745360728017033,0.73672494856293536,0.81595819273856285,0.67414482586876689,0.90388597249411029,0.97940477831700612,0.85185909589723197,0.85232769413317333,0.6101338982296185,0.76333631667505308,0.90424071788384408,0.68957807114505754,0.65977562914202637,0.88208364316366306,0.73664035465232491,0.69053887294442762,0.7631724051230554,0.76818488462262469,0.73296132091144583,0.80506013852599578,0.72699202660008255,0.60183415028817455,0.89721685064838363
0.71290615342682173,0.87764409969070301,0.6450624498424441,0.74278886232757768,0.84886810654909883,0.63688931230642953,0.91871852888623062,0.89717528176345196,0.75603844027701983,0.91855542175896343,0.77604177826148868,0.80098063202976943,0.8214023216496974,0.73703678501641967,0.72485897664733534,0.87110883922356963,0.87671085933499193,0.77531888187597842,0.72997125767751303,0.75323903510099155,0.74795605720099245,0.75490550430076109,0.8846191447502656,0.56022183572865392,0.86289393864361263
0.69708950336769149,0.89699111730911141,0.74175438552640427,0.7786036766972102,0.85370190017061343,0.68179817796493536,0.84105263666676644,0.93656213490973461,0.78277219649308549,0.89626575282310261,0.69783041810368673,0.77735870495015402,0.84567053586540097,0.72044917786807217,0.68093179205024812,0.93958322142229589,0.77783597164162632,0.77554782753809015,0.77420576317633671,0.76501807657838672,0.73238521107700838,0.91828476820061677,0.89872262837598837,0.62929211097473892,0.88620180777556856
0.80062722167699507,0.89339762265863842,0.84486448762325428,0.70413166455707565,0.71469440517885152,0.80587569537194959,0.88662771705155596,0.92233794642854061,0.77748122143235354,0.80496552041866321,0.78444907014539411,0.63909382902459311,0.86539363000371905,0.61037377215765831,0.94746007200889693,0.87408570497543614,0.75353341767288551,0.85059962682620571,0.73624197943936598,0.7415124952717882,0.66914709044979792,0.87986161159390319,0.74152620015769644,0.8015879385360466,0.86266600384783532
0.75747313756199119,0.89413670299626125,0.72870629795101327,0.77508321321728757,0.6737445622088104,0.7793031616458207,0.79931981711701772,0.9049518905291033,0.78313127216685241,0.77762029219510809,0.70167160492378211,0.65834119912150424,0.88326774537723374,0.78193755768936068,0.89599640968291461,0.81991913221760249,0.8116899607043605,0.8771789313859073,0.7336113079157538,0.81066157536669248,0.73621547001488963,0.91053229625318666,0.69268440391678077,0.88229618430922252,0.79825403912093695
0.81030947823654054,0.89287353026031457,0.75971122923313905,0.76355837764206702,0.64862478764739984,0.79946868794057679,0.7952438178838408,0.90920761218070845,0.85315614911244964,0.9339186082593488,0.70458105142485972,0.61243450331544769,0.83193858812001542,0.7881808535681466,0.86765787596764432,0.6784910591221055,0.8066554399932454,0.73395838263994051,0.75159493063148552,0.76651130446349025,0.69135456899427417,0.95688694859497059,0.74409662618383288,0.93008131620875656,0.82557828037163161
0.84475879278005195,0.85710438852625881,0.78998326079985726,0.84576927341532848,0.65486919740915062,0.71277424622985786,0.80593148791044156,0.85362418415157804,0.76686303941590273,0.90762831361046892,0.70332730560190093,0.59595500324014361,0.76687609653875821,0.80929888419467755,0.88524150566824655,0.74964966339996131,0.78470647973958263,0.7860006927217047,0.85625680977956919,0.80605622340274141,0.6254415142139893,0.83699858569289021,0.7685337161471244,0.76455675162578385,0.83766162470796102
0.75941205236018039,0.87879315898092758,0.75995710000700423,0.67499337656129754,0.72480338422494128,0.78436412107814946,0.75098494454310472,0.88665979740757506,0.95850741663756911,0.92082808125968785,0.81428688654037573,0.64303089228574695,0.7743268525905409,0.81977920534020488,0.85434468046923773,0.73961359658390857,0.81690326406223102,0.60182464636063671,0.82165086656466935,0.78888597983301023,0.62737139864294433,0.89330410566008744,0.66811038676750734,0.80565293516321479,0.74052989265975799
0.85111897297089867,0.87187727606275067,0.8132331217768749,0.63902895802919035,0.77457072847959407,0.82622801994905559,0.81644671101136668,0.79988802336201836,0.8967371912812151,0.78562242255611592,0.78149779175176637,0.69576419802019462,0.77591888779829832,0.79164595309833607,0.76403367569618996,0.76197345847712372,0.7995994506911136,0.79844285313504093,0.84499568703081984,0.74792829873835842,0.76355257441063307,0.80189190788948839,0.68738835639686269,0.75673899020717916,0.80666694447666898
0.74881732417542435,0.76866417366528195,0.78295296505038015,0.80107899037390284,0.83660080061765618,0.85492111492912504,0.80448266353398623,0.85728462950612738,0.80956723533869746,0.81927465117773479,0.78392021132921974,0.76718342810706641,0.81169833662745006,0.76314560775436824,0.77437652497108134,0.74519671057552228,0.77985203624601718,0.74652975191534021,0.86769055428236597,0.78505880607772072,0.78539569112039909,0.79393651979884172,0.78705050740612459,0.76840899860004042,0.86671557730573634
0.66823376579784832,0.86032579805996401,0.7323296812123109,0.81699630430872028,0.81574190946833969,0.76838126843138665,0.78420113425787907,0.88272519382174142,0.88016396624224158,0.74474229369687184,0.89035152008854845,0.84905076796962187,0.77280669826674553,0.85418156063108697,0.781453139247137,0.6263837073158075,0.80032782694746518,0.75100477815910383,0.87792955260441863,0.79856321868507185,0.81923079655454167,0.80478773740497145,0.77063194758887599,0.78395034888165616,0.8198617523588102
0.80444421094988261,0.87495606431081208,0.81326826512280137,0.79038997157690716,0.77681519155273082,0.83475625778339102,0.77138674019400066,0.9163384182643497,0.87450894350467245,0.87903138804990222,0.86617794612267973,0.82126945801433693,0.76502048746206242,0.81971825999512837,0.72295376420096946,0.78446231737777439,0.82485851320590475,0.80269754936229887,0.78271405822553253,0.86782845939194364,0.80556204405872345,0.86775933646794279,0.74570879765608478,0.79466019439863333,0.80829646028453217
0.7664087958994934,0.86707095792174704,0.81169426523820232,0.81860753591778734,0.78678939056768049,0.84738526754718113,0.81538484771201325,0.86305335211668921,0.89017472967818467,0.86653544059819931,0.85709396116086078,0.8896011890677652,0.77655507709124749,0.79281833351902153,0.78651703225321168,0.77829936234639463,0.81414949464078457,0.77437456243269109,0.64890471070781952,0.81206889818156269,0.91962365378718458,0.83800484049996338,0.75125045250598466,0.86030518097181874,0.83862941881441377
0.8124254311016389,0.83079250638673063,0.75040967328858466,0.78585909798334475,0.81241483266210179,0.84176387707812939,0.76307200300281108,0.90882807783548303,0.91445465730118192,0.74468132454834235,0.86325161535855521,0.84391156122678557,0.775014871317938,0.79144190284312077,0.80784221876205209,0.86800013097960804,0.83228505748900405,0.75612090047048197,0.80777515926457577,0.85962941698877926,0.92335647662356213,0.79534495047994924,0.78917418273676176,0.75044849710178285,0.75986333792414296
0.84554870767601764,0.9038034746660335,0.89140908681551401,0.75673530544832068,0.8482705738586408,0.86235580697013881,0.82111011484099472,0.85063244504945712,0.92044069251722416,0.62986087716155981,0.87931419733759031,0.79551152297080896,0.79122707121792568,0.80339392437622625,0.81814986685825619,0.82294734608478004,0.77607001352233007,0.73304232879421227,0.75902739210310333,0.7589068203242636,0.80652774532170302,0.77184973245780231,0.62131466141175762,0.86288507830757322,0.80704431439682756
0.69568905864130004,0.84070049275881265,0.78878008491436979,0.89693702753674331,0.82551078531059041,0.88005770953118545,0.85196920056025438,0.86532087410237668,0.88664405370750532,0.81818704064329795,0.87187935901403046,0.86983173491855947,0.82923051580436602,0.78261758985378971,0.78658120382120666,0.81562536416366571,0.88900680419493927,0.86409894191666581,0.87201260939885272,0.7807495283319309,0.78387188739090707,0.78489044413535047,0.78547420781184263,0.78976378250705614,0.76280420124357617
0.73105789813114563,0.79995323183009193,0.85675082327674712,0.81301980011423092,0.79371539522220658,0.86518857898387291,0.81032723128011663,0.81602904753509709,1.0175049977208617,0.82271461733303364,0.84002770448754327,0.76663634146245452,0.77603305071907414,0.75485680494117458,0.78707011000264548,0.83757577663469762,0.79013224373554991,0.82066109454054426,0.82953147924389059,0.84342600716903449,0.77823695263252002,0.76858228215131763,0.75821685036893571,0.81826887037320295,0.77641644477473415
0.70055521743544624,0.83334570099668093,0.76907120574057319,0.83879219532424987,0.78734799925323784,0.8998437696249072,0.80380827693564505,0.92108770308819976,0.93594980899553093,0.80747609866991144,0.85899889796329476,0.83103662749902918,0.78460808681215743,0.81830781395279839,0.80703102766508494,0.82286053980441243,0.81243679322514839,0.82478499242449221,0.81989870898811601,0.77931393321570774,0.78777208884072936,0.74554505561043749,0.78572356994498338,0.81819307587084755,0.7811933596644518
0.71354444343504675,0.85413337875012829,0.80286900622444568,0.80487031384055785,0.86009555528710746,0.87065627080107533,0.84665838950140482,0.83398732647000529,0.82372464206269003,0.77486516282635343,0.83844826792002847,0.85276047244546882,0.80311976726391188,0.78077112729645648,0.81852832137883302,0.83199837434326596,0.77522359613349945,0.87310066189930968,0.81613639835647944,0.8018985066488421,0.777155105677792,0.80550801179502718,0.76717322525643938,0.83335917948886951,0.74972778352243818
0.80306634460408988,0.81880170288230059,0.75998534375979676,0.79059009074784781,0.8039435269872911,0.87934293920978657,0.83351552481301017,0.81466597152878706,0.78410556593636216,0.7898563554336272,0.85473973030875128,0.79798441002332443,0.8110254433938564,0.75088687630117934,0.84649657010685098,0.84908917267307804,0.81478172013461803,0.83592875019947166,0.79993763531560169,0.85323432801879218,0.84789621418620653,0.8054875064117486,0.77660542577773328,0.87548373513439948,0.7494024150944717
0.84800371781917672,0.8361717669454678,0.79304486489772785,0.8039954780654095,0.83625312579041111,0.91860841613354316,0.81290074764454001,0.80689537523938104,0.80259098228782699,0.77822250693603279,0.90346967638436582,0.77055424361856928,0.79015714631436462,0.7621056173732228,0.81128971925588778,0.88264066465918656,0.80967735736415136,0.75967103497089605,0.88886841630162683,0.83212910541593166,0.82083657493299911,0.76975136612157735,0.80925553868695188,0.86917260277599806,0.78821011678205921
0.85981885743365871,0.86794694922166959,0.75074100306095348,0.81768877070830803,0.74358147399771091,0.89520960386692339,0.81060032822209471,0.85143863017451671,0.8002222598181381,0.76212958398336195,0.82242717879471228,0.86162439662831802,0.77287757439800031,0.83277463866772683,0.83280983027590627,0.86541612720793981,0.777620662004468,0.81664878825211407,0.74956378746631058,0.82890521367864023,0.83077594301397917,0.72130798903710625,0.76560762924980297,0.78647506998964334,0.78083254364115906
0.85802182579399833,0.77642577753299946,0.7875069210376523,0.82036321190440231,0.76767849002895672,0.94679418450044694,0.80054230362861079,0.7731647490946626,0.88978072249842266,0.75830950525449503,0.87136407575199559,0.85831603014560187,0.76805901040451852,0.82618578110521745,0.77769570298954205,0.86899040959287788,0.79667292434018988,0.79560089698985714,0.72547742265221182,0.81594447893102107,0.80365287724037504,0.76385442877553511,0.74331890575460891,0.80274102819563786,0.72104510750416051
0.84229713350252311,0.80586046016576585,0.75851806574469205,0.81336256490323056,0.75841711516980304,0.89486162416703807,0.83689212337160968,0.83734566014102063,0.85411176641879838,0.7445738269738551,0.73285737054788758,0.86120564582776982,0.7385779466827691,0.70532575206035952,0.74397827898370428,0.8255133019867108,0.77194170774047544,0.85196316383205206,0.75332385231077015,0.83753229910717919,0.77833067893602825,0.8043580069830677,0.78800235743231162,0.78176688695542051,0.89618968664879062
0.88128184838041435,0.77385593543207287,0.77731459293099059,0.88203426818746811,0.77035000850516533,0.82640588929249659,0.772330651044287,0.8558788507158992,0.8567987267877577,0.75919418484000412,0.7955142464583338,0.82846336042131918,0.74637728172422502,0.82242130718539885,0.77331581301640018,0.798205524590888,0.74683360841868474,0.84745374846731703,0.85605656455692369,0.76291599026147505,0.75864631797474413,0.81900205137911664,0.77882262855902773,0.77314745073561342,0.92234706660749266
0.86318335228231291,0.8430777241654499,0.79232693059311587,0.88564674061973614,0.77139950104793098,0.84647129620872741,0.78699226487961538,0.84861615287244652,0.87385534515906849,0.76014911300888244,0.7811117902004765,0.84587857778503905,0.78826160465355022,0.81998497185418817,0.81340236827742807,0.86631144729637177,0.72549847201015927,0.84473733886235114,0.76264475698179435,0.79273407096022097,0.78806119055136725,0.80833181540787391,0.80706124617577779,0.80404213360928589,0.8986977806031502
0.8372257689191297,0.77220365898688048,0.77646007392782912,0.86857713996232644,0.78226317465888373,0.83036065555626015,0.73908078107165898,0.9112005451320786,0.80432142070130852,0.76047474910963353,0.7746103079896135,0.80603343930824445,0.58696408825286939,0.63933513340588966,0.75079088365796098,0.80193217591906341,0.80862994711964897,0.79016220649838331,0.78099051140940112,0.81240662959659948,0.77398161374309515,0.82665111543458503,0.80299404016599274,0.78305413771337506,0.75885781886270331
0.82619048813607876,0.78876326451374279,0.76558804294916127,0.80133734122344003,0.77429742313088645,0.86774536205184527,0.77039783835372355,0.8762537150245967,0.82413955219383805,0.73744795215853354,0.79230819009974196,0.76604964378347717,0.84750381134693231,0.82518455949327629,0.7723162425426281,0.90209019819481273,0.8043279957907824,0.83869701711392097,0.83490505635932322,0.81426425295754523,0.75254601597209125,0.80160781336181053,0.83335331368426113,0.76507016153620622,0.8947714311459497
0.86751088252937669,0.84162046805861734,0.76169577052142035,0.8166041866698085,0.75499933871737701,0.88553010001623345,0.77311341074601359,0.88234760793292544,0.82441900235713461,0.80868802896448144,0.77761253065356595,0.78545133504015674,0.78767168871137005,0.69553493958690338,0.80590687430466945,0.7981214387532648,0.78123099137020202,0.81304278486091741,0.76272242307667015,0.83922257428014924,0.86317479797762287,0.81305317633670871,0.83428690560948449,0.74067359342148065,0.68592475383480678
0.78968052261813226,0.78404020411101949,0.78908507517074589,0.82592099938436148,0.75003616433075393,0.8131847671332012,0.73558232080861397,0.89133863006054259,0.80640140888578915,0.80648531711385851,0.8205974347920334,0.78533289255247851,0.76103159761394557,0.77579665512177531,0.80688764459831519,0.76753097278282967,0.75763498537690355,0.77203769421045099,0.73074242314542592,0.80463887438171044,0.73712143737608993,0.88792501859884454,0.79744252411231831,0.76284719743104057,0.84545847661008633
0.78554595720168807,0.82577075176863057,0.81088356937063044,0.7234208797556928,0.77791856068290821,0.83790855747611703,0.80067672917152788,0.87027338944397326,0.7668395114103369,0.78552867720752273,0.78684139241277207,0.75784344181024976,0.77190779358202144,0.77589408696061701,0.7734800962697489,0.77743910117547399,0.77941497460406073,0.85642823168353877,0.7976642785588488,0.72381967494707666,0.76598142228173605,0.76138723019838139,0.78819382674865635,0.76484255284906877,0.80229538263171563
0.75315009734762695,0.86025443812061597,0.82593871619547332,0.78126606386610087,0.76923686790830703,0.87434687858034776,0.78717778070778932,0.84979460343253854,0.81602838418220836,0.85371702688738693,0.77442558912217407,0.80368548275824392,0.80690829394271879,0.79523449866480567,0.81345110421989153,0.7799638329993458,0.77369001874212096,0.78536358656091099,0.88956506492476806,0.81855874890863312,0.76175658446553296,0.79669722496428774,0.80271303678899697,0.76824836636549976,0.83092383197456354
0.74578779791968131,0.81406771485717466,0.88859880761955845,0.78241909059920922,0.76194740216658063,0.72003194015768079,0.75730774715353244,0.80860664418519246,0.81485557638120298,0.8180279052978241,0.77627262429116084,0.83510176247531798,0.79123771058907855,0.77178161832854553,0.74595873000751423,0.76289355651738011,0.78750914953495743,0.78442850818012722,0.82964536020138935,0.78314754721308211,0.76885225734676965,0.8220373101976941,0.78662606792436107,0.7416488872173751,0.80690398134059804
0.8133344974845873,0.74778948522047817,0.85206830674731293,0.77284170425659582,0.73929685273274337,0.72799993367288562,0.76988359616840096,0.78041243761199408,0.81160213492192734,0.80081932222148222,0.77738737082027809,0.78057173240221966,0.77061158615946712,0.82629623503412075,0.79581634098003939,0.75966894822950404,0.89358425090038596,0.77626223482504297,0.77866213214164959,0.75424603388165856,0.78102726626026653,0.68139582061073234,0.78664025223522049,0.82667532778784281,0.84047302663065993
0.54644058670404139,0.7403140672259374,0.85930227231451084,0.81643737751268419,0.75009648056069733,0.68983193495178796,0.76278425698283725,0.82162320740525574,0.82996373550762903,0.76091017112227899,0.76676493733114093,0.75498366670082229,0.81731794569635963,0.79174685990231031,0.79886252961349102,0.84084893741742217,0.76385221508129408,0.80586861621028527,0.82630848393608691,0.74745190979814202,0.78096662964437102,0.76065941749088695,0.80134548833935448,0.8322026687159908,0.81133043098610724
0.74655252050103826,0.74090116383993343,0.85405036384771182,0.7955781531340147,0.76686937400332622,0.85387862491231914,0.75411274632023673,0.82107696255854823,0.82202674759707417,0.77928776611949435,0.7805042775543749,0.83249225752641332,0.7669024833945407,0.8382033768554783,0.80110978278660905,0.77481346580678911,0.8387193066170362,0.82696357546068677,0.81729621274054221,0.77672236552928298,0.81821549355419243,0.86152781099492493,0.77120498593122622,0.81619493590449976,0.8421121671441415
0.78888869635870051,0.725679166546917,0.76806943836879094,0.85457150363831991,0.75337391999281111,0.77379247432516307,0.7618075589238773,0.76297950746500065,0.80107065771257768,0.84078302118832482,0.79859068335881866,0.76060816995673142,0.76188650654742185,0.79132706894760496,0.79894262472330846,0.78749589828899491,0.83196100426508657,0.83641526813586309,0.83595080453114801,0.73767665416048045,0.80829149483982698,0.73475175631078027,0.7553348426309382,0.77823855627064109,0.82824887374420186
0.78063773196805664,0.73741123205443959,0.74754195616245056,0.83689294788975543,0.78730429532322077,0.7689078660533808,0.77746787288036912,0.75952168406696674,0.77442117660408671,0.79896084040723458,0.77551981717263696,0.88443523985349382,0.81934649181452612,0.75710976137809893,0.80734260653726841,0.76044034769542557,0.75810327105453512,0.81130744963274259,0.81971647984068841,0.77093940704000252,0.73295392686721794,0.74122953767210498,0.76395071809239112,0.76536481148390278,0.85365904028150597
0.75384431804761898,0.74011723063010015,0.83528798674430838,0.80007097564324803,0.70698696787614224,0.77563900000216357,0.81547475527326596,0.75418618335631216,0.75940049600717907,0.832560395823705,0.80192222987551853,0.87586371701026078,0.80398430731768167,0.74720605481525959,0.78964517885483343,0.74901592165484443,0.83206377069711057,0.8122330333399217,0.83973401778232881,0.73588036541140234,0.75861679719179809,0.77960684248758017,0.79723668813991888,0.8003542912478061,0.69515038828725351
0.78894362466650791,0.77891826995361924,0.83181017376586464,0.82058835531658858,0.76664911318719731,0.74337081858115162,0.72963979388278244,0.7451399564454344,0.7504037623315496,0.69805715247080835,0.77558282419222035,0.91294054814933068,0.83961646821607727,0.7405238685616059,0.77954776156345595,0.76685493105207225,0.85705914066681999,0.80437950629201715,0.77315097786377618,0.80440065963627194,0.77189581874480506,0.76312135835659134,0.79150136127547355,0.81151679453636805,0.82784424928510336
0.73094780453136132,0.7457557111454034,0.84964741187985626,0.88370021283515732,0.76222950357118324,0.84327170233213877,0.74326742447480065,0.76311825567392577,0.63822954863914705,0.77103867165964368,0.78169574160292521,0.79978979308689668,0.77545692271284372,0.77937912974225454,0.78889393640969063,0.76485922117403504,0.81472332045796059,0.82528484299563831,0.74541131825927165,0.81998088658164958,0.74893817111745298,0.68253553573684256,0.8260304000996499,0.78686795201538817,0.81645341525703696
0.75009639394947569,0.74626071505330549,0.80627655291602118,0.81790321797301457,0.76486853157743129,0.79764374253434123,0.73966331259807427,0.81962156888418392,0.78779666394345482,0.90175395301418937,0.78167738822892818,0.79702203196462662,0.82836036776178945,0.7593914086403547,0.82983794375563147,0.78777476267105506,0.82601363649985626,0.80802460342072413,0.73798892992534204,0.76293702385426254,0.75231346365636886,0.73201968446567645,0.77380493499073189,0.79109628871324023,0.82637657822351496
0.78493606695202733,0.7715817003597728,0.87617791890756491,0.8127582727813637,0.73077264711804857,0.82013727906522471,0.79530869131139548,0.70398394786250174,0.81840341472797695,0.77261808798511133,0.84007080271741985,0.82779436235487946,0.80832550225613453,0.75305904311054372,0.78826742158318119,0.78902143120199697,0.83376445653091735,0.76949281925671631,0.7309818060618819,0.76870441932710154,0.79756222516006392,0.77273310791312533,0.80170359984555928,0.77673736584704112,0.83611356638998213
0.77356325531269499,0.75612561883330609,0.84231811193141848,0.88280446446065708,0.74807355253658148,0.74836596898408214,0.62461205727828217,0.6682145780079537,0.8040566074335922,0.76347539713804469,0.85439413633456329,0.82402594830148701,0.77785611340965533,0.87607334894560429,0.81212684712476602,0.7651743796222662,0.81811971633194835,0.85199942281728813,0.8249740328622398,0.7658245517418143,0.8267002483014172,0.80508230377442669,0.85260620036682144,0.89646803732841829,0.80874576546380872
0.75351257739042765,0.75628604959584611,0.81545105495439141,0.81366096662828014,0.78816773716393862,0.82132335957215274,0.76046729661749801,0.78841394462626013,0.78620639566188044,0.8084006882384922,0.83755149614047497,0.85333622017143107,0.8410133073735413,0.80878261851024735,0.86147759274445201,0.77125332712638706,0.79421349558946153,0.830470375396546,0.81804232330623883,0.7542016041877504,0.83251439385236325,0.7237969614598907,0.83300285343465807,0.82952103921457032,0.78905444614908027
0.76854532624015404,0.74342527292240057,0.83771938209518826,0.75756535249423151,0.79784127601145693,0.81506453980499682,0.75416915489488479,0.78128170088426052,0.84076847328932469,0.81121992942420751,0.79872381367286471,0.79789091619863073,0.81790180562279624,0.83622585721396259,0.80764507732510171,0.73773613717688624,0.79272392739406439,0.79747632360218146,0.84895966312703774,0.78275629807639346,0.82400564310656355,0.90551696920541169,0.87444056208127108,0.88307709552029445,0.82307113223482053
0.7951386715159674,0.76974672199056149,0.84536694602108708,0.76593066328820947,0.72177082324128294,0.8081716031640217,0.81908672903325275,0.81881870263416634,0.79533125264880677,0.82879707717466233,0.83876193563922796,0.84297488521452535,0.73920690015858059,0.798265115520984,0.7791951862762031,0.7716149683748369,0.8043415458478953,0.75388726881148738,0.83865154805610698,0.74240121710663531,0.75698246312880069,0.89502129463164304,0.81127688068477455,0.86982404329350282,0.77606955557620627
0.83050483733334857,0.78594346223985068,0.77078815279027235,0.60022260390129634,0.80605969037247982,0.76073031327833451,0.81060346941676586,0.7705463040935786,0.75113077578232745,0.75768123439759605,0.80448716367172168,0.87966363771076217,0.83675363532655644,0.78483876023873944,0.54413358419421187,0.76804085722050608,0.84377807472449495,0.84247664920661169,0.84026322284749211,0.71728995915260485,0.7641391336918516,0.83050993709352761,0.79174311832384692,0.81334890114246927,0.76170721175956335
0.8697883211491183,0.8353408688249484,0.72303209097695953,0.77010736876378993,0.79880738439121568,0.82176703002399798,0.82741303325322679,0.77844625171796689,0.75596988655818531,0.73931143526339671,0.83962872731885385,0.81509263941475685,0.80268201992274035,0.79473093449734877,0.77467211975965566,0.77230240317264143,0.76025049934874456,0.82680480571877557,0.78944621811596338,0.78494743506766385,0.85818049499912519,0.75411565443984563,0.88777761375724396,0.80425660004630106,0.7397482533747719
0.78706823421948979,0.85309546018566551,0.81823790557822829,0.81723523250623376,0.85367850892623398,0.85087044886701979,0.81626471031322145,0.77265479029936679,0.73911340096825573,0.79547091156013916,0.75846727244707624,0.82920470602286844,0.84953655037741715,0.85260280357139095,0.71427631893289867,0.74899922206778835,0.80827919270047799,0.7674542499898459,0.80995301900921901,0.78083132233665209,0.8321189510996474,0.79829398060782908,0.85792380296952109,0.75177194255380653,0.80936186929835419
0.80150556570096643,0.77947177783927368,0.74384036193359948,0.80541807246485597,0.84528130668575796,0.74981605481921954,0.79602106242005843,0.76619279069508606,0.79254746835695433,0.7938825007213659,0.766608473072522,0.88254105678415651,0.77771722626753181,0.777702466805125,0.74722036835900163,0.76697538829322487,0.82968922028724945,0.76972664423138248,0.82703741753564297,0.72219675857121868,0.85883726998849808,0.79892433278765018,0.75870885359893603,0.76798867555820627,0.77938381200483731
0.80966422986224018,0.85388187150324157,0.79635495577692483,0.82894627487646944,0.80574923082302263,0.86323681845119948,0.81501519204532213,0.77038341423983248,0.80917359765987285,0.78369035929837283,0.83285237354584785,0.79972070925327421,0.80246721943543042,0.72325425758225081,0.78612287234788825,0.78772011951427101,0.78744262753207273,0.85939007484291252,0.77655064144869257,0.76273281249710467,0.85854889963618297,0.81468750564109116,0.80413791091237197,0.74052793162250174,0.82560230822868552
0.80086461259621622,0.83173497852418488,0.86371278208205193,0.8203272325826978,0.78430359216880752,0.69592681874971019,0.69909137961039702,0.75353302623615437,0.80972363734557129,0.70144469666119502,0.84586507336113559,0.82981467320561264,0.81588864507989101,0.81674745137455507,0.72700970136342968,0.77823140812978975,0.85368885849448384,0.81089853871616535,0.84904697363051207,0.75743759295529334,0.7838279044137213,0.81113260240880769,0.73264794420023593,0.81969048648834031,0.80437668429371123
0.82561378576625677,0.78579536100850078,0.73945260708524896,0.83225817044563999,0.81284236351574612,0.79701760248903952,0.73551202507503954,0.72542586472165393,0.77885899532441594,0.71681370184764126,0.70430624131133512,0.78389676886303772,0.81992312209047657,0.83680624014382288,0.82001086829461622,0.7862120703599319,0.77534465588555757,0.78712526586868736,0.76708307005031939,0.78128990966923673,0.72348382132098643,0.81497365687151679,0.8392667483739531,0.80288690488294479,0.76293382486570271
0.83427372312893944,0.80131930730445111,0.92174194315514435,0.81135068985642445,0.83562771389117108,0.78145121278553142,0.75669345685371436,0.76298192934581155,0.82320977256444205,0.72415815962027297,0.70501550086124909,0.75356135351307263,0.79031484281902487,0.80711102162503223,0.72305981710189682,0.77483100878091082,0.76632840760583143,0.75721628535404184,0.77672272787033836,0.798798882007829,0.79640223585019176,0.80384564734003505,0.84143538584292699,0.81543825044812934,0.77382461145071635
0.81245029300458915,0.61044730108425305,0.79230000093510711,0.82825599591980104,0.71260241753578024,0.79579148872942351,0.67905690854171863,0.805599318698204,0.73451791822275592,0.81289402688359114,0.47809323153592098,0.81849344681835168,0.78506065708440043,0.81993050858395944,0.71946441048915066,0.78478377951075318,0.88881404992413282,0.7832419966106865,0.77721120645982666,0.76637684094722192,0.63401488931834071,0.83070755862280021,0.74672597944740204,0.82778081447446705,0.82818012472410785
0.81194773340116289,0.77516039542812243,0.85318836284171329,0.80679914632553573,0.79637729529524415,0.7576592119903035,0.86147843288796555,0.74708344177917352,0.75357616790460169,0.78531163435643869,0.77915057929374798,0.80869711285962986,0.80504488337052371,0.81030877300255688,0.7296585754215873,0.75690107251824768,0.76022776551840521,0.80640750835242492,0.81761911851315427,0.76018881947403127,0.82201893056898678,0.79355280507490322,0.81712543058118559,0.83869866538196569,0.59781144150093934
0.85756210615112061,0.64652289893686654,0.83420974446996321,0.80120479675194733,0.81648777927159621,0.81085261057260705,0.82055159913815889,0.75804385463737212,0.81422084089380531,0.73926383646644389,0.63707257387639837,0.82115858407637088,0.80810381848978552,0.74718760252347016,0.80860276362085193,0.77752823159465012,0.67820468985968518,0.73298611670533431,0.78429225581520257,0.77508071996337158,0.75232107814988991,0.76151763837703212,0.78670708055767635,0.82876539294393392,0.72332413631855763
0.81319142335157613,0.75327607780857309,0.75999014529055164,0.78077477363877801,0.82074912119425714,0.80325484193098717,0.82777341730263787,0.79264371320296489,0.8423109713066933,0.84205039068786058,0.80221341394787093,0.82407394661344457,0.7902872093716995,0.84459342123359682,0.61109245307082938,0.80180337321085438,0.80036325037072675,0.72597666107791392,0.79646138172765713,0.86416818446792254,0.75741992347316678,0.6281855490831455,0.86525482297458478,0.83725059536499569,0.58327734920503804
0.79880373949790773,0.72670766011781796,0.78061911938860862,0.77755625822140295,0.88083037377051909,0.8488293276697535,0.85956851676683543,0.78927459683083656,0.7462778966350756,0.80256687340650157,0.78752761294860785,0.77713098115949453,0.77310862034649497,0.78162626063960605,0.78494891784696519,0.60892273392527496,0.79084634428126277,0.82554984638523787,0.83280215505934785,0.74855186561646803,0.74319568629012067,0.74392001957024068,0.8338430854349429,0.8169849311616646,0.57200548751983549
0.77332804979649761,0.71379043553631871,0.77750483540943516,0.88906326720868245,0.82174784232610043,0.80277357526166959,0.82603395036655092,0.78871192767478782,0.77723492818154039,0.81750446359446305,0.76103404641217531,0.74257427925248565,0.77691614677718435,0.81176388161816437,0.78839689842665128,0.77742897000611288,0.80067245985097302,0.8256235497714437,0.74647337698544569,0.53184762436621469,0.78014272776319193,0.73157152732314179,0.82648846070993476,0.75721313880068131,0.78886285272250656
0.80840138886891777,0.83434770754912591,0.7674249971264574,0.81094733269281516,0.62749447760400556,0.82030008256141151,0.86795567104139204,0.7669873280945757,0.75456167762582105,0.76001216184176545,0.76904896245470256,0.82403978307112224,0.8213309706906825,0.79825567593912605,0.79675413717459365,0.80557353672880117,0.79422511746899038,0.81523649712584734,0.77734278435588078,0.81975827976800364,0.66909929938847756,0.79588470662009614,0.80062952062289616,0.77792934446418138,0.79284507134977711
0.74464883683857919,0.84651156494797375,0.8485949715587614,0.77928602249872259,0.75152972895359826,0.70838622945438023,0.86549828478804569,0.75066601214396789,0.74140499182910025,0.7612400799931176,0.7686144602149072,0.77338760658041872,0.82091121329661576,0.87742772151053894,0.8144297854394098,0.82056837656821757,0.81467927996761591,0.83343238017344168,0.78268278336667685,0.81813957415239036,0.75342965793156358,0.81904995683767035,0.73640315617705898,0.79217569188840442,0.76879777722073139
0.80306612618906215,0.81137027340094714,0.85150226415303421,0.75407162652966275,0.74995559966431491,0.76497481474549534,0.85919793379799381,0.7079600546960545,0.76758010829984791,0.77380287995473851,0.79193325202068776,0.80403650623283907,0.87289213365578766,0.88416976941380176,0.74361251997289801,0.79436999869758362,0.84214646063871135,0.86390740978132519,0.68158886575610189,0.7551921663809541,0.75527327066206873,0.68941861126358961,0.75382616830669114,0.78520246753708312,0.77767938170552298
0.81227411334946864,0.81984298694495639,0.75372773844872643,0.81177143894520909,0.79625323619830302,0.77963888327322939,0.7482655720509408,0.75263564003666572,0.66294457400660267,0.78176096684434693,0.73627759310573127,0.81965369594149229,0.754160952158477,0.86424752179275544,0.87711012582945447,0.80140289906956341,0.84518483638387698,0.7469857913807606,0.60104236020640722,0.75890399672719466,0.75285999331679021,0.85632458219507102,0.78326173684473177,0.70492321113890355,0.77249266748865197
0.84269524335509916,0.78056722755976227,0.85797049909880019,0.65689799831584106,0.75914753145758307,0.71285696797034603,0.77438524235094053,0.7383384549380716,0.68206786080290105,0.49735199740919744,0.75368493014962767,0.84644585462248567,0.71821765750367739,0.8650174454902908,0.87800094880111146,0.78293310351502676,0.81647384295944347,0.82367828329192772,0.77148992828835261,0.74162799429900306,0.67824246828233947,0.80455583104240602,0.7651004703947194,0.7224196219660266,0.72631118620232382
0.81121381180877417,0.80791100778938663,0.82685540634924892,0.8203945261691733,0.79754095321848872,0.83151910832434017,0.74201191013921242,0.81329510006587713,0.77910940903232595,0.80013771847477588,0.82111977917628931,0.82222924915934548,0.75595397986247326,0.87357922261427667,0.81502813043485156,0.76883159298629511,0.86482150559851989,0.82992274599429094,0.82269608019020901,0.7598152619651779,0.75431630227521018,0.81245459566532452,0.65867140374784205,0.76250439088141042,0.74766440587853866
0.75371558647414061,0.74582526602577381,0.82423527354140202,0.84428963557261749,0.76132453383370291,0.8177588260090447,0.7885498940856126,0.87244939052760828,0.76842105787667236,0.74859020539968191,0.81526685217415129,0.8175470806153029,0.73104098963686936,0.80429941897543122,0.8684638793133469,0.76799302732955621,0.8712173200938772,0.88106014480503758,0.84304775294461842,0.72961402350757365,0.79871147394458253,0.776223244693661,0.86592076387783812,0.73876859880638646,0.75257713867234743
0.84838713003295196,0.7083927717672982,0.87938388621600594,0.83194642067949731,0.85779356293860676,0.80166597083828739,0.84071496944483759,0.74128024596500408,0.76438673251941791,0.77488256005445999,0.79782692421963752,0.82440626248258242,0.81985706119648472,0.80711174888161452,0.73153276731644012,0.75435831221524485,0.79976075270301816,0.78452330048594088,0.83188352139214305,0.73060842456574548,0.79011803115773205,0.71214417865135826,0.83781783272488708,0.81168791036922106,0.78847181273215161
0.74621687902535871,0.80658283619154902,0.85222119692260911,0.85567662447803794,0.71734296374088957,0.80449743344558489,0.76718365894812723,0.7786170581184888,0.82618407093212187,0.78960931705312498,0.81944521283361182,0.82524191513396661,0.87750395344004828,0.7858507273901556,0.8023129884061565,0.83415839704681261,0.7910080623440704,0.8496293044191503,0.42861876212083971,0.77556064349973197,0.70294841433742072,0.72117075709600609,0.86192654725469386,0.89692922073643233,0.59003341013787114
0.8591869160839205,0.82774475781663814,0.82899955229834033,0.82657965948644452,0.82844193681796807,0.71754545761964861,0.81767767060316909,0.73341490292596001,0.82633845400807049,0.75481229307977071,0.78954109316505816,0.79134303598466349,0.81759653561352064,0.72787195988816134,0.79977493807950661,0.83529882926016474,0.78999407614781469,0.82807094993933805,0.71630163775505862,0.72058735162316645,0.76824410943424837,0.72983100168880899,0.82107542253095078,0.80050572077469107,0.77920925192266688
0.75724840291379991,0.78585407585366096,0.72512866196997872,0.76686384546085995,0.83190415942426843,0.77301800477295757,0.84266897854190659,0.77369880664063961,0.80911867222372902,0.81272645898742502,0.69648263098978691,0.78458776954508791,0.80765484067716109,0.81862367033288674,0.72899860167116748,0.73661484364803498,0.79826424555918973,0.7719158384371162,0.79908062445539141,0.747462252705554,0.7450328682491193,0.82525632297369034,0.82881994871680786,0.8597328638175592,0.77837050801562002
0.7881006374913665,0.81687552732160018,0.73463988471865127,0.74784498103592645,0.84645582785653906,0.84269095857305376,0.82938650821656545,0.83930803606613458,0.8641138375969174,0.78196462186985038,0.7527722400449085,0.81519855601802971,0.80249674161754347,0.78176721757605927,0.84360393896333663,0.74623655496763863,0.82887782686734213,0.79849853200379128,0.77978328079911907,0.73051206937495161,0.74001287685611872,0.72005488457885569,0.89802333861627326,0.87009794357778958,0.75103046457690081
0.7955415937878636,0.81405691714827288,0.71989751961873161,0.78789713894386393,0.83210075900862923,0.86093583488635828,0.72864027708341728,0.86311461650529309,0.85336252953827862,0.76321415357772115,0.79953459239715841,0.81364283492700296,0.8340218313213158,0.72542812701820147,0.65016189452921047,0.7884778862101689,0.7499857471829533,0.86770511744455636,0.79172493807516486,0.79608259680437155,0.75161121878247095,0.68097399155109473,0.79276888737978102,0.83851947431375906,0.82281635208977455
0.7038246898873658,0.86302672578261297,0.83130852330067284,0.84938142279511708,0.80881167033058243,0.84899875795618851,0.81732550486050703,0.8612745305142393,0.84403919744203526,0.82499508361301299,0.73132435419465436,0.76564841058648547,0.73847778609398795,0.80174048793086461,0.72451130526648033,0.77743003504491892,0.73943169731529723,0.85039255417529058,0.85364470301644968,0.78776109908799852,0.74395155700759097,0.7184353354847971,0.73779051442920562,0.71121318836698699,0.83789941689877401
0.73948202781223005,0.81552306318115819,0.77091251444226028,0.87592376260224125,0.69704031159341384,0.87816901445763895,0.83679300548035107,0.82704018762017739,0.76562457993588906,0.69381939345917343,0.85632108964797615,0.71165236601432991,0.736165389294133,0.83909343982105866,0.81944613107470254,0.77262627218460822,0.7348864974549717,0.76810536512136407,0.79741651193162444,0.7758880443974181,0.78590918724643943,0.72245070837868264,0.79523363348200127,0.78341250977501165,0.81807546425252475
0.75604857957878757,0.81692598514771797,0.71266263851061018,0.74691070172602603,0.72075295747980717,0.8462005237905621,0.82514420432766056,0.76231229120780586,0.77470591993256388,0.78537742764771967,0.78008219443388604,0.68469406601474503,0.79568617519929918,0.854519112671841,0.84688744161309415,0.76548900999735925,0.73878823472822486,0.81414449061919902,0.86798703840378832,0.78301866563411748,0.7664767443248155,0.76945544484485739,0.82796561627411946,0.77380616342457942,0.76173714205620435
0.61375455049740091,0.7685183072675561,0.87790067804388905,0.69155646922771341,0.73458013651591558,0.85401319067442416,0.82237265168992224,0.74856396216458765,0.8200178996041817,0.76637627727590063,0.82932791789266302,0.73518932071024223,0.7779586064169951,0.8457355799615206,0.76255361371709218,0.7569106105241723,0.78531274387639272,0.88985702082244278,0.83064220973001779,0.79921389342637894,0.69970463502206981,0.77142111892423981,0.79910949799082576,0.80308036152987883,0.83552512576189708
0.67828911148722337,0.82948193021038419,0.78010751447110827,0.80584424391361831,0.69991869076470381,0.85955972173291562,0.79488539133270519,0.75049074855089914,0.75225389425658484,0.74373690552386795,0.81253653087344824,0.7829067578686838,0.77865834728973182,0.83055874370142868,0.80095291568145,0.75760379429660107,0.72131523257140184,0.82026355448571564,0.79583478434317156,0.79455626918676492,0.86429898091070845,0.71699133073109445,0.84204940012532015,0.75918449407124378,0.8158856864691344
0.83522562705399261,0.80278495427183938,0.75666410561839792,0.81549930154960393,0.71698376278626952,0.86179699818135413,0.77598283813376279,0.75110606094183485,0.78736589515444422,0.77568178682033073,0.83574263663476522,0.79137418897051481,0.82047641997274168,0.80798737034725487,0.85171406257962123,0.82809157911853004,0.76471619005903524,0.83421520253014614,0.73482505226922701,0.79158188101744109,0.84108262617072849,0.8418361076442431,0.72026037291495815,0.88164349461043467,0.8281111615289698
0.7684906082507551,0.78883716879126264,0.7600594145720323,0.78109859316260333,0.71156666220520337,0.8709838381459003,0.82367467690409235,0.76842390035068098,0.80582212496635131,0.78443601816228092,0.82929125270538517,0.81655784100120155,0.79782446745475988,0.82423690416986373,0.71448919453129922,0.8349582038530784,0.8170096590709206,0.84109778034783955,0.7562356104422433,0.82344025629317297,0.83695443333028119,0.82614666435194495,0.75610072368346637,0.85897966146947025,0.80603474775487083
0.73554361962585235,0.78555328295042992,0.81550947935451135,0.76375090119986666,0.67234585125963808,0.76855166038771994,0.80053097471957502,0.8160578785421877,0.77516472377860202,0.74202635508506709,0.81744532872509834,0.79849817120033095,0.77119685728875298,0.84912856106611478,0.74218584409211907,0.82242542788664252,0.79090294800371752,0.83570310783114699,0.79689573442651251,0.75121240510928178,0.84169235884207005,0.82005581966730634,0.8533998204057256,0.77499594676875994,0.80641855355743308
0.85517434013546467,0.71884065842065836,0.70962274760848343,0.76395219666448244,0.73423921119522872,0.63294202889443218,0.75445135359119841,0.8033498930695635,0.78429698217851718,0.76759069582435202,0.83114619083822194,0.76318798392440135,0.81215513690400754,0.8397007059851751,0.61978607895451132,0.78900669625923359,0.84978049132469136,0.82102182010441371,0.68742775005571544,0.81497178769868184,0.86969750966482728,0.84564920139709343,0.86656064598425986,0.76710320300817902,0.78241811811484718
0.76163613126848595,0.83021659907804335,0.7675851922987732,0.84246291069558876,0.66616369356885652,0.77489001312542638,0.69861889052083226,0.83049004974685248,0.76607792020699594,0.75083460662628976,0.79067706414171623,0.73419250318669915,0.79579483427729281,0.84447479409227155,0.85740481360780185,0.82925462715837117,0.79622281259987793,0.8783372405109281,0.72843721049628807,0.76315289895936378,0.85675140661747251,0.85512655369114743,0.88787701149793674,0.82732095846657494,0.75177503153974967
0.7850381433232908,0.82397444614535131,0.79096952178628099,0.6596187639052401,0.79156206906260451,0.74413263897612858,0.73214382177940085,0.77727593866521572,0.75299969459298544,0.53086786616817261,0.78690348549400524,0.76983907297424847,0.69437611024034507,0.80739339701442292,0.78719757102890153,0.77590246595006918,0.85395096869054254,0.84421511479646971,0.71539530041373978,0.81625113791699655,0.80767185127400987,0.7995125625236611,0.85836686069056067,0.75592481375323872,0.81070034992357765
0.82220162535056529,0.81741716819519161,0.77081220276102702,0.75058471132586435,0.80497931885633522,0.77718988132862332,0.73027359885745335,0.82351377932146919,0.75947672446963488,0.76269989311452324,0.73723673763467479,0.81473956260977642,0.63859578226871294,0.86582320893455123,0.81143966653169575,0.80283685699198837,0.78240723114525923,0.78890865198130078,0.78756067742171543,0.75534396033714002,0.74597633459035517,0.80360733726335287,0.81953011170268197,0.81787569722453868,0.8324662225950884
0.76810102424601545,0.8487313214751645,0.76311059588875374,0.76021908691150775,0.77267373351820234,0.76874388274499295,0.70941693027162112,0.79746587865576568,0.76474020102762519,0.8157247964383203,0.75274138231296595,0.77707715107357889,0.74851404761129814,0.84666825197041473,0.79119081559537818,0.80814260763188417,0.80092190674183805,0.76546707300419514,0.8510558836471217,0.73616927575901325,0.88809608205493396,0.82557942764612269,0.68504099530210427,0.78184179387108166,0.87758081954530787
0.78129335101711661,0.82219987039824838,0.69876408762663922,0.66806103771554393,0.79122772785059481,0.78862531382978773,0.6971624915711131,0.74547454623153253,0.83910479255635628,0.75891815260572171,0.74822926773757936,0.85299059434715341,0.7091278656629435,0.83037707026757202,0.82028373358778606,0.83759614905104263,0.78821892867100551,0.80242839333397875,0.77683808666891641,0.70683171146226931,0.84855097847723859,0.81039253260866217,0.77231555614462755,0.85934589066706291,0.75262717666423262
0.83003113588917543,0.79223265392666287,0.77135274596805414,0.772975339020325,0.80774833315624406,0.72994413096940225,0.79011754559085723,0.76088092200780355,0.85230168432821096,0.78795057989987749,0.75283572301608892,0.7697857030960743,0.78782263946601339,0.85080468788286934,0.78868496037802693,0.8194010007054644,0.77102184326425205,0.78742537149796543,0.90942377096990001,0.81491868333767925,0.88567411688374587,0.76630680860365297,0.76270286384331776,0.76463102967581142,0.8064924373510538
0.77822460735923604,0.76046268995466371,0.8203025164571085,0.76186064160617151,0.8304168978507579,0.7583923441031144,0.76976959577359083,0.78348437820075212,0.8838961177338901,0.74766468304936806,0.75017133255292845,0.81023063637895321,0.78326975011025612,0.83416336339621533,0.82191624305201771,0.75493959638803709,0.75498353026119613,0.75384880749230299,0.7960636628005372,0.87118412858298055,0.85396451644131188,0.8117090688506664,0.782726005205716,0.82878930624673108,0.79465867774605858
0.75062891700873713,0.61132671387482262,0.84184496504899942,0.76971993199500854,0.8288341635777261,0.68180036948309197,0.8103848712463948,0.83490636142001062,0.81210932072401465,0.76962620692700412,0.74811556185228423,0.80721347874270799,0.77016660732236275,0.76749219578061179,0.83188765762612893,0.790497934508119,0.79246974328307618,0.82107111844757297,0.84033710818307561,0.75187016231188264,0.81059141560882164,0.82109950628916761,0.76928341862013794,0.82169985337782681,0.87992566280587958
0.7211419447509354,0.87219662220588157,0.81754341984108703,0.80155377034981679,0.81527048751145059,0.81204830398881322,0.74677072217273299,0.82455401375653592,0.81998139429506789,0.78059938648265625,0.7857416224681425,0.75547141429700815,0.74694633207455685,0.76297855019828931,0.75544799951710051,0.84707601360609552,0.78821012361770104,0.85310589222118094,0.87073208416761749,0.80634476213850714,0.82444519997187715,0.82954273301213455,0.72826742005664402,0.77890703151161311,0.76844290846585661
0.7600249922358201,0.73199236805730994,0.75546622311544132,0.79615166735903597,0.90043342870694609,0.71384197299612639,0.80880053429887233,0.80512702704356853,0.82456614482754331,0.81797553858755445,0.75251023173360632,0.79015896457853174,0.72875249742779902,0.78519160528630128,0.79728032801993376,0.84911824571683969,0.8259257899236444,0.73275648762951651,0.76092119550220039,0.76569094413151806,0.82278576668986581,0.81456029630783988,0.81793455692400152,0.77669045426116978,0.74670615158781006
0.7509353543043833,0.76116762441228736,0.77112320145734159,0.78755948061470504,0.85012675415302164,0.83289808198588622,0.80921144186254446,0.73997017031853696,0.79390677955932654,0.74773125709858745,0.8527697125284901,0.77953339342228478,0.74028042884264178,0.78034800755197953,0.76454142892183319,0.81874017048807379,0.76165265290626705,0.91430343034281714,0.74023241400278006,0.78744971899461758,0.83623108690943626,0.86201239753036352,0.79415372778267312,0.73462402603888532,0.70939318208285407
0.74400931889080013,0.7545976775423785,0.75144295286027063,0.80828838189451047,0.7905956246006467,0.87677678857938657,0.84808944209126835,0.82758523479070523,0.81778783739609628,0.81228817963058331,0.73570571464700019,0.71550210045370444,0.81874297236751969,0.7516232188773645,0.81363230016005295,0.81342407669049743,0.78751783210822779,0.81726937798146637,0.83844250167166468,0.80076308257216633,0.86132547932332104,0.83369479897566212,0.75529611735773539,0.85956877524836484,0.78093821133085262
0.81570509280237469,0.79208167357685155,0.75756328061081091,0.79754466234962229,0.72976806504648428,0.85555453696119865,0.80386858120229776,0.83305240448097095,0.88417921877023464,0.76005005257333946,0.76899675231711417,0.83081120579289169,0.63583075200691541,0.78068475925088643,0.83448695024144648,0.83681783409236843,0.79579708148293549,0.84130030069152606,0.83824714707948189,0.6984224163736733,0.8245066253764356,0.82712695275972281,0.77607937154920859,0.74635349812896956,0.83544564683130507
0.73642743467383098,0.84008615429410172,0.78932639935878124,0.78296002119093233,0.49774727420767306,0.8388340982798056,0.79407062122921923,0.86298393838270204,0.78054995907803848,0.75068828183331271,0.75385214653941701,0.79284779910765224,0.64330840095282393,0.77429110537907064,0.77742306545051476,0.89432640451821621,0.75557419263828618,0.87346719489672875,0.82777390210987289,0.70161226778298513,0.84403132955502425,0.71561307099900007,0.69694257711354168,0.7210228595994369,0.85568204583065322
0.77328035194960165,0.71095972554358677,0.77076613084059176,0.8458503524384865,0.7660286185732802,0.90936232446459897,0.73851461560870713,0.81422804791420511,0.83778500232773312,0.81831145619387125,0.725210163917824,0.79862235944784044,0.84832310551535495,0.81098576352147678,0.84520261925660989,0.79997309228813684,0.81710878704594103,0.79729884711212806,0.85701941113182933,0.70589802914332733,0.86556958402867623,0.81928383094759516,0.75236978620899198,0.83601859569251047,0.84169130153635485
0.75025532278018114,0.80109859059487176,0.8134708728387493,0.77938290996554893,0.75814680123949285,0.85630082258989326,0.81525328407899333,0.74905457168029099,0.89426548780197379,0.76066129608156741,0.71511358363383726,0.81890569208528885,0.8166313870867179,0.78363199064186273,0.79651631086126062,0.68843578619334478,0.770992843914731,0.83013942514468952,0.86886210780063433,0.76014641106615199,0.82482876987705256,0.78366442849201245,0.73444420403698252,0.77814297596824755,0.85140203694379546
0.78166625297970505,0.74210660431158337,0.78717958788157849,0.8431023947766616,0.79402166445784217,0.85922590826076772,0.80588058709579569,0.72568374590467744,0.78176606946700467,0.76756988222903355,0.80562444510133857,0.84180895755345009,0.85920387767563866,0.81866897262557126,0.8670232818672976,0.82372612157774949,0.81545697180105181,0.85389089277423758,0.86039307858802849,0.75257859132142213,0.76534052173797074,0.83200913367078511,0.79252300389948449,0.70778963312688536,0.84366011304947086
0.73477692049742449,0.77755401699005955,0.81045473460192252,0.86303690401844624,0.79636063581343952,0.86913365570988244,0.67009973335975359,0.84706702522929811,0.84638411270222225,0.85825744281671712,0.75280773594030659,0.812326726128206,0.79344514458793114,0.82777085325936339,0.86479949183377613,0.82532418918766859,0.77109000013182249,0.78553978788972623,0.84277865413615394,0.74787921318349904,0.80370766222328105,0.73034327602077942,0.74169178418889881,0.83576645311551889,0.83329788839244623
0.7714574623337912,0.8497227389310259,0.85419166684012338,0.81169558134392139,0.80743989875676259,0.87369815698053011,0.71849260901725209,0.85397279807778126,0.78056296922590918,0.8536064948894071,0.81106109031654816,0.80603004551301249,0.75366096370334257,0.79077545854544617,0.87533141587208663,0.80216089782460698,0.81462396958281325,0.82387803593970299,0.79592807640183572,0.75197427278373796,0.69857353131879307,0.79146593587090419,0.80383758328679589,0.68402242962541626,0.81779758104990041
0.83917430301437745,0.82296499238659282,0.75416536987673022,0.84803224658618948,0.74293310873806828,0.79922947133124833,0.70517754492836604,0.79685678263327964,0.7799628121668164,0.80406766314224798,0.77023508775437954,0.85233464218619259,0.87349341200333908,0.77471732674185945,0.88576895930523669,0.81741854684093207,0.46852290042227562,0.83902670085082232,0.82083895395280426,0.72942684872540176,0.7623837557738834,0.78553061853698181,0.71972687648173306,0.82041252736757941,0.84834414000663938
0.81159549787554708,0.83615807545637388,0.81854461917244581,0.83800000845196543,0.80162593724616171,0.85913710752558359,0.82354490809323977,0.78176776323082009,0.85375365040100071,0.75754647431441158,0.74575659304298414,0.81961169727829075,0.84999043803481744,0.76531781561359391,0.79631282664813141,0.78783796485770385,0.73495223916965979,0.84133055348438601,0.86159754204391925,0.76784442051984503,0.79199618462575827,0.69695339971120485,0.77292378412850749,0.84749780994606783,0.85285213532977189
0.6115645816365699,0.86211474588977866,0.83328740907617393,0.82758011319429969,0.82214085671860226,0.78715509650730386,0.810688008985056,0.84252004318084395,0.85262248997268786,0.76241547784370711,0.71000432350676779,0.72826352959130958,0.8397165171743316,0.75919963974941951,0.83871280186057928,0.79678976715838279,0.74190384078173333,0.82605673196085772,0.73267345794627781,0.72317793385727192,0.80807596436201534,0.80912082362868687,0.79469200099214854,0.83448609550476804,0.83288322262112813
0.71287982952724716,0.76796963395824336,0.76577643750889368,0.81678959178813726,0.7442549416567672,0.81747220373900464,0.76827441901073812,0.7772996245669046,0.79882002533381624,0.89140201562351895,0.74579493519814055,0.84990539992949432,0.83968954533581142,0.70215591257865417,0.80484564254938418,0.68904530048783774,0.80317440753946956,0.85959964824711288,0.87519642783028606,0.64168411852258533,0.85123525939639622,0.81060614221416971,0.77663158095745999,0.77222416967347607,0.77250847394145383
0.61997894919857521,0.82439845894170327,0.75754379480378375,0.81599121239937622,0.78234226251849859,0.81951764787733095,0.74770515377054814,0.72924234102372787,0.84778882615703577,0.76890944558232455,0.75458797810923084,0.83164464710650798,0.77990536163976099,0.66902094708294391,0.84835711071136199,0.84002062604517092,0.8402609182236731,0.80356442202221068,0.86146771856276028,0.74333537443323228,0.80612186011907372,0.70941993307615137,0.78441147778433296,0.85863993289414819,0.753180192072604
0.77802322661887191,0.72896693602678331,0.82433879154050316,0.75758837794899869,0.80624741285867352,0.77837435744139016,0.76011789994303125,0.78005211348181491,0.82731473599954031,0.8622914674389327,0.75419629716884207,0.87641130035681591,0.80118903545995435,0.64917273041674661,0.82108088509413324,0.44851380964925419,0.80450075779870722,0.7643877010070993,0.8079171156658661,0.64618978370881219,0.78639896913904794,0.81244873308046173,0.75185044378510213,0.75408325678480503,0.74782204995178492
0.85464730119449084,0.84243213104752146,0.76194298104791913,0.79647623241006449,0.68910295994105519,0.84584762373219413,0.83992564215147325,0.74056756928484602,0.82297234127710595,0.87545472642670885,0.73284896496821461,0.84999640356642892,0.69653511894994802,0.76966003586758347,0.81999338222222795,0.79341815604440435,0.80099634919069096,0.73642060186551306,0.87145025510427521,0.80770639861803095,0.74015177713066804,0.77360441040565486,0.77185516964466805,0.78404343038829061,0.7430013014385678
0.86225621104521066,0.72235106039860708,0.75292581312839701,0.8150131805644848,0.8422361747716095,0.82202670637535868,0.82634840529107956,0.79231946387312313,0.83894293944187304,0.812223015722502,0.76105535719058237,0.83836938257663551,0.76705862773901157,0.83760628282195804,0.8775337782060556,0.7168788194581347,0.81601629250044849,0.85050940929344876,0.77003241498761033,0.75251789986222106,0.80945582906072078,0.81297616571166564,0.75199535031452147,0.79575670495382056,0.61648666604846947
0.88670930536644543,0.73353073117478185,0.80709397611873412,0.79268546241365612,0.76082476901667162,0.68323936501493687,0.82553996748839231,0.76735254045909762,0.82067016884734645,0.8304420892377663,0.62526881479551411,0.86610622025528028,0.72721611949675524,0.66394703456664672,0.85330213239746833,0.78661081455106086,0.74124141327736459,0.82060931693311279,0.83291732162694709,0.74215821661998083,0.88797680960455327,0.75544892098401006,0.73022857277041153,0.66619885893675734,0.71475400609336637
0.87095201851613302,0.73481196583499109,0.80080503768461497,0.85570863802651043,0.75817364910515561,0.86700766457202738,0.75680912496350949,0.70498909468016913,0.77854312122334379,0.79097259614436488,0.79086179678154356,0.88384251627233157,0.8298755797944829,0.814476924552055,0.84573148235292084,0.7731673482714273,0.85251270495064679,0.83748633028874619,0.74382194236808385,0.75682994388876745,0.81534617828631462,0.8073162597284167,0.79264218078591775,0.76037524291674696,0.72818602115283615
0.86426627316412286,0.76546320741901175,0.82675359508444024,0.753506859782759,0.73066686526937796,0.88492661553625263,0.82334255953105662,0.78118045663987246,0.70893417758281907,0.79627992847141527,0.83827212090766223,0.82861617684488253,0.81667875438828985,0.76454918837065045,0.74133369366711555,0.77354994014503276,0.73063060053117534,0.77202479302946792,0.75915140918397894,0.7607513777160162,0.88650065475663664,0.7711454072771402,0.83089432494493809,0.83259427180127876,0.82147137611412813
0.77887908363480929,0.8647028332498089,0.81219301320367265,0.82151178492066645,0.75504291784653688,0.79432286329899238,0.81886008808565525,0.75947842216791439,0.85336414085590839,0.75043027948321128,0.76501357513202894,0.85271662866404285,0.79048951104539789,0.78033010642424383,0.74778144685701431,0.76559103415750973,0.76489709393450844,0.82068023937490298,0.85749160608303532,0.77602979781718562,0.76303211557717943,0.73199094678224186,0.77311199951698906,0.89261485467233048,0.84132440844221701
0.75668857413405011,0.86575542880904199,0.78117010558344091,0.77450181044470745,0.75048071179699727,0.74907622964004439,0.87284516987817984,0.74925663990536118,0.81276154124761868,0.81358344372050095,0.77729477962215876,0.83666300719907605,0.85479670380725559,0.70137830222194297,0.7686717066253016,0.77794072278470439,0.77758473715380161,0.79344799663335319,0.84617915754278916,0.74780026230120944,0.76712514178635149,0.63878241616584652,0.8357294765684925,0.87812992704175197,0.84818850864119577
0.74824348294530452,0.84995578223680601,0.84850526094407852,0.82189239100859279,0.75558413818084269,0.82556046601377486,0.76752080766386532,0.70501349044861583,0.7492871935562142,0.81956215782009645,0.78410052196816127,0.83840453263024195,0.83537297663581855,0.78605141844764992,0.76698263557339985,0.77075314304128584,0.78853030357155973,0.74005916020953288,0.81680524423196288,0.75384876649788757,0.77690569098232598,0.83514179587868176,0.78050061009671845,0.83182434059439225,0.87143837872440544
0.75930367328190818,0.83933463047612844,0.75639426107247065,0.77047323011497504,0.73454948416116483,0.86846170498203878,0.75749561049601433,0.71602490041558398,0.72321087624547631,0.80490542513783814,0.79636802402815443,0.8541483445857464,0.63328379074045615,0.80567560768757995,0.77741074411853195,0.80048448658343907,0.77064677204928156,0.7819073831936002,0.76938161172312092,0.78386073928070721,0.76205659406309101,0.83982336987686612,0.8337186314042051,0.81787739365068601,0.75185081166667223
0.7770792975612224,0.83555059695461587,0.65115655414212137,0.76791078347272024,0.74182982137963571,0.84152970953345352,0.79761813208812182,0.84437720072488653,0.77030173017345871,0.73827298819541276,0.75163339042393773,0.80047157339544406,0.88060097143871874,0.75403876539394632,0.80334088042712903,0.77630582139205973,0.80010271517358222,0.80949372191725755,0.76939168654039047,0.84106959358718125,0.80990073952817287,0.79859032641080085,0.75363317675970243,0.75009120350672809,0.83869994473049514
0.77718239849452642,0.84574701673470742,0.75099489277047227,0.84151772307567241,0.79245900765248589,0.85513080532662389,0.84087958455490308,0.61442909555300185,0.73358432791240102,0.81929539943626606,0.76643098673404064,0.82640510053193683,0.83359593811289889,0.71414368895371594,0.79860553349974794,0.78054071854145535,0.73350067508757411,0.90309820534777552,0.76656540830588549,0.82320652538864136,0.89576332446722817,0.821925916402516,0.78168663476905187,0.8195883956526453,0.77830185241990169
0.81096782453906247,0.71014258703542832,0.72149523174567409,0.78140195646311095,0.81965886679351041,0.75801828757940859,0.84304161127433463,0.76364588007976164,0.74513038283691491,0.7711309226379196,0.82676801146695333,0.75123621051668654,0.80705195197651758,0.82785404048192723,0.76900904905668654,0.77018101491861812,0.77552763907117472,0.88685659516491633,0.77644193418832375,0.82923235218152047,0.76962425336488349,0.79375316852451294,0.7796161485683003,0.75959772630644229,0.82933858932086069
0.79649340035045624,0.78893993053577416,0.67532839910605524,0.81771019268686873,0.8007491677592391,0.8635170018455729,0.82648262336976164,0.76724217840510434,0.76347511630353182,0.7926052401212641,0.82625292553582907,0.8542493406064271,0.82694330480036549,0.80733110645331241,0.82306901271714394,0.78489514096484136,0.80228797467581137,0.82180108002557883,0.75672918789626087,0.80894247009761122,0.78906378999944993,0.84378624028719018,0.81690899844546738,0.78455193692792713,0.84613993093183548
0.74775600308638634,0.85662800322802413,0.73605001736994946,0.83711491240465508,0.79447780827416403,0.89976662162538079,0.8183275736253578,0.75307437908009911,0.78804569782779388,0.79554068984995563,0.67280632345444891,0.80855418238219057,0.8108377018303351,0.7751839182265402,0.79505716577788188,0.8122155859353094,0.73708472461332986,0.81940781919457062,0.56115134375457643,0.81569684812637944,0.74482488050208751,0.82488573930100573,0.80851739697724867,0.76327774964486539,0.76170375073194208
0.7807720244038906,0.81388359742189209,0.77095054390784012,0.83103746017007407,0.79658015417137473,0.85932058348580831,0.81475478914515098,0.75702775884452478,0.75617777003909148,0.78645142258945144,0.78716439488403767,0.78293592011834889,0.78365591939880219,0.77936730833095647,0.80714205469455702,0.76979773520407657,0.80486920466875711,0.79725383235871006,0.65731330391541487,0.82380364114290638,0.81521361770390366,0.78544292350370537,0.63159969642133618,0.7823543659308394,0.75454679144629455
0.76832899732089521,0.73380910408476752,0.78298910531239096,0.62674102322132219,0.73799173789499217,0.86611219960165209,0.83075200180638797,0.7747982834889503,0.78678350978338085,0.7550746381356378,0.72587856492665848,0.85254112967856344,0.81497835536887142,0.80103177134536752,0.80934552671344195,0.75271151464647623,0.7459399919833537,0.77163415781782074,0.78362505081520695,0.79130355656590079,0.82631252133767874,0.79923104145497759,0.77808602077482303,0.8132477141121468,0.7277753203638464
0.74134027737317054,0.79857189762504877,0.69552368485853377,0.76627671257811558,0.62672966562642363,0.87022560352516676,0.75056698797086596,0.74438823424953127,0.71653740444894842,0.77872479729871757,0.82703936231418507,0.75545208229042227,0.83759504805687668,0.7708304271313946,0.81232975188916112,0.71497907367590674,0.76205683056599816,0.82512921873578593,0.72664025622548978,0.7847970493751163,0.79478164128606987,0.80410085037377066,0.7434354307681641,0.80520986277523521,0.79641758156098752
0.68612752785458775,0.78664735190847446,0.84132385958826006,0.84528437344817808,0.78121943781416248,0.86153329021752212,0.82044759418928048,0.73985332477903754,0.83749892883153654,0.77509003351162509,0.7942253650353992,0.78084933590801897,0.81745725925662927,0.79503787631849265,0.80780754045783043,0.76018626815241364,0.81131090422577523,0.75883981942481227,0.75679615129183242,0.84605132345654321,0.89858095845245078,0.79416833191881264,0.77033952037235198,0.7797262284497315,0.73923124697674181
0.76801448418511087,0.82925269731268092,0.84617201775654804,0.83196009529878578,0.73952211964144499,0.76907460243947123,0.77050339021345093,0.73833665176273111,0.78841212163633978,0.77846014501330119,0.79649513702777774,0.76441148982581664,0.75860907127440813,0.78761815582822792,0.77395924761988155,0.79913416371273283,0.51477533791702901,0.77580951460798186,0.73289658574313299,0.78947496777246673,0.79981781999626711,0.77647517139854405,0.92818266684450701,0.79439607334992268,0.76690622042008305
0.73517799108237192,0.84130663954481355,0.78515666700083697,0.86247706183908435,0.71286146500380643,0.81741287575415922,0.7784560223374819,0.76395560795150574,0.66620161513920417,0.77112036651486493,0.77885012903539064,0.77225078843309991,0.78577914707689678,0.80054041230248352,0.73651631364364434,0.78652114278488328,0.8257098173001316,0.79237924711061758,0.70107730274110669,0.81128037127137786,0.8268489219687567,0.77202216114024302,0.74750263109270609,0.75052627660876869,0.73942750664874612
0.7660701268313882,0.77656565581142889,0.81869187898635698,0.86259551977665117,0.87670360549758108,0.80256531052305657,0.83325670006797381,0.5934141682316213,0.80675243032607458,0.78948210468939772,0.84192983083445283,0.82368085867336072,0.78942818953844807,0.80004349841585898,0.81263864100219452,0.70930211644900398,0.79096067814322912,0.76807024328465401,0.72249595126594768,0.80506137231583141,0.84602570432639768,0.7582195857793228,0.81792313576017006,0.7622657663788649,0.73787054043204159
0.78785457395674896,0.85343305973780104,0.76531204703553046,0.72057297097934447,0.76362229750216704,0.810344948104333,0.74945644316860194,0.76452674632595041,0.81409985190899437,0.77452398294012215,0.79660273320070629,0.82695546514701057,0.77257916154718831,0.77327611070863023,0.80104097951319719,0.79982357960789408,0.81704232211033623,0.73614945866065606,0.75871909724096509,0.86039595703855742,0.87449204162853111,0.75793527323124565,0.56059427308579646,0.79302206638974615,0.7653455348796312
0.75688121791298213,0.83322106706565269,0.84467850546892576,0.8485350423467688,0.83432514025277338,0.79411070075728352,0.79340509678137638,0.81496631734853253,0.87328958278119118,0.81004885698524853,0.79365911188685545,0.72387922510384473,0.74574065191653327,0.77569400374436259,0.79380164148342269,0.54105097609027342,0.78144961272230773,0.80269401147824637,0.71329670396682177,0.77612735843233871,0.81459156403910948,0.77009915375649685,0.74143222935145348,0.81091671745012817,0.8204523231761145
0.73836255840100584,0.82910151002707155,0.81506113839082317,0.84919987126590379,0.86087294915386126,0.79414459699454065,0.76848396529212593,0.76065247169960715,0.76971795661982134,0.76084662401963854,0.81918547763582517,0.83404761439802888,0.77364352141864334,0.76622239769642098,0.80758700597918376,0.88346173246280613,0.78393281676229176,0.78676800293825511,0.77162784590966838,0.77785130849721673,0.76990656449721184,0.77783215670005812,0.87703829471935191,0.72407017737581447,0.61753149667130625
0.77448193698066092,0.81166977656943784,0.76240641364275274,0.84172545993874326,0.85932644470642638,0.8324041312750593,0.76590174523390475,0.79106642324938914,0.77465160963552548,0.7749983311980897,0.81116920865473929,0.74098421447803442,0.76647597608507523,0.78165919776996284,0.82259849521665973,0.87041360740820239,0.76865258324074148,0.83386358812593253,0.71407259543750867,0.62515810100319158,0.84698744214858601,0.77596607609205359,0.78439372564004084,0.70011124214291809,0.85244342830542397
0.7802101990255389,0.79055810503634105,0.55863264401946133,0.88399435858712172,0.77933299865546124,0.77501742417473607,0.78764711137884358,0.7106319005682088,0.75294521651973345,0.7742333325752232,0.78590088878622066,0.82046493559624978,0.75722341542182703,0.84334574427148201,0.72092245689517709,0.78572678782946714,0.78486942124138448,0.75258568627282596,0.76578526886997922,0.83700024534184725,0.75881243322898451,0.76244373992527825,0.83059883366587672,0.83054605643915269,0.7870257506763193
0.82915017511422717,0.7317670866856969,0.73565212261810276,0.83993177920577433,0.81406646854941633,0.76343246715246527,0.79741106334554646,0.7851749942369497,0.66377775964416619,0.74970229137568845,0.83326148481569373,0.86529728605996492,0.78136371877314292,0.78696262424032093,0.79166035682357261,0.77039541498658959,0.80014020313898693,0.76272842621194747,0.72677787185031095,0.76271677355426515,0.77139189442573142,0.8012368066292932,0.79352545910211403,0.83198513686331466,0.81646316997937951
0.8399738463425237,0.75133596193061147,0.61447172850331988,0.82902116809085524,0.77617699226590198,0.82112794100945263,0.66109844564344766,0.79433288156363546,0.68626718224450056,0.81450947634375948,0.83799837262502719,0.78813640420570563,0.78360073197497548,0.80191067099979429,0.67313572637727492,0.77314581715243857,0.77915623385826205,0.74527278145616294,0.68914978275071759,0.80522756181099442,0.7734726149002451,0.75720788803707717,0.74476679945978108,0.82075522984206484,0.8462864369166595
0.84279341814831432,0.8247559335483341,0.73871899134822461,0.86539428763141513,0.77539547976964895,0.79361469130439843,0.85058687492288387,0.84847837057790876,0.73621094297553913,0.77331028982206962,0.74927050854061927,0.77960658065424659,0.78163467529870811,0.83484017619797257,0.78602500758161398,0.83006278686576263,0.83725711010344561,0.84747534702532401,0.69859270472687562,0.75459137490973027,0.76999472550275261,0.77138201841807941,0.88317381604877765,0.78937096987008271,0.84466165324548792
0.79633544209353124,0.78840821136397388,0.85424715661202466,0.79344190013755489,0.73276500506420239,0.81271269024148518,0.85294179572060713,0.82636648866102269,0.72996602092607266,0.75824509996651501,0.88256583069545103,0.8305196983960581,0.81689012518792925,0.75927517940305045,0.7534813612326402,0.83474864643959545,0.78212220167983881,0.76603979513352805,0.79721528339119718,0.8241677867219892,0.7731047232509245,0.73364612968370757,0.83836608337418639,0.76920584963039829,0.79495578638793185
0.78679650961667968,0.76481415476053349,0.78663868444369234,0.7788954352286328,0.58066147717517502,0.81955334975945571,0.76572851051135915,0.82730662689772028,0.88475976784203758,0.77060259952775501,0.7853723245755555,0.87101860557478172,0.91642346515228013,0.82708287867101482,0.70087272478751872,0.70721683736752894,0.74952134601622711,0.78593345921857893,0.76331577066292822,0.7767901772762027,0.69848964305343963,0.77208254683103672,0.84823732651359418,0.76870199408620277,0.79001752827555383
0.829036473625265,0.75425514627306922,0.78352476191955622,0.8092318552238148,0.69704145922245908,0.79152425187075459,0.74902076919712879,0.89324919286773763,0.86451428117503759,0.81690775541368632,0.7866355522079288,0.61513179845374766,0.86519795678993894,0.71059430827521664,0.76628081884618382,0.70625343638655846,0.79423774661448554,0.84545228206929546,0.80433352249078371,0.79328663152536461,0.7942881521944064,0.72072082102940371,0.86606368738143213,0.79903843177611023,0.79129826644145518
0.81975223257148133,0.73128533856256495,0.79936085232238252,0.75246472538648768,0.78904513568469137,0.75669222554536908,0.79363842426185383,0.83168567517917025,0.75832430593087963,0.84787632307592542,0.75589530119896986,0.81871161796294123,0.91060951973693316,0.66141913622306514,0.7977887000832975,0.73176589846995077,0.77893135568736149,0.71842361201322602,0.7992028147590815,0.74477109862985114,0.79343788578633301,0.63311326646216493,0.85497986038512797,0.83113414289155241,0.73052058254966512
0.89376264969147934,0.79908964478796729,0.79727969246937236,0.80056813984226904,0.66886118105527215,0.74548923985288917,0.64665919794226889,0.82279498526390893,0.79721013957935483,0.85560242016362309,0.79866584413252539,0.83721263671196933,0.80634190234971215,0.75182844332755183,0.7373234057930671,0.77288398601250519,0.71924107581232222,0.7502102245207326,0.7454338822419454,0.76909421085330654,0.70734360884342529,0.78880927431729919,0.8304190075284944,0.76935796094587883,0.76322977908601319
0.79827666441643463,0.80693026981446436,0.93741454740003838,0.60846793701467083,0.80786503665120679,0.77965259835248912,0.73216345204552491,0.82331851152130142,0.74862801193744866,0.77648812878462958,0.77809708071229977,0.77750062125078967,0.82766183868939924,0.74807449562791473,0.75534641086343079,0.76559523656785655,0.74961954329051217,0.77230682517778115,0.6600726543514891,0.80087187634500157,0.78948734955577216,0.76849890679760802,0.90856199020319461,0.85623505933550359,0.81197850283537087
0.8504377242131882,0.90784058094958486,0.75487080942586193,0.68766288087077021,0.84356634416788612,0.73575530982276083,0.68871574660457635,0.85968207171262678,0.77303959454196181,0.89440203370102955,0.81160940324855546,0.71437926969477294,0.82720861702813686,0.70619205063958668,0.72442328928739408,0.83554705442470401,0.73081907065708918,0.765411295328844,0.67514555594032621,0.75284119899555435,0.75937183182016788,0.78834766490933372,0.84455103801024256,0.82218560959774023,0.80854367109981051
0.67362666466849885,0.82860590719911431,0.85254824634099657,0.82269902685715079,0.79801512890227977,0.77359289614080418,0.81196995544982653,0.79659610548343018,0.73090821406555817,0.78375732025391731,0.78990815196680242,0.72944553305618653,0.82385521549141427,0.79252374198602504,0.71648439275731035,0.78215423892588487,0.75742958687742612,0.83749450170119666,0.69202034131630907,0.51862986030859903,0.6731451055782085,0.76238552519763592,0.8183196699369204,0.80388111512170635,0.75846509939774609
0.76989446737574496,0.78760580769238864,0.76650360160753728,0.83977135518917645,0.82616769938949564,0.74999080808307372,0.77966822756627852,0.90980670740168612,0.60494412048997181,0.74691241605157632,0.75941927291316491,0.745835342837735,0.77681961122553334,0.79678400624811252,0.74122485805530647,0.78284102588162752,0.79376368379925655,0.7537295417281179,0.72711385633777659,0.794487466617666,0.74182105400526166,0.81945418892989363,0.82701977691601758,0.80914510896615699,0.76221744609866537
0.82271346181431237,0.83235914987292592,0.78113340177683954,0.81024330174594128,0.79849934208980222,0.78439652999978104,0.67056165544742363,0.67253234291216035,0.74879498635339348,0.7182558623536085,0.62478076759652845,0.78330472857543376,0.84499770924675799,0.7781090741308393,0.75338652133069917,0.9022798192248388,0.66139361687075882,0.73660200606015747,0.75161841997497381,0.75447456729794127,0.76560769518895611,0.87514590419657745,0.80321409084556594,0.80593224277985054,0.74661241325961825
0.73659062493500038,0.68381793444296346,0.82884310925109017,0.84601006251131816,0.78809688482175966,0.79089973924257995,0.73428955383124894,0.64234104225475741,0.79181994505730435,0.77641103242893539,0.81045514676730335,0.64748658685044924,0.79570308262672607,0.84434001756951138,0.64307771601218089,0.50059932751873937,0.77537429523017509,0.78604316000476682,0.73867932719724216,0.67505129604621872,0.74619722633162877,0.79105432582962609,0.78933702712129417,0.7693606965954507,0.77347590479895612
0.7111932919401095,0.81396648520865245,0.83241542025998272,0.76717088958979873,0.84671434077764984,0.79437075850483452,0.67234732323236091,0.8191521997615161,0.79362184109244127,0.80025864689007398,0.83233846808410827,0.79034794233171868,0.83940711096143272,0.85880040657687273,0.79697114570790228,0.85906929542342825,0.77421012616641671,0.7813458461678825,0.75417822998403006,0.75572301492484673,0.79080116039439607,0.82647841673049161,0.78317279868512446,0.79125595026007201,0.76877443104992382
0.86512025059776876,0.73078944509152499,0.83622856782043897,0.82909326004627215,0.82219558469729526,0.78076233684811558,0.77483621925651758,0.77528943039945564,0.77683610073226272,0.77720450692174126,0.76403857895586391,0.78953621701386301,0.85613414533150412,0.78293059879585103,0.81953515626305096,0.81914683553029333,0.60145738039212981,0.76837517867090444,0.74898364398789286,0.88460363716567669,0.7982516316232483,0.77003146577899728,0.77017612603022623,0.82411426722035053,0.83715961262165062
0.81860058565050897,0.87055332095035476,0.79027726914880292,0.8523624691267746,0.83441939146658994,0.72984250748269797,0.78959334553131932,0.84725137837640041,0.70675768326911637,0.79970895040540257,0.75912237444777897,0.83089108727106886,0.79795457910200962,0.83398110735401509,0.55563608471170123,0.78802701098002093,0.78128306553896776,0.74929297717835408,0.74743938968212598,0.64794708471306395,0.81640864078146991,0.82612276714479194,0.81322979490449077,0.79546493968755694,0.78590457971635985
0.6146339497065505,0.85601838790819729,0.62600842169435711,0.8803133044274517,0.90625015617650684,0.78164892009761511,0.82139475541539719,0.82576397600917661,0.80140819183114176,0.82894821881731195,0.77260710812248712,0.86504320855379724,0.80054986906541969,0.81955743774362844,0.77836123996253026,0.75464249589552168,0.76593480370625133,0.79884793457893433,0.79789223492759387,0.87199860042825139,0.80603882144348582,0.78685782821899342,0.76820644790888548,0.77681071737117735,0.77962044453058832
0.83368639641168052,0.7843331250446991,0.83235116710557977,0.92486263414020875,0.81372615728819742,0.78639505421005806,0.77385741790219231,0.84854014902866171,0.81482190833550949,0.70792259437437077,0.81359001535323228,0.84339847929727507,0.8337180571616023,0.82043335226772429,0.80530977125645264,0.77647372792641778,0.78127886228335597,0.69896715463705406,0.77265449574736622,0.84989819558112645,0.85124737887836421,0.80339073189606969,0.84819536790979422,0.78087221163349296,0.73859428566392182
0.82785435036853461,0.78057132257797324,0.81526216884489699,0.85046102578058291,0.78567263407451449,0.77485462719143372,0.7839615819620368,0.66329305101242897,0.76844836312657905,0.75457122963130874,0.8134721721822924,0.82506211735328749,0.7572039667031556,0.82826450178408861,0.83376401642006159,0.71839179646387552,0.73317259973290394,0.79982549009028847,0.77012802000133262,0.77450408963942663,0.80578269195615249,0.82652165437017022,0.81359882395140426,0.7873574434204873,0.74113298522586346
0.8005863128818238,0.68017999858946476,0.84492756484613851,0.78238918575808247,0.82761664939501445,0.77570204642538843,0.76344088984003233,0.80114226292989332,0.74622167866539668,0.82948588400247092,0.73847579851556611,0.7838181877620598,0.74116378663626525,0.8519548802659539,0.81154603864864738,0.79482644070471953,0.76103783805049319,0.78252419241406868,0.65594015839585718,0.78842690918612024,0.80365603955305009,0.83826002904854968,0.87341400289860827,0.77968108147888848,0.74880988030364348
0.79560907190243224,0.75764822524402931,0.80896953193599785,0.73769505777181887,0.77281736211356411,0.7534630090030916,0.78004708778179999,0.835714846365883,0.77152416777662913,0.86312433768027952,0.76071788801982287,0.8717372393242564,0.75599512480394582,0.83664503875520813,0.78665411632825988,0.78647344826264298,0.78643698909910598,0.77970486450935628,0.75267507882172124,0.76871076130865534,0.79362176733808243,0.8182706274004381,0.8591865228028871,0.7804490565417489,0.81053259483325479
0.86380523226345252,0.81374460185207786,0.76997522977327704,0.85663764884824634,0.76567080097512741,0.74557442276382446,0.76550028827277528,0.87693555067360873,0.63532932287569022,0.80043617499610398,0.74345367818964136,0.7603473671349894,0.76712332929405769,0.8380251910165365,0.76406968491051708,0.76310506541725953,0.74104338623483679,0.7678042900739378,0.72436301876329645,0.82604604586004249,0.84565477280783263,0.84534767413831324,0.7842019138115357,0.75502617631363844,0.78775124640056393
0.84443345184090202,0.84449139830945519,0.77272342898303126,0.82486714781250603,0.84747222805777367,0.74978857933196752,0.72767310823011933,0.84291841100430731,0.79678831392569205,0.83816498630915626,0.74135869935931886,0.79413778813606151,0.75781391054448533,0.82012093690365484,0.77354616231647255,0.75901207573016383,0.76240751340399415,0.79996402795440102,0.72956674347133998,0.7618003209724411,0.79926452475236132,0.74595339927974014,0.80290419215384234,0.79174377190876433,0.83066332647100294
0.78602420344890678,0.79268667202806642,0.77391367638096953,0.80561744298349125,0.86070464364616206,0.79777423345312037,0.76595624188454259,0.86779682146562165,0.79612386737069862,0.82562244539427299,0.73298567620779298,0.72631329030811687,0.76752963346914005,0.81945430066416702,0.78616986206001915,0.70200499969493846,0.77956374241757387,0.75340620710582518,0.6662005026160982,0.78982616222012392,0.812062066757682,0.77443667733349719,0.83170852530625028,0.84541493404881973,0.80524892863992559
0.85153998290128785,0.82041159234345906,0.79431976875939037,0.78916517611371662,0.8425261158651266,0.78434378982250152,0.76260851822065445,0.81812046123908744,0.84242120617665872,0.81541129215198516,0.79208941369237906,0.76444604742624434,0.78106330259342793,0.74864353825941909,0.66013542591232266,0.73122532800784634,0.87447665450370982,0.70860110681205235,0.73386355192809838,0.76969082975950542,0.63991232984891433,0.79281185017650213,0.73373484062312078,0.83178900200918127,0.8076766277705737
0.79979954148304744,0.76453009688942963,0.79414120393592535,0.74651701478713139,0.87398496553293537,0.78413862100807274,0.77332884209646169,0.77882744726487696,0.86721969705280044,0.77156549564927246,0.77231460568640098,0.78411835533574437,0.7518562090951294,0.84787525174616929,0.66034571169920175,0.83019083033926966,0.84602100054827933,0.78209234517013715,0.74226355876056171,0.77863887827544231,0.82571013023288153,0.78776628907114621,0.74552584022730717,0.79028969685762163,0.84824264353504508
0.77285890148865377,0.79063372213531613,0.81320289315227257,0.74660438591258804,0.78432063652892892,0.792939481557699,0.75815880206182684,0.76717864057143326,0.82808708819435228,0.82926701540955872,0.76446828570895298,0.76249594293188139,0.78419146198060175,0.79446563205735055,0.72644827542716683,0.70096079581205317,0.81626043551504901,0.77031765322023504,0.78097922153200849,0.81031483009408745,0.70813456147882592,0.70469271757493457,0.76216564607866,0.75849727837810643,0.8184835332628202
0.76687482119047501,0.84870912318111513,0.76423026405982641,0.82502802652994911,0.78523041433486485,0.76752495398720932,0.83042981468331845,0.76628745514993135,0.76866595937179494,0.78010998493573658,0.79790950546780515,0.76631012862078351,0.76238126721954147,0.81087994836045141,0.64296455540706332,0.77583489683477203,0.85322995241812827,0.77335108290384502,0.77173084910926293,0.75340385597507431,0.76267032934427337,0.76459921152753474,0.76724522888397295,0.7794231392837061,0.80900644858969017
0.76311888054963306,0.81608559626318344,0.83819671519933459,0.7724989370139741,0.80778264410382628,0.78684710036344885,0.87806400998110257,0.80878899529594073,0.86015007098961582,0.80071875826049854,0.76998850088331738,0.82127739495580798,0.85118619294593911,0.84139283352820649,0.77549402123008437,0.78968658134910819,0.8699358561092615,0.74417709227405604,0.82355704841866539,0.86922152237930705,0.73854701450369864,0.75611993752744722,0.75548134011837542,0.84625929551880752,0.84171236126632742
0.75923325003956432,0.81711761367866542,0.78995188539956351,0.80595494756052577,0.80482289426834752,0.76499486162923802,0.86097360016052416,0.89682774247948316,0.81263871348567041,0.78513524221441922,0.76652618392597449,0.77162495615243909,0.82233195400343551,0.7863206105299847,0.83437259985491197,0.80554764613935648,0.88266093086097253,0.82759656219781841,0.81209475461879077,0.82330408557838086,0.77591761529127012,0.76111168950727515,0.81332732973345634,0.76781921602356473,0.8162715044012776
0.7556241359187208,0.60752090437652806,0.73353441135132003,0.79877299467030594,0.81876150160072048,0.74833199847999088,0.77719540407902254,0.77222360282290481,0.88347423152873761,0.80927416131737118,0.78244940252641682,0.74857865954835812,0.81326002185274027,0.81905283257140649,0.8373292940546726,0.80701821799553619,0.83926547646205552,0.74873494896929926,0.8002596043397846,0.90988727539425185,0.72797589007818164,0.69215841147308854,0.80831021459917407,0.78323177627058271,0.50729029184156516
0.72461332151047109,0.79687514865760944,0.85290550830117862,0.78463093165932329,0.79429663284489394,0.80529315448670435,0.80501055369760766,0.79434654197147858,0.80796273264282381,0.84315864390013051,0.77262057330211487,0.81434219957691067,0.82547469124061701,0.81045241970392046,0.79347575880632848,0.82717382794707106,0.85924233960495011,0.81679501862823312,0.75770972894577238,0.83369492535352685,0.80688914309607873,0.78007648914052141,0.72425931403002519,0.7742130327539567,0.73251576390351536
0.74711788493297149,0.8369968002422663,0.77651907071338622,0.72824263521507493,0.87600304840460064,0.79360224066257823,0.72652723338217373,0.75274986514837583,0.91978581740800869,0.85014728727606759,0.74646593457473964,0.78013083223078572,0.79380195229681649,0.79990144239616978,0.82825711811876546,0.80809922232558262,0.76337414467469533,0.74600522077770426,0.78137257032509444,0.8983330818946037,0.80929379366853238,0.80245677235757684,0.80415766509413811,0.75874469211130902,0.78421470639532276
0.71458332184686424,0.75417709743637784,0.8146998876267828,0.78686170049777582,0.7673430945399965,0.79014885903541743,0.80070457216543933,0.82786149267984732,0.77736533047739353,0.78741697363657925,0.75660251911763998,0.76834652849267138,0.77562055753115566,0.72282217574427954,0.82759965901338151,0.87662501035573204,0.79046553171636058,0.80303759519843754,0.81703931449470069,0.72826263854491957,0.63869417241390181,0.78990593502476458,0.74082379279440114,0.64539578332747616,0.79355598839549846
0.78392592931416416,0.76691508381490858,0.74723003187525849,0.75268141725078386,0.79960858967468185,0.77890197592324428,0.79881575508238978,0.76946870606750106,0.75962677417952862,0.7885694301124313,0.78146069709544586,0.7035886524938606,0.79381373974463099,0.66498835037301174,0.76712914058095849,0.88270574377428379,0.73093805072276541,0.85269769065473222,0.57013288482829194,0.86044614827546839,0.57088844646253223,0.77777637257513643,0.78896766319407041,0.76318840440577862,0.83065794225906742
0.84789410787285935,0.83773354372142339,0.80452934558461342,0.7485068760957998,0.78446841142088264,0.79186257423780104,0.76750171356480457,0.74139097235289297,0.78756315042843106,0.76710559798809586,0.84061286825563908,0.74785958944912545,0.76658568437190178,0.78504546439964662,0.79441017241997747,0.79173044764319489,0.75516933298670375,0.85498129063014505,0.80567885478783141,0.80185010311685612,0.833540123409795,0.83479741465744917,0.7381750263903617,0.7665462867120203,0.73441669973684276
0.75417012329797184,0.81107040065804026,0.83835081709333603,0.74673075048908977,0.76107169888600423,0.76801213275455371,0.77351510226192732,0.62887251337151917,0.85923617844036426,0.74183038173910276,0.87738447572349509,0.77527454194809231,0.76930187237111514,0.77929486428708472,0.84214350200140331,0.82166343442720602,0.74785267661554156,0.84656478202276475,0.81714092052994158,0.75623628806637921,0.81228526269725621,0.79068803741892435,0.74222894688372987,0.75801523748308597,0.81534759296857595
0.77885997214191738,0.79297343560514444,0.78076254051132621,0.78216349653346229,0.87619513579315578,0.77493081171044287,0.83214723903369325,0.84027815457559574,0.82286212936895009,0.80262213383260128,0.7102766835510177,0.76019920344264535,0.77595678732539819,0.77682319914692777,0.79428900829129434,0.83932278856170051,0.77476608353780352,0.84832359108520483,0.76505874798693174,0.78585398461920286,0.74128252076461754,0.77338826342656242,0.75709564536392338,0.82297337134539106,0.77969286803618731
0.79562199957847168,0.80869713028965906,0.79628670606324337,0.73552501985840946,0.76357107715243244,0.77918882596945682,0.75726559138960592,0.79347652439915795,0.76562091062176052,0.77118943964406927,0.86715745941655942,0.79735395592290004,0.7694439894402334,0.76334313570809853,0.79004976767688195,0.77363461992378313,0.7045140481404687,0.78345892660029415,0.7708977367318226,0.76264352833988058,0.79919733238052271,0.78918788069090617,0.71988686516265432,0.75525609865543664,0.64106628878801475
0.77383053981453709,0.78502122061896584,0.73960939019979965,0.72799488069638341,0.80613732122397808,0.77173356841067808,0.84349522219717699,0.90024866270266668,0.7941770283086157,0.76387481965242343,0.89075414364901428,0.7903085175701654,0.76003273013082417,0.75348864152447315,0.7857292630308057,0.78844732869509537,0.84441035068353676,0.87480971471464253,0.82957404765342846,0.83666011055189138,0.82758528001547871,0.78275418611162639,0.7733971033454452,0.83270283286888469,0.83190087383011035
0.85636030547345088,0.80562961864682137,0.75335773030719255,0.76353858426532617,0.88427575809187431,0.76966939061488637,0.78776621827850213,0.77850541377952953,0.79059222361022796,0.74918822262878326,0.90475445465687876,0.71784186085600143,0.78317688694808574,0.83869888224555011,0.7762384576984519,0.77957336012416667,0.82960881571558209,0.88408336111797603,0.83319327604444049,0.79660358806857834,0.7857895386392999,0.77452113251341637,0.74364994031106435,0.79878683809277773,0.77224913498574743
0.85290005527312618,0.81642070896989416,0.76203202074768761,0.81160601794056653,0.8427978501735911,0.78205183623446828,0.83264200289449541,0.86558965123585696,0.77346660735858452,0.79908146165775551,0.88046312336098453,0.79083286558946031,0.79293210613929999,0.81507436163046709,0.7779360296769674,0.84802960235297209,0.79991074158734365,0.82903847401169239,0.67534799638518772,0.77054008423390674,0.8697416185708936,0.77201380424416699,0.75818456055726591,0.87743929695220513,0.77885665473025156
0.8064848866006995,0.77895926143905592,0.76884361307175775,0.78579807399239965,0.80793875701310691,0.78166218180549774,0.7730995899130757,0.80405215234082861,0.77414561271432458,0.84396196052263173,0.85533496939501574,0.7139900201972943,0.88900552202922489,0.82116810755462788,0.75956697087504721,0.87767590171028176,0.79683455467946318,0.88614635321724111,0.77220839752684589,0.76568559084944821,0.83482748243465199,0.78086409367279319,0.77226378680694974,0.89850767588559799,0.89633377640716183
0.84594841724452663,0.87820653908821622,0.76502414342931713,0.77905751886197594,0.83724329154281973,0.78232177966426031,0.67104260865458476,0.83584951409028974,0.78619498813049615,0.78395080352590629,0.85433656595745999,0.74381175983865466,0.87853221958549732,0.6583028065687877,0.77707306369222207,0.85497398404316138,0.78540189044129427,0.84588570937691643,0.69629669420799722,0.86382565435269498,0.8452253140514423,0.6988920291405889,0.80535248268444948,0.91042633908604098,0.88526723718725797
0.91887034659051092,0.74725883834656648,0.80315198309489966,0.77956829523325966,0.78812031893895451,0.77747216634865035,0.83124875132633369,0.76506543568848229,0.7937591336106582,0.76586722372854732,0.81205065182721081,0.72596715278207746,0.85033187290271728,0.78558843522105615,0.67369894006665099,0.89737612068213901,0.79497697557556002,0.73175214999964278,0.83558283240890574,0.89562752613214447,0.79236563476647792,0.80840611059060885,0.84548973309043884,0.95188889194292992,0.70505506563068232
0.91924057765032186,0.69788259824185883,0.78960772513234989,0.78705117126070656,0.80130768744118686,0.78609937236755656,0.78764677720400544,0.75075608988103337,0.80445607123680152,0.7846838146037507,0.85980926060105867,0.71648135003612301,0.84823122898954739,0.79859745214845812,0.77499411255437622,0.91828264359440492,0.79909208400565901,0.75019686690730736,0.82431957426402325,0.826945970319095,0.7989086262014613,0.91221591831860394,0.76857630803638666,0.83874531817288323,1.0135187309579214
0.75680927172062806,0.69099506476954908,0.75689916906865029,0.78474068782446904,0.85877507738653869,0.78525766193042956,0.79479638367869454,0.75044026439658873,0.76902121965801262,0.78683067155243569,0.79693277741123969,0.80838360410774313,0.79624212134286343,0.6189315071232061,0.73144857203771829,0.86336269509438512,0.79679216850824419,0.73989669624528043,0.8079163543921809,0.75239550994012638,0.81679230620091625,0.85920564263977794,0.74833213505502993,0.85452202169840952,0.88185378067028597
0.7403645099494367,0.76917502448390018,0.79253105374148525,0.76688907193581179,0.78174905924775095,0.73415441823501704,0.8556184425222404,0.74400533765828525,0.8376679632416576,0.76500329862647087,0.75245092302812877,0.83610598233163924,0.79953728615429298,0.75700397134876507,0.79480323558566457,0.85060933901458879,0.79016176665240545,0.84660599357965094,0.80837929532754682,0.80914421466145692,0.84423174561071235,0.87413050472904597,0.7612226448185605,0.86157103247174338,0.8989171773072403
0.82172056401128057,0.80910028744315365,0.76746340438500282,0.76395309740088013,0.82805272027031496,0.79512019188099781,0.77626422706863607,0.81057133552710015,0.78070834524408639,0.74160279290238584,0.77539766938431343,0.880838498577311,0.84643159919924849,0.77101669108015736,0.65341771015476913,0.89465783731737902,0.79272146121565157,0.84040474803471676,0.86510156175127995,0.77763450619847674,0.83252618439030956,0.86975509828125508,0.76171990717177407,0.80886278755011842,0.89691488686441889
0.85819727962884396,0.79313314406567781,0.78158940131245913,0.80163743589142444,0.92761143144438396,0.78448043399091971,0.77369361269983317,0.81112589881168728,0.77159949100466552,0.79861096369904061,0.76281328449934338,0.6829690587996663,0.83353147275235151,0.81843715387977689,0.84309052456891242,0.77492091788304229,0.7865386122334842,0.82658432677531901,0.85818746782399991,0.83230572830478089,0.80131791245200801,0.88765570920956904,0.77985290825174591,0.78972547724158459,0.82677363471146459
0.8531876965218036,0.79223243473225746,0.76864865964940243,0.80037545577148561,0.88570186157609987,0.77131860131160179,0.84709209243877615,0.82678309123183313,0.79686912248932462,0.72423796827118592,0.76525197468268102,0.90957092683180751,0.82244617165514367,0.76219974479254338,0.83097414957049942,0.74219464311936112,0.79274959868450157,0.72609010852483991,0.87680923807036149,0.58024885475479115,0.8459928227705048,0.95209750509006308,0.81179847262873228,0.82391836140465258,0.85075512706950152
0.70816434770880898,0.80776508944607972,0.81496426887606765,0.8607533555228285,0.88855895737248713,0.80005487722436153,0.80374515453289619,0.79841879599772836,0.80799848370531235,0.86636546663293867,0.77914652559102737,0.90746140703876765,0.84980701770355471,0.86035379580528426,0.88604402277562044,0.85368093823360169,0.70700521389344684,0.82206054995969324,0.88237896564543283,0.77286580601703159,0.92642759534461061,0.86629190721800042,0.76978611023105781,0.72499351791083,0.89041324569094837
0.78914173924910069,0.77822812669111163,0.79834175848721256,0.79870746134760617,0.93318723683420213,0.80025703459733755,0.85150094890974892,0.87909616180091676,0.8152853942617877,0.74104837139069069,0.69326030126141058,0.82419388920657621,0.77093990028779602,0.7629786968836475,0.78065057269863192,0.83425905421479274,0.73562701915176831,0.75361983450300463,0.82038803853992792,0.85688986274288648,0.86477411321177811,0.88199207061599172,0.73921057155084913,0.77851693052108517,0.92468108809554317
0.81315535299215747,0.81663741635800813,0.80126349744637215,0.80798929980901346,0.89354555166693306,0.79286741784948778,0.82933982554698349,0.87477237299926358,0.78711654381269947,0.81909771620034122,0.81832259798794538,0.89027094288516706,0.75492106842922468,0.85149370930852686,0.80090814411877131,0.7869627776375312,0.7069221451351646,0.81738154025156995,0.8489530791194857,0.80763516945257774,0.87745992037656573,0.87380855269870061,0.72108431191366718,0.83929926551773526,0.8753717619436876
0.72922546799715671,0.84441915090296138,0.83300336323544544,0.73634291927354623,0.85018256482032784,0.78078829058772303,0.7706031154242734,0.88906122452059666,0.81572693105152827,0.65500841311447744,0.78231951083857443,0.87528650091717253,0.77311982190405548,0.82669361463095248,0.76079083666922809,0.75946394125611638,0.84857001165751278,0.78030032333379218,0.86287473170365825,0.80093091509791881,0.90532436096886515,0.74253356575023599,0.82828978102076345,0.79102800586797728,0.90448433926045468
0.80777377047038657,0.78338020979876266,0.77107370587722623,0.7691000186293282,0.91313307533141408,0.79835046701880752,0.72466951945073554,0.8550940029016082,0.80539726305110204,0.79177860546439072,0.76890323891520529,0.69045927160819165,0.81602355544353189,0.88380564708479636,0.78989881016101227,0.77246500731636503,0.87152611652804823,0.75752952151664277,0.83820417908061418,0.81542458192598555,0.86053449361818601,0.86274355541246273,0.73448084965518312,0.82997893267979062,0.89195541388687616
0.77186840200208273,0.80882361516264167,0.80510175954027696,0.77082175126177255,0.90614417565818994,0.87602383464837397,0.80453208750559613,0.81446044616821878,0.80799370586399,0.86420228046069059,0.81227819502289078,0.79859846643632104,0.79183545847034598,0.83015797861135043,0.84719886124118016,0.7888034287104706,0.7367478782074518,0.7785965362892302,0.85060188187029484,0.87447654624183513,0.89816855910104276,0.86452863259279022,0.80753674472497661,0.76139360398303357,0.95339161846063758
0.80394522675821345,0.57720096477707505,0.81493504339869693,0.80677761260129321,0.8702742389309297,0.85594713728334371,0.82216725427578963,0.98544512658334371,0.79212597676250984,0.7645991762946609,0.80691616415988421,0.7657965372063622,0.78071622772681637,0.84846757334255596,0.79992215608264561,0.75326258641247223,0.86387146896010569,0.75915414158653105,0.83766145290733196,0.86984684379748156,0.87190313865587743,0.84517094343234411,0.72353952382698572,0.76805067227116841,0.89699998256567204
0.76597118856419566,0.83129904288198198,0.73354568300031442,0.82463638948007623,0.89645577807762511,0.86912194271013055,0.80491552871653538,0.86762832289206515,0.80183770339719851,0.77637714287422688,0.8604075240836413,0.82136457464797308,0.83230051976695096,0.91406991013679162,0.85902229905359806,0.86662339703915903,0.89200763500103009,0.64269435471134884,0.87756020871144413,0.89920517342921435,0.88904475944447714,0.80356792813447464,0.88903380884109784,0.83587915396042001,0.88113744516881476
