0.61186039034980544,0.80175026622029055,0.76499843035965776,0.82369989126817356,0.81730964682924778,0.89944144350106847,0.73682031282267013,0.57973848843250742,0.764656788132836,0.86594888472543585,0.68702336363607408,0.69017031332579648,0.79312508987167829,0.70912677390747569,0.75388326234471026,0.66939265587773045,0.72283281476938355,0.83119153011647817,0.80216696952417343,0.63531067872237101,0.69352071544953708,0.81604497083286764,0.73599200573837043,0.72890032050712306,0.79191491774858869
0.67183391770427991,0.84452065422603195,0.75397619298797947,0.82975565911339211,0.7379934197130037,0.83342415349168519,0.73716514576529391,0.59103454489518237,0.89082714217353465,0.90791010593920907,0.77546540088571303,0.63255410962203018,0.82706717485233849,0.66166031169883388,0.78529224441447776,0.73651926872903117,0.69584384950334255,0.88598477392788366,0.74549568408543576,0.65069511996296903,0.62414649554686152,0.87856356759925713,0.66501281952868729,0.80448480393383681,0.76220457770138261
0.87407109651630654,0.934263698138174,0.73129573767718437,0.82417672805118247,0.72832787816344624,0.76750558978122474,0.72675251935739293,0.59666112402007687,0.86604322365376973,0.88225614334890468,0.7700198805560543,0.7742938293981324,0.81453980749589694,0.89305848692976819,0.8172253668722933,0.72782465975043709,0.72252138145775879,0.86297277827467367,0.81320974927110679,0.4915320574460651,0.71716637516805248,0.96495739716062956,0.64324111255734795,0.75815383547518478,0.79835003803783822
0.8562951708094011,0.92949073932401405,0.87045271452936224,0.75960433162197882,0.78891267646601027,0.75899308998895854,0.80473923645171286,0.6386451983381235,0.78962158199055721,0.90795900022943599,0.56489459306350598,0.76503651100800885,0.78568452827824509,0.85676918313941719,0.93351667141963124,0.75409324690073543,0.82928440640082834,0.96754178773302291,0.85987528231682586,0.49851483344476799,0.68272584726320629,0.95701084961320093,0.65890487472357318,0.68947702124324972,0.75119551197207057
0.86493247542178742,0.9885245173364362,0.76714212069101273,0.75014935647583558,0.76471892158157939,0.73085277538569671,0.93920054484104298,0.71366764877727806,0.7932034730720332,0.91330302351598758,0.71361551117111377,0.75085009194019792,0.89522495519150347,0.84417360146052767,0.93859740382224532,0.87631791915251633,0.83858616293250587,0.90587170504387049,0.78619700216467336,0.64709323461664525,0.71350335040968116,0.85837946291652234,0.64845874420550165,0.7832678628854145,0.93173064560415531
0.82260025660358194,0.88414656178205209,0.91662428127690443,0.68533404357731231,0.81700141777572988,0.74488031929837439,0.94511796763068656,0.7213410997928259,0.80464734882655364,0.87241450445896096,0.77532687238089437,0.70624800306745972,0.8153574304499196,0.81914077375541738,0.92424457054133546,0.81847748255711872,0.72134283874893523,0.8505346715289851,0.88415069638590393,0.77722418344675215,0.61666114661124061,0.82932410554659075,0.63922452724252998,0.77729696307417906,0.93492675001942926
0.87154566217706653,0.87008432592240725,0.7094599398175363,0.7651576793672118,0.81172178656924621,0.76108233099015132,0.90575627527684421,0.70057700292561198,0.77795373865046724,0.83963266758771149,0.77159866039459157,0.60900127823642514,0.6997365670558694,0.9272522703082372,0.98709853585107477,0.82869735410880641,0.78398471171115724,0.86862194702618689,0.87695516115653227,0.77553117305691721,0.66399301308634007,0.71848819130898345,0.67791659166680773,0.80627706462571413,0.92741879585565079
0.79311324167002273,0.89714773665716929,0.72832784881083301,0.78788356804008908,0.77687974553503658,0.83770200040324538,0.82286822067363519,0.68247647989936389,0.75534139841345038,0.8270893667725604,0.84192990083748775,0.64368185667384836,0.84360849475369259,0.73930196197909903,0.82838607075452331,0.8075065419116213,0.83032488547177286,0.83763674415306311,0.82679229859975045,0.81144169837799274,0.75408238308166153,0.82608874044527281,0.83839466839324606,0.88795419453194846,0.76199039348141073
0.82188781429081859,0.94222008715132599,0.70844530548954165,0.85445506778574087,0.76169886399844555,0.8108637366673066,0.8066195896640741,0.60808387890024262,0.79631230044126544,0.82502152338579526,0.89567365333768434,0.71673448316252408,0.83260864595546991,0.93352280103163077,0.84064023844577207,0.76733688984127724,0.78747599845607852,0.82190474214552611,0.88273143240144547,0.78818792496885259,0.87050193168539647,0.85659498595359063,0.74001936461958351,0.82028800531762402,0.66146237285997389
0.76270170857789965,0.75905724055980872,0.900840639700067,0.82104599721749028,0.78969424112512587,0.84261181289724096,0.83077412916100479,0.60326284418803955,0.73793143400738714,0.82350117584940119,0.97652089737438652,0.67012150201480303,0.92642286697905651,0.95287752427704553,0.79274179594836791,0.79163458129765385,0.79727593823783671,0.72238903685151834,0.85809350178159016,0.6299750840579923,0.84636739775063363,0.85121467028222275,0.87440910483500556,0.86975974624628771,0.7193751742380019
0.8820920227829071,0.80447618286056799,0.85384444073338706,0.91097648524858466,0.81584224503409863,0.76916220661802681,0.83230103868402627,0.65154435154032897,0.64661639695516671,0.79637485644047279,0.89951826682524572,0.71917203281048236,0.80065286911660138,0.89385116499052408,0.79830570132842582,0.74949657345422949,0.79203041019983633,0.75270772681893228,0.86487500696539987,0.74093503819974371,0.85709000602855179,0.89721063833876913,0.92550321558758364,0.76140141229312253,0.72063849944120073
0.80499374878308672,0.83062888919023792,0.89457909885262732,0.81319151601346262,0.85636168576519889,0.79549323010050643,0.95478180867733575,0.72475413160069579,0.64000217077437116,0.79147334893178811,0.73810056945472302,0.86144261283525203,0.91570918554735869,0.92065942463023576,0.82685792452724249,0.76261050728473134,0.78309120693818424,0.77793496183054056,0.84404367118100443,0.8987824759274109,0.83563362144317543,0.8741708603116195,0.82809365092097154,0.75985862556570738,0.79572537767261298
0.73834289932114516,0.81059749480674603,0.72716675073196768,0.9520566228731574,0.77692472650917244,0.77658854896368157,0.92307293148957625,0.88898444050173675,0.79783953440049038,0.81230509354009384,0.87268912486162886,0.90794893973030599,0.88797907808853238,0.89782264083845031,0.81812495273036157,0.78953870374360313,0.79176110282645462,0.77572180215529396,0.91458063553195357,0.77229358786843316,0.76953587294661574,0.85132648651953824,0.85374550784836267,0.81563181465268975,0.82240564957190165
0.69679145448194868,0.73824210329962936,0.94910624959896384,0.94662200702198152,0.85665050596620629,0.86361890793771456,0.969594409468301,0.90510131628148338,0.83334475634100813,0.77034283859433361,0.86967272966043563,0.89044392167688258,0.92673992699438945,0.69650888190854721,0.89712680852507753,0.82983306399962831,0.80928353257597629,0.788164467322791,0.91472002246232531,0.80855769988671788,0.77159236542150145,0.91478583397835256,0.83973963504168569,0.83705706481935593,0.81539260441716666
0.7410434039930659,0.69162323716909202,0.88482277380926921,0.80414646682294766,0.83272410266249242,0.85747441805158975,0.82910302129360014,0.9183336698167649,0.81906145277636522,0.68629947136708402,0.8915337629192075,0.83499909114981608,0.90421228821356003,0.73230069393416042,0.87232847916003542,0.81205378121117566,0.78576244698775888,0.78040483262727944,0.9241766356538349,0.86263720330467697,0.73918575200181702,0.89335874953383987,0.97640302576735283,0.94992392696726213,0.70887283130497425
0.76553728138894261,0.68542792386162732,0.92638914459588917,0.85009218856332947,0.81740760000211254,0.74581329405820829,0.84927286421022885,0.72760775575831238,0.85250248091979453,0.73572862870518996,0.85835386152858861,0.86055322490770292,0.86781083121263936,0.91184573901755483,0.83831912705042122,0.84949834720096085,0.77201133406585642,0.85682441739431636,0.71462631695327405,0.88643426753861432,0.83887794422061845,0.90172559069409142,0.94094276770979812,0.89064911567278893,0.7475316860160035
0.76751044558104786,0.79182427648464326,0.83794491467195442,0.80549136469025828,0.84859111161546985,0.7510475559458617,0.81723740854418248,0.7161754138920059,0.80252758341686659,0.72886941404024574,0.80738927377669156,0.77226708565436586,0.88803538103916768,0.86405891082103736,0.80327854974713686,0.65525541494548978,0.75410065347269994,0.86724548464909557,0.82858119180134349,0.93079782087054297,0.84354613381793253,0.84088773198294209,0.94382788336841417,0.87229882859630181,0.79721123442004616
0.76044962706998798,0.97448564632475798,0.93756215058788972,0.86080463375000527,0.86042982177863481,0.70303130918767343,0.8395516587628743,0.66587364118700842,0.79529112460662155,0.75125924531322053,0.85747273043187688,0.8358939916184257,0.73143467187555278,0.93560494631562252,0.91014150852171283,0.74465481457934057,0.72602683583382777,0.74049387591813798,0.87613323166168666,0.94434408623260713,0.67986096788123329,0.72735426219245958,0.90492459822807347,0.90586297229971491,0.7207094849799448
0.75648466395657599,0.92419434153024882,0.85162279755000536,0.85362235526125374,0.8591734601397566,0.75218481128375547,0.86361189015266759,0.79187983584967225,0.73444855692258315,0.71995748895740608,0.8242626485124791,0.77132907441184084,0.71293905030395099,0.90601190888068661,0.81246299792696486,0.79668782953212314,0.73369381841315495,0.7700875644364209,0.90373678342108554,0.97509050215202464,0.75129677880529122,0.7602119116544932,0.8574287962844096,0.89671333604703485,0.82639712008614674
0.7553843378916506,0.88855169942112755,0.84872455344923126,0.87107222268458573,0.8578766537625625,0.84414751431487944,0.79905394360212145,0.80866633111922648,0.73351141706863099,0.74406050771082388,0.77930383835179207,0.83444005509583108,0.74208563199194866,0.89618054597705443,0.91367105327530829,0.82063630479000271,0.73064826700564611,0.83269371541567094,0.86416192335558317,0.88302400613943244,0.74013640602531861,0.75852497197980562,0.82216181136167255,0.86333999544812001,0.81445025017372619
0.68720289391997569,0.86281331798284655,0.86130144415281962,0.73239226043706585,0.84766142884815976,0.84676819062767161,0.84495014278885117,0.86305186056688032,0.76818675211244614,0.78103371399062893,0.78639085143096299,0.83295128968119381,0.77159256751890848,0.9044029522508904,0.91415821323129998,0.81506168311523775,0.83974911665974972,0.78773823611052263,0.88925043783617774,0.91940596250625106,0.68614721745337515,0.71002446326813184,0.85306601739234056,0.81252464547874503,0.86559920816201097
0.67586979431605199,0.89353481848812744,0.88617863482323123,0.78823987253471151,0.84880372959686656,0.75078737131438866,0.86020022873156032,0.82794205521012709,0.87922498365526414,0.76076571151913919,0.71747431545499496,0.80520850987917669,0.74138322552437885,0.94064470931945854,0.84245050423876422,0.83525577560693021,0.89670052032828229,0.75657808656025327,0.89013627525648098,0.84154917445820965,0.70058594952580744,0.72349811119617202,0.89773879706749515,0.92084080743999175,0.81605612180624654
0.74229637804278359,0.90945615108862288,0.67972774366008148,0.79128000388561615,0.8277539096590073,0.82155280204446335,0.84336706971004149,0.89733308059055328,0.86007023621273604,0.88356156948191555,0.81391616626769814,0.81110855036114093,0.804829912100686,0.79692880550952327,0.83114862634504572,0.78196852950641016,0.88281227274674678,0.83873708899195576,0.86099277008681119,0.92896296331593387,0.76633401693272918,0.76081895836984892,0.78224838724319923,0.86283488593723767,0.85355135579540253
0.67782466405232245,0.86829994274801536,0.83309321002663594,0.79836985558382889,0.85042032647667998,0.93980255419791747,0.78750979536459964,0.83738799869479363,0.84596747239429981,0.81276490984051242,0.86233675939576349,0.71870500040590124,0.76105354831757677,0.76591274750921146,0.68697016141662015,0.88149587194345247,0.85418413601133081,0.91121245957861297,0.87184258838529549,0.88567990581355194,0.79227488926197798,0.77815594421209977,0.81342820099485535,0.86689908304356378,0.84485618462211354
0.71009115461131411,0.86335705966003295,0.95232221499357095,0.73243543756363882,0.86215045838426485,0.811785809011356,0.76465122252753071,0.83198523517073997,0.7820596908928894,0.78690124731373834,0.70952218959663382,0.78127393379606336,0.72053992056242622,0.84537705425958198,0.67200989931509703,0.83020439970209536,0.84689138624533933,0.9339743028035058,0.8003653876694613,0.9070620730364426,0.88143334158560005,0.7399029124410158,0.79997408423601879,0.79295085204222227,0.84203774722994484
0.7406072848097367,0.79871142918812288,0.82760509709959051,0.81632360219502931,0.8418252540203236,0.72726821196058145,0.76694882557622801,0.88984823213320641,0.80364415517441634,0.71491752010968246,0.73051149361485257,0.71125813367467805,0.73562993690741152,0.86286841697448091,0.79863795441864738,0.8967812730929281,0.86350895561987839,0.9769031666114889,0.82388411530489647,0.91251154962830761,0.90447723170407446,0.80326422754385451,0.82535393378531341,0.8548262225115999,0.86152188785901362
0.72497147980578269,0.68966130923597657,0.87157655726005157,0.74871369908274232,0.72725448192054376,0.78958078357025263,0.73683032821633654,0.82874047058995615,0.80013736436101035,0.74781534517601189,0.74069054349646035,0.74479081168335881,0.76448730967368184,0.81839978331780838,0.83369443397176057,0.84452790862800287,0.86441985153516598,0.91222740062335894,0.79394084708368129,0.84227481015177907,0.83285602369767187,0.76468768067912363,0.72644266458736872,0.87314329112544076,0.79914125810972347
0.76313964877291696,0.78121697559782388,0.69484989347316051,0.75540528478988955,0.78290560303453016,0.87703644520025237,0.67258092524726343,0.7174892010770304,0.7402689154298322,0.70415051853320454,0.74358120938235328,0.75494157690937724,0.775757631256633,0.8018279351429517,0.84228439855356585,0.87355061082593732,0.89627266578313558,0.81479243783558775,0.75083438136857161,0.82538785677528859,0.74370335726541292,0.70815036241903995,0.76938083351679587,0.8866652610994612,0.92139066373920997
0.70907424423107657,0.72919617971570638,0.72239341064884965,0.70826108610876926,0.75142150998669932,0.90256634043190376,0.7298609909611653,0.72996941012141492,0.80208117513908728,0.78406824802158215,0.84187128287179891,0.75046483707479372,0.77612911106194882,0.732439386157549,0.91612896879570982,0.83306431871006625,0.8709453495991657,0.76399098007755295,0.77250727704217415,0.69988437272024362,0.72526238424871503,0.85609784413560208,0.77750004021215446,0.82656245964301167,0.90183793601993079
0.75479391257114714,0.64708226396784951,0.7694591852436945,0.76827829394158997,0.70219202962375282,0.83555104882645093,0.57737125552585522,0.80826253365130485,0.7645867523123322,0.78918804158345734,0.68888028937845458,0.7899942850812921,0.77020349203507632,0.70892636257431663,0.80765058411837753,0.88846652230617607,0.84661176680901573,0.75710047416218984,0.7906027288472226,0.665123423770133,0.83814871307089989,0.87962409007492481,0.73442070546010663,0.81390027222132122,0.89336574027413762
0.73062897069870247,0.74549605406799979,0.80653830935930482,0.78205520809070217,0.74289392756152262,0.75963756188235942,0.74974443247481604,0.74799680823768366,0.82822826618445711,0.86467531075925286,0.76717580598111235,0.73432268150128044,0.74396885760847131,0.69942658310102546,0.81950538554596775,0.87056725153688097,0.89637513295151228,0.74938672424599906,0.88129632389756229,0.80322497009816363,0.7387661665242502,0.8285589980086141,0.72427985981767029,0.79027742595961892,0.8637077820717719
0.73270402875649354,0.74383980097602242,0.8906889366622126,0.73911307041929486,0.7868346683422428,0.78548611396326518,0.73065337450795698,0.73010572218108005,0.887608304926638,0.69220676973277739,0.79222091407005768,0.75899264004709543,0.74202462926066892,0.70120452774663466,0.80911556212673652,0.76495121731422322,0.87485516704682642,0.78401490583912414,0.71769848922365886,0.77443783124018739,0.70222215992818215,0.88229445813034035,0.70257294737408771,0.81300118056793846,0.90747040074450891
0.69148323148646906,0.72511668125189066,0.74689285149438933,0.75681951870289743,0.74134901166260991,0.78465399572501848,0.72399750138173324,0.63206337161763104,0.81801453050653095,0.77658095713585884,0.75767632422408804,0.78107341247742679,0.76659008677733353,0.7476596671355441,0.72582544603949906,0.73043764680483614,0.86245159512018665,0.78671407712096297,0.68266296444920749,0.85561564389847311,0.69103390330818082,0.87628791864626865,0.6709438129348283,0.76428321382121667,0.81900824958001162
0.74539873837610005,0.70159277323519165,0.75045470785784785,0.77537370286831442,0.68699281236448639,0.80550214267383147,0.74985197404171999,0.73883717693966833,0.67699988004978895,0.72521434449487421,0.74715472539224415,0.80399016180180971,0.6855095830786504,0.69482150335311554,0.75005594919544272,0.70693571182571269,0.85601453492786239,0.70947592555686434,0.65908820517585132,0.69612538952137837,0.81157229921121743,0.73866170124608777,0.74683252512018083,0.85772480208128532,0.87678712324118724
0.65272335286489869,0.79169300601112225,0.78364031787360033,0.77730816612602438,0.78540172573079037,0.83065182922993608,0.73369215386002173,0.81161204073528237,0.56573485757243136,0.77712930564085392,0.74973040256360302,0.92268378450820798,0.69870446920773877,0.7206605794350206,0.8439398647330546,0.73079027103686056,0.83696916931614107,0.7420479970571946,0.69342415462077212,0.75835437689753682,0.81246944472282845,0.873112528219946,0.74160389661445669,0.92512986661334917,0.84207924672390122
0.70707757525855131,0.79305991358522188,0.67380629017592764,0.70202773278338193,0.75772298076954481,0.80692649365982005,0.72014874707771348,0.78812668498151184,0.69142421113931107,0.84207314887490936,0.82406603520712518,0.85344861678277439,0.75653372720144918,0.78605441790788244,0.79137711060812488,0.76434201778788058,0.86612928587874005,0.63628274470930235,0.7077341287855331,0.82453444844412394,0.79759993305406462,0.75784210772158933,0.68608268369049663,0.91648957177491952,0.87780860264520855
0.76439079353481076,0.76565411984304899,0.69420326799420751,0.76699121965901917,0.74892763172017374,0.77091989168516672,0.74189908347943656,0.81654321833311505,0.7055066501055578,0.87509010176329338,0.83922413421041053,0.89675241576881226,0.71940836610134151,0.76269456629018262,0.77104949374231713,0.71263402667019171,0.82871280586867002,0.76070594763245614,0.66031931789862452,0.71317650225771989,0.80795913378518935,0.69835045613815261,0.6907087362357861,0.82473000254387763,0.93155955334139418
0.71905177440389367,0.74415021927635894,0.78914976384057189,0.69497023639567868,0.77423649154557339,0.73125367061451463,0.66231261335216352,0.87918324029634165,0.71782525514830953,0.79962509485665734,0.8213410552493442,0.87605668235735079,0.87546634593102757,0.71277976032225432,0.85184608888718305,0.80983319660741848,0.86605167154363893,0.85656671409770813,0.75733205742861076,0.77910997666760895,0.85022220680286364,0.66809849765345264,0.68764826394943701,0.82943304072664592,0.94939498256562882
0.65452087071528342,0.78473290265394025,0.68358328445019034,0.68916682015981401,0.77035824550429677,0.79488912283754143,0.78076842625740728,0.8038583538713262,0.71220642446686067,0.84494292017141182,0.74859602808143577,0.84157284394531084,0.88504933568637523,0.6699068831043139,0.85222934813500795,0.74582174247112587,0.84501047772847693,0.76068348566527588,0.82638320456183645,0.77550675610703323,0.8437037368553626,0.70910280482088606,0.68184689864491277,0.81375955637889119,0.91612010773992303
0.78981994674502953,0.69783643104587945,0.83257991112893071,0.71128412554884624,0.65234922466228784,0.72189120471439416,0.73615435042834287,0.86464829328668891,0.71455350214178848,0.80854263823371963,0.71461855378445027,0.82162193167015496,0.86805742858273682,0.79545329172934065,0.81026300609548529,0.80959356488224266,0.84752735677092705,0.86134060119077549,0.80470020693392286,0.65516377441389895,0.86684364448614593,0.75985262369421547,0.7113755535127424,0.84765058374555369,0.91093582858762245
0.86914019134251663,0.84704056087300728,0.78832965180645276,0.73143244505310667,0.75037388135389327,0.81500531803734277,0.77806820825009892,0.8249594020400175,0.61197294828408932,0.80035369867368955,0.7108640353757012,0.82940198851563895,0.95919975964840576,0.68390727272762841,0.76716027008920884,0.86253552692386837,0.80794319973729622,0.86263169461576839,0.7243248806948569,0.86189607152345438,0.8596441400096887,0.65013520873751462,0.68947398632153611,0.88165745214256486,0.83824724363437619
0.85759495604079705,0.74725909268865121,0.71359767222404991,0.76466437991102421,0.79186453521448019,0.88541308228096283,0.71025058968427945,0.81619216565987474,0.72608630098959615,0.65239944693847007,0.58437030415132118,0.82780300145100461,0.81829640832680672,0.6385854117380757,0.77571391326694372,0.81179958285399023,0.84046693537387129,0.89942070570258192,0.63734156254112784,0.85639160469886766,0.7344626832858463,0.74617712984261098,0.7003213531317829,0.81007476857371352,0.84701757830479973
0.76775723786914474,0.75198653847188768,0.80455170007899901,0.71862847059731516,0.72815590812832376,0.77967912343380319,0.74967435651765879,0.84582296527404555,0.66804248765286478,0.6690698657057299,0.88411136135317414,0.79566840683375428,0.76815861475909597,0.70631132568143784,0.80380476532946488,0.77110628504222289,0.87355491061800439,0.82620231914645614,0.71520760719377474,0.84576031529769991,0.8281503973806057,0.66390374376304873,0.69365153059272577,0.77252116689421924,0.851523545515533
0.77516516562717341,0.79484996793150409,0.81157997812240534,0.7689259158442463,0.75578630864196938,0.76820634232509333,0.70927044670343453,0.77828140348702057,0.85164368174795702,0.6971066740556201,0.9002416734995109,0.80698146435108575,0.76675601815181271,0.74622546092905206,0.68288878552566901,0.82908138806070386,0.86830591141357394,0.80631002620931069,0.8445865444317161,0.81513012740926882,0.82441722109623194,0.7018183759576837,0.69847177695864826,0.77370513818209941,0.9090285758408112
0.65600092218533768,0.76140921271697848,0.81015659328651279,0.7467566620910524,0.79881555424977724,0.71003578895306541,0.71303654117601134,0.75714751170254402,0.77590382310944739,0.81330530171208892,0.98218549028181645,0.72312835197098924,0.85448388128522423,0.78279888033033873,0.74867881716464602,0.80327032571789414,0.84326831803341751,0.85672105182404357,0.84665216762356232,0.82074946953907479,0.87958772931871498,0.73612412826686291,0.72349495115919638,0.76620957128182643,0.81988533897002436
0.75746862370613421,0.69340675840438948,0.79111585906275739,0.79026110836988694,0.68058567339943765,0.77977162156475099,0.72322788119511627,0.78193390512475047,0.60607212872059069,0.69774084829391703,0.88969617726385242,0.85623294308640885,0.87458280654866805,0.69445316113510369,0.76290987364440788,0.81445777937191999,0.70999906730500217,0.80151427419075372,0.80166274322770847,0.82177667403074695,0.74183900880799603,0.67733067820831394,0.72689490000481616,0.86572112439809767,0.77945312902629482
0.75145728460607142,0.72367836356640647,0.81212256278071127,0.81382793535893716,0.77925438458679919,0.68669868786243782,0.80762331111850294,0.75892089249929695,0.8336792651445657,0.76159688291895977,0.75955524018450238,0.7547909440326237,0.84002911791497148,0.76794754487750272,0.70976024224932432,0.87979984278960721,0.74596175430129696,0.74068199469983909,0.81191653329117286,0.84063337465878385,0.79887759009802872,0.74787806677971769,0.69524158560798166,0.8734639446494652,0.76418658207215073
0.73073068126479945,0.74390643190742867,0.74287300690661517,0.8669426663337666,0.69487512066607837,0.73047617453834091,0.80963943021475959,0.76200879279416345,0.86190167123249217,0.79433765579050963,0.87673707185362226,0.73763181864529936,0.87807127808977559,0.80255371475617432,0.73612963375482188,0.84419632195237126,0.78545448595782785,0.73910979854441861,0.82584682512658947,0.85591088942401827,0.87092425461901279,0.74912703330374264,0.74953833120510427,0.89688875339007124,0.83189237845522002
0.78865697540668966,0.7223176545224933,0.76729956866853066,0.85553829099543377,0.72606885955172085,0.69453735350754531,0.79948958678819582,0.79869017374261531,0.82223026109353792,0.83813611116001518,0.80022497843681473,0.77391997282665914,0.89411483672454273,0.78767633341729004,0.73769941585435328,0.82847384833837523,0.74293841820657591,0.68433661852676653,0.80917675801085576,0.83526685625119523,0.79343013423271103,0.85470355567999434,0.68848288400302737,0.88556401863117051,0.82982641965566029
0.73962600864984285,0.79040479397949548,0.77267714536004328,0.8993836669824149,0.76261712390760505,0.73007232828188495,0.71468028370463221,0.72689753172513805,0.793789361628223,0.68077354081209229,0.82062657146607643,0.77536125114050392,0.87303725239402219,0.71138151601553101,0.7326614722200302,0.83505155025920663,0.80021815300161525,0.71682117670385359,0.8373142972752512,0.84232914803759407,0.71741040266014589,0.82119349634295613,0.7190184641666223,0.80966467220089999,0.78113309783465312
0.80430828440567992,0.74771025633348454,0.70703868403312764,0.74143623783862189,0.711264522925522,0.72459229187547802,0.83714345979684079,0.71035493230722813,0.78396582072024801,0.66180340665548487,0.76871669416678978,0.74889999435736865,0.88299195598960478,0.69643701830455296,0.77634068144488644,0.78967028844875931,0.7300003588138706,0.69757755202136185,0.80605915156764185,0.87474731166441733,0.76214825538069542,0.93805883424927927,0.7177774553963272,0.87959135961833013,0.85301469434476762
0.79607467899094486,0.75955706644030407,0.7055109328934468,0.91546117722351572,0.71317684249064506,0.73841745261429836,0.82497547014246597,0.7619205467325374,0.70280211241720736,0.69494277138383187,0.81124605685326956,0.72145482413587081,0.75768443274458042,0.65789908505934769,0.78662719831198802,0.93368171490024954,0.80054132982458137,0.82520491040281208,0.86002179548412994,0.85952785581331559,0.78290818396926098,0.82595352556177837,0.69089617250167745,0.9038649793462461,0.83241890384005746
0.84861551229574161,0.76064525835889907,0.69559579003690941,0.91704189031823391,0.72390252813998202,0.66899836049449346,0.83140722798135436,0.78822651374049424,0.77686413987092495,0.72157544079566516,0.78836855124359106,0.7369755167686689,0.76934701019342355,0.68720484780201696,0.81136158043917528,0.88949181926803034,0.80323501277088505,0.78709577355716998,0.88348280404790069,0.75550581783863435,0.82070443906629076,0.72245604987054612,0.68718626409718908,0.83528898342459057,0.87922439504630401
0.78661731706221016,0.66197361626420148,0.64808421125233728,0.88998724012925368,0.77687387444369282,0.77436787584445954,0.84106858860665656,0.7866435965579851,0.76041702689864465,0.72739969685352801,0.68269249833536882,0.59732993285709102,0.79810861727232363,0.83545468363653397,0.7259668026610604,0.84476994936816008,0.79059883710402745,0.75060304280148982,0.87453388675658406,0.69403900242219685,0.83930042995584497,0.57523415378952414,0.66538425692339087,0.82136418929217569,0.83216834851891441
0.81882069809733493,0.68918473964954274,0.67976420598278064,0.88236234059861429,0.78822810531782161,0.80493123803364985,0.83284635807673768,0.77078918921555628,0.71030945069136964,0.77095140787717675,0.75556968958593873,0.79288655454181323,0.85369733385705104,0.824346320991175,0.76075561565172689,0.8443256973628781,0.81147814896577042,0.76270997326761436,0.82199433444404157,0.7714427467138073,0.80222944593876955,0.72877247072597251,0.83256569821020066,0.82463090435307762,0.90422385409823425
0.78414520601266358,0.76490972443658878,0.73703409212926241,0.89759785407850357,0.71381607629117516,0.73770222300243471,0.89091668488857856,0.88247006607406475,0.77965933171256119,0.79474359295973429,0.60060222719397771,0.82971120150243605,0.8002970153486092,0.80386678694231328,0.83067317553120545,0.85210614630979298,0.7601075939301607,0.84340637364833515,0.73186757578916695,0.74459956982917019,0.76494094849351524,0.66319734178839518,0.69660101612145897,0.75725207810774886,0.84229759504194235
0.76156068663608034,0.69312564699379309,0.69682745834816384,0.91550712646966859,0.67062123746841162,0.79993635184383827,0.83198101483008169,0.77688056871663835,0.68359513082259227,0.76505398054321083,0.67805328487860073,0.80912567918922862,0.805188639956542,0.87873790335464674,0.88805455868108896,0.79070494576429406,0.83144339956335622,0.81945865154256503,0.75043808372802678,0.76097462256023729,0.82760302075092484,0.73541128810081879,0.68088604764749827,0.81287283046691161,0.85096932163567285
0.64372875838121335,0.7117387507970897,0.68105669572938854,0.83971264943430424,0.76055721258913289,0.74215239893171281,0.87631524531994576,0.73524998621789972,0.72772905801324739,0.74149636126696228,0.76113177807773957,0.79653783680203472,0.82561247179048758,0.80598121854428428,0.79769444542753065,0.7812171404320204,0.88091903102345237,0.76040314262205699,0.67171544849506237,0.74503178042180684,0.85112900190900309,0.75613523990879017,0.78455154369906299,0.89765056211209515,0.8734658606679031
0.71207708841191342,0.72737236160244412,0.78698942643976333,0.82961106672617169,0.7951592543529773,0.76157805052468186,0.85037029610655868,0.87042703218997652,0.68004925477085987,0.78287906539649332,0.65674951113812507,0.72980250781045153,0.77454218572696787,0.78576460832151585,0.8865915580470014,0.83491055394475244,0.83779402586482032,0.84430835174835606,0.69554943115166412,0.71808568138667561,0.8061211942090305,0.83107859319821553,0.80598372366402604,0.88486587598904443,0.78127121485936113
0.77387735646177302,0.67497962595821803,0.77573692809877759,0.82296636085127417,0.90403259718957329,0.73889566020009378,0.83975107571911767,0.79259257608231504,0.6203743412249757,0.72039855117827689,0.67741373798905524,0.75178764421202793,0.7754156282503335,0.84228580637855066,0.70756315785603785,0.84815456906516873,0.87715868074865022,0.81745048037396661,0.74264544451251957,0.77927165322391667,0.86822185726344037,0.73415701694523239,0.75075642799521558,0.8578575934978403,0.75203950781367268
0.6692461742516842,0.71162028561914314,0.71585724853253541,0.83090088612307278,0.68400998377065303,0.79053302937558967,0.85718951577688984,0.7881341124992135,0.71795787865997984,0.72995683650278753,0.67920688399941787,0.74378529543566241,0.86167267504886114,0.86514465591840894,0.76558498846971612,0.79764226183805953,0.79177367478678684,0.69359653876059701,0.72148943128530885,0.85028513669495986,0.80575303456394443,0.68195402444127229,0.78438169159678173,0.82939742207875622,0.73588981984854385
0.66172110325986477,0.76762656447594613,0.70550256163619329,0.8558920296122271,0.75608905691469186,0.71821873204627829,0.87742710307742133,0.90625868397430476,0.71681715149901049,0.77649445899616409,0.68362354065827391,0.62056819100038341,0.75837104497165397,0.88783971788659999,0.59281032690396729,0.76160634927617799,0.65383978322919334,0.7578505031498356,0.74511407592367751,0.87919917864304931,0.70717002032530962,0.66945319125811076,0.65385566265068173,0.84857985333736119,0.67138368270057069
0.59437362339436961,0.70510721399271026,0.60997373534156774,0.86145095147986839,0.83660173513291325,0.7447074411897715,0.84519220258601491,0.94307656079530633,0.72418799105461862,0.72368636277765774,0.68161945299568016,0.74362775199779041,0.88425870961801767,0.84496202297630063,0.73826911814575025,0.76571879665458853,0.70969128148813199,0.70621515235703014,0.69653950641567752,0.80000198455654592,0.7136728930656826,0.70710354025655453,0.77197226070820069,0.83335386074650941,0.69217437920134739
0.64544391196403494,0.72673761044267882,0.8601725127574178,0.79382405103585485,0.74146565710321588,0.77154597867260433,0.84411732290366415,0.92201157514992993,0.87309674228076029,0.75707017044819347,0.63844427396696257,0.78348986805623144,0.75541453526346991,0.85802032654435356,0.75362715821253679,0.82933732978405139,0.64487691204096442,0.82595414050500005,0.78669101761070193,0.67451844150747964,0.6708742524729312,0.72205558509544143,0.66157156602363887,0.91155505144400295,0.62834892113330787
0.65044473785340717,0.75716697802054422,0.81200002309675301,0.80206776964608817,0.83213525758381379,0.78477935118850395,0.86768015099705631,0.81544749810573203,0.89936259761392434,0.65746646306004619,0.86692910791364508,0.65802012222779915,0.7942923057701563,0.82768162532253231,0.73285429147943648,0.872151096695301,0.65139266212135971,0.81190538904000464,0.76973924599415533,0.83426278674660903,0.64446670348408619,0.73047439321045171,0.8833595416374791,0.8608892115351171,0.93569997305856634
0.7125192335316497,0.76295372247846927,0.72864130867264376,0.82487435741262305,0.69899351516816632,0.87892566434314956,0.81467239806460345,0.83669097952580873,0.89310070209202441,0.64828694222555094,0.74089132888908538,0.78407634659925418,0.76173289965725455,0.83127384890182021,0.72585050147447583,0.81521596399685692,0.69282384710212919,0.86556411669585687,0.73181967229581901,0.86507790417861807,0.68851391285670638,0.85091019897978604,0.87564362831534492,0.84366834069616103,0.93225903430179191
0.86269938763702003,0.72667687591689101,0.82270878683259396,0.85857288304064228,0.86030025470631089,0.70550305259347579,0.82117491079687244,0.77121777271853231,0.84544126853013335,0.84976183891597334,0.6521002768820795,0.68691073085755994,0.74802738210629871,0.83303514859771643,0.72467193881082503,0.7414158499800716,0.80137046127031131,0.82951766150231709,0.66710798024726869,0.79787378165313561,0.70619376208545326,0.80221588571946856,0.85590594763830352,0.72598861915564894,0.87877025974515988
0.71580267231564487,0.76199616103289025,0.86327404597050095,0.86040325303102316,0.8069516649225893,0.64904621450398392,0.82126484072122807,0.81510990631993829,0.88612996079504258,0.83770442101661369,0.68492034017621584,0.69087328658894487,0.68475582892221054,0.82058411906877526,0.67531479736752564,0.77220104771569675,0.69263020508082929,0.88020733763571568,0.75317728220650393,0.78978925599560879,0.6683793369195824,0.75514476989622292,0.83927165723763986,0.67143622855350527,0.92403560778750016
0.82709502414932223,0.74620097945600483,0.92361535503668379,0.80150288553991811,0.73563216959159416,0.76056989939267849,0.8189711972920547,0.80530014718825849,0.8623629591383517,0.97544603303649113,0.68149360971589468,0.71208404028038252,0.76714840332680412,0.72796054001721699,0.73948131631841729,0.64989779735402042,0.83345318922630496,0.79460280546288631,0.85717882092802078,0.7923795735821485,0.66090199800155192,0.66315842969872552,0.86814307788994927,0.66515708032732446,0.85053815253371579
0.78258622783930321,0.65514867772799557,0.85900803328230568,0.90597384062350927,0.82874078810965457,0.81269384997214977,0.82122183307789098,0.86057073118300553,0.8440697250395206,0.91569865304625164,0.67779220098250759,0.68290620737868879,0.77795664045201851,0.75359645866539304,0.7022655832610446,0.79752109016914996,0.62429232833391579,0.80688792857109148,0.75263704300048218,0.90717024619409559,0.66588364663253208,0.71802351878267479,0.79084347388391207,0.79788679227998682,0.86102598045289414
0.72397871449792472,0.72152753958659488,0.83950255923158956,0.85862496628084284,0.78126731321495924,0.74803552068832757,0.82343767285754321,0.73276010350673404,0.83492794498916001,0.83626152038992285,0.76525797858424605,0.70090174009682016,0.72040436398210073,0.73901354980593592,0.74510545015209284,0.74029033120062981,0.77192003703099443,0.82577132725715052,0.73643084659020808,0.87205293396776318,0.66984877889246053,0.69777276609008831,0.79696429071890762,0.70544873966774568,0.92446877741627487
0.74961999945084534,0.70775767669691125,0.91253618498852462,0.89181460806916268,0.74261644425750561,0.7040927487037455,0.82028588950592951,0.75629215370004199,0.82778898717625438,0.74825639799453059,0.69924814721109219,0.8152698828017777,0.66283307355863674,0.72602978124676265,0.67222106187269093,0.80023428955601761,0.6797674808290024,0.77977825610242357,0.81779747837281092,0.74449033094252859,0.68912236097701141,0.78761418022616181,0.86550054170215818,0.7159554254422853,0.92132368882391946
0.75705685587946103,0.71485884857290483,0.95309702953224074,0.89729721053546951,0.7750077868672649,0.68399700587019019,0.62756555411183046,0.76528133889909777,0.82747773666208091,0.84256232789851837,0.68658497766472093,0.84033752110898019,0.70858492122348193,0.7130744940566256,0.71921647457450311,0.72486654198690015,0.74573551129397619,0.77176386353844895,0.89611287710727561,0.87062916693156656,0.6659445310084352,0.73287766393315512,0.88098748425943141,0.73078786735703893,0.80325731849176074
0.71479218687198676,0.62862294137653107,0.81367848831445944,0.84499218361796813,0.75364028804428518,0.72399120712511678,0.67004378856235425,0.73164706151076053,0.89661123930100262,0.92717097287149219,0.69640059166905921,0.79859172417335311,0.68976034232773153,0.68545751717150105,0.72700939778748608,0.72384158733818127,0.68456928345231105,0.68833484805317702,0.87392216942291201,0.71898450652620205,0.71633499571042958,0.76511951509213671,0.79723068726244306,0.73747828821620498,0.69198348147434519
0.73384361166461509,0.68786449490381874,0.86131940989826405,0.87341028131088749,0.74815074598437525,0.70081653997297844,0.67504181230172278,0.73969379067143093,0.85481349829746689,0.88416813562188945,0.67169077487859175,0.87168780363455756,0.64736996747540998,0.70578306473275432,0.79658061426476912,0.84101618004233769,0.68620398553021722,0.70277268456448061,0.88472282201173613,0.71942083071816809,0.76196850173537078,0.72436819108115391,0.6910439498503208,0.75181105981768215,0.64093419127294327
0.81923944410836935,0.82249496447921489,0.84605509920750199,0.83851318570334132,0.67784002637178575,0.73561229315997501,0.65921499627961233,0.89140752908834175,0.67803769417397486,0.73552472460429674,0.70342982583702007,0.93531135914422581,0.6696891733024064,0.65005833978792515,0.69216772721482467,0.77000482828952665,0.71062477114823897,0.69036468087020508,0.85224022482438699,0.7569833805824312,0.74241096237207194,0.69507828509327907,0.67880449087409833,0.72724345303274618,0.70724888717917389
0.74171827867167117,0.85971853006076193,0.85487300458790816,0.84559031989756217,0.68283684846710524,0.74059107472746577,0.66787549055819995,0.8129019113711653,0.73461254105150864,0.78281583355280937,0.6869771208169827,0.92792267349834456,0.86091167408830627,0.65092866340588718,0.77914714783829309,0.73591105646226751,0.84223483255409248,0.74033880957218445,0.88811149293110636,0.66204705542590914,0.73135886874269296,0.6955363689321139,0.70308134438477299,0.71639105527367286,0.76102900540494611
0.75954707855315551,0.85934111925452317,0.95032354010966402,0.83203057958445104,0.77735615344423104,0.63475863652025144,0.67775848189095744,0.82339895155980569,0.66406388959592522,0.75540684825777604,0.84360560384649164,0.85014519185081905,0.64432958511991567,0.71988837985142229,0.68166066524047553,0.80129912736412034,0.8673515308643398,0.70024909746276431,0.84742942196591597,0.69939545915492662,0.76886797817158814,0.71635430258999433,0.76215844665200083,0.73494476919877327,0.64376303236645993
0.78916650151815715,1.0035579184025503,0.87840308307396142,0.65531659373322271,0.70787682437380572,0.65437094118487182,0.6652118889049955,0.78483919670407765,0.7122483127884901,0.83936379110706139,0.87364235843854599,0.9840759855501191,0.68428999276524272,0.70708665928880654,0.8068122781603273,0.77003748834566521,0.79811724014066088,0.685451301511255,0.86365300231867959,0.67405248299015952,0.84443273833318733,0.6962918227733681,0.71525403691822942,0.72075172216769046,0.65973399757502427
0.75737336472655381,0.82567404956752932,0.88889723583716695,0.70184634951534552,0.67185237208882409,0.65036298171461204,0.69866669811439153,0.88459315359185586,0.75146951721812882,0.75363711773160946,0.86302084669586288,0.87121621208831035,0.82950782629783748,0.75329580239847793,0.69145425468892574,0.851691333873003,0.86201600931072386,0.67963554049883157,0.94158088750166569,0.66801716608355788,0.83569017065679962,0.76093355654719019,0.71462282896019691,0.67615862796589665,0.715545428008874
0.71910747893166316,0.92256227864045148,0.85170431711808692,0.7060759432956597,0.6943027906743261,0.70326480987799056,0.67665837337203671,0.83290062882305338,0.79592364011690064,0.68202451574235823,0.88018033062523438,0.92092274188191892,0.83050776967862527,0.70962898448889211,0.647212423535375,0.92459047701001962,0.85517766494585368,0.81485204911450837,0.81871519112671842,0.92573164820089782,0.86508163340923905,0.9330059067813361,0.69316593010244798,0.71592144645421341,0.6915676999706537
0.92530180108485105,0.81711323697748295,0.92435289170836044,0.68402357096667499,0.78116543073621958,0.76867032291880544,0.63566427910564305,0.85249175731213056,0.81742712447246191,0.82612781655393452,0.95611115477836861,0.93822873048253108,0.73912148571454295,0.74068065404023364,0.67758312691737155,0.95749232020226305,0.86471600255547232,0.86118534378130318,0.85463627700818134,0.90311906941798481,0.82629264187439455,0.87392582707551902,0.75024642296074795,0.76038017069946784,0.68758300873864775
0.79295701892313553,0.83497497112432251,0.82438051548330638,0.67679589325510647,0.69467462076339037,0.67934840272302299,0.67567821835742858,0.84189655895711824,0.8493446761514214,0.91404114532062986,0.89200256478265894,0.870555698351831,0.72518162874182646,0.68754501542097113,0.70083328338428974,0.95111099796172671,0.80489179828334134,0.8735204150683894,0.93127339973766088,0.88472403279229328,0.77713503626776514,0.90188442295480387,0.67786816490174595,0.71877278607705364,0.69424335812600502
0.91516469794863708,0.85949275924471935,0.68423431103772125,0.80340941276797728,0.70674460930741134,0.65548910650409398,0.70579693127077914,0.73081627693393203,0.87075062076135112,0.76544257213551603,0.9046028692166046,0.94902613419567983,0.74772444854617259,0.76519404150593517,0.85858675260453898,0.85218220669030664,0.82152339357083115,0.85606501067379781,0.88862811202452474,0.8728319399268416,0.70329906866227376,0.89390074111552165,0.71728107626809723,0.71527763924317067,0.68157574473359439
0.82655701316154895,0.80949208844964249,0.71383475778822203,0.95905233856617755,0.67174028875501546,0.73374979989027589,0.65851172067393071,0.77292475096346835,0.79701946481454933,0.99294115123211413,0.96031241693114244,0.85319199644898436,0.75238691408462333,0.76755217056984582,0.81290683614890213,0.81870965394097417,0.89640042051076718,0.92890832454317118,0.85830888291110541,0.89555374726803871,0.89624427371991155,0.69321262124765648,0.86036585423778711,0.75511826672403137,0.72158565125822671
0.84845622942377985,0.81722352205982873,0.78017610023253403,0.96332901763910195,0.70922963328952682,0.68712562433122304,0.78729263457825149,0.68649340210663889,0.94014591127694203,0.93524618880823673,0.90587240767925248,0.87223737613345753,0.69246970783950268,0.82436684350361289,0.82867290474634947,0.83732305316835864,0.84637606118789521,0.85934591131052007,0.8282635096956239,0.90828411636218276,0.84175239490668641,0.71086031022387208,0.83696954459244388,0.75073762720805703,0.75601012139871493
0.93642725097729773,0.83072497075997642,0.69036246380158461,0.88236047187340594,0.665762918558365,0.87023311216846533,0.93227504555993546,0.74555056111537055,0.82816517376148613,0.9926120581076654,0.9415584657951932,0.78093043622003355,0.8184214429388722,0.83807906703976298,0.8583029749633595,0.86539941288532929,0.84533300973569503,0.8378570636522098,0.84917913394100109,0.89972749329312895,0.86436663684176529,0.67377552318186207,0.84685690760258658,0.72900065044185558,0.6626950007822322
0.89212613701576648,0.84520151812312783,0.70822209893459032,0.79806313568081211,0.86673071913585764,0.8108901259296597,0.87441006683431066,0.76953552094218547,0.8938792975836386,0.96122511693065726,0.87248044571574002,0.94331915633435581,0.70102497569876299,0.68249524850486665,0.84245952072186325,0.83275580395757021,0.90276902602991083,0.82381525379811071,0.84827883127149173,0.88419367401685556,0.92146478304276691,0.85717249033925091,0.88669097347029324,0.69190869473777394,0.67903465820742581
0.80293317826925203,0.87016482505371884,0.9046687008711729,0.88741721285269515,0.8139241689385176,0.86232884996118497,0.89963204344431902,0.82275771896115868,0.87551965307780721,0.98449703689385959,0.9410568536139563,0.9306366613897934,0.73280513612791631,0.68624220917490197,0.84679648000558549,0.82233482648530298,0.85183550943540687,0.81092006258328531,0.87568471874954779,0.9485381432940958,0.92569334521389324,0.82144681859817048,0.81096027172731822,0.65131586216873461,0.68895141313311603
0.9115273030431712,0.68062764759021899,0.87256426408933629,0.86192491563520757,0.85059031979836042,0.67538711135351037,0.86976518458569285,0.84838708278546882,0.81240559530747858,0.99862014152823197,0.90199263896479553,0.71480995095889266,0.81651494611901443,0.66660248405509948,0.82696670093126934,0.81775482809003464,0.79970664834572502,0.79507420576535881,0.81318016933449355,0.84764815551882722,0.87881774160832682,0.85217357197742738,0.89395017083961148,0.73761635413894899,0.70924332506891341
0.82953839770447491,0.66847941485949858,0.85934390370488123,0.8643329901301362,0.88023847587978565,0.91724805159642742,0.91404347645385242,0.81136853686843424,0.80801180453535593,0.90010986755178213,0.88391741541324342,0.77097242420953538,0.75452406339504174,0.72391283400500783,0.83546870811769069,0.94532160085719508,0.81861767693335552,0.76103541954209508,0.91465029618637117,0.98390994886967986,0.86473360295322643,0.84728421670004173,0.95042423869302883,0.69474555392890913,0.84853971742797885
0.85285994828176703,0.75870913609548207,0.8460494262326117,0.92588459542221979,0.85875593640600101,0.8262823044145885,0.82704105740418177,0.77866825543312845,0.87436492644799224,0.96882056487221502,0.90522584416334895,0.69460436152097982,0.66091489492893107,0.66994316525219855,0.88438726640986554,0.92183290938299833,0.79930261637484068,0.64939069860685661,0.85608393088086654,0.8646494348657876,0.82451361101007925,0.85129236802015273,0.96961188282376032,0.67379690254787961,0.91342150342371076
0.78241824596685849,0.82333195558767647,0.84834553864888296,0.93080842122516416,0.86281544868371418,0.88825965266371198,0.88098832407844285,0.68319486825645681,0.7764428779253294,0.91725681741311071,0.92629637314894619,0.73805458600806773,0.70247590200900956,0.84448264930404082,0.78226717470648943,0.95102366868953703,0.80609695459142061,0.6796161862986142,0.84335183241566947,0.91265744393801573,0.88594491254791863,0.89191831241890707,0.86669018843031342,0.68421335751073076,0.83414879062419844
0.96264877854928999,0.79412953232543837,0.85914852117737561,0.86380004995902271,0.86719017194175674,0.89035045483281428,0.89682319287702716,0.72251229539624162,0.80420806927034838,0.88535841026209494,0.88396227897236046,0.68209178290786021,0.82814473321499471,0.83904805324468523,0.83968044957736232,0.88016038608013558,0.81544566567201626,0.6667678171608572,0.84972735130348687,0.82302206768194108,0.86396170403755901,0.87058756571321383,0.88091645962920195,0.75489180490332874,0.87576735399995365
0.84291227473414554,0.66163690945670495,0.87549895719517568,0.8953271614020385,0.82303668538265884,0.88205936322535583,0.90097167946355428,0.64862500375075582,0.81894817253041485,0.95124098463455076,0.93491937224563615,0.83269175182858302,0.64188198175413425,0.95572963805780042,0.84051875713522306,0.89498944702140093,0.79229894845335336,0.72296772591739988,0.88595555305903773,0.77479095907316176,0.89565378451423938,0.88219288818062847,0.90005286842826104,0.80046779511230837,0.83057765388076477
0.85599105095533368,0.65785771964397233,0.86047904709142342,0.86804677044024381,0.78154522393123127,0.82247705378346281,0.8702976626164205,0.67028973659419588,0.82443129585153629,0.90335612710276436,0.82977014719026121,0.89744393713913473,0.73436081175171763,0.86402521386112474,0.85793597476197969,0.8986960693087277,0.83727169960631231,0.73502970848386451,0.85065066337550388,0.84095890729899581,0.9605448903255871,0.8863137431420125,0.90511716523014785,0.78792605847661057,0.85182780767391952
0.85895194867905433,0.7395136343270573,0.95232746519449907,0.84323454917194252,0.79609546134496323,0.85309630332548569,0.93006750762653434,0.84430605006800785,0.84440557039043274,0.87816331656736124,0.86233534611833984,0.87658805907584647,0.74990889590151599,0.83497872118533245,0.8234500545646336,0.92252365099157418,0.79243911414006563,0.90704539201065226,0.87647609697144158,0.85780684593453893,0.89789308402869139,0.86961229462590561,0.87589348121850719,0.86165782180670103,0.85454732019205637
0.85503849445852209,0.90514551926753173,0.93641206403849198,0.86629187472063396,0.75157390763267873,0.85014402262933286,0.91269222994077359,0.82208305162626549,0.84981977227544347,0.88596443583093565,0.86241482950609749,0.88811258171335061,0.77527818109543944,0.87473354499990907,0.80199490400794671,0.86076488709222643,0.92882772331399666,0.94966783662010901,0.88603871346668461,0.86250028689318148,0.8626280918503566,0.8993006281059277,0.84464437963013761,0.88645699108192144,0.83187829115029488
0.89608028716008181,0.85106850702037895,0.91327563516648824,0.89831301725316559,0.79223833686200229,0.8107093319510541,0.95800661710450463,0.8130282213546508,0.90994743898945063,0.90891290229599009,0.86100922944352187,0.84615189516119649,0.78592985967857099,0.86357741840228441,0.84291309230477118,0.92037400684904591,0.87003234018527509,0.93493205407579472,0.79941945603168219,0.89042533066919793,0.86043485465373404,0.91098580429817899,0.75842930994207225,0.87773966173213547,0.88207355605505322
0.82869446178757256,0.83853232198371608,0.95072382158514868,0.8378828913586801,0.86438503024787916,0.869373338264811,0.89156441840181078,0.74391346222066335,0.83377359848596511,0.89964627242693274,0.85529824944739397,0.84580016979535455,0.80387819898537261,0.83182274138111445,0.8352560432050945,0.84971438269662314,0.88357227108074021,0.89182748913561438,0.85842469789241893,0.90258544339538183,0.85919891326102749,0.8918145300935395,0.88609811079540324,0.83495293677339988,0.86735528832710651
0.87718745282261346,0.91812656005748106,0.91655751105728123,0.86669427761857654,0.87793091781850996,0.83494555127748182,0.89050922454567238,0.97612018952594692,0.87454133043351789,0.93633993452451003,0.84516222136066121,0.82904917978329873,0.74664995658222211,0.84002346396757344,0.85815347511032314,0.88621599222868785,0.90159439209503689,0.96875640541990038,0.86320402478226133,0.88890979324576969,0.79884919019481881,0.89073313039010615,0.86275822465172503,0.81095137543857865,1.0054333999704206
0.91474708238502178,0.9095074491448808,0.94359917358318657,0.92096790233932813,0.93189076857090747,0.84483967771247004,0.9105317606643003,0.86996519290562513,0.8389741126966771,0.9046262948574405,0.82395289464072752,0.84670269553976085,0.72791114869324403,0.84035498985154833,0.94926111792027401,0.86373398926268519,0.83752535852559773,0.9480839120903688,0.87545230156383402,0.86644538873726684,0.88175978861500837,0.89229650648176451,0.91701360678433752,0.81049895862995491,0.87281632505011719
0.91763651444415906,0.9180144895098441,0.85203373010852068,0.83070661366960052,0.82111987065400327,0.930747755862395,0.86472130951531367,0.90256740378496236,0.75429647398927469,0.9182798369042976,0.93165844177687851,0.84228122472506006,0.7365543347863035,0.82655115958570025,1.0116409073494823,0.91892151670460465,0.85738028140318501,0.89994746603321618,0.88109030146378542,0.85126231721765622,0.83075098831041005,0.87122111563704174,0.85969433037328935,0.79361819986980731,0.92479713703286126
0.84252770750819717,0.9094069996177192,0.94276162194994251,0.82111553030981621,0.77350617947059586,0.99077968564300745,0.91800659823454445,0.87931535066915045,0.7135870992298281,0.9639998503332049,0.85184645496769984,0.8242228388299484,0.722448899364454,0.81978919606495881,0.92792497292192622,0.87393601455480485,0.88185369304333461,0.92078080690053232,0.84541690196599306,0.88887935814779606,0.87424154324175818,0.88537598667922945,0.85520229194954378,0.9593295223643894,1.0179552171154818
0.91726240521652314,0.87711840524846518,0.78177902117944642,0.86765893758026169,0.83936072178508658,0.8792491447152051,0.99597379748776094,0.86475998418705935,0.69224494479074572,0.85272335165727098,0.89718899782331951,0.9568691478178627,0.76616952187116383,0.8079716058677584,0.86238671716527138,0.88302271573167546,0.87773427844431728,0.87555791934184724,0.83602245643805073,0.90343885540155611,0.81428630476936126,0.89044384001161969,0.86971331042218059,0.90162954999924261,0.8946238002686453
0.87589892356549892,0.93345415990518266,0.84230256540815962,0.84394933602863709,0.83249857239241698,0.89245034850620908,0.88487475888270395,0.8971493485757942,0.84200759425094485,0.91387479613982547,0.87347497122885887,0.90420870991789326,0.60981489807305689,0.82407511275490941,0.85997270739454867,0.89818067412575697,0.81017806192618846,0.90864903351303117,0.88611698493192415,0.85527900731784468,0.92828115295030511,0.88366961656634546,0.83798177493677484,0.9139430785512348,0.90717016891545121
0.86103351616402335,0.79871404163689974,0.94694343699038763,0.71137775450606078,0.97480169290432794,0.8995775277537803,0.97133799517032837,0.86596504915043693,0.83366609372383582,0.83612017740930777,0.92731525335030762,0.88355456784355213,0.84514150867761639,0.92255145918619907,0.78087203037236097,0.88736599032211716,0.8844357350002755,0.89234604098490544,0.90543123970930917,0.90385430942628719,0.94284028411977039,0.90335496832812556,0.89186086194642955,0.88167593747287776,0.91977432402740167
0.87645807956640565,0.94260917684180057,0.92530925256595609,0.87498422209872762,0.91459103930060215,0.97072716140499904,0.90543354486892191,0.85331523084262106,0.85087215996704557,0.83688600350313458,0.89892325893193048,0.86961909482906985,0.90475374268638853,0.84771720474322587,0.97220861987353602,0.79973044513903202,0.83485268443194605,0.90703441228615,0.82556258490350831,0.88277156604781348,0.90242506070455597,0.89257409570095048,0.87792411476572996,0.89325405538022751,0.954348562094539
0.93009746281840244,0.9760974212932314,0.8524982212121256,0.99935000640205229,0.9473880249003982,0.84190499255148987,0.88498147440840058,0.87285199502063671,0.84301182990406121,0.99058603994133976,0.90659305141347746,0.83709579710069359,0.93673574374823732,0.85836500249120451,0.95216470081244009,0.88398318123952035,0.92191576514550699,0.92698763262971207,0.88466686011210605,0.87260504619087986,0.89721543565330131,0.90521785077879302,0.86626854858258007,0.95508253456293724,0.84545071700559582
0.87991009860684932,0.86747666142362623,0.95570953495946909,0.94654609387147182,0.91562620755608082,0.86929214997987592,0.82085777926417081,0.87256054521532578,0.83269188669756788,0.90086386195276524,0.85555624452708312,0.80112914820492676,0.90094453529023755,0.89112928181424089,0.81275758215587957,0.83793816420541534,0.96036453706176006,0.91909857171590803,0.87269795494719182,0.90694688763209375,0.88223291176126017,0.91694584588350736,0.85450444639798617,0.89783686430525855,0.86341869036293895
0.91482090107875969,0.88314075622755539,1.0296480651250484,0.96266261433671352,0.87155751123925784,0.81749183018655647,0.9167022141299378,0.83409183486013638,0.85914663086969678,0.92200630553450191,0.84769683324555656,0.85743765463094757,0.84197005294335014,0.95764989055395333,0.87150355462578732,0.83585177459803606,0.94994548034515847,1.0548411989975881,0.87477392817358834,0.84319325668477518,0.8414529163225013,0.8619780251121314,0.86683429732065242,0.87018583551624495,0.85870393141926948
0.86770422761266264,0.87992793290050642,0.904237467639046,0.8750648305776314,1.0062504678650672,0.90368337016011935,0.93773097336680922,0.86036171576906717,0.84116438736252164,0.90098224348054512,0.78894494100244794,0.87763081181033264,0.88827834443782339,0.97027451430448519,0.85317426030032784,0.81567669332962156,0.88350251211245656,0.93105972319894748,0.8694067261184375,0.88779455057895929,0.90990783073590742,1.0272054329012523,0.87135713771493195,0.84368699141253778,0.8310632121558178
0.96359145405355628,0.9260492728315578,0.94288406350584919,0.85294745673860239,0.93917699516338127,0.87822061467367474,0.89538453018991793,0.93647150046394656,0.86506622639633801,0.90025416093093336,0.88547479654315819,0.88387331201049302,0.95765052370807147,0.96317436884781127,0.82686833366648071,0.88362599550749898,0.90745001092415856,0.89466985183882664,0.83440927564258549,0.8963660821499283,0.80892584784912824,0.80939106041363396,0.85718869653790175,0.88376526638043362,0.84891216168549433
0.86905283877469242,0.88129785557079776,0.88920844604732596,0.77551427022705588,1.0296914772207404,0.83793463875857921,0.88827335463486878,0.89038857514973768,0.88089208425964494,0.905847363245459,0.86257584691849187,0.94530684496050499,0.89916793056791933,1.0181783365236092,0.93272268162416128,0.9073897972609537,0.87759166683523415,1.0187104682370549,0.84354847663607424,0.86063595271660542,0.83354751934450533,0.88656259037043628,0.87155140748172266,0.92535679552026651,0.85678182203569164
0.86587870700519221,0.85201848302226657,0.85676623934372687,0.90447353581687684,0.96274177095249391,0.85552936234274046,0.7958222265467203,0.85481801529221246,0.86840387338667113,0.98054650514858144,0.87212255947694295,0.88682061220537545,0.83059934852139128,0.93570248239300657,0.91720734685701666,0.86586790975942096,0.94104551656020008,0.97809090639522689,0.91737191150588615,0.9098498553985177,0.93665953715517436,0.80807548854049271,0.88683990505638821,0.93177503411092499,0.86249985616917202
0.90909046130044913,0.87530613200869833,0.92287348983141004,0.95726151419837979,0.85083909766480625,0.87195161695184242,0.96007279787785993,0.84958041581754706,0.88495933191439602,0.86907811295523363,0.8610726896134594,0.91726701267298261,0.91694099449388455,0.93320833982408524,0.86471730700624605,0.89640577724979476,0.89338450507789124,1.0141701138001182,0.82008653474278259,0.90603664925203953,0.91639801172685997,0.87549314218546315,0.84956492121781035,0.83679655505957029,0.83571013971097174
0.95180919971257472,0.71676547919931277,0.9463647413893258,0.85895566099877063,0.8460200608973536,0.90226238416594218,0.93520532892048702,0.83757879502035359,0.91741264287103397,0.78442103680365383,0.88843696741871914,0.93310866421969829,0.90473479747619912,0.95721164557933325,0.88763377498798357,0.8717320240788049,0.92726228644862319,0.90796008964227459,0.98108728992055616,0.93614907234647238,0.82035624107701788,0.83751404011934882,0.90242292598428353,0.89577163798252324,0.92217454430130863
0.94232117223785927,0.80995371983349707,0.95285471070721006,0.87260805775188399,0.87848587860406058,0.90010302559121125,0.88706166728534042,0.93325810978034962,0.88829532268472755,0.90875492558947712,0.8786117109506757,0.93844676039960995,0.94251827873011695,0.89112612450287521,0.88321578541500756,0.90305293316355106,0.96739837277926244,0.97901903883857444,0.91701279663026414,0.91072874457859498,0.82764539557096151,0.85638491152450835,0.88476330870139963,0.88394659387742991,0.88494569159147485
0.96500696390467566,0.81058623023636878,0.94502048780763503,0.91716189729769426,0.8415848957181532,0.89176030894880831,0.94266622447973691,0.90389712106359943,0.85359589631829091,0.8374140803950344,0.87723623833449493,0.87460834629264017,0.91609064020853193,0.93020159330354946,0.9029351135353717,0.91700608720663657,0.92363088818297712,0.91173128012658677,0.88629779937060726,0.93950897651041487,0.91685162906228479,0.87358343020605278,0.89861786266153498,0.90919374601974656,0.86985303121832225
0.97285853767363817,0.89595388932348508,0.94252836608226809,0.83779571711589185,0.89650284245580802,0.8439311367785497,0.82844512914468382,0.83807001910144041,0.82963191623439325,0.84520353368668688,0.82520321799224894,1.0136840083220013,0.80819940625065056,0.92427655552525445,0.90608172049158919,0.95221581449076909,0.89583481790910802,0.8736887029813083,0.95629809265412657,0.80381390767344074,0.87951262231585658,0.90238575938927967,0.91967124902143194,0.9248935135237849,0.9687929279948474
0.95995281504438168,0.87783323323192397,0.97641956798666818,0.91082874981981399,0.85269907000295919,0.8290005416048305,0.8289060876007962,0.88085449876862476,0.8034052307772811,0.94907280057525589,0.90342682447253408,0.8303633023360929,0.81108127025773724,0.95342299858339952,0.94873956548016491,0.93522436909226236,0.86099520642956173,0.9420725879307823,0.88094456980823443,0.92948991344153231,0.84849136457911289,0.96525042153131047,0.88473219913271428,0.89508994894976068,0.80619159381829641
0.98131351655443111,0.90615343582453844,1.0184043205623137,1.0343504586041325,0.94523382876805095,0.78713850591398182,0.94091312057798726,0.83491013619861776,0.85905373490480896,0.90391728344118771,0.84874023770459406,0.83704655361426861,0.83436931173001339,0.93773565995538832,0.94333011696393176,0.94357446958968627,0.88433947767945531,0.80832394444979005,0.91518217727737616,0.86531284949705889,0.83891000521397452,0.96099019038529854,0.9448325366154422,0.89397908300642537,0.85975645236553644
0.91324356335715662,0.89085131557941211,0.99630129543001278,0.92603735978437485,0.84433512081637485,0.83460482870451613,0.95072727328810847,0.85379143430464699,0.80579807525869729,0.86939505163020558,0.94915203449480567,0.86912980026568565,0.81689928929713163,0.86745698030770069,0.84869164056537805,0.83230121986926897,0.87209727099967338,0.92121574723301414,0.82358569614309374,0.880632424109695,0.87175072349489369,0.9844247094324492,0.87230847180750248,0.87527473297161595,0.9049280444938258
0.93940480570958773,0.97056599163361834,0.90067447696886704,0.90721944480863637,0.89915070119553286,0.81787458354591147,0.94807867027417869,0.8453746174940292,0.86153371283363112,0.90577692166875023,0.85273306609967681,0.84014217092025878,0.83216211235684279,0.90552529515408553,0.84337030164514604,0.84216316124077217,0.97360814924883199,0.89683080597199671,0.87749665501730267,0.94950846769509389,0.89888929670796291,0.84988074935581825,0.93815426223640774,0.95856116528144086,0.83378725036140666
0.92004091249773967,0.87936804639378019,0.99007963640134178,0.83978765169859504,0.87555265185533671,0.90232118139190887,0.89642573700993744,0.8575342727317693,0.79206644731232745,0.92605473346423017,0.90372504018678534,0.86737396051797833,0.84515492198336017,0.91154860910313917,0.80428295479365075,0.83126308443323715,0.86493315662969006,0.8967832662391515,0.78719434268515664,0.92145895534044253,0.8639301775707563,0.8091863860806241,0.87677215083058468,0.91310092495645956,0.973839940448052
0.89050736080481563,0.94026266014631765,0.95494534160552313,0.89950966255493103,0.90349195013739536,0.86189110947088921,0.83360849288522132,0.82790341038966431,0.79105383456513279,0.89459874963228891,0.92536490649234293,0.85812704871080658,0.79947499623661245,0.87035666711122217,0.89491319489879895,0.82153007177165216,0.80854778210149536,0.98014631341940883,0.70594529363176384,0.93598547377944807,0.85218374019801213,0.83175770935415816,0.93749989264490274,0.9166569690072971,0.95371669056614172
0.9031017991110305,0.88598964199648145,0.88628745945381116,0.89906810779514812,0.90820938159349196,0.90435955740376761,0.80212614608310351,0.86626195147073826,0.82767315155888277,0.89223370021034998,0.86264731190664223,0.86536131951087691,0.82882730796024118,0.87534235525253234,0.8712284012350211,0.8480964766037099,0.8865212082867322,0.88465228029874021,0.87239450264810003,0.92501523308354783,0.95271709034012497,0.90292256220370226,0.84120917021561903,0.90722514283054112,0.99574553009574962
0.90895355640376463,0.90864951928314419,0.92053611701647187,0.9167874824480432,0.84943276304278048,0.72809836129387318,0.84119261074836638,0.88256103524286289,0.79922328180209901,0.84635437114883916,0.99763642695302801,0.7908579030481705,0.83545296568315652,0.87753551345927416,0.79473082233341652,0.85277708535434671,0.89084022404504104,1.0045518606073447,0.82875405907744959,0.93779595274281591,0.94545869390104265,0.93855642365010594,0.82777888593934457,0.91329607828192438,0.93514805787528199
0.88074169572889738,0.88372831757134118,0.97271448852598097,0.9052823758838654,0.8335556630155424,0.82098605553602533,0.86078576536853679,0.85384351544377979,0.91722708663050645,0.87375445921558514,0.8608032359622475,0.83735226945662533,0.7776705320685765,0.99184411774169623,0.82705080300040079,0.80213391194293227,0.88308517870359493,0.87736197707514574,0.85485154960899268,0.92765490093504976,0.9333799202524371,0.88371496609367084,0.91540138335432775,0.8533055606029164,0.94544533712898737
0.8878184658881747,0.87561291509896066,0.98086133330561942,0.92130257044690445,0.83498208956753706,0.82026568093319918,0.95558593597002806,0.73331897145008273,0.87592620441820412,0.87087641646550795,0.88408344110616544,0.79881031032635852,0.77788163691928991,0.96039752505273757,0.84039949887851284,0.9748553519363482,0.87031829925801119,0.92732858901329274,0.8738867145800373,0.91666384363243603,0.85951773091714845,0.90923653405019644,0.82205088508412683,0.7853729669570142,0.89146345358861456
0.89107600077516536,0.90625022943802569,0.97515633632652532,0.89158936402394484,0.83948115569713544,0.78136764795710323,0.94045157862075168,0.9238567989579739,0.84502633415604478,0.96498768113167777,0.83855764233817132,0.84123968472010646,0.8252343251079598,0.85878836660639579,0.84087058801163461,0.89540146588070968,0.90026875280954277,0.89432619015361425,0.90178531556848363,0.91213206732535668,0.89238055497189861,0.86955180201334803,0.83752338292187634,0.9459372190798061,0.88753829219367908
0.97833019329459014,0.9452984003470275,0.89603019807250206,0.93553658323305167,0.91079489996640206,0.84817900764970833,0.91748103507173695,0.86803793989059053,0.94858305870223825,0.93411958386939109,0.88186110018835284,0.93510377561197799,0.83115002612232258,0.88030643199364755,0.85742170008467089,0.93529253358475306,0.86316843059202408,0.88651369253050594,0.91348301169645008,0.87093227093008108,0.93435509151874996,0.97852041032447257,0.9005166088972687,0.9327478028148577,0.99566652150704504
0.88405501495380001,0.88851975838564723,0.92385383200722693,0.98195902629289555,0.9789525208170351,0.74328303461361822,0.94039412676737799,0.87798706201927956,0.85741083470125146,0.86144888311138956,0.88630087349866771,0.85711601334694354,0.86682952833305404,0.89108892021873198,0.90904211700049964,0.90137993940411054,0.87304011607715026,0.86989463872218808,0.83404213928540372,0.89723693637112323,0.96512113485997253,0.87082190417244565,0.82021299224607269,0.89911131715812442,1.0245253753867427
0.89823196903857538,0.89214802180091579,0.93835136460739677,0.90592751758629342,0.98366719890332088,0.96030156807461198,0.84054231605059648,0.8569586312960964,0.88893328316474929,0.96858099136437681,0.86498366507977553,0.90471248609215904,0.80074962324452592,0.87898873045482695,0.92905963363363187,0.92357273433777987,0.91800374956435082,0.83702826896113836,0.89493089298969286,0.94080308193464879,0.90744130748256424,0.87811254359499213,0.83351727175102019,0.86244528499263295,0.86942546556707356
0.95368921188193401,0.95930811603396404,0.93895099231919865,0.88095144527904334,0.93659266837402166,0.94998278964486516,0.99300086619361394,0.8552728433130522,0.88411673901204446,0.98467058208570202,0.91021967704632722,0.99233286955869171,0.81995202257073707,0.87956657511328651,0.88720033833744338,0.87085482326647323,0.90911079233760361,0.88623604607313833,0.89553347850771514,0.82391059969739378,0.93454143689328029,0.88315929925634751,0.86670784498774545,0.86755760879638322,0.91596285000180599
0.98448745603180632,0.8490169790676646,0.8704362328985773,0.8907432352094361,0.94309218388762184,0.77590908857459684,0.90043879568061036,0.89207630485642386,0.90723498440867045,0.92365516636532929,0.87383262617817847,0.98817528555201983,0.81771338255916404,0.97113752389647812,0.8676611671453186,0.90398122695894456,0.88305455695687374,0.91101344100223858,0.90746591115544195,0.85611238633886022,0.89195566640776702,0.99592708721006729,0.80230118471725109,0.92286929681379282,0.84559180517852706
0.87275033790021062,0.88355429794202811,0.93817520078344641,0.87630544166576851,0.94347870271854573,0.89855127438546378,0.94454619780117111,0.95398947321582062,0.86673671890089832,0.87610464050984327,0.89998119374185814,0.97282129519004157,0.88542739598932063,0.84737140897188812,0.90302702850790406,0.99852074694601711,0.89858545337798612,0.85074703897471504,0.86752717798280843,0.90935508942383469,0.94134582169743053,0.91825951388791316,0.89326013841404561,0.88514459654582089,0.89404154893506926
1.0073453778988637,0.8991741458552468,0.93855753457293445,0.84368633874240573,0.88793660153682974,0.84127013727121092,0.92487729449490763,0.87777418767997073,0.89681512149023024,0.91266935838631813,0.94758110582747856,0.92917715974109738,0.8748186791781809,0.99416720438600237,0.96785362618923909,0.90901660786233551,0.89929350450731416,0.86054780172892631,0.81653823580127272,0.96215885886491626,1.0256060049320259,0.89426451511274863,0.85181044847823628,0.9194750462559268,0.88379412608345609
1.0333645092236317,0.86444828460761214,0.96185817544171059,0.88190304077841408,1.0111290983097763,0.95966827789585385,0.93197963262585237,0.82386256372677669,0.90686944849670548,0.9339630671424638,0.96336304505621873,0.92531346743956733,0.87309246238640859,0.92073025330554104,0.91044360181776363,0.82653359858908582,0.89698163223857097,0.85412037543229979,0.85926328979180877,0.81831658171326338,0.96824815657330277,0.88848830211940411,0.82329394763074837,0.91040997955505876,0.88248249720671623
0.97622017201984879,0.9014904516182245,0.88782680906697464,0.81743056512479673,0.90767766997058674,0.85561325349383932,1.0008729347901548,0.9035053345702444,0.91128099331903667,0.85292561630396857,0.92562855056365834,0.89297127436619006,0.85811556779431997,0.90246568197670274,0.84107844701990442,0.85410351462578316,0.89918978837975405,0.91568798558696141,0.85454870952507989,0.89832107028955333,0.88111660330410391,0.89742778282922264,0.81653822789287578,0.88575023037659362,0.91143511970725311
0.97587421113864847,0.82813787311311937,0.88770026397277135,0.81434796021027456,0.90868916766564201,0.92304671185827258,0.91960645308583489,0.91276060126881498,0.88898478519706214,0.84450947640870389,0.88260727349512091,0.88077135704692033,0.91525421866480006,0.89058480219223712,0.87365663440761065,0.87945860012509702,0.89538669135113957,0.8836752343135289,0.84346546007435597,0.86626700209879826,0.80527575129691231,0.91295170511796642,0.85088267957987096,0.94071973244364648,0.82481960974434942
0.97715406308913055,0.78369000169679415,0.92876518643369199,0.86126991321495217,0.99635832159303017,0.83982374034294305,0.92721642980047869,0.8935260632451193,0.89856114441238188,0.85554285558752707,0.81371110946107394,0.89112848589212168,0.8027539932028378,0.87621319362644412,0.82907430847660413,0.87579027894051653,0.90387567380561795,0.87426879521903789,0.85254424015347974,0.86301145588474371,0.91203165240708428,0.87691811333413228,0.86677716319647125,0.89420507067059152,0.91841255900992469
0.97056152671489104,0.81618031857102458,0.9036445285091661,0.8830660178310199,0.87120690656043431,0.88192055720070084,0.88639321889100398,0.82457739375977046,0.84572067238952575,0.87092190671512448,0.93138722180312228,0.90448829056342139,0.80539041462442063,0.86326240997458004,0.88430025042245441,0.81415493516648207,0.90957662729833455,0.84003034561922529,0.86689509892307204,0.90481190469446837,0.82310622628792562,0.85658072467298108,0.86156962897138889,0.91890992984607867,0.91347986751879484
0.92108816036525643,0.82431266176544093,0.93658302787569625,0.87736647378655686,0.79710945537899647,0.85195954006707653,0.99156706716387877,0.94729126333910441,0.94520934910630561,0.97167036803254825,0.94844689754070688,0.91173136307603253,0.88407634855269734,1.0342470739119514,0.86611528014116856,0.79515947812161425,0.91582645169059296,0.86014123353559824,0.86129784981801272,0.92516332151599412,0.89336915770345871,0.85329751762612549,0.88161546635690979,0.82785181714521072,0.92656099117243029
0.98854678508999971,0.86464628079016237,0.93504245218848259,0.95630034812342413,0.86026302273574706,0.93081909126228257,0.90268076654943086,0.99293096152490445,0.88652882808791489,0.90561761263938101,0.84989593645144035,0.91155076774940935,0.86303243863051005,0.86348686960344367,0.84415050233085731,0.90308730443652796,1.0045043890713485,0.87076095709028067,0.86750514365056597,0.86303341123451072,0.90158326656802668,0.86114876003813379,0.82733608745519682,0.81808763278479857,0.85819280461288516
0.93364311392621757,0.81975353338779189,0.91080084213829715,0.80548139958324128,0.86786914825482209,0.92445954751806247,0.94957473824443306,0.86027279089556075,0.86849337151885964,0.89070110598762564,0.8216334830024159,0.88801631191489894,0.99682302353967978,0.97942073831425591,0.82775187342516543,0.85930659317112323,0.93749449075468938,0.90364096278538264,0.96323053409047477,0.88749762493253082,0.90753800692426267,0.92935088985908842,0.89204899181247521,0.85494582883228509,0.87638841262270573
0.97877103085970318,0.85087804328484185,0.96627807662276777,0.95164402776078616,0.97885495927126642,0.83746078562852255,0.94145079196105241,0.89486509642864287,0.90946540901755646,0.91310464138413217,0.81988578063285455,0.87908639346703044,0.78283327770485112,0.84266784469580802,0.832538032807984,0.90491695981201481,0.86553525587235036,0.87457198391898383,0.9138044086187791,0.90543010729422768,0.85436745102268219,0.91862652983860249,0.74486808426176387,0.86786225355791513,0.8827514847106217
0.92615418858525866,0.83975039422060016,0.91970090822633577,0.86890719965950514,0.95615434745109973,0.90204171450530046,0.86294870958060499,0.85750750307468371,0.90841479168840855,0.99794213228077178,0.88277873549258523,0.94329831282109522,0.89346175856675725,0.91511014715827887,0.78004376335976389,0.87470849074011248,0.90050824437505306,0.87189319271324162,0.86560676271341142,0.96005861666976144,0.96135847639724048,0.88372793782202352,0.87744246113035429,0.93071631079310158,0.84833743509864057
0.95991614273017567,0.88398941771898099,0.85774520971023449,0.88244354914728163,1.050952810088466,0.8708630179789878,0.99818905643592148,0.83611494649430396,0.84352964457535728,0.91704878070022933,0.88185652425019123,0.89015295908872982,0.7861952010930322,0.86604979926557768,0.82702505396996995,0.85599074639431527,0.87638361806841425,0.91294700906521109,0.87866405014805915,0.98594686935776221,0.91222515802843696,0.94134977022540889,0.89869747380890508,0.81724172567251907,0.89504837740592158
0.92731921823739127,0.86414241546027237,0.85106052704892154,0.95238650171326056,1.0185802165276965,0.86539018838328097,0.93569903229051477,0.89843648327125292,0.90516536331934816,0.88452524555237189,0.79714469999659066,0.91407103541954349,0.8994344374380141,0.87922975554148353,0.88635102843931657,0.88836354791031935,0.87497887392881424,0.86488448134867069,0.8960501572409354,0.8877455916749657,0.95830303452820087,0.77518471750407447,0.85550784818990999,0.91625533535530346,0.87387198035380942
0.95213324405287403,0.85182506347314502,0.85109593700552044,0.91377538714815321,0.93482884686839918,0.86974908445441679,0.97251793063091441,0.82369646456682311,0.95175965833525022,0.86957057424883799,0.98699037975404968,0.88268150714819149,0.87956622342964097,0.96839727901961814,0.98993836708560701,0.92438177140263478,0.93014088520564453,0.82304708434166374,0.87071374089301956,0.87888779275274465,0.88981498920191626,0.82847820349775736,0.87115601811160837,0.83451978770023549,1.0138090317298079
0.84933530020311943,0.86776645822262077,0.92254802237078715,0.88251600761067339,0.89760556343786291,0.90584795335338686,0.97877163058939332,0.85219501273271769,0.98442545834638751,0.85165115240061817,0.87542369092338224,0.87476720763746352,0.84121489879725775,0.88274253181598439,0.92000055826122096,0.99990355391282093,0.96696429980368026,0.87522791970025748,0.82869922944927965,0.93297110341597267,0.83686423039726809,0.90687569874337437,0.86033409169767816,0.91343722265927196,0.88220269733497314
0.93778658377211099,1.0213777300377382,0.89742934297433052,0.92144773320264128,0.96588833334846635,0.8292010297718011,0.98488005077822494,0.8070444693965827,0.95312317068596986,0.83480762035702594,0.99649525551643947,0.898366720764319,0.84148229155703513,0.8753799350973982,0.86661810307061826,0.89365172946814198,0.83871757948507319,0.87645563258792236,0.97859122344613658,0.90916580942276792,0.97064113101800542,0.91829377118371547,0.86382618524074728,0.92592509895958974,0.8979745841546487
0.88024596157033075,0.93851032149473768,0.87330913670493104,0.95308227652916711,0.9187908467618322,0.88364105839004337,0.93686613823177811,0.85436364779009832,0.87106476691101498,0.8255789661546461,0.93393205790225042,0.9448161199831816,0.83247511529288754,0.97018334506828674,0.90558570037585062,0.90189719328935214,0.96558401018146955,0.88415451882712848,0.88307781048046852,0.9187947227889911,0.89006076079172625,0.9037365424781334,0.86081345058821812,0.9262351480842852,0.90504214575573072
0.97536453032778581,0.9066966478716233,0.86354698623916271,1.0044511764170121,0.82286198946963229,0.92360184675787527,0.9255117949758489,0.8791394783509312,1.0472771916263002,0.93286248179274833,0.94777452375047155,0.88493714734080675,0.83483047438556413,0.90988451389632186,0.9068221578963791,0.86064072120561286,0.92794932003332076,0.89652247171729715,0.88232354980115835,0.82834898321024431,0.95849019462779339,0.84816531408656015,0.81875662704520702,0.93166942950403508,0.90328242141377035
0.91780754157371169,0.8658607715437584,0.93787794471180896,0.936750499775029,0.91257874977029951,0.88788548331755224,0.89427643552789993,0.89996792197427344,0.86103862119874042,0.9227738713445186,0.87761514367613402,0.84959834461547867,0.86299769193840681,0.92196270774422628,0.93327590310244024,0.89387861894378873,0.89405140722156995,0.88464232121031483,0.89485140531654894,0.82169740759888799,0.94577493320602002,0.90357056129720448,0.79496958399487072,0.92397436385607878,0.84195202867877983
0.9294934240716235,0.85831565823592793,0.90183984882818025,0.98760097219322041,0.90524912109820888,0.90054194858999759,0.99631123927419529,0.81907033334496382,0.89533876325838579,0.95028994658029531,0.88694151674975175,0.89876155614248909,0.78885183583351648,0.88218056929282807,0.92327452148713385,0.82613435852468331,0.84072129936462936,0.8949774853869723,0.86346283191830131,0.95188485526709177,0.85844620309954611,0.81474183392260024,0.9003998834495639,0.90346482937754558,0.88384066989897381
0.87844853474283502,0.94642953064673063,0.84380130763394323,0.88695766817558541,0.87984422126090878,0.78708391490585772,0.9683909434164818,0.8366896159715187,0.8898945871707914,0.83277603611833151,0.83672268949496609,0.87437154101940928,0.97345797388399247,0.89201169924394619,0.93658368484170418,0.82064040142420114,0.81256742583332675,0.88554514383415306,0.86164682888302513,0.88606750099128795,0.88558351312448647,0.96656498618236653,0.82404939512771724,0.9268187892744113,0.8785782187976896
0.81698355179489068,0.88282747347028356,0.88955449675297582,0.87753711865017903,0.93442872115565889,0.87226986553481822,0.98963499400467581,0.83371239345180392,0.86825386975621688,0.90157332732984485,0.95407296045711376,0.87146433121758238,0.90769866992088999,0.86384894119442679,0.84914594052998182,0.81834828855381081,0.90347733992757273,0.8263964342868102,0.89791934472070833,0.87214375481875217,0.85836380371835963,0.88752039378872116,0.85988919853680024,0.89209446622902777,0.84974585520777757
0.86752722068334609,0.90730524083947084,0.87923564751332683,0.91290573223269111,0.94001035054694804,0.84146982007764781,0.99443675050343128,0.99877967612025265,0.85888341732909379,0.89766643105604416,0.94386712886952584,0.90541074906764918,0.92709335284049621,0.91106363321943107,0.92049921377429733,0.87687869219001402,0.91244894170771873,0.85957984800714227,0.93902282611760712,0.90924310825796184,0.94781242999179971,0.87842461621729784,0.88191051267145448,0.89690026013581459,0.86218008142118441
0.84499308833976949,0.94770532301164667,0.91226403268950351,0.9470965535127126,0.8941246939114178,0.88767631242349399,0.89299755189039209,0.97646726447368803,0.88113524326414039,0.90313873592239324,0.85613784678459259,0.91323431010078038,0.94583521405361126,0.85718597289505183,0.93102531506958408,0.92374523023326505,0.92148879042781806,0.88623466800108719,0.8539423646538159,1.0032152188210814,0.99139856658367942,0.88963392243422745,0.8489919831399162,0.9071283166753632,0.82456970929638695
0.85502437138963217,0.96137651419836878,0.86271787719055804,0.92665983542012043,0.83099516581449739,0.90932849037761598,0.98185668387030334,0.86492494595074876,0.88533039523376378,0.80306885510141768,0.85272427375568638,0.98602820198350816,0.91644368357120876,0.84612076110387835,0.8884624891575863,0.92406131821780146,0.86863067546604955,0.8818307184249975,0.91625778891127285,0.97839135822540657,0.944914176824317,0.8560240929736721,0.94117162546812794,0.90718299661591162,0.85615155877375826
0.88874992098408045,0.99551999709519667,0.83875236041905821,0.91454806986317516,0.74641729779422883,0.90010423890005709,0.97641856304322616,0.97190952181766999,0.91073198092967045,0.91925833938015322,0.8938879749387324,0.91868916966492631,0.99652355132937132,0.91765321574625924,0.91021414605192408,0.95489312238225954,0.83401441643219709,0.88049644228828239,0.92889183011566923,0.96144059035501261,0.93289848851207147,0.98704808496013652,0.88110215082227561,0.84517835418600418,0.84800597596615046
0.86950391104405833,0.99604158749707938,0.88272825647887931,0.94400020143427266,0.89935742256554985,0.89428651635836809,0.9630850850311049,0.94352681259304438,0.89002353103123555,0.91339550846427964,0.89597986728921464,0.88533950576582332,0.89880628980184452,0.91164000765713582,0.94494472865732404,0.9607774916938584,0.99130146772380212,0.8806654672791383,0.89540876932495472,0.90738654665535778,0.80658488581674714,0.9032020470239327,0.91466470477457273,0.86145061432754189,0.86106853109483139
0.85159947291464577,0.94139143346202314,0.90860151068123274,0.93878910566779572,0.92853243551956477,0.87602589895519545,0.93630656455959071,0.98573927821853513,0.91823770424195605,0.85163588422238878,0.9479459619438495,0.85301289966687344,0.86103624591655126,0.8892445691645342,0.93535520409358797,0.89398458539310277,0.81756389715045352,0.85484454641294805,0.91079435049216406,0.88446026745407946,0.95839798618026817,0.93776732327610823,0.90829598425793845,0.88402327731523733,0.94349951465365933
0.84983208269499455,0.97257332906360083,0.90733557221992878,0.91310845827539722,0.95354297691507339,0.91124208670139772,0.9984170527067433,1.0011013638258968,0.87064466362687032,0.93959756001769346,0.872061356687161,0.78436301892877569,0.9300591914280143,0.92633891557915582,0.83817500910474918,0.85726293500542605,0.98396584125373232,0.85389168995516873,0.93028542939739067,0.90666373990495741,0.96307162169523497,0.95212271930191072,0.89292409544909102,0.87120888178115097,0.81712429632942796
0.93206026836027234,0.95584528056518148,0.90918488317038382,0.88625288386230838,0.89598541780298524,0.86391707722455346,0.9344925707479903,0.93467069810810277,0.83920173362821771,0.91771267303648973,0.97032049483665306,0.97478848907399462,0.91239155042132847,0.92610264328172975,0.82970176170726329,0.90721839882510613,0.84042631995026762,0.87303552427952957,0.89234428875284777,0.83547205664827051,0.91386097864590821,0.96983942616844065,0.87227258805667585,0.91747237486020283,0.86560531559846121
0.9360316193911189,0.93787381852986784,0.89991434905618761,0.94057162603538802,1.019567003977182,0.83717484023694011,0.86453620771294959,0.88496339158337745,0.88855611424170833,0.98740629737783825,0.90760717692913906,0.96427865790048806,1.00072658577867,0.97673048481954705,0.93648289962528797,0.92244863114401399,0.90883322936225575,0.8842854359496356,0.86074812583210669,0.82689940052823729,0.90224069687918151,0.88776747484633789,0.84418696781006186,1.0118885261410053,0.93495512413076132
0.95857992420874882,0.96505484512199413,0.86478847889273136,0.89988462065875863,0.95248678371218176,0.85044543793595451,0.96850069611394218,0.97429524487030972,0.8687176166638958,0.94862760002932889,0.86708905630023225,1.0121494314549775,0.95032982355955731,0.92707799969066285,0.96116303358120481,0.8798752254090807,0.90865482198239289,0.83600607964997109,0.94906392943933782,0.98541627917451136,0.90508227729032464,0.97585765892781295,0.96437547691268344,0.91982865421197668,0.90538811715975531
0.95317041300452832,0.94408289461318051,0.86897611183868473,0.92945095585739923,0.9405927106669193,0.87559318081782245,0.97581996180256914,0.85575708391894012,0.91669510571601998,0.95442962163568967,0.82918686123069107,1.0205887080272218,0.91188923309881642,0.91706341405589531,0.94891836739474822,0.8600895712137876,0.87440102869183112,0.8668853190600122,0.8937482869315444,0.9192734268707492,0.98962302244363654,0.95218604180403832,0.88989319861023775,0.86233300912296895,0.91228111661509492
0.9789314442111986,0.98830494955380199,0.90800739253154406,0.9149048448021817,0.88224072439208978,0.93748543310101329,0.92547853260126978,0.90120515615257535,0.91998546643536749,0.85734609105517035,0.90345495053258684,1.0221002899054219,1.0004132185722396,0.94227995005354193,0.87338779067356254,0.88428321727288761,0.97195305299020285,0.9041735521714237,0.95638485390279981,0.85486113557225762,0.88918839141454986,0.91283147280250909,0.85927316358104833,0.84475369713464599,0.89459322749143
0.95629051616312855,0.95010920854112335,0.79469209017504439,0.94948727128670463,0.83108104847943753,0.91674441409687024,0.99239355288539666,0.92035202356283341,0.87710776179390038,0.91107418387928474,0.88890807550124018,0.99291304429328042,0.96297709820070221,0.91816513558941137,0.88340562194631378,0.86468084029725012,0.84614503494453175,0.98945044851278408,0.89126605095717504,0.945703254931889,0.93339801272290923,0.8670062514310789,0.90378989851460401,0.89922089956932993,0.93547688186134215
0.94681323669882156,0.92827831785048587,0.83672599197557851,0.97072663863190434,0.81695084818601216,0.90696279074198438,0.96836827577962703,0.88357541940097184,0.82995915952921895,0.90997288520837671,0.8485574767041123,1.0013267417825544,0.9197118441221579,0.97281160911751363,0.84991770258469457,0.95830711212708619,0.8960987512007943,0.89886650915797672,0.88223792575983295,0.84008133084729197,0.92601474988982591,0.88499981398384964,0.94125861037481062,0.89106098513772491,0.90246632306051766
0.94482687284114908,0.94202324881860988,0.83571536112016409,0.86359768477212062,0.89502586199635081,0.94857345391358128,0.96610846921091509,0.89843848483378863,0.92626690827520852,0.92848774376788656,0.97152019965599823,0.99697588050167874,1.0533594614421984,0.98833451453178811,0.89257232114290463,0.93076885865994818,0.94458109621810937,0.78341884522694127,1.0203020499648539,0.78758799984155758,0.99785527901907112,0.9294869291597424,0.87200990144678414,0.87931196268871326,0.89334954648201681
0.95805083767954791,0.93727319792643116,0.94376183451114026,0.9397453503050367,0.89009080561870257,0.88735400169392031,0.80576278258937839,0.95979688110281747,0.92674144885182552,0.92816670580044347,0.86834498808540639,0.9401668757585846,0.99178206599484564,0.94082975010830694,0.84979547990511484,0.94873358661872054,0.91362852881930323,0.86961657910304557,0.90919628792229801,0.87831774114707706,0.94255346941505003,0.90308812135695582,0.9038419952961374,0.88024168113711343,0.89505687883181773
0.99087747907529977,0.89475457876396991,0.85275016365380119,0.87540944334125581,0.86473960936679117,0.83241861197048939,0.96690760406573872,0.95672393945124745,0.86663637639643187,0.90543781082845021,0.88875879892827936,0.91860668092486097,0.97652633459933236,0.95517887811703039,0.89575339453157532,0.89823708875995689,0.99885473831429483,0.89416187284628468,0.96698967803581926,0.88641604353580949,0.95964560051805514,0.90856202970956534,0.92540864139514056,0.88066964384607194,0.9340723170163423
0.95696190480958598,0.98264558294311832,0.90244538792791329,0.90079308425308724,0.8405471777903033,0.90727909433785292,0.97525061113910227,0.99341793236914511,0.90547146256102462,0.9811845305587642,0.91106251102819857,0.85379751699493001,0.87222863238938342,0.94537913572107501,0.87526015516671951,0.8720179909250475,1.0304162221288833,0.89893218361434635,0.92632485523106789,0.85109358972070226,0.8689339582906338,0.9432409033762259,0.93971933243455941,0.87834640588008395,0.92422767874737555
0.98886760222174319,0.80839960179755077,0.91099856663205203,0.93352427449406084,0.90208250806946377,0.8876814447448762,0.97452394756572391,0.94559567030207914,0.84985894449664035,0.97603409245744477,0.8737345382490771,0.8592478940605216,0.89227864950150071,0.98590892134575303,0.86517044170987945,0.8207932834298971,0.93497261091599682,0.81953182045004103,0.99386873482973359,0.91634871680951013,0.97806100227567416,0.84551441256205151,0.94702263221288208,0.85328964330361456,0.94923688321351674
0.96787537248221034,0.95701833066136366,0.87809334336806666,0.89650368887523824,0.87994698742095556,0.91301312078404484,0.95605690713593017,0.94769853279402327,0.89400191028290377,0.92814988930901954,0.91830889564524465,0.94194281455754458,0.87100035432205813,0.94436559738381609,0.87462797957063665,0.92355201994462122,0.90841889393495123,0.97367598252858367,0.9851434238169432,0.92685017082685417,0.99806749050771482,0.90209832143415214,0.92812177345623725,0.96057387620895984,0.97478662523394366
0.88372001807729184,0.93489998119170559,0.90237195686411442,0.9873862459397611,0.8192737329355364,0.90483831915844026,0.95025310173849697,0.97403414382586939,0.92366622921864083,1.03695231100486,0.89650343352334461,0.9196484430405516,0.8584753290376792,0.981686095139502,0.92122142024339604,0.87566801121724003,0.98683401686449124,0.96504199038258398,1.0079163584497675,0.88318049857664138,0.90369054568775997,0.91238920832707038,0.91259295052423739,0.93977561643247687,0.97926310793175997
1.0002204648944983,0.99609795888158248,0.92803434745750901,0.94262258940186316,0.87353994492992615,0.88798959531730082,0.90487967427002569,0.90587256908631852,0.90840647030830146,1.0390056865661852,0.9432175872347115,0.97062310285071118,0.86933460702656939,0.92603512011189815,0.93295303503004789,0.88204585215638798,0.88802008325334014,0.9436751226906237,0.9408404472880374,0.85603734730763625,0.96984847567324262,0.94648459080315794,0.89365228388441509,0.93771017558405245,0.92139101686682556
0.96968740040490664,0.91691556732893631,0.92238184995398032,0.98332177328393111,0.89327948779828725,0.90996232155646328,1.0228690721689604,0.92475136681670944,0.93876655527033115,0.91816883793362825,0.8430329720509816,0.93022205103522315,0.91179380672376653,0.9586295834123828,0.91885658562883055,0.93093800164708462,1.0002036518413171,0.95056537810452812,0.96348415919528607,0.95058410033103025,0.88580936564137702,0.89601492273523364,0.87491329866894463,0.90528478420116498,0.93357697207049528
0.93756366680210823,0.84934152302132726,0.90886342294405531,0.88623953894096019,0.90101403411174186,0.88384927881126041,1.0171470994108767,0.85507059049384304,0.95036743096168474,0.88782571647493413,0.94610418143384345,0.93133848106825168,0.80220042194513685,0.92990247150066951,0.89210594422302691,0.98043408614076211,0.95694352659166748,0.94427951295290347,1.0083614385458171,0.96491148477168165,0.96560272141183046,0.96138085200622081,0.89014719427125744,0.85854517466598823,0.89972525106846102
0.95906722992564974,0.92674898826562946,0.96316139232567666,0.89944713608922455,0.88934662653352814,0.86352062819641928,0.82743565376377659,0.91282438152411527,0.88842593575663509,0.93117662328318296,0.96366355665667458,0.89141249995410932,0.91631609382734192,0.98137981572362931,0.9529306966226575,0.97482032655580131,0.90387930751268619,0.98683496636299572,0.93756517930608474,0.91267986695827474,0.99504971165787903,0.95971240123870794,0.86188330989282003,0.7562120307520902,0.94217381307641446
1.0485294209263203,0.94056432124652301,0.91063424350228939,0.94704091100157972,0.86279655487146734,0.81770475211724547,0.88741526734018816,0.93091609306863743,0.90001070065305067,0.96411049359406842,1.0169153080789137,0.89010014168731066,0.89786144335879647,0.93611968027658143,0.92081612198576401,0.92178369022446649,0.95898907619641849,0.92183808260406919,0.94159412019536226,0.93726317031773354,0.96309139283859824,0.99710283197338156,0.88853243603916254,0.90466930631152165,0.90776409901961386
0.9226792135988019,0.87113036953232192,0.95471902988852042,0.96235920683159026,0.88422478100053536,0.80285545202413877,0.94112498552652091,0.96153765406535241,0.90095776456985666,0.97987377782686669,0.93856036150818878,0.94270880293609582,0.89366384016774703,0.93330144212466082,1.0109547646731452,0.94016606548345749,0.94681278353839915,0.95642375230707266,0.95735986287313235,1.0061050855937164,0.90355305555608545,0.96170144901617227,0.87235297977704729,0.83228831231553335,0.95058869272539448
0.92980772771456066,0.86611157206461675,0.99957881905319224,0.7940146881166229,0.90723291401420447,0.90333338768765603,0.89252517469645232,1.0067231370541809,0.90487872517508539,0.96759657277963607,0.9234164389663102,0.98688637121257095,0.95023188534881242,0.94881503842408599,0.97202178421001406,0.99146463274790186,0.97951375555039011,0.95544245281720763,0.91386016667112835,0.91143614267398931,0.96507354967085313,0.90054896239392901,0.90857748648433545,0.97368728621473311,1.0075031783300947
0.9927467725140745,0.81732267921596224,0.86826170007998482,0.82913703151374718,0.85398624609977736,0.8946863849736626,0.94300097401175564,0.92176368551783661,0.9626854964267042,0.96297645351680849,0.91333507818031234,0.95252004460447037,0.91835959668423339,0.88945073060171309,0.9363407735205187,0.95208396328922207,0.93593711746119668,0.91787820960203093,0.99120855417931186,0.99142389696096633,0.97019447481851073,0.92772782859273151,0.92607258581190943,0.98193317300380367,0.99358424547803215
0.85219478289628448,0.91707274125803862,0.89810797803597053,0.84470229613170567,0.84974271844387794,0.84087573522610148,0.99480941769025588,0.96371790218830666,0.84291787824629594,0.92187595863109129,0.84169006782605604,0.99347444928489714,0.99869299444301018,0.90729413753497423,0.9125331565961543,0.96587709960843915,0.96165030239961191,0.87997642391259956,0.93343734115653498,0.94761044762391256,0.9730563967509267,0.96732361898588104,0.94124137549618569,0.90248075719498855,0.90160194018340412
0.91075259903558592,0.98090363308678352,0.87448209389660203,0.97648885995124779,0.88609633413434419,0.85838032383378593,0.96686699739988347,0.91298974799420041,0.97439729099078642,0.85746886024768088,0.91240792009472216,0.93695180281495605,0.9958947744479334,0.90474617275918012,0.92133852980846875,0.97772307600410358,0.96009906695139602,0.95109760588972003,0.88410601554982959,0.91325564401532711,0.92901631421444242,0.95952495391434245,0.89236245797728408,0.9442316208378283,0.94335951527525919
0.9256538393039303,0.87153330663771911,0.90384084001629961,0.99619631022385846,0.9161207338161973,0.8906204222472841,0.94268725176754542,0.93418986497262813,1.0078892362069485,0.94331503992995402,0.88858403011431797,0.93385527844007432,0.95432723648940876,0.81261145208619701,0.96692307034520419,0.96871277132442601,0.93147497569543358,0.90281493569136195,0.98575193110224812,0.98465771625950471,0.80998570753998322,0.89735027952554225,0.85489212724625296,0.89852769769685392,0.91050362391771356
0.89745490908176007,0.94326189807003313,0.93402811321993773,0.92203972526226596,0.86868892138625975,0.91784874230514146,0.95735810588978509,0.87696043284273262,1.0134420905058876,0.91032164846152785,0.95214306006944083,1.0176903754198392,0.92822183001494873,0.92794745212476959,0.99123508352696066,0.82525134792430588,0.91796551849446495,0.97702880159926053,0.97914063725450307,0.96910874470533181,0.94120157705646978,0.92729267876037602,0.9938465917231627,0.98367544400579132,0.9081004582543446
0.83961762714041088,0.99973643699869152,0.8891752761171845,0.93305560479910832,0.8267253917366939,0.90028924838929392,0.9906998407612152,0.89646421762178186,1.0081706936696435,1.0092483255005078,0.85079190556557716,0.96718645773586831,0.95889953926329596,0.88812860657989423,1.0094110578987676,0.77152235519804713,0.94643029235259202,0.95710477203997457,0.95491181872788033,0.9771457793998829,0.98484203182980634,0.9848877118657241,0.95752310578036215,1.009745313502479,0.92128448009614583
0.92097979552903875,0.93563747515268725,0.94901857383975396,0.97984383048333934,0.88882358798166694,0.9066034837480893,0.93424505943880787,0.94940285570649308,0.88592181497804101,0.94140289654780251,0.95540863339190873,0.95048146363315833,1.0079766311397433,1.0284649048508305,0.95219538496899736,0.9122925691415531,0.94573170055703493,0.95780890258523499,0.92972364355698112,0.95711789389074931,0.96708393833793738,0.89169909594134922,0.95543472483606806,0.87685759559619358,0.90289907478947107
0.84858321200240405,0.93713926281016846,0.9455567328190434,0.97175954822503841,0.93163080964857803,0.96265945955458487,0.92467989947145712,0.92820589839511269,0.97480315708365373,0.93058461103889401,0.95218164711790954,0.9506574762938268,0.9038817133511724,0.94279727624527365,0.88516529539399269,0.89896483867177324,0.79210649601886651,0.81845526303306648,0.91260691771609326,0.91252341851893282,0.99618263924959616,0.86051257217091426,0.98806100479446923,0.99558382763471409,0.96352862312238152
0.91211803718762674,0.95957557809901439,0.94355470730361446,0.97245848062944007,0.86797836559691444,0.98487202377505489,1.0181058238709308,0.86446609912214312,0.91160847309953164,0.97958242069307366,0.94439613773339637,1.0041798544202063,0.92271713047303205,1.0200340895484223,0.80450795305518852,0.96047445147940347,0.97542381069027895,1.0048522816055794,0.93014189382736379,0.972326503539786,1.0158188580246554,0.93550802275148126,0.97480306332672018,0.93197615757211916,0.90165927746714702
0.94479575986272502,0.89805347196228924,0.93216262732997301,0.92596850983121526,0.8024759496795022,0.95143490709560341,0.96512624526605628,0.92426781210701237,0.92868619546047704,0.86916983531932901,0.89671943375277785,0.91933606540657775,0.89765612933292049,1.0032498473368223,0.77072417374051994,0.88490678566256853,1.0175495214691441,0.96569574156406635,0.94346346189243779,0.98661702817194807,1.0390553735363046,0.9454087487359355,0.98800372589066843,0.96271698616427404,0.92109981865696644
0.92319860575552271,0.93500044548911598,0.96546963078548009,0.96632672380540607,0.93365154823013807,0.9510000481188865,1.0082252641207683,0.947993818181189,0.882063185599402,0.90030870684967834,0.93011096978434493,0.86771104066146643,0.92985975768721052,1.0515739338148669,0.92944358980235808,0.92898698050993889,1.0385715780005307,0.89114829297795417,0.90883025587520172,0.99510766153455776,0.98165507134778329,0.902664875582743,0.96503684952795965,0.97187496610354407,0.94576256032100525
0.95684023421758269,0.85738193350192038,0.95740837017549452,0.89335689266639984,0.7785672464503347,0.97105873808565402,0.94126245941642595,1.0069176430133917,0.91768340666181802,0.96550964988591526,1.0222774714004463,1.0277031157004117,0.87436778862137488,1.0077680275705942,0.96257864259251813,0.917677747961823,1.0009283722572442,1.0183690339922449,0.8662375356517733,0.95408298597932617,0.99086933112138453,0.97169873933745476,1.0045877129213503,0.96229241003179067,0.91170047718823999
0.97701743908552874,0.98462989223417319,0.95299410673175367,1.0062942854274581,0.97113603449436059,1.0161368109418423,1.0010629587991482,0.97197460613043296,0.86213106810275231,0.90027080587516284,1.0035467976195125,1.0228208791489792,0.89736083887879092,0.99967767128761353,0.94461911575610513,0.91651067138880049,1.0137021191376623,0.93918879718786985,0.85439270716385018,0.91195805456727108,0.94055450523997319,0.89078059014639188,0.96572167168579381,0.97350526428733564,1.0304110651983069
