0.92195619435598586,0.8488762299060324,0.80614342208230627,0.58814785008031767,0.75401351795517646,0.83648791873446371,0.85599058617200441,0.74000677902930778,0.79081974445134628,0.76139041262943963,0.82624423973487704,0.79643205109255311,0.88377942306887669,0.79621093724707914,0.76639875362226562,0.64715806567824241,0.72493134508398294,0.85359828418408545,0.83930983471459963,0.72623662379141696,0.79082836149798474,0.79560709441883348,0.74209022924811674,0.76511956702345874,0.73273014393954139
0.90156991914693341,0.88257569001269265,0.76730421070449761,0.60184122320962607,0.77370995635518414,0.83173889426977787,0.85117057763453086,0.7395020641066179,0.77329109240046434,0.68668770265164147,0.81082235367180289,0.92570567604239884,0.92053989271509296,0.79167842729222848,0.62888007305195215,0.68881116063482384,0.75164463662688297,0.83028014329666566,0.86276823236146527,0.70261514115574331,0.74307879700829493,0.78517149834086319,0.71692006077500459,0.77210317912486659,0.75738478860071257
0.86480211093029924,0.87752307566861154,0.72821571264874274,0.61391147293987847,0.76156056052847765,0.81759004219522857,0.8201711105766416,0.7705143459641306,0.81743614983581936,0.89445344759198986,0.8563922963847882,0.92237582419983211,0.87888685147584689,0.76696555034119684,0.48886595732984384,0.76217244631662184,0.69106269641831874,0.86724967592319224,0.86199798596222388,0.85278234944153664,0.79952444789475974,0.88184729427641395,0.81083406581800588,0.74339337177920095,0.82469093984942787
0.86756360079844652,0.91109974028596641,0.72513108273946392,0.61363747842714145,0.79045696227465212,0.88997935688887031,0.74658339107339489,0.71833444056240625,0.8267568241812111,0.91888899909472688,0.81642916400984866,0.92038530791178086,0.90982938366708732,0.84094892278618183,0.50384907904544574,0.80281567261628728,0.80986192269213775,0.79451504722825517,0.82206201875535601,0.82978819476984877,0.73345850312501437,0.84864421602394879,0.75621829088340675,0.68623289453737446,0.81560512513240357
0.98203620453313822,0.79646913244772255,0.93088154339501783,0.82140510441859216,0.94719056196503504,0.67421380775499384,0.83366661694534538,0.74267692711762923,0.80793504598445443,0.86572009278203621,0.81297561650018335,0.89596493454633441,0.87868188146110615,0.7857704768558782,0.66757374763662813,0.93151266809615441,0.92991148837515392,0.80944568886369417,0.66833357629143619,0.87257811316160738,0.72091894322134409,0.82294586839764783,0.82887005754848486,0.64900877398239765,0.81451382800350713
0.89632864040765403,0.85816095940110304,0.85271469181790083,0.75040520323852311,0.92728596629521454,0.77894162153107105,0.7657201541149673,0.68525582353143433,0.77853950309193032,0.93879732096873048,0.76766119431083912,0.85366907263858371,0.9039713313474651,0.77541141195408214,0.77096693170234021,0.84434637701320603,0.91109359182733685,0.7590894662834673,0.70885569596257092,0.68573607855096663,0.83840531507413141,0.75433883238624189,0.83745926497095402,0.68384837162757472,0.78318123403779882
0.76275582245133333,0.77379245467738833,0.65569129724087238,0.75522712773260792,0.91899290442760162,0.76691237455557215,0.63694959600972312,0.96639650703095648,0.77425486137649058,0.94591203787885481,0.70456220137804437,0.84526649072399984,0.77676577111383049,0.71660579586467343,0.75499258783252243,0.77301089200519113,0.81868536615320286,0.69839846903770209,0.69865529681896088,0.81409125161162288,0.77371488804991317,0.82360554845859313,0.83212471617076778,0.67417940064407322,0.82447433313497165
0.69325017205071948,0.82710681739021541,0.68620720052415751,0.95299458275971538,0.91968899821006034,0.76161714182951834,0.77789527645496426,0.97264662517651623,0.81602362972293219,0.81518252761705245,0.7676448834456564,0.84184891061383671,0.6043411941090957,0.70419671916533755,0.91646368449503302,0.79565116787448886,0.83676881762285105,0.79887404701130982,0.80456187572072202,0.80295662997316264,0.73648626136510442,0.79674127891303437,0.65047061107209392,0.58317046622844904,0.76336981959300532
0.60452068557551764,0.91686008769412808,0.6188586539832116,0.92875512862448961,0.92313534229596184,0.77483780659096613,0.76866723484678356,0.91640296002424459,0.76591365877242457,0.81591162930672367,0.73733051677137895,0.77490525250379205,0.71092417671629771,0.71834974054907863,0.7919530749287842,0.77063289629482778,0.81395001704546222,0.78416684692569938,0.83177554177886925,0.80105487668318187,0.87695751779520459,0.76842881108763572,0.66841852485513575,0.56484342945798816,0.78648142489059836
0.6477795415420281,0.92220748375063222,0.77582968169548516,0.89944707915620337,0.88350312072627057,0.76599938012748192,0.76449434899384228,0.91114348689627356,0.7993108966291248,0.81261680394000446,0.87336653170348855,0.85154047972412816,0.56394129729309084,0.64306044545853613,0.78437451637162281,0.82903989551789148,0.76711818800648557,0.75396517787099349,0.74934345810325176,0.80520736051678266,0.80679297883303691,0.77275932616320964,0.74336973817917673,0.76306587914794133,0.79943132840210729
0.75154179846841829,0.90018629711171572,0.76743137272904061,0.93007829300784484,0.80947677916014704,0.72469290917455309,0.80032063847886481,0.90687071137339581,0.8033653345834072,0.79047415232733864,0.92043859671790718,0.7595831566395076,0.62145859395983072,0.81474911396567851,0.80481408678457889,0.76798661683760183,0.79315377569855716,0.77221964381078934,0.90366184363513602,0.62155876304815671,0.78706587604031175,0.92659750142407915,0.7770287840687643,0.8037333525263155,0.78784936595424748
0.81306323605528696,0.89429642697743106,0.7590090917976946,0.88625312032041914,0.82122048348113075,0.86008928597296896,0.7329397206829853,0.92539296271893212,0.78327122742606858,0.78940477021505662,0.82504284980800335,0.7609697946814874,0.63719414418858933,0.82257966312178654,0.78361098092127535,0.83402806405238283,0.88251134932386044,0.76532064721916393,0.88184974428927354,0.78007803608911719,0.86468612945769463,0.79850493626691688,0.85128191634217754,0.77200460852641628,0.80066831190485488
0.79355026519874838,0.75318717756150233,0.81683023030111901,0.89434605496649722,0.79441018002030817,0.75642189980655306,0.65393470691697875,0.99549546625667373,0.78230183325383063,0.67508175363332945,0.77694289308413222,0.71495682564145413,0.80047457269234779,0.81597122084138674,0.81910087350055993,0.79456170412199123,0.79061765160724196,0.86263285575763726,0.93719016114820664,0.82563001742963704,0.92328774760976196,0.81498535619939982,0.89860691083915545,0.84290323883324725,0.78113463211610934
0.80402644304592819,0.75789673458052464,0.81693900125708707,0.90193750233360737,0.68772290359559607,0.91019053780354076,0.7276366245084519,0.84006715281076549,0.79286319145107365,0.6519428595798773,0.91823867777921253,0.80542099925196364,0.78517046361654175,0.79780893625438098,0.79297201771342107,0.81802010642698164,0.79432983026969972,0.85886970367016968,0.92013560061606636,0.88938353146491433,0.84673996349792102,0.93108534357151362,0.96584909730197377,0.73720574518254922,0.65584405387932088
0.80397542358163143,0.83504922071398335,0.96432022644868798,0.85892035590331506,0.67085136023454273,0.88754009219546304,0.74534426870363335,0.91087687531788519,0.75929732296435792,0.66779431791974675,0.79994725819295232,0.76700223469303375,0.80761980259372435,0.86355808312419002,0.88949483497216775,0.77865015049194641,0.77263657697510713,0.82011550207795081,0.9051367863320382,0.7828670229355692,0.85206661815429408,0.86470241293825112,0.59915154874576371,0.72299451696836237,0.74080006147145283
0.88160625006505389,0.73950781669975707,0.82882194647539664,0.7764521995786231,0.71651181752885362,0.89163441199843851,0.77206698126245576,0.88717526598213148,0.78432839664484355,0.67417133369059223,0.88739800200635255,0.79435212793765086,0.90530370662419091,0.89866571104710546,0.83662712346785184,0.82006310578512642,0.78809322546905236,0.79338327523372187,0.86853667423494063,0.77253028019098779,0.81989773252210862,0.89449918951427321,0.90138814016425661,0.75317154472284442,0.70268330326443762
0.85357034461541648,0.83332927898815334,0.69710216930049096,0.72806987204632578,0.66615266934635498,0.77093225588250369,0.66145681651108457,0.960178270220445,0.75939641080928999,0.64423319663371093,0.89600463675182218,0.79856942595204872,0.82799132409118736,0.90615608920909341,0.85298734158172407,0.78721895671916831,0.74984772856518234,0.90556517928903413,0.80276274902128542,0.72104580163389653,0.80810308583253065,0.76937433171619052,0.82167120334886512,0.74227158849201735,0.7915191291445578
0.88597679138923613,0.84637967677823034,0.6924025881959307,0.78696377690704478,0.64427659745353638,0.7641202426359629,0.71214627439499867,0.89946384042580418,0.76123521660257354,0.69890673562220118,0.76162966308235536,0.83510067602348259,0.83880261744724027,0.95186362422386328,0.7820723130622661,0.79938407629526276,0.75515285532443344,0.87850102858069357,0.74745907454318594,0.69733166913608713,0.79263667597184462,0.91597843043088345,0.9452182544853428,0.78675090519342883,0.79878974350924759
0.86263883355792648,0.77852410670358718,0.93072512272532648,0.72816064024669158,0.75112785182894226,0.8031998436690273,0.78770706352289477,0.91983425296334509,0.85617136933187832,0.81185128080727798,0.82143248156055826,0.76392466020502381,0.89853902041615819,0.95988873108063699,0.79934974320191254,0.82704175916047951,0.81938259554319104,0.90513149225327527,0.75776922990174178,0.72225769182198551,0.76740369139510123,0.82471248720531454,0.92327824846998607,0.83168530016973308,0.80316959431678625
0.95146085566297356,0.68006550279542388,0.82957687018527315,0.77063162207369962,0.66773824690758399,0.86794723157447862,0.76673598407410304,0.78700860546937668,0.8120890082843516,0.77202218124176702,0.72670470791989428,0.78776059300105961,0.86236495810493052,0.91307317477938721,0.74571397841834297,0.7767609297585335,0.9124288739089661,0.78201662096622337,0.81261842527534234,0.7428402260142104,0.78210512065564575,0.67187098304009152,0.93683993990530356,0.7404815319725111,0.77344180038086852
0.83368517829630484,0.64200469798112247,0.87265428887165353,0.7847980394924492,0.7533269957762404,0.72524045385034397,0.71849014918960175,0.81304703725597227,0.78649867155020525,0.81969245255017198,0.69770543945184915,0.82541963156760478,0.86822124881516172,0.91887616002452843,0.81694699355291844,0.83886844561589713,0.85270587646034601,0.88725895460984272,0.94967916938099817,0.67120566268364523,0.81158928094832139,0.74983624078931888,0.93550362554688304,0.8078382454804115,0.82857463893270866
0.69854604024838085,0.69817097387819249,0.93074763231785185,0.83185178109123226,0.64539711619744278,0.81784958407682262,0.81303492800076826,0.78951224903109907,0.87184918858906646,0.80996296511075339,0.85274027316330914,0.79921871271513434,0.82422854575214888,0.90128971974969119,0.76921279253286978,0.9864732291189009,0.90832454996825907,0.88358989911432184,0.80806629688732123,0.83158831585894577,0.81626040256752386,0.71684824479184661,0.96174118819040277,0.81234144496225402,0.76751328278924547
0.69722938017484815,0.80693434006234432,0.94473894208080045,0.88667773580031928,0.71442812580076587,0.74769594752621815,0.72539967271886874,0.79645702204623381,0.74251740817516798,0.82426509020429872,0.79170341275559597,0.80928329115798203,0.78188912779296826,0.854736070189418,0.76227929253412963,0.98038901494947306,0.87084770797982469,0.86659047203306205,0.82294294507165588,0.83664540053609948,0.8092178587598865,0.70879068763776099,0.79621936749289546,0.79408392609977152,0.8260691187193886
0.81429533038732937,0.72215310711801384,0.90025243891738094,0.73624124352825693,0.77642275099180957,0.81053944862828187,0.81130694378215751,0.88553970325727305,0.86774009790966733,0.76833341668772859,0.82040898297127263,0.81017680721369567,0.77136771168205531,0.8232932306088584,0.74718836298445801,0.97375360287767798,0.89776557994729544,0.86460597943677375,0.83247227592569073,0.88069552754030356,0.82587088915135021,0.72127950810719299,0.79452622695203123,0.82701715411679977,0.8714017777786669
0.83283898332065054,0.68326169796471714,0.88302442594336461,0.73478804694153876,0.82400145636713895,0.80634409997096479,0.72793558031860317,0.83077239717023554,0.84456585992696132,0.79022401406051002,0.84274302276434876,0.7957803557906058,0.76140598020479433,0.79637940139885743,0.78159286024672636,0.9832988924976569,0.8860476907226662,0.96718138108451457,0.77697738259934057,0.87347971312640704,0.79906781492984691,0.69701252098564692,0.83872818306994246,0.82739827541884359,0.91274118869686327
0.81925823263577857,0.73504969638013695,0.89378015598489247,0.83201363595806721,0.81397063385915347,0.76563500175100896,0.74679720891304491,0.81321627704355159,0.85241407377283629,0.83490498161555116,0.88967153707125701,0.77531676312283559,0.69221492400400908,0.77816769024570198,0.85821180530699881,0.99240259402438857,0.96689575073745826,0.99177238771224085,0.74525608315132685,0.82693599499227555,0.87178383524443437,0.89441520795404528,0.79415794541288709,0.85935979116866446,0.8517025566276355
0.82511926734433794,0.81029505579864514,0.82617992366059567,0.90420218060482394,0.73679109475348359,0.76523471132868404,0.68400535410508378,0.89901374991195482,0.75320847624810883,0.84587552031769397,0.83281997005197939,0.84222066817960961,0.89110860114999813,0.88946356263599735,0.78267116056979746,0.94039880605096315,0.89067306693405601,0.90755326162409411,0.76955894773259459,0.83505837763822133,0.80919378270152664,0.84516664995137669,0.78804014865089644,0.80409492893375378,0.82817499682768025
0.83553982909605473,0.80408825649333515,0.93507949530967016,0.73961277896416078,0.81137251459360704,0.74569682141851823,0.73192183241383935,0.86083419164613784,0.79836357399746227,0.84518129901054784,0.85406802369828172,0.69342965701206216,0.92289754099033949,0.81539660107541445,0.79461413880983645,0.97075254020851687,0.86730523154661709,0.97152705618749946,0.74873089631994438,0.99316664377280128,0.84328661218336654,0.8110841947847599,0.87405457016527255,0.90634452446502001,0.8396759863557901
0.84987530397750588,0.79042552338169403,0.79511241137438982,0.81500087641427132,0.77374497266033349,0.79318657899530454,0.72605293960559658,0.77459904183808548,0.78966524536601401,0.82328718321902139,0.93765044684306031,0.87546121927123111,0.82233798590405494,0.73129770417525874,0.83928085958780807,0.98254390563293204,0.8238563425907991,0.94524458631516395,0.73459372391618982,1.0064975642062723,0.80621006854676169,0.91502451589038525,0.70544344847713547,0.86408171028461278,0.81886733120380761
0.85930195483737082,0.81051392790755339,0.79403224982025078,0.86334242812952033,0.80655457879974946,0.7891837333204158,0.77708606222343679,0.86977287126290959,0.83351204414988533,0.80498631707462398,0.86824879935390131,0.92159137683147385,0.86634155225818155,0.78822875955245475,0.8842968637347306,0.9248294271203954,0.8365755148452505,0.85476056981104731,0.79346735415574443,0.92215157423411143,0.83752528784940794,0.86487594007162527,0.8974257197009311,0.85569678348312361,0.77462802355585114
0.81778775407734017,0.79226205173898523,0.7985992306511388,0.85727304137726767,0.78929853528032801,0.77834227176721726,0.72562797666120737,0.82469139842666483,0.83366493793627106,0.76373978284842503,0.76301541298850861,0.94811492642667605,0.77870756385003315,0.8384177385985464,0.84982673225877492,0.95517738000742225,0.80494845195189657,0.79746031741624679,0.86861939338696403,0.75000302677219433,0.81325587074193828,0.76051813350546249,0.88564142656311484,0.79035421718786936,0.83498039316898387
0.78647012082879186,0.76864355810410367,0.79039255250390528,0.82701502198297816,0.81274252496231902,0.78384675147597682,0.73807478367527979,0.78930554505881922,0.83386511990669532,0.77693628071211884,0.7927011381237854,1.0102842010463877,0.76735276789686446,0.94996633474575354,0.81772765487334498,1.0068734408637978,0.79788532119367894,0.81924349354476655,0.7866745277003746,0.86788324449880927,0.97887726187207114,0.69225988974861763,0.83563706598144516,0.76434411808978664,0.81389024045811931
0.7713855342699143,0.95693942438184243,0.82161611265815182,0.81672728104652004,0.82188500618246663,0.82538979959536618,0.76932472512082539,0.86529351804662757,0.84233750002590124,0.87295539229301777,0.88639838183233044,0.97184618275994938,0.92806650423591119,0.88909103444381632,0.84984164358879333,0.98573275768308066,0.84103713606648256,0.80237549214708315,0.9004179931421652,1.0268874682787763,1.0066893306529026,0.71836972560546697,0.79265300006466377,0.91722905179174175,0.76856739379337702
0.8482404860400844,0.99448790381786145,0.84429500199133256,0.85745115964715268,0.83150975195671373,0.95737226263459119,0.92659436265502482,0.84334913292395186,0.87095581890448281,0.77734393002230362,0.85322845071807019,0.9605868998207453,0.95051849532444366,0.97343354630017231,0.88098577238556475,0.97316463143051368,0.77934303747053701,0.78754650319432873,1.0298195343136554,0.95081269032910065,0.94887738847940195,0.77073794308207477,0.80834504479255598,0.96886922158288935,0.80091446691985091
0.85447636573339225,1.0106375380413903,0.80715875658806024,0.81987643181542968,0.81402302672265536,0.93156748478548979,0.90643523491891786,0.84236534093425497,0.8281795312875303,0.85028472590602122,0.90946646580570589,0.94215376341550605,0.94828729359943509,0.97635303842476673,0.74837305815200628,1.0230401358585259,0.80286138831775578,0.74025693853708274,1.0196271151420362,0.96357180209259086,0.97256587359931479,0.78208670212659104,0.87359245503874905,0.92543605271366158,0.80756590493938385
0.79980266204996009,0.95176093742809442,0.92247604695480201,0.8051282708350721,0.8018429273023957,1.0239545971599182,0.96339617140382361,0.86779620319948148,0.85477308649161676,0.78036950674889938,0.92693518858190238,0.91970238740946297,0.93895177729500323,0.96140481517455945,0.71153571093664369,0.99745082026471743,0.82488796548774923,0.78591451558981051,0.9620756994817139,1.0006701894851275,1.0028760827601391,0.75536720165320115,0.97636866904808994,0.88917787070360543,0.79382946505279373
0.84753361001616789,0.96704496184098288,0.97249644896417242,0.78138977697358947,0.85595921070245695,1.0010966247992354,1.0400794550130938,0.96290092513065773,0.8393678408399593,0.77197050435856418,0.99307344290984845,0.9552450060087524,0.76311632980592059,0.98130457407474159,0.77911418888876283,0.91162079630293769,0.74629543270010978,0.79646373822608785,1.0757806414350479,1.0159516850932517,0.98012068580213096,0.69368816579857384,0.92514245211839652,1.003523489804885,0.98175431416774073
1.0447527385249522,0.9353006219505724,0.9704223116918711,0.82276001790708564,1.0085922680637225,0.96833713171052793,0.93998072185101067,0.93272247785594109,0.8228500664165731,0.80643854708052909,0.97842540121701449,0.94501681804565263,0.94849263827277652,0.96667541309247784,0.86179951753992778,0.92671214589487783,0.8199443540148893,0.7708556707911618,1.0464599479111083,0.93868623793731398,0.97187853885205311,0.95018112139877942,1.0328207537244591,0.94147353421266189,0.99287029943610094
0.9859402950556303,0.96846005203380225,0.97415040427909694,0.72343607685495792,1.0420547436425946,1.0005441375845416,0.95661612902834159,0.89636873395003558,0.82408363303372534,0.94449832842103787,0.95267582524058803,0.95753535196463768,0.93890174731721188,0.94614545933395533,0.84483006823640494,0.93895815060160681,0.76477701915074658,0.78898484399488489,1.0367644312597335,0.98082922610562628,0.99306591006894718,0.93913276955109792,0.96741501075360126,0.89067809950255838,0.94848269677511066
1.0154084710285523,0.95778955515637143,0.94479342109486586,0.79394285773946882,1.038872824129498,0.86721829968755393,1.0053727929150522,0.9316738761591411,0.86511883593999761,0.94711377885382442,0.96277976156782452,0.91123218730255995,0.98262389688546348,0.97476644103250965,0.91221690743914685,0.93189056949971261,0.83167992515957201,0.91271633555890719,0.99970154622357699,0.9609913784657429,0.96700310038164861,0.93777179742787931,1.0003184597154675,0.88531041015454948,1.0074963614794568
1.0106580625394366,0.91863438481585535,1.0186479936514168,0.74226810603828208,1.0491261818515272,1.0199465729098358,1.0174798584987614,0.9968140860739817,1.0040265590126405,0.86423318155695317,0.95693627840269491,0.9481706843001585,0.99740444944830042,0.98618057321036556,0.95345828157040691,0.90874478719115204,0.95707845191866514,0.91475495141735319,1.055221507531833,0.93499606163672133,0.98328943379068257,0.98131583429093461,0.89890252979047636,0.91718747105430964,0.98837616551566565
0.98790108694558665,0.95366695511022292,1.0261039091080921,1.0529927674833048,1.0417386573215375,1.0364389093429018,1.0302614346180101,0.96478833394341823,0.95593833758201552,1.0258342401583782,1.0300090112143345,0.98707903165843802,0.99357105506930377,0.94863927073675391,0.85034998715205135,0.98335425417493649,1.0147138398517757,0.88994814564980673,1.0364436012836622,0.86596539635568048,1.0251988680862691,0.95124048985403498,0.94805938510013865,0.89424761243452389,0.93602586904150764
1.0061814736057304,0.99342100566771641,0.98232888266837559,1.0452580154948188,1.0651571680303029,0.96867204769169768,0.99835963804131822,1.0115804104642048,0.93974513668130633,1.0120313097954585,0.97967192392214519,0.9426883790260101,1.0143181158196559,0.97940020456701027,0.94752181383296918,0.98621212707751449,0.94626288560882554,1.0992205484475637,1.0049256828566693,0.82113669077140472,1.0039540422319073,0.94229999824371247,0.96776424809907158,0.9311743106710898,0.87061906679035539
1.0084234057411929,1.0025936284476855,1.0402642867718175,0.93912330550545442,1.0192371936600531,0.93286216194285509,0.98530281829493371,0.88935698813195851,0.9312977208331763,1.0082742892337799,0.98900319645453227,0.99601342014403338,1.0382697825233969,0.95245718304068061,0.90019706500512875,1.0066350005598292,0.95769060894467939,0.97286922299586154,1.0004209532554633,0.9432345096812268,1.0218266567648571,0.95367453763353283,0.95773292673797394,0.89761330999914224,0.96742793562814544
0.9730718129436956,1.0128592963250063,0.9837355739771263,0.81612577094054606,1.0330677885259676,0.94782877827139811,1.0325265404330053,0.87612238489582728,0.94016430195790435,0.97840527494252894,1.0132632740015963,1.036782784827323,1.0205219118671633,0.99003112076659183,0.91486570400314082,0.97220642697254078,0.85460636508354526,0.98863309450710146,1.0148582716217502,0.92671181370450395,0.99696306907792731,0.9946379537616431,1.0066597918458076,0.97418338610845656,0.91227128055813422
0.93145683025704784,1.0112293805505284,1.0370219734870401,0.90989670387270738,0.98975217755795575,0.94256804399367566,0.89775406783795819,0.9216200072584122,0.94226711751320447,0.94568924958916167,0.93775258228775626,1.0068988836609907,1.0023727596151213,0.97035295608035765,0.98952528914759519,1.0471161668928715,0.80954038772163939,0.97320951553736423,0.94941057145198038,0.94871392951495503,0.98585984073714772,1.0022367295289241,1.0412880772834978,0.98374980623661856,0.95561202017111369
0.95878105878628883,1.0348654903676022,1.0021569505339134,0.9454178790379999,1.0517131294373749,0.95876299322591219,0.99423502806425867,0.88341475157511129,1.015722373231905,0.96255746712282586,0.97425886182516297,1.0279920950063135,0.98424791391504218,1.0177490479696669,0.96971039488294086,1.0119306298637458,1.067541685567639,0.96933714412102612,0.98030727126875827,0.90631896004286572,0.95709908730286541,0.9575372032804188,1.0250543476399965,1.0399498378536465,0.95176623248629211
0.90441899047620633,1.0043786320703094,1.0197568930425289,0.85692366497043249,0.95309052753622414,0.91574368029469666,0.9876216023480453,0.9190501060070605,1.0606686136257752,1.0025964211421243,0.99153285910512856,0.95924328791815416,0.98991416528260368,0.95497443534089343,0.931128832139272,1.0411398676079242,1.0323795798747595,1.0005987135186676,1.0008116047422024,1.0112156539911856,0.9869313655612697,0.92745170823270839,0.9944228049187358,0.95303598890803498,0.98672269099527243
0.89456215487316837,0.92141437226570755,0.98478793222912131,0.93622545721810613,0.90910789158875571,0.9787480116172349,0.89601562362357179,0.84066252924813212,1.0418517201009889,0.92418764497749128,1.0071162638859168,1.030504802492022,1.0248582412529967,0.971436280939175,0.91969433700017422,0.89913585893438952,1.0888140782891114,1.0338676381229901,0.97568320178488477,1.0298131222288514,1.026664472892977,0.95979212111490519,1.0537691238101874,0.92175453338977953,1.0350465924677219
0.99024390216520819,0.98947426721217446,0.99739302101761562,0.98555758212246136,0.99921386433769044,0.89690746297864421,0.96229458417407021,0.91992656558424191,1.0507911180310447,0.96543219253483081,0.99553507726096513,0.86460352884791725,0.90592274933643158,0.99771643931695386,0.97796547848367521,1.0266730598343377,1.049659751363899,1.0127198061381375,0.98015340942527895,0.97044291409065508,1.0121557588224397,1.0143206548718464,1.032157389232162,0.97979925568176196,1.0724884587795211
1.0089950256756954,0.91951051735825706,1.0487337625858515,0.89518241707983925,0.94728225292613499,1.0103441393698895,0.89278424746589158,0.92030775073697224,1.0557573057974194,0.95595117007309449,0.97638005598100774,0.88581907955382133,1.0066860451103745,0.93216794943737213,0.90409237808950838,0.97585031589082782,1.0204662210712281,1.0036382896222227,0.99291537688479303,0.93326009754231265,0.9468044024613661,1.0127507678543679,0.99331358044783158,0.95836716796313448,1.0413283246506491
0.86354970694411981,0.97163024297586331,1.0126489226850768,0.88158792829865573,0.94803877251430246,0.89965401701552128,0.94862807294952722,1.0457472056745547,1.021336089402243,1.0601415803573808,1.0371401338112103,1.0422031443703095,0.98913545595700625,0.96075903048775679,0.88934574926446941,0.99888132951002762,0.98558096950794316,1.0230231876788336,1.0192473327418732,0.93420855247868217,0.92397061914303769,0.9807683620549138,0.94595656953436302,0.94599326991212263,1.0197862052302356
0.85676332280194722,0.92970608860280701,1.0378561434750879,0.87987785252010131,0.97792056469581357,0.88491564251411792,0.94147600698774914,0.96960507209485813,1.0471384897071894,1.0329456870753686,1.0246796072066673,0.97026217246784197,0.97233384755883812,0.97416110388389776,1.0166027077203281,0.91217487348857162,1.0621125342342701,0.97552363497834915,0.92683590487392864,0.88498400686678003,1.0052550339040665,0.96726922702607887,0.96446834838439766,0.98452563737033627,1.0135967707492344
0.94084114402046548,1.0090362978493044,1.021634293380133,0.96293248587971536,1.0215382270536135,0.83084116962386856,1.0084530629992348,1.0292025561101865,1.0368884505427574,0.96582016440028706,1.0111314790266661,0.90972318902537885,0.89724554769220477,0.97625136199114682,0.96797272693786096,0.98814185981790414,1.0497005232558108,1.0351579637227863,0.9412193553600372,1.0036862286546566,0.96403038342566283,0.93918462663765812,0.99885823114430727,0.98736174701740154,0.93880763419790259
0.95985650230501107,1.0193397685405612,1.0317865269872712,0.94142137194916631,0.96536683156466485,1.0619850878229318,0.94215418107115667,1.0173659738370342,0.99985521869661631,1.0553954305833064,1.00374204111085,0.96566127241543331,0.90631230735266421,0.98298817143581485,1.0297919726908924,1.0230433119546805,1.0229201167931823,0.95884029170409957,0.99000435663144393,1.037694743996193,0.97881857023712948,0.970173564470867,0.94944062777079508,0.98573369614401751,0.94483273011305313
1.0119254859597258,0.98331613391327877,1.0430343695043509,0.91632547590886315,0.96571056943764733,0.98616705852476816,0.94549781241480135,0.94534362270816741,0.87263842561221672,0.95315347136576445,1.0464804566708408,0.94865078364735833,0.94814665591667358,0.96225181860190445,0.99417475790945542,0.85886532413715966,0.91945274772917107,0.99507981087050712,0.97451715637211211,1.022744841199805,0.95427406658956138,1.0071222885003415,1.0474382270873399,0.91972476695456162,1.0335592302940135
1.0215028486231514,0.83898530345036326,1.0388651846558867,0.92581758217017751,0.99251477113943076,1.0463027653209307,0.90188049211664101,1.0139499186322343,0.91790204819794885,1.0805479885637235,1.0303660623441535,0.99481293036433638,0.88708502983554949,0.97930142432767131,0.92874240556440357,0.91259851767567635,1.0383061515356324,1.0537694196936167,0.96908999002947827,1.0391362968099429,0.99136845095747206,1.0260254636603297,1.0047540672152937,0.98252599166308197,1.0668624321679789
1.0012862329816745,0.92178788598279993,1.0195999623400573,0.89048800501633096,0.9873767442204916,0.99741636470459027,0.91877770998941144,0.9712083745499378,0.92694902133291501,1.0794721678351606,0.954820466755813,1.0434894130249288,0.93970424022932786,0.95988570975696241,1.0124233518613341,0.98000813646468354,1.0105427073336768,1.046757065045764,1.0337161500215908,0.94602646096777898,1.0518541008646862,0.98789917246258718,0.99184460870804825,0.95105386253161472,1.0868491198355614
0.9538098510592532,0.89067699272868328,1.0930473017229623,1.0326587074056375,0.95079110334429173,0.99783933627130139,0.84572971140118247,1.015560740474597,0.97307309239304796,1.0283712119696617,1.0472917693351214,1.0177776919235237,0.89508677874561171,1.0053146344314834,1.00719426501228,0.99711983537506665,1.0038827332060978,1.0241587673650743,0.97485117799470067,1.0835497484678605,0.92808475591246287,1.049568247263297,1.0245084905759312,0.97974325632646664,0.98142473048766798
0.9871028857088342,0.90366566343630872,1.0463505681718985,0.98447011909668602,0.97528534612893125,0.98716221937038917,0.9154433798782462,0.99197614207698592,1.0040617664329206,0.99908589005341109,1.0161972451206029,0.97833969757152106,0.92934289092889388,1.0253721480360343,0.96822562570117809,0.93541766692054151,0.91552381789031223,1.0233405472636683,0.93923517655572542,1.0436270308774529,1.0322099203113215,0.98150564257014306,1.0621126018115878,0.95261882929288122,0.93705713452744477
1.0353987452123681,0.92008044147873325,1.058074578062467,0.88023774886126038,0.94933691713557145,0.99384828972833017,0.92181205711961778,1.0018727034481332,0.96332259036466128,1.0068831739703787,1.0295456938848795,0.98537052036464723,0.91513047129007763,1.0072713802760251,1.0028925233566641,0.97031021500921177,1.0318284258845989,1.0293052488177172,0.91956090424111325,1.0245024626413413,0.96567246357726444,1.0563112069891736,0.96581148652706594,0.94579354330612897,0.97680353343195692
1.0241388415662347,0.99311742876784281,1.0501486739217554,0.9633603158610845,1.0462809439327554,1.0086478631245261,0.96374555365512671,0.91096654364833374,0.95219858375621635,0.97095067563910564,1.0174697986802754,1.0877101030640601,0.90167330063177009,0.94447353213855445,1.0388876409505701,0.99347350170779114,0.99927769933267552,1.0121442307545365,0.99438049469756906,0.99347666304686244,0.99161037025812337,1.0068898648279581,1.0304353870833953,0.99788106864872528,0.92525204177996478
0.94586058291681419,0.99983867583497243,1.0587813026798154,0.9558417266207907,1.0072433975518382,1.0289790183532572,0.99012272293012837,0.91292337137507318,0.91696222550710049,0.94346267288886532,1.0148349082041561,1.0653612868270699,0.90046337066555593,0.95841037900017256,0.99177439171152981,0.97585720594069181,0.95512056452455363,1.0057954414976042,0.99730842422299615,1.0637359857758106,0.99011009882733092,1.0315910356333189,0.9811511407337381,0.94212972713980048,0.91900529227707783
1.0586938399685213,0.97875617460595365,1.0356820711046399,0.97964010661585688,1.0021993877496334,0.94320428196393913,0.95129108833106601,0.9712913792465877,0.92732806102472909,1.0179379851311896,0.89984614076787739,0.94103205920838451,0.95526555459337459,0.96175055097281381,1.0259374570068567,1.0466267990423965,0.95815857917291025,0.96167855052567974,0.91975694933365004,1.0083532252058107,0.91557723892779452,1.0046300791250309,1.0056887044752743,0.95940896485367666,0.91083489680906327
1.0337304505313369,1.0334587950142033,1.0261934039393623,0.96842871017711585,0.92674283304402827,1.0077743681437954,0.88279480954599088,0.96669563606089337,0.94211516050660371,0.99768650463608888,0.98062436036190503,0.96925327729034882,0.86961707964720192,0.99890304888189274,1.0322973002848628,1.0376054848202561,1.0578343393739778,0.94681979866760613,0.96406912255524591,1.0412148619563446,0.89278754008756356,0.9987919238362063,1.0382354928793593,0.97552179121782523,0.99279049855266877
1.0751596034498934,1.0041585337974019,1.0463812286280305,0.97307408241855453,0.99236226291459106,1.0364012730703751,0.84189401579740553,0.97832690764073948,0.94614864889120065,1.0803475026106886,1.0531813186511059,0.97030594884611565,0.99661141409605736,0.97196424223954969,1.0219005443782687,0.99285123765802863,1.0603567852023064,0.95572194477823758,0.95564315730435856,0.93410158130874021,0.99334525480193825,1.0129487634751118,1.0031451034149041,0.98053413873756234,0.96886684258478417
0.96045847808607199,0.94224122389606524,1.0531018579957563,0.95322258032227125,1.0235892253768302,0.958534966732564,0.9063430801274005,0.93721812040334351,0.91580384002516979,1.0808903875646971,0.94802031580416835,0.96364305162720743,0.99279378511840588,0.98851981014699175,0.92807980798186995,1.0186903218886898,0.9795894777585229,1.0136286297781616,1.0026687742384162,1.0395905664985672,1.0038369971683976,1.0000552012198456,1.03790208561068,0.99766345167602877,0.87852619749386807
1.0073050867662436,0.93721207994092615,1.0457499169858107,1.0087845477091151,1.003584837472264,1.0004836786987121,0.93838707776708441,0.93389995625471511,0.84560227394513954,1.0524935795592028,1.0271185311153523,0.96507409686575396,1.0450589185179988,0.97141871445017891,0.88151758586696816,0.88075162297190235,1.0174180163788122,0.94405385283493104,1.0049532726889154,0.95928197854823216,1.0466285293414743,0.99354787876745543,0.98521851310419206,0.97015127233320497,0.986525182898221
0.9723931770798997,0.98651829152109904,0.97093868953517148,0.95421379095786718,0.92221594079147973,0.99474558304019844,0.90723206158985137,0.9849621628257863,0.96940740450144602,1.0219417514398017,0.97520135007882069,0.88402505997956149,1.0300007485296643,1.0031349723560805,0.9613816649588226,0.99729787393946434,0.97044846785852268,0.97985313732320889,0.95623549143441278,1.0157228684963089,0.96179642982176639,1.0023604854447956,0.94729141441864129,0.95666789622158432,0.97182315156487487
0.91456206703369636,1.0174798674456569,0.91751353508232691,0.96852348904257379,0.98960039969364888,1.0657631630183166,0.89879813022182498,0.93057074448976629,0.88713173404452805,1.0236497934925401,0.95263741267929258,0.7847940067096264,1.0104649256981204,0.99856576858950707,0.95181017443698646,0.99762380561460073,1.0411599103273317,1.0275629680670688,0.90247434777222812,1.0138805839626606,1.0147261246734904,0.93695337610543739,0.96227169797572765,0.967919493989295,0.9165250553109634
0.9780029312179781,0.99582184619854119,0.9743022155347566,1.0063455714023128,0.91242958127528773,1.0007157735014596,0.97579867304041257,0.97686673761397014,0.92151662478479868,0.99618437106065272,0.96955406090868546,0.94259572395041746,1.0099831547107772,1.0457535808609584,0.94100911367659845,1.0241779302763709,1.0241970762503747,0.94968397769428869,0.97198945047707064,0.98292287436409509,1.0012977325866956,0.98734444132197408,0.95817024216788971,0.90508763064760533,0.93304233819509363
1.0040220982109174,0.93415836704195665,0.96046537050653269,0.98877911526503781,1.0036938349915419,0.95902918264090031,0.96590256903592875,1.0855840093810285,0.97700378218806738,1.0060594321659817,0.9611520211071255,0.90934080455995581,0.94894495449995553,0.98013753011652682,0.97065396329366638,1.030396502208005,0.94897165681805651,0.94571118918876618,1.0145633008383841,0.94817901705435714,0.9545496839263673,0.94412822334839142,0.9969474845520655,0.97763817631963046,1.0047772097003238
0.98003387498933914,1.0196777134990525,0.97355766239762354,0.94664573267980934,0.96681082649400563,1.0577449196351221,0.94270138033386952,0.93269728384908823,0.86899405578544531,0.97594210101186607,0.9500471675892177,0.93331148141663212,1.0270186500386878,1.0252201859601475,0.93383214671817827,0.98932635454385431,0.91475623479842705,0.98000961452398927,0.97882811806001224,0.97507163974166189,0.99373522425825511,1.0044965019648124,0.95692077458319069,0.89021769286619734,0.92656780943741091
1.0100593219425473,0.96071619134817066,0.93637026431917825,0.97438539795432066,0.93081114744374782,1.0213677776467629,0.94818231732916158,0.94644341157356948,0.90059286099233737,0.97300116505452716,0.93051725559502951,1.0241161986098135,1.064056215143627,0.98886051909778938,0.98483728300657036,0.87204767001718098,1.0610157136632901,0.94551576411126115,1.0072404937620649,0.93579791527747114,1.0242122474783317,0.98193588815752264,0.96297616613374737,0.99176089461318073,0.89608734517884037
0.93796235686075313,0.92365154289172235,0.97980180626297542,0.98929593781340663,0.98143187098146667,1.0340378549024709,0.94683331081650246,0.95929797728303234,0.97524849804833103,1.0119562026394238,0.86348373355070229,0.95802711976093802,0.99068918646723236,1.0204252738238795,0.97449514368680823,0.88044572906696561,0.9854178618420526,0.92130904040277639,0.98621727481249599,0.95583594900575619,0.95653369056149917,1.0281680276271676,0.89962035805420604,0.9635755123021259,0.92317341771564465
1.0167225336746586,0.9535258603475999,0.9849121043032355,0.97491259035735933,1.0608891122152988,0.99243074434081624,0.9301771986731634,0.98333583957451143,0.88312919197487294,0.966267937855114,0.95313242700857426,1.0215516232678872,0.91628241294167467,0.94994008829793553,0.93780031864133262,0.99265778567917762,1.0422498932003712,0.92779532121552999,1.01902984523047,0.96647519739065801,1.0067792587745403,1.0209468891303326,0.98519691947096,0.9115364008353628,0.83577913806515913
1.028961598695747,0.95082514379128324,0.95877138979952159,0.99329225265879195,1.012719935076011,0.98435375751737153,0.9899895661847059,0.98509574229734975,1.0113661434411818,0.97833048433878234,1.0218482988731035,1.0085722230755383,0.98062540995918168,0.94319921479806967,1.0097077925598559,0.99035701160087108,0.89684802462206004,1.0166816090419495,0.96248879643906315,1.0056362859335901,0.95516896302416499,0.98574249944286252,0.97835398905426918,0.99082040224242351,0.9641204632515199
1.053880418550502,1.0041177517708963,0.94096510423329971,0.97000980343473142,0.97771840495672846,1.0166154859333345,0.94984954042960423,0.97784340023192817,1.0205432513304182,1.0065273945257185,1.0060504506450023,1.0600562019299453,0.9067448312962294,0.93824520766406228,0.95970211299945807,0.97862875185294218,1.0393995786217431,0.98295830055228628,0.92693462538202376,0.99778013354580442,0.99599029779082848,0.98372479111026567,0.95686321600938418,0.91923452151685148,0.9928758214695661
1.0114833121549143,0.98260879687984171,1.0115704610788672,1.0107559300203153,1.0468007515948912,1.0581433091493508,0.96360286097561887,1.0832181910608654,1.0138782764170142,1.0361267764980389,1.0453239363669071,0.93486324109005048,0.93652464657693602,1.0055427055748025,0.89272461906361267,1.007686253550593,0.98292188649594403,1.0409898692947532,1.0041293888991323,0.96196653131689813,0.96971601737354374,1.0547567214201536,0.99896166070365999,1.0054431651921349,1.0165039797611823
1.0587130549891155,1.0285442575122694,1.0077546287320642,0.95486396510239657,0.9996948335854231,1.0362710733508889,0.95342799471108242,1.0678837825483094,0.92689986988748885,0.97375282316253331,0.94011660188326396,1.0566480303990602,0.95721467601485422,1.003695059093374,0.86059634510756589,0.93981563205762264,1.0329246032346691,0.99969206955933143,0.99152139621505997,0.99677525177660886,1.0094042096237255,1.0445133568415852,0.9917586407788237,0.95374711590716421,1.0168849402581208
1.0342538804438051,0.94115096532967346,1.0259289583598006,1.0098403338668982,0.94507624820010772,1.0013557383523009,0.95871292798079955,1.0478329252895804,0.98197627835475065,0.97837424800368733,1.084096671676217,1.0272301617402959,0.99162404721562714,1.0166820130014158,0.99303937378872364,1.044492698712886,1.0354322934355509,0.94018605643147179,1.0135476132857231,0.97017925900101865,0.9508295094731668,0.96323586199359745,1.0293599358787366,1.027414432446214,0.96275241791997235
1.0375848661352867,1.0325600466220148,0.97851307009262622,0.96240001923184026,0.97210050045000185,1.0037364336305379,1.0093885817180408,1.0573110356975892,1.0544805106820896,0.99511838271486031,1.0642114945983057,1.0188535412338215,0.95891507212546723,0.96071126995275391,0.94591790892815086,0.93288624701110623,0.94346326432184158,0.86777649276452229,1.0389534484365461,0.96113807721057487,1.0289571241334847,0.90653652092351933,1.0242616412734091,1.0679760743264235,1.005768390276043
0.98634142630624111,1.0438401761110971,1.0214223376734359,0.9852452133653492,0.99296177177192058,1.0093902103777113,1.0209042790397214,1.0382278461882823,1.0065753377479019,0.98060483537461474,0.99550407493907744,1.027322268602568,1.0269594895148133,0.9918293281037236,0.90244039820971,0.85275988779815548,0.99370654497421151,0.91387633996042572,1.0394534126433697,0.96540494549250355,1.0330116706066705,1.0102210085547754,1.0211423601901488,0.94219561422416165,0.99363392169195397
0.98788591925232727,1.0180201537304412,0.87925258296178133,1.0244111010743864,0.96522194415037621,1.0329549864443206,1.0326344041600672,1.0006224686139924,1.0439731144828517,0.96584377389222131,1.0052592840603816,1.0403937253664102,0.95633090178172475,1.0358690942317597,1.0118831935877339,0.88347971531502578,0.97096429524865879,0.98660539036018791,1.0364970303189693,0.95876116286659374,1.0553092199908818,0.92295054410980959,1.028845408429697,0.96307640368855274,1.0262564678479871
1.0109118418969569,1.0293739108217623,0.94214389934210829,1.005413021806786,0.89856906861408226,1.0377322291536448,1.0346300300023481,1.0319997837384303,1.0064642743994006,0.94684243984826999,1.0273207079653752,0.9924450868023289,0.95674572686887671,0.99336753681052314,1.0439389112266164,0.8310821169590944,0.93294996205518688,0.99942117590647694,1.033823459312025,0.93832049812429486,1.0415017210461375,0.90703495349793473,0.95379253666473529,1.0218124879240136,0.96990483643659242
0.98340918015653855,0.85477286138404684,0.91387059159416495,1.0363861533147736,1.0663807197362292,1.0428844133016619,1.0464252564559051,0.98162666259832643,0.98043632357601629,1.0154568684515874,1.0573736573162682,1.0076151903337867,1.0093603389612198,1.0399306420576828,0.98810932861521894,1.0107382697893927,1.0172216957578113,1.0066278433221438,0.9687574565244671,0.96906565283913371,1.0628038092007881,0.93476148660399527,0.99492658834512893,1.0139142483413368,0.91893725146893512
0.99971174569574128,1.0692588177989935,0.95392827635155875,1.004575764329414,1.0480424112767353,0.99775255272709773,1.0121140207633481,0.98284185217263575,1.0273564549446856,1.0228492338028625,1.0028610891560334,0.9946599527257115,1.0473713374317644,0.9903824420573859,0.98253334626273148,1.0213680256168756,1.0227996032891971,1.0148673732898488,1.0243457369807056,0.94254181629137646,1.0847694212835171,0.93116736511418363,0.97776709270308682,0.98554011167741251,0.968342978551606
0.92695286464447457,1.0373259268911754,0.9390769869367418,1.0333838517686615,0.95794187957076971,1.0562395510326352,1.0478755497046459,1.0222509366053762,0.98811375011953095,1.0127806951626639,1.0635934211928455,1.0298861612266528,0.99589744869846297,1.0166517219331044,1.0009226638378526,1.0170606900918733,1.0375403248014332,0.97259972841503817,0.96530079968827831,0.95723766045293956,1.0176119214676025,0.98100598039827314,0.98617394470738839,0.96256105137131454,0.89319493226236502
1.00465331383864,0.95041478482592667,0.90366412446670452,1.0100531898652569,0.9738205697673139,1.0854714205128491,1.016193556405167,1.0273594992975466,0.89771316243152455,0.99736799447720426,1.0432943145278086,0.97711303908421066,1.0197359283700476,1.029548881960739,1.0079980369548649,0.96574315181838766,1.0046687213691423,0.96743401147989938,0.99143792317599011,1.0164055487097592,1.0245429327261746,0.96820607365303291,1.0106789254479163,1.0196011651973711,0.95243493546882207
0.96289273548887999,1.0112094048208675,0.94427342989585838,1.0371583664302053,0.97426343763429291,1.0002440717552745,0.83844916696844074,0.99617801443133702,1.041443047585032,0.94194679941275039,0.94315287705375705,1.0252868150403767,0.91852331926536135,1.0655830422196162,1.0276640589928039,1.0357441201708997,0.99586393308483134,1.0196726997792167,0.99556948133010781,0.9889387305985925,1.026186365803855,1.0033838689577215,1.0558263320735783,0.99045633306940739,0.95259137060573484
1.0083832799878014,1.0497474237475484,0.90421235316368875,1.0077884757933664,1.0233496744715478,1.0207333065337023,0.95770196241529781,1.0135511035916629,1.0479034158579865,0.92499797999891498,1.0481390686069103,0.9186764653213364,0.95680420532513966,1.00610889303433,1.0526189482990111,0.95987089132984749,1.0425626127385113,1.0264440043353003,1.0003233426820652,1.0430745777501913,1.0601103951894959,0.97053992451959947,0.99541534367491913,0.97205479534297612,0.95944719093530095
1.0120711789917323,1.0807511788743762,0.97367060067325961,1.0401297682845927,1.0016652347226602,0.95680672301951175,0.89822579397180879,0.96507450646943005,1.0168989616827011,1.0333936737001947,1.0012077067711431,0.95282619307540617,0.98046893723976769,1.0435974739535436,1.0083611735956854,1.0167454546708856,0.98506976254874601,0.98039815876701841,1.0153715175495899,0.99995072358433101,1.0061670967082244,1.0658404820021294,1.029120359847951,1.0439002658448802,1.0247946203974518
1.0517688799238358,0.80015945708110925,0.91741470807910763,1.0305201696086035,0.97735861650972322,0.96804217018004957,1.0066825540955324,0.98091598976814121,0.98436477852896098,1.0024755423186744,1.0073314581990316,0.96173354994101778,0.97429532805878905,0.94265171255080915,1.0440398860224926,0.97089886746684118,1.0242233536233023,0.92568041407677437,0.94655697716073317,1.037065494733403,1.02982824746446,1.0578682189601114,0.98212910984199842,1.0181974596518515,0.91657250140007995
1.0162737312256154,0.92512403079708261,0.98613511592248693,0.98187275344331515,0.97029590399623267,1.0736746577698451,0.97811185604256845,1.015722714600704,1.0218828933490025,1.0132556985298324,0.99087907357587635,0.91805554266709821,1.045370965495191,1.0164166750100347,0.98156057162795196,0.96870098350596467,0.98179702681855108,0.95366582157881485,1.0183375726863133,0.99754212335522252,0.94461671111342105,1.0497463552231074,0.91703432923571992,0.99927373753629967,0.93097915650525898
0.88516233579919279,0.94121471627423003,0.83429682624890567,1.0188762293970266,0.97917047400570201,1.0019749839264318,0.9343697249514219,1.0118076072139541,1.0494117745429381,1.0030397065120948,1.0331785217820766,0.965487046372697,0.94563940667880431,0.98348956629612749,1.0634661804394783,0.95042539163466222,0.97287871536843507,0.99361444753359163,0.98978197808251378,0.95686618425393355,1.0314846705821401,1.0305574034839151,0.98921008143299494,0.94009166156865243,0.99003016778740649
0.94531244139706894,0.98557534300600258,0.95986948560868546,1.040269746419624,0.97041209138168949,0.96277427105461089,0.96879700056066853,1.0092000870381921,1.0040006477104204,0.96482409343914055,1.0287570324716981,0.92430830798475072,0.96385679537080982,1.0359294516049051,1.0243455853926524,1.0176593907785749,0.97875192035510128,1.0339595307345508,1.0039755275953861,1.046944058088779,1.0581391641105757,1.0066633196092087,0.99894743046207057,1.0008454767073711,0.93492812764539945
1.0464263468433583,1.0087526607689461,0.97481741030773172,0.94578608698714639,0.95650317937648832,1.0650114169615981,1.0326574283208383,0.99293782155998433,1.0384884667558492,0.96013802792471015,0.97793414470825246,0.96791481366631082,0.93615308405388287,0.98110687697138066,0.97570360978921811,0.95144784833992901,0.99869107191405759,0.93751921800956883,1.0410715380795643,1.0468762978777486,1.0314428816266048,1.0011550255848927,1.0137488089081401,1.0254648107705715,0.8323381163725091
0.91407784957834304,1.0392152688229273,1.0087878996762263,0.9522031998902214,1.0294537791447611,0.9788929355597209,0.88192637998048662,1.0223458725342074,0.97510489384343069,1.0139911231791996,0.98270943492603691,0.88892266033432576,0.96748985337396132,0.86723317746907591,0.97134028820322749,0.91345579658932141,1.0002676488317628,0.90005977626074352,1.0199986256503761,1.0399765654607209,0.92563387460932989,0.98147839992554775,0.98999874732345616,0.99568475787012822,0.79703495501763943
0.99602615667939043,0.94722008313893968,1.0068717017500672,0.98296157696465325,0.93518809970073891,0.80862645609885819,0.95079734580190167,1.0087236944276943,0.94339292845454426,0.99345313279198788,0.97612769952217371,0.96290907834521788,0.96265253255831529,0.94695537072018987,1.0385082248668362,0.96926052819620778,0.9457104028379395,0.98515301876528494,1.0145863089535452,0.93155908386020092,0.94249554954267778,0.90397553877716541,0.97566752661834144,0.95818942916800454,0.87909410842165381
0.98441142013923499,1.0206633498824762,1.0119813403193134,1.0006091554493926,1.0003836524671721,0.94680115439154577,0.97006929053356161,1.016479490212761,1.0490180807060256,1.0535746935125436,1.0516571341417809,1.0130055445190704,0.9475371692564456,0.99732521005316987,0.94171462945382001,1.0122239985950261,0.92444813657272285,0.8954248818315822,0.89222967100007289,0.97713877066501365,1.0285872248407084,0.98486925662921854,1.0004957370733756,1.0321435027323034,0.85692787128271031
1.0613546944821184,1.0082984921310767,0.97551271386365024,0.91264363163922002,1.010046003021724,0.87842363753541697,0.98852200478253094,1.0531301183015205,0.96630225258330571,1.0249367295976801,0.98336199892911957,0.98930543200701715,0.8976626515818863,0.91792737021030535,1.0491310651935148,1.0337457214448382,0.99791777995376041,0.99198391031913147,1.0149197406861845,0.90437806646674423,1.0203870768066083,0.87790522853276165,0.94065735351797541,1.0294011502890092,0.87285571601375234
0.88272834968102809,0.96183088571070474,1.0230633791129859,0.9195491569956582,0.91962583110498297,0.92274187845283928,0.91745655805732718,0.99058324806289544,0.97377519551047054,0.91542857762940111,0.9035097421147833,1.0042076824865678,0.95309970066440763,0.95305245816684225,0.96776693399251201,0.93542302852241321,1.0070269120262392,0.96237735670854518,0.93605350607343785,0.94665518455302267,0.91480705057499412,0.8551099292332589,1.0178784179247164,0.98467765226789516,1.0202145565213732
0.95379284124198838,1.0737179096424521,0.99792466376683853,0.93271371685874571,1.0062305690117079,0.9724775685332101,0.9545103821206361,0.98441511871777265,0.97999567962200984,0.94803011329701159,1.0445284376126782,0.99290280962862987,0.89915479737659887,0.94037004213761943,1.0294120853699638,0.96842205254724067,1.0581134461698063,0.96153365216518072,1.0372691487383456,0.84425689097737588,0.97600384824711051,0.89584557296305001,0.97417358541714194,1.0501110930292834,1.0100263780892269
1.0064589534974187,1.0458339701249508,1.0268142241718854,0.99880500839156017,0.98140423335998661,0.99372561373285428,1.0046558862469481,0.92704488641964788,1.0358295522254732,0.99171737104840074,0.98329162010041915,0.98479295893927599,0.92439001011208244,0.92828439888159742,0.99626888364997146,0.93329739310227378,1.0513437436049644,1.0084325226651809,1.0007100369030208,0.99005294828081469,0.93159432168543854,1.0014986354910667,0.97286683851166689,1.0733372021046774,0.99841427752042944
0.9890418063905968,1.0514315439576449,0.85479618027060811,1.0154496605093102,0.96666027419884981,1.026668022064338,0.87097806847578485,0.99245495221230384,1.0350060603062794,1.0004311758922573,0.91300598296195457,1.0223452917071845,0.96087493071307584,0.91912620203587703,0.96860076853246779,0.92837322012584222,1.0070508920786025,0.92766073694385498,1.0072081672773181,0.9975825232324641,0.92896205689314904,0.9319158950058013,0.95952051533012062,0.99167621880402601,1.031876434296795
0.97256746898333013,0.99543464864357012,0.98522821817169082,0.84516499893894259,0.96740994029283711,0.95579833421989058,0.97879236078620369,0.96830859887593312,0.97351285763182982,1.010820271037886,0.95604315097252957,1.0053281609058717,0.96788570239026805,0.99263015349096118,1.0173870565066112,0.98243287607776697,0.99474641171091605,0.97610436729179428,1.0085986297069445,0.99250352075465875,0.95529158015792426,1.0215770490392633,0.96371057124491266,1.0437894611588405,0.98173178890062751
1.0351409294682472,0.95152799447161018,0.99616797145570701,0.93544105876406802,0.97738640578485203,0.94979247257388733,0.99146455794759059,1.0246266679321285,1.0234294789649436,1.0153791239257706,1.0046823443475328,0.83863318967854339,0.9764192125615534,0.9239148434933615,1.0343454144364699,1.0159877611868646,1.0471432144022785,0.92713766857804492,1.0634076571433069,1.007801899364329,0.92033552188319845,0.92613280707434575,0.97555241970234752,0.95034535343607318,1.0042954281676231
1.0331876427935944,0.93321367761779173,0.93862898409848794,0.88711145714150075,0.9498983921232359,1.0470802646746915,1.0262521275005283,1.0473961594448515,1.0260123552738327,0.98373011639370789,0.99706332499588857,0.84870055960827828,0.96023399241899055,0.92046870527465008,1.001218745301464,0.88367355581639684,0.92595826993378028,0.98974716476581237,1.0297646388695147,0.96015300113284086,0.97785745051431217,0.94043571642439605,0.99887290169401477,0.91016015233121683,0.99277243413120397
0.98742824114000016,1.0024903294548864,0.97237702865340447,0.97181158714070048,1.022311922422225,0.99670081498323515,1.0061323351506257,1.0206580842417154,0.99746955675836391,1.0233222036208458,0.99218105837786441,0.94466157182506494,0.98268248050544238,0.94222594070915433,0.99199801644515662,0.97225717429351,1.0140430729399263,0.98223890211108178,1.0762381311294364,0.99109129825757369,0.93598047314715704,0.90159560384346282,1.0126685825072117,0.96391966569909049,0.81068442275688024
1.0026655587095097,0.97468749201582761,1.0348399551302061,0.9841475447178567,0.93952438413025885,1.0344805147687939,1.0226467861260262,0.99312502654639823,0.97713697864377691,0.98594363825031084,1.0081216019714736,0.99291678867709288,0.95333323902381295,0.91744309082742204,1.0103131729145398,0.83310537174456367,0.96077962344249057,0.97118890751389342,1.0520889520777934,0.85916077600737983,0.88469106966326727,1.0206126148573071,0.96054483000701196,0.97152541518237434,1.0184743004878902
1.0042051094835427,1.0264972858221479,0.94719732201960671,0.96508672465181777,0.94932879053478991,0.98514628785391256,0.97366149880143782,0.83039526186678059,1.0006513671734674,0.84109449748310772,0.99433382764380296,1.0121857407155004,0.94207677317438865,0.94577030368297677,0.93480052166788907,0.90374960964127848,0.91316189627037714,1.0054522769238095,1.0199647458319685,0.94509659193181528,0.91190679875154612,0.97787418912103075,1.0029372334145639,0.91622193056952617,0.98409071929131542
0.97982157859549679,1.064754493621813,0.86859544291345103,1.076842937063603,1.0009217497789411,1.0149038624548308,0.98530172388983051,0.7947873880160532,0.97387682238551998,0.8130338499209554,1.0062764909167019,0.98882233921344409,0.93384203567101653,0.93042839644233466,1.0575836581860876,0.89210528555724367,0.91857543052712975,1.0029763807855214,0.97210852023780658,0.9933077763522189,0.95617045293527192,0.90011077362719183,0.95554346320567984,0.89125477039957968,1.0050363007672942
1.0183512304266182,0.9829138912992581,0.95282924035022076,0.95955250820559668,1.0470414071801017,0.986788016250568,0.89686621194589999,0.94171851089035241,0.93967760538408862,0.78310775781389963,0.97178434873354325,0.99175219431671857,0.9867631080761371,1.0269550404351568,1.0477894059369854,0.95546355011754613,1.0051545551045624,1.0261557472596576,1.012778820968993,0.91275482738597702,0.99148832448530866,0.98200335372568681,0.86932968332757465,1.0464681848428223,0.97637249827533656
1.0596811556229213,0.95677620094700866,0.92746793188664289,0.95479502431469787,1.0212892580432207,0.98835530561700058,0.91885856342187944,0.96546393988680845,0.9089406797909787,0.83895351613120184,0.92235694144014546,1.0106771919352853,0.96958958585386346,0.96215005727090386,1.0733345542075874,0.95609314976352577,0.97399364374610498,0.99067145981400961,1.0252505865372727,0.93582277749031517,1.0156591961478261,0.97481518373336684,0.91364954722453462,0.90827614099482112,0.92611361065442488
1.010398846116989,0.96270729615675155,1.0348715287136196,0.90340203676763653,1.0077416216917463,0.91258408832662585,1.0271809507622383,0.97109567075215575,0.97544046885030167,0.90669280948299991,0.75975944309162369,1.0152383756787215,0.93612164001975373,1.0002220962252384,1.0413489745160307,0.9893516361454987,1.0014509042415822,1.0322490263047517,1.056547361126265,0.93730125356642147,0.8974562568082316,0.93729056358097729,0.9585403826633474,1.0023810523231855,0.92452055937303868
0.97595517142715305,0.97610846854252065,0.85499175113909676,1.0038157498564242,1.0228401989058282,0.98415707095245142,1.0138487160128264,0.9863881072362165,1.0223031363425437,0.89346312188999122,0.98955725296513297,1.0301157220513792,0.99795729430012481,1.0252164937229986,0.83388253522344213,1.0082505500745609,0.97434373667840324,0.9955946256231607,1.0063318497089799,0.99582426036689864,0.95574435175273553,0.94812954469563182,0.96496695518072662,1.0198028640852765,0.95549750408575507
1.0013253100103046,0.9577002480040262,0.86203926796834351,0.98378350678818804,0.98880087482921208,0.94189806156535427,0.91206896620635036,0.91522910643672617,0.9920245918172812,0.94110371893159495,1.024032957957262,1.0446500971601855,0.95876685271950435,1.0449919373997087,0.92314397909112,1.0355349226771884,0.97077369006932102,0.98556093571262937,1.054094535202954,1.0003436579386791,0.93959280935129796,1.0291425883326109,0.8539080732567278,0.94893096202562144,1.0061312825455455
0.97077074565337773,0.95860114741604197,0.90660437654370085,0.92887765641420017,0.91979419882225055,0.98011859436836324,1.0016350349997913,1.0444969091615546,0.89366850948293353,0.75407387362878409,1.036979573892608,1.0189378118171053,0.97433916696065259,0.98397194219490436,0.94250345607804231,1.0012799684811928,0.93890833037487831,1.0249564944277887,0.92938921003638875,0.99887539742420295,1.0235536231076487,1.0171205705969824,0.99627815611713644,0.96419615281311644,1.0197463161077838
0.93015759375083518,0.93762377412498488,0.96333603479449159,0.98956214596153835,0.95197736412683553,0.95860917932646317,0.99660476141359577,0.95834635547178015,0.9452268305264363,0.92848329186578649,1.0676578321560721,1.0493084573063225,0.93985354413293742,0.94575198165057206,0.99310476149588445,0.99053747742679488,0.96855545079708327,1.0034488836712978,1.0890626312143024,0.97225614140895589,1.0536354008270401,1.0238447937563877,0.9651259821124174,0.97312280522366768,0.96621624318953203
1.0043397016722524,0.9574779448680566,0.90239103612291727,0.95367283348124154,0.73931795608042561,1.0136680984853796,1.0219681188955645,1.0141759119840701,0.98571237845983861,0.92972481284235009,1.06141364732743,1.0499740134475588,0.95855643861644291,0.96230095894089618,1.0174113471960717,1.0281654595749838,0.95827702913604329,1.0244783630199283,1.0437631861082128,0.94830306239779683,1.0816694890222833,0.94392828207584778,1.0135215705535652,0.96131716030998227,0.95168286127321955
0.9377213431499104,1.0062818813292707,0.91357775769448291,0.96923731350405196,0.97427692241555608,0.95160002235473307,1.0050796456551663,0.93288779922993625,0.8812323690487428,0.92971844041812013,1.061414823411803,0.96279771875738362,0.93490892751812593,0.90935615954698079,0.96521803828352082,1.0141137264867344,0.92307027604143588,0.99113408282199966,0.98495959207228334,0.98231147053687462,1.0120468102171816,0.99671883217182733,1.003886111601012,1.0529153806988278,0.94370651091375668
1.036723895469166,0.98993763342900809,0.94805623700598562,1.0343461818633499,1.0248015130340811,0.98411879113185685,1.0022172119706469,1.0062967086559298,0.9932367903521927,0.93896234548072144,1.0690981157319808,1.003449479067106,0.99549307022137856,1.0015021046689632,1.0011779746025662,0.9887839511624269,0.95856257240872078,1.0118689205948284,0.88998032754894651,0.97169944763194305,1.0540203462863327,1.0028039829195514,1.0018857144602278,0.99126724078446937,0.89641390044589742
1.00707684130304,0.95751078946812684,0.82521941359322848,0.99686070161276785,0.99265550990160301,0.98157367500989678,1.0575328602044718,1.008502614201348,0.95704552472373516,0.83057534061138505,1.0648564125880147,1.067135799007692,0.94643226732839714,1.0085719029661149,0.89170496278654865,1.0464473259306464,1.0034348448039994,1.0100762420351377,0.90820813488195118,0.95488264707078119,1.0404062819900837,1.0345663651530865,1.0075221658711206,1.0322303471621674,0.96568630787774712
1.0543943184290603,0.95721539497416053,0.90148419089129017,0.96113310214552572,0.89811942899015262,0.90841507888293582,1.0322848332528973,0.92785933645839891,0.94842236239260724,0.81226456158213922,1.0111276843526815,1.0143206738153019,0.84974319491302885,0.86204956923295462,0.92891939882523489,0.92242580721905898,0.95424010814806581,0.94534825777749021,0.86361836266217318,0.94945433543212543,1.0407647826603088,0.99205652591291427,0.97563988322145045,1.0201125013979735,0.99046590857261663
0.97638466314811223,0.89871875131789603,0.86159305563555066,0.97640517963025508,0.9764481429305284,1.0051553790728698,0.99096175217105253,0.90439738214594279,1.0005919341275598,0.95430335256606613,1.0240696016702764,1.0013172575444469,1.0067962143733267,0.87586155779793184,0.9368301012057636,0.88598755205261615,0.96458886438587788,0.96666813318680156,0.91877842501070639,0.96816450196318038,0.99556299580101648,0.93361098935318976,0.97543753588944349,0.99721246878443548,0.94821543646507245
0.87976450204492895,1.0063897276714522,0.93033421771701563,0.96746764613725467,1.0102370092127608,0.93693707326471543,0.94778228891800242,0.95142226567501742,0.97654554778091296,0.87079624935345457,1.0655177526785462,0.93528393179622649,0.85536817116937336,0.91231448298545514,0.94352602199815871,0.99586362042495702,1.0218700703253081,1.0374602437872311,0.94265065747832721,0.997355616128764,1.0607744020655241,0.98634233706882357,1.0034907130450836,0.98734079054527391,1.0016865636337318
0.87488488463759961,1.0037844248990511,1.0347620399721593,0.97412917194609994,1.0198966277458767,1.0412667926253498,0.99342615822308733,1.0208368533416134,0.94293582822006772,0.98965621391752046,0.98797080645239643,1.0361415861825989,0.84491897241034886,1.0105783256360323,0.87946989889193394,1.0051235182033951,0.92008553866835641,1.0416240307626536,0.91314822767474135,0.95954615708534552,0.99567566399266438,0.99010818829887104,1.0134274409565753,0.9519442446596571,0.97501545001596102
1.0032151197276546,0.94121042218811979,0.88423536497861754,0.93512497667174455,1.0492469684678953,0.97693652170899692,0.88294716349285418,0.90240555405009915,0.99309266339108893,0.98333002841865425,0.97645396452529754,1.005244813210312,1.0174211670235811,0.97600061440377228,0.9723086613100449,0.95504267022446121,1.0410661467187723,1.0439624767443079,0.93640256068906558,0.97817902688545466,1.027358839398826,1.0094445167242552,0.99576450729999089,0.96679175774102033,0.90007488038681571
1.0542676477992914,0.8845681147276182,0.97612746136990769,0.98782443961475441,1.0028421363094302,1.0204042629596262,1.0464506480727962,0.87291126940485386,0.97611310257598816,1.0201902529242237,1.0202140915947462,1.0108296310720348,0.88224456144730024,0.97822228855461346,0.93107697015350344,0.91310919740912966,0.95814353619739856,1.0615708346625337,0.90769699302309326,0.9587972038370276,0.98043446541332391,0.9933785849628759,0.86487425456833034,0.97056418173930692,1.01039353730017
0.99767337471980055,0.92309599799471465,0.97770987987115821,0.88143350643188478,1.0099218280915141,0.98735671940813796,1.0010396062623907,1.0336420809136264,0.97200453410391841,1.0695284860513377,1.039597032269413,1.0109273802498133,1.0541070773444079,0.98113837152786199,0.97625553176812541,0.83175412288513106,0.97930222470734418,0.99248064687857163,0.94647373119053435,0.92124158801469025,1.1040823539387379,0.99739382757082895,0.8635012182054691,1.0655565852616453,0.90102998480340735
0.91710397201353788,1.0772572271704004,1.0587851693960988,0.93999456946667159,1.0445069277466963,1.0251687102672837,0.88249418332324814,0.97854508609442303,0.92262126866355365,0.99313587432497419,1.0310876357316572,0.93181755950172951,1.0108090159621337,0.92715067604025159,0.93319304341368303,0.89205637691278539,0.99671139569851697,0.8432645806123148,0.94880249444229559,0.93556938705727855,1.0196488189167379,1.0217589198886694,1.0339239899044068,1.0326177487352444,0.99214499195031358
0.88716483544794456,0.95083683729767488,0.99195706925929994,0.995314901664348,1.0317458760077711,0.94779245158219183,0.97572440832490459,1.032912104035089,0.99073752763653444,0.85485183044649948,1.0563266398235913,0.9915270717039234,0.97780510755697558,0.97395190791744235,0.90443484338788305,0.87364037771846492,1.0220942557776393,0.86526741887875691,0.90205580013188935,0.97093222285572978,1.0004823621166847,0.96649464652957662,0.95495979429123812,1.0047179962991462,0.9901647747465262
1.0704600409897149,0.89059142413186621,0.98965231257881647,0.94976035981535423,1.0779152368497382,0.98795072322473942,0.86525399386080626,1.0448833104889053,0.95395463673827297,0.95713559061898046,0.99331845348504044,1.0394450017334402,1.0106030522123537,0.94835854317710788,0.90972676364275784,0.89200348336250979,1.0552455764227531,0.96508415603357156,0.9879883556413015,0.94721105876101275,0.9401454015534445,0.93671463435957392,0.9271435834955406,1.018469166682795,0.84681172839930441
0.99466478751376153,0.97140884079614476,0.95297991129277959,0.79888095404910364,1.0085615514130173,0.90700088511665478,0.86461658274422271,1.0064571298419471,1.0205144398925097,0.9742673505736299,0.99062540696202628,0.94876614793120906,0.91151428865190398,0.87164588543971544,0.84618421826354628,0.93370059559800822,0.87085444081208574,0.96821363496805091,0.96496789388674931,0.95496717392425801,1.0489912353980093,0.98675812225703829,1.00599457287073,1.0307612886770028,1.0534108349004065
0.88789353702205343,0.9375491662971408,0.9745363658363756,0.71950412545381914,1.029473667886371,0.99643924452489219,0.87768679721164578,0.96116224713133491,0.9421731042688879,1.0694474297714944,1.0669283283632334,0.98351435134135179,0.9565468067540559,0.83674677750776116,0.95141156001835747,0.81533553653919077,0.88695195158811146,1.0017517066440149,0.97604738093707832,1.0086962479930908,0.95220097929763237,0.99408156475614229,1.0287398856007008,0.99584480669224651,0.99465609318859505
1.0383650765455559,0.99392414976026677,1.0895458620553107,0.89317468569686342,1.0605214759188404,0.89825938483839973,0.9107979209465088,1.0587003270581148,0.91783674522371661,0.93260439537401618,1.03362323187534,0.97057609745838291,1.0285902668813238,0.86787499467827456,0.87775835698860816,0.89738744688824068,1.0243044982305554,0.9424198455330749,0.96462505718695946,0.82536821212184075,0.99924622622376091,0.98358777777942974,0.94115943863134399,1.0528546147691373,0.99313064926710759
0.98068134958003017,0.9963092165687164,1.0044304629544842,0.88093533524891576,1.0012732663663666,0.8938347465226415,0.99968335619617299,0.97805038560414181,0.93198439110160491,1.0426483967180535,1.0530124395199383,0.91092335460444762,0.85608961602562939,0.74646766555384869,0.83131985961283938,0.88110973469559739,1.0273544358255475,0.95322462036000122,0.88709400961240148,1.0294636414939728,0.83668843624615497,1.0034474015063288,0.96140611172936175,0.79865526685999677,0.94940226812748574
1.0232254703561274,1.0514060968130809,0.99217913730450624,0.84997725947009184,1.0360925202111311,1.0255991543006644,0.93617503189436124,1.0122786089193152,0.98442529806911461,1.0225265343651286,0.99259397917318837,0.85656893128846701,0.85769900143251687,0.95265255463274257,1.001266408090411,0.9428311053041597,1.0440620528383016,1.0104160793028698,1.0107245612810996,0.9874949791231028,0.99096569115224131,0.98184937108994652,0.92442675131922902,0.97711745569900998,0.99305480088476017
0.83317150764519732,1.0075995962384261,0.99217833645080855,0.93752175413742345,0.98713695313019456,0.80689016871561525,0.97018434088065653,1.04506736893004,0.99894254820975947,1.0127901058868984,1.0188970278037093,0.96783681364966745,0.95275640385521909,0.96823818856763322,0.98122204819996928,0.91994041297826956,0.91651402725905984,0.858683682589922,1.0097027976411257,1.046651789975495,0.98231740028292169,0.95828915927242453,0.88514251181729808,0.96463381060316433,0.98082845470249214
0.98023990434951747,1.0385999643336323,0.97983812130834846,1.0271637474353899,0.95715418322130863,0.86806064126314197,0.83150903687272182,0.92457588009280056,1.0350793503043745,1.0190939028810755,1.0360128527520673,0.95813310687892639,0.96008765677633068,0.99305312430913595,0.96618981314680941,0.81448526626274587,0.94184594192802862,0.94558659298219228,0.99185154461163139,1.0038913918878505,0.99552519308900322,0.91118362398676567,0.96605259083099293,1.033374014448301,1.002227995491956
0.91627799069787086,1.0454410085591244,0.93459706448304292,0.93039548979796027,1.0148278921156757,0.95681870699055849,0.97584438035495014,1.05756895875293,0.99895853786877264,1.0030165862744242,1.0494099040483171,0.96367438287701979,0.95631969453833077,1.0648053398992781,0.97109979256546963,0.94412473469909597,1.0504743402579697,1.0407074303275694,0.91491776710264849,1.0180424366760585,1.0243365360532346,0.97514067468486687,1.006979909982461,1.0485111450936879,0.83427680324785514
0.74270354069023381,1.0051971346215267,1.0575144046101292,0.98831766496773521,1.075383048463421,0.90933560577498285,0.99035560354004581,0.9637916072534749,1.0272985054659147,0.92225640190858038,1.008295127978895,0.92151417813135095,0.98681253701391369,1.0402752260170427,0.9273354213375693,0.6854608686906315,1.0205786571026079,1.0486371662441409,1.0026671660249955,1.0029551519853448,1.0255368364519719,0.96118961907187839,1.0192267143277347,1.0526064070001182,0.94038831806506085
0.93096804566931834,1.0078398429271198,1.0207826577511252,1.0064981039889778,1.0815351304283356,0.95050208085058252,0.96725013007418736,1.0149945699716791,0.97594151658794326,0.94328586674103809,1.0568771837808411,0.99294477441323159,1.0457219271317202,1.0825229926190427,0.98670822047264373,0.95278124706569733,1.055222309015468,0.94042500485920577,0.91354264677062935,0.98881307536626406,0.94322729395125704,0.92454490133432443,0.94374976400081467,1.0600276370372177,0.96692591730882416
0.90848834311922388,1.0234242129864095,0.99994371262976922,0.99030498709361281,1.070395969198751,0.98404958562390532,0.77640962631314725,1.0982734129126213,1.0327172171958767,0.92495712656271145,1.0249176334352048,0.91491490806267894,0.95812437775419879,0.98645012535689636,1.0554182074196743,1.011324702746129,0.76662859597212729,1.0559712797730607,1.0101339209949491,1.0211944201759824,1.0206339791298278,0.94869983894468124,0.9726258183887998,1.0651298557643156,0.90132488674911526
0.85564320760259427,0.97567609437251213,0.9932319542315432,1.003180512879712,1.0649904523291112,0.95088745121502416,0.74751983970140701,1.0591416168340124,0.94648521589521495,0.98411194300725335,1.0376297810215853,0.83685150427634636,0.99786938425329164,0.99503701075244899,1.0219900859234781,1.0024456631033658,0.9783535427442166,1.1018052864514416,0.98372121164600934,0.98088713040371889,0.99522513241253108,1.0151609302599305,0.9889696281448831,1.0319114338808044,0.86588383985585915
0.83861836311577931,1.0174567809255801,0.96300837237051462,1.0484548602405415,0.92299187833615159,0.9802740116887213,0.9054520295596552,1.0598349376544407,1.0569530326601673,0.88716463702885939,0.95797254104071505,0.85921347558483141,1.1104498508588185,0.96272281173765994,1.067443159136358,0.94092015196032963,1.0500830705174551,1.0785056403359894,0.91336445588778326,0.97945543011142655,0.97383990694988709,0.91150860157712299,1.0132839313486504,1.01266352176716,1.0436776905185474
1.1009043003966483,1.0477807920768492,1.0363390641228036,0.93398744908891729,0.83683393454501487,0.86293560435526151,1.0402416095331681,1.049938694864835,1.062669099473736,0.9108681808147473,1.015536146336911,0.89140039248193326,1.0234731772006509,0.79826388491188305,1.0688948356690544,1.070675692994761,1.0136946884615261,1.025603694009305,0.97609172537080624,1.0258474631332117,1.009585377673561,1.0366932429704026,1.0209049831932995,1.0033447380212168,0.9031271335652381
0.99436122665191151,0.97467794461681556,0.96851031095338969,1.0077596909213142,0.93553384749850088,0.90614043565999591,0.99004297377678685,0.90782678834814978,1.0350623393883527,0.93509975921435085,0.95417912804631477,1.0089085076468449,1.0656185836466741,0.8372229207676084,0.94566446889954092,1.028379751654531,0.96537055738562649,0.97400088445210753,1.0118598859055317,0.9985084049076115,0.97175180559624863,0.91278190397983439,1.0414331479685819,1.0793539693907259,1.0014300819396056
1.0342256734328714,0.99971264930315518,1.0305379904297336,0.92803622394606633,0.98971230452747916,0.97487239659963221,1.1007637721408965,0.98340590126021721,1.0453838276113891,0.97297128070316186,0.82876991367585739,0.98739930377845131,1.0487356671198798,0.85977244980571965,0.98934341534599379,1.0162445948185406,0.95903448018098292,1.0387389691222908,1.0015698402881497,0.98539975839772231,0.94967348578081112,0.89321571700213054,1.0115308248613069,1.0384987626544249,0.99309313338393645
1.0061136775199113,0.98388530879669145,1.0146390754155008,0.99252620925884527,1.009338246853142,1.0118300925349475,1.0047133485656361,0.9557593781112188,0.92096076337528587,1.0398100669782111,1.038929827824064,1.0057311953810186,0.9992988741594675,0.68623837620262174,0.9772706635506837,1.0580939121198241,0.98160126068630693,1.0464415361527708,1.0163648970345502,1.015332226806323,0.96415762017882134,0.86331288842650145,0.99033711527649848,1.0573562424645162,1.0322446548829853
1.0342478795482191,0.99955829546094888,1.0148821863371138,1.1063772500466529,0.81575195827537883,0.92392519812555995,1.0251104193052185,0.99591003584160076,1.0240722699217548,1.0446404549576793,1.0475547720089426,0.88815062526795208,0.9602058662599241,1.0267236640488222,0.99184288479749882,1.0638136596949996,0.96560046882462824,1.0757920256434623,0.98394308194358204,0.91288066054100203,1.0119059614742461,0.95104129323154407,1.0653708174332497,1.0581882814893218,1.0513714103013689
1.0345892582089027,1.0590236749476474,1.0175160831137904,0.92683155074992718,1.0355722361285433,0.96597242488440438,0.97895993780781321,1.0092577646053462,0.97197399640481652,1.0101346526215718,0.94414705630240625,1.05047653598132,0.97197899881104077,0.96731261622030662,1.0639704828600487,1.0051895109494426,1.0392606849845882,1.0378629852416008,0.97865906813772274,1.0157388371481464,0.94174011509392963,0.93886182514450023,1.0438434094276323,1.0039152953269401,1.0512599799629587
1.0133770538813123,1.0391193867148221,0.97890517348379158,1.0517753659372404,1.0195962384193082,0.9604496596546751,1.0161890153987947,0.93123668779628443,0.99669489741555917,0.97022784646938309,0.92122740717297336,0.9200363729080554,0.978358894451968,0.98590411485248441,0.98451491619748199,1.0767548877369304,1.0634098343191081,1.037227744666396,0.91714489995060844,1.0038045908967683,1.0421057164417304,0.96112416307340598,1.0672919197492021,1.0210035803414841,0.99419593672996665
1.0171662098467091,0.96860141074590889,1.0585653490701707,1.0638625141459606,1.0518398855415589,1.0108581059650295,1.0486282443051551,1.0000130018070377,0.93436439698736851,0.94994980408360641,0.77258767325144451,0.9159374706554303,1.0157300167983458,0.99961307291823465,0.99716748328901594,0.97331723223906497,1.030827895487527,0.85482137629521204,0.99123417353995413,1.0445130151399029,0.88035655831189752,0.86193263708713408,0.9674481624965936,0.93479469753810418,0.99557199763148607
1.0624856240058043,1.01796683416592,1.0350000744208334,1.0767890013991523,1.0685014057646647,0.87634657598067345,1.0596933153141357,0.96052529497525774,1.0276089581514647,1.0223753775020223,0.87788344226095172,0.91046729921091674,0.93790437345999123,1.0177216114762546,0.95939311958431195,1.0410518110833018,1.0848493850079872,1.0829070590890242,1.0572958244033495,0.93908774709464815,1.0236314046403485,0.93727473073191658,0.93345016225332345,0.94325917874479848,0.89833626527630794
1.0631353245883701,0.9790295295569551,1.0399387969319787,1.0499397954211416,1.0047668843829245,0.89044170078421403,1.0567838218749905,1.0559963970411461,1.0689278852729456,0.77040596524600158,0.98815062977355161,0.83418694176338581,0.98935946740227532,0.9463906340582614,0.98931720482750107,0.97056613099014044,1.0260490331883332,1.0514634834917513,0.93820266454769985,1.0524379046612158,1.0679012053460974,0.8640138599960121,0.99114928185736206,0.77119681280738472,0.9878115877664857
1.0730595543557639,1.0281043211338237,0.99230357531147984,1.0537511200709524,1.0395352590358848,1.0403623399527442,1.0403132679356935,1.0209776817371272,0.98430547930181567,0.89783775776252017,1.0390757938848205,0.916225337758243,0.98628641224162861,0.94298082989528798,1.0077664719681214,1.0304348151447666,1.0371671374118747,1.0628739291862199,0.92947889951467033,1.0096671127229773,1.002013409035623,1.0589147522147671,1.0249003571946873,0.95838332264948989,0.98670314438914664
1.0073938846561523,0.94383685288063901,0.94116305982702986,1.0349070192696428,1.0426056632566358,1.0915483066187273,1.0029140678881354,0.92510403098201333,1.0217166777057705,0.9573088427958526,1.0046008853142303,0.97242238020190697,0.88222431642643384,0.93890278655710568,1.0276161653556819,1.0128830093197925,1.0109025109939269,1.0409291231026856,1.0211920953957561,0.99389627487248355,0.99732747430400903,0.96718498849572154,0.95255448992295932,1.0750674862144778,0.89366385473372167
0.95525330482261317,0.94704132293113696,1.0507719538906575,1.0258845216604775,0.9559435875187513,1.0540461526983924,1.0139969436660774,0.94951330316512528,1.0585731719189231,1.0076646525271704,0.9702085849331511,0.99126204821524067,0.98304055092865783,0.93464341520352323,0.98439315041731124,1.0553370050202711,0.94842106595421494,0.95753176414717134,1.025871212283459,1.0513020703855114,0.87057346763752197,1.0320101808350224,0.96622218975133578,1.0529328909463433,0.87377067204188075
0.98663407272604009,1.0092679660393982,1.0130684434418702,1.0549232276409968,0.97916891602183076,1.0701877927469226,1.097477449109552,0.91508804293056945,1.0420697659389808,0.92137071432316564,0.94625300794208222,0.98536637753917711,0.90697227929446211,1.0285798804487856,0.97328834669230468,1.0705112016434042,0.99140643910020865,1.0427364062147391,1.0327629841428527,1.0454051387727381,0.94288622191415761,0.99268867294154217,0.75578475429950664,1.0440469889295911,0.99559820855613923
0.97600932028295695,0.9666575314127811,0.99016185099650955,0.99486234895273706,1.0275384860328716,1.0580746778304337,1.0764207463303996,0.97485710808241011,1.0351636712444852,0.9929046687887062,0.88767189894092202,0.9788304820280791,0.80390162791407926,0.97651018638076414,0.88285253982431267,0.98873503352429659,1.069040705135623,0.98151565874700764,1.0118216160562836,1.0577338302187267,0.91801875814911527,0.95479963557056746,0.84028825063457169,1.0757889003731718,0.9193942059710235
1.0470439116080907,0.93405275301681157,1.0128086122922326,1.0313656394269584,0.83574420233031166,1.0132948284674816,1.074483958648524,0.8962694301081916,1.0093559866587096,0.99302630961221383,1.0651041543816469,1.0454329252678263,0.96015893104564898,0.99763500724120047,0.98400561977944023,0.98949202218932375,0.92402654184954458,1.0060306964661361,1.0244003701278865,1.0100399005505707,0.91692517773359872,1.0036401962093235,0.88546168948712378,0.97244103171468632,0.99640899704230823
0.801026297283568,1.0292137490851472,0.98562310728844693,0.89474708660373337,0.96180981721835968,1.0668040847585063,1.0386704661385118,1.0001069484068354,1.0200559451612237,1.0469836181768599,0.90650447723937666,0.99124951276508566,1.0564825483031253,1.0371749266345658,0.95282351443905855,1.0020988868060472,0.99132698042975054,0.92950156355074354,1.0289093351331373,1.0095889492061858,1.0004405418456634,1.1064173364910879,0.91431206509714336,1.0179648327055477,0.97674625317818076
0.95175694857049309,0.84475900822044636,1.0167043159990166,1.035584860021602,1.0434360483789658,1.0889364019769705,1.0049855948820918,0.98868246057635389,0.99501253524700806,1.0822956460183066,0.94588129978109958,0.89337861660733542,0.98981497671178864,1.0252926026796356,1.0145293706833443,0.8574137609703667,1.0201349335651138,1.0223697996422896,1.0117535958300183,1.0250810559826877,0.90457995810203962,1.0433046087266498,0.8009650532168292,0.88462203306991705,1.0260329876175098
1.0231688826064518,1.0082800746562404,0.94406003496245849,0.9801587794360892,0.91478030193244908,1.0097435963338013,0.9464964070172085,1.0044806091833245,1.0251522686854855,1.0617368690008788,0.94030213462586354,0.94531934400168638,1.0077431204350591,1.0547300428900859,0.98390597578951788,0.97097369118738486,1.0128383397098939,1.0328797921191606,0.93369313566125767,1.027323060734729,1.0701771408479119,1.0564298383957615,0.98885407018737281,0.97836820281171066,0.91546219214855418
1.020764525186989,0.96697877395987375,0.98160479797863931,1.0579243337943063,0.96216059366189255,0.98221774652065497,0.91028730990456219,0.89140622783317436,1.0029753035568372,1.0703585055157414,0.94061476451195669,0.90860411278056119,0.91901288377056334,0.83058539628072803,0.98568971807583261,0.87300395495081851,1.0143778596493467,0.94746211351147269,0.88945799951848048,1.0217033471768073,1.0400106390977686,0.97784104612286904,0.97637489153333656,1.0531060200672699,0.98772379255970921
1.0151150204703625,0.88880381236789541,1.0034820030448077,0.98705038346255802,0.95519372340361375,1.0437492657439642,0.95370888229579087,0.93662585471837789,0.94181704015519141,0.94406608058221952,0.96274493009742257,0.98613186015473631,1.0741962676420498,0.9623734040848787,0.9169150556627309,1.0276940381628792,0.95179002931878987,0.96265854741555779,0.94175773868708901,1.0424664114088138,0.99150059835875293,1.0608136740664156,0.99836814397362628,0.95521204078396016,1.0175912881775822
0.99782489975033728,0.79706844615480565,0.9558740027711049,0.88487522571643318,1.0726185610593222,1.0022180688168809,0.93505659293999333,1.0186159954373903,0.87401439832764993,0.89288040344990904,0.97866073851789659,0.94907557284119115,1.1190169108698387,1.065825089919725,0.96699407719629382,0.9118833204249428,0.93864530352032971,0.96544070729224574,1.0404829330379244,0.9825641624735274,0.99098798469259652,0.88067993386296684,1.0120507840181392,0.93748066359166915,1.0009545438413012
0.91857032997366117,0.90170723469232239,1.0721664927415415,0.96868623314542823,1.069536641415012,0.92603918391567963,0.92230917904162735,1.0645811760569759,0.82348662715565124,0.94496531729283872,0.99116405174551736,0.97240569202752747,1.101486967386742,1.0417516537267302,1.02481350829673,0.67660501149442642,0.95413580022823274,1.0649395938344797,0.9771182301074407,1.0148441249411086,1.024230751582434,0.98532566937176203,1.0537187102688779,0.95231422763087992,0.93666416894274829
0.98440832890402896,1.0849052326308177,0.97676152208626121,0.91287747667439567,1.0267830506020754,0.98975618242816255,0.89238706965330461,1.0978149994388067,1.0520369859071816,1.0039667307152886,0.97600537908903928,0.97969548820931251,1.0781093478534953,0.96920826902186585,0.94337225908808764,1.0403264351286483,0.8915847982982974,0.95319036921636136,1.0047645752039369,1.0476054745873411,1.0056011863817806,1.0034074977763574,1.0268518917471927,0.87287703802572947,0.9693812716089647
0.74458760393089007,0.90580652450895494,0.98481565103851598,0.93160824627158478,1.0205504428488104,0.93464492767980711,0.97102872176668065,1.0589188825541602,1.0864838212643309,1.0563205401766724,0.98186770729181294,1.0714889297811727,1.0152745014600142,1.0028741825436966,1.0057896608477719,1.0581258545062795,0.96757610152978479,1.0361988595766267,0.96234536317925257,1.0388630389450531,0.97529773438405709,1.0370568965191567,1.0515723004081154,1.0268224519960056,0.94692158691610795
0.97523012032485112,0.92026499494278768,0.9829305656825682,0.96702953591100749,1.0092059443400672,1.0337950062075398,0.95690827123696243,1.1096198236257244,1.0782434964633585,1.0018223961367794,0.9724064299017402,0.94914382036284983,1.0823181833578814,0.95328901292788559,1.0500946242761884,1.0576588727561591,0.96027722647052982,0.95468644971174654,0.90391909084611233,0.99135491098951645,0.91723359681428185,1.0582258078629581,1.0520240829503524,1.0476482207858948,0.95537521491967703
0.89486653109926217,1.0194314916021117,0.97098341462876225,1.0113671914908813,1.0584561153063052,1.0329634281807238,0.86374146225163306,1.0594022951718385,1.0339335306311337,1.1245075070625781,0.95780479834427834,0.99449939242741192,1.015731353699453,0.9799640207187863,0.91776101065058069,1.0311619487003707,0.84798659274188681,0.93959300381020072,0.91389288394607981,1.0551038078581443,1.041220471079886,1.0955945246318821,1.0219516443869086,1.0472468848277663,0.94541957528423592
0.9757569811980813,1.0067290107623994,1.0029935343235143,0.99399470978975168,0.95000647917528447,0.98939638414704323,1.0291736935911411,0.91569676087785823,1.046307649385346,1.0999762815092518,0.98229659783809498,1.0697834564835165,1.034718222944178,0.97527852835636542,0.95802656645947437,0.9921423519492969,1.001138993206846,1.073255804794077,1.0082845704441445,0.9691968878220657,0.98982058719014421,1.0508825322150364,0.96060065400465766,0.97436627014583777,0.85904117273790126
0.99613011208581426,0.95491698103804534,1.0499508068391756,0.99409811130945913,1.007059621701186,0.98127379179137153,0.9556897907978309,0.8249932367849262,0.97359784344275246,1.0846925846997986,0.91478150334362129,1.050767534726446,0.82965308674400173,0.99347439785168268,1.0014650377739687,1.1116101571210302,0.90799687168787158,1.0310861486526937,0.93994480751092857,0.93063439665663417,0.94239032745257845,1.0516233567610065,1.0422307337943724,1.0539553830862769,0.99275869664035832
0.99352024087249924,0.84714036855320007,1.0005073701357519,0.97512574256997142,0.89359056552902949,1.0689100698813905,0.97241280291056664,1.0337462788367711,0.98872024668907266,1.0894021440627293,0.99621794006869069,1.0284838217601735,0.9553572673109062,1.049119167711682,1.0155823151609495,1.0297213922993005,1.0611518331875627,1.0383540623654743,1.0187165092464991,0.95475388949410922,0.99626749287546068,1.0695557055589628,0.99235655801028877,1.0185290318412685,0.92843142012267121
0.93365933354858344,1.0594612318676495,1.0047418947143296,0.85530355170403993,0.97936456769042846,1.0148391941031618,0.80981703902502833,1.0325451458305437,0.8941159549772193,1.0346906447058584,0.99398379795642655,1.0619075545632444,0.96423336593589248,0.94743171572304052,1.0140751500342033,1.0619286656939591,1.0399414976708115,1.0643445113136312,1.0686527579952194,0.98568799324484424,1.0773193211495107,1.0487892530845235,0.91613208435136939,0.98462210092962643,0.97306041261905574
0.97447794366977269,0.96672760377757649,1.0069116273105307,0.93288320129286795,1.0524308607073989,0.94515778406689777,0.75842561019360921,0.99590468571192525,1.0340717923206748,1.0667575853053954,0.94944702821157478,1.0022335997993934,0.9151171331434278,0.97491712131489794,1.0369553989603078,0.98799670591046451,0.91683407185932553,1.0584414977776095,1.0530986100380904,1.0133192219282263,0.94933159995112648,1.0578080240943815,0.99889923662796942,1.0577698034622038,0.96303879620501964
0.91398065047192312,1.0285820093497704,0.9608069021307285,0.97291164193932755,0.97211505420809474,1.0438922123737022,0.96372783166847553,0.87911192069201849,0.97194350983097277,1.0350353648111759,1.0222604382554901,1.0026517545905762,1.0407168041846842,1.0368766307620194,1.0073283168170299,1.0104543461568145,0.87546380603262397,0.93855227598913593,1.0521132598788316,1.030506836887344,0.97246494865307498,1.0791805251029924,1.0475789634800474,1.0598643447650182,0.89513827415610447
0.9569472147409589,0.94584993979100429,0.92457084909328291,0.99390994903907015,0.94583817879461207,1.0467166306709439,0.92751868962372408,0.97440817071334507,1.1034787170338236,1.0305607505017969,1.041279968444885,1.058814280371335,0.92403762238271736,1.0010824122124522,0.9834337481989377,0.99476135410523547,0.95178926284302812,0.96514269587700519,1.0487592877467342,0.98252922165098633,0.89064852614518475,1.0848746931452831,1.0571683508975391,1.0811188611270028,0.95923697289891674
0.87812758403983993,0.92643133287013757,1.0850782500217118,1.0010131407925029,0.88241403793447759,0.94298459435964521,0.83598474452338067,0.91392842363750371,1.0424719884521239,0.9952993086042301,1.0342873468965466,0.86353498664629469,0.99551692661278934,1.0309275309352512,0.88851215179316845,0.95817243071411673,0.90512105325669767,0.84451207197297462,1.00194393779428,0.83991323301731768,1.0166356034721757,1.0150028574821179,1.0587626775450769,0.9665564390490814,0.84657059157665293
0.97884247039808525,1.0602888610930705,1.0637971680678684,0.93983320222447997,0.98790713698589894,1.0952462741796181,0.85148568380923928,1.0511720835022635,1.0467577997238482,0.84805978004832905,1.0273002030593397,0.92338648006410484,0.87711506101260894,0.92464701790224813,0.90544190827285542,0.92899948316946679,1.0555542449017108,0.86262406984088769,1.0608091091437137,0.90547317659762139,0.99466052862108723,1.0745190829003612,0.97824960029249863,1.0543176010279236,1.0026346074597441
1.0387219051848628,1.0996420269040212,0.86442762477809787,0.96219157833345004,0.98762788156058423,1.0657106130708653,0.94527461578483307,0.98594851992453614,1.0584611130580455,1.015657600570391,1.0033662923968343,1.0178389360349474,1.0293655959860812,0.85384351874196451,1.0285332603192676,1.0094310287796497,0.82038255658138037,1.1055784807518318,1.0754671060587071,0.88866941875710925,1.080134826441143,0.98132610363134598,0.97243594506815723,1.1284581786454371,0.92943174323967503
1.0701604768153328,1.083792450536869,0.8881426067816256,1.032196048781381,1.0042519279712316,0.93486902131391569,1.0963214619883557,0.99625072590032326,1.058552479938172,0.97831865653886541,1.0268136629280422,1.021797419956801,1.0591184714645137,0.98295746105330206,1.0079195921520814,1.058765660154011,0.83232889227057572,0.9647922951811132,1.0139170499837189,1.0290130856155122,1.0391575911310871,0.91735532771387751,1.0763449673796441,1.102001564571488,0.99879487026448399
1.0430550456640049,1.0553142083276379,0.9870532980595258,1.0519368795300834,1.0195823995354407,1.0198427272841992,0.95286336446767894,0.9400765154061933,1.0688450193055468,1.0278370132691694,1.0869830331192267,1.0451856415386578,0.88022713702134481,1.0217275262196857,0.96863901648711714,1.0392546049226228,1.0094549158595012,0.9870609995974361,1.0389090596706929,0.89587510570143158,1.0230049647049522,0.91183796585226395,1.0954581238945207,1.087651265484703,0.8588830980835237
1.0449998340354731,1.014759364157944,1.0195393603744742,1.0066687368536253,1.045328398733115,1.0473896648370054,1.062010096419814,0.97594516910611084,1.0203082008726625,1.010618988600027,0.9607582985733909,0.94665332117502698,0.86289695038495451,1.0065401951464714,0.95169724367541741,1.0437011621379639,0.84428038263083782,0.77777744082029154,1.107841974227298,1.0235206149818858,0.9994343776443817,1.0119877863518298,0.97640186729038325,1.001904323068193,0.69404992966382906
1.0006427221159409,1.0396399244831958,1.0249603801335851,0.84933617705892783,1.0040040701216253,1.0430969902840894,1.0314895189230606,1.0181909223332488,1.0385547312348049,0.94049894218519359,1.0349231489670323,0.98509390435914879,0.95224856129383872,1.0039871560917506,1.0154289811728747,0.97958566717251616,0.83822493976704593,0.96253896688343654,0.9789934156501513,0.94041219844090074,1.0546077897566237,0.97532795808292405,1.0892893564588506,1.057537709429176,1.0420329537126427
1.0276774975741514,1.0909766133355785,0.93712768626586651,0.98539015860706758,1.0580628579144638,1.0285859817117144,1.0163413347687953,0.93254766890722351,1.0739304640735399,0.93887220576087016,1.0122640115813848,0.83904492464534741,0.99241648660574955,1.0360450917435904,1.0198722358337451,1.0451404455758926,0.98599612134884929,0.96382603223654895,1.0365783668981072,1.0195564242793125,1.0505857637250482,0.90598599515621159,1.0791523998899704,1.0227493061721609,1.0351535072400684
0.98231964726483201,1.003709362989895,1.0414027697891157,0.81334687313574938,0.99947336696629385,1.0429095690196672,0.8640320591617745,1.0607351404265601,1.0818734784185635,0.98426373906922038,1.0557651818653553,1.0053246826978315,1.0312860871103713,0.98483194239185834,1.014298328427351,1.0643460917687069,1.0536721405433696,1.0056905878232334,0.97824313798023343,0.99925004205016177,0.90757345147704716,0.93515393763091215,1.0211891529711428,1.0422521439541712,0.97418700718622608
0.89997357573436532,0.9552997206495274,0.85409404360093222,0.99456420829727488,1.0331900440652011,0.95888854948093383,1.090495527739771,1.0635263829998283,1.0704546304483937,0.90518548631805718,1.0313437816759428,0.98562769079920076,1.0310203807726817,0.99353840742906563,1.0320594513228538,1.0311472201619183,0.96328700603097472,0.94480032183259044,0.98668969430306341,1.0145736639556862,0.8590458441490334,0.91406251046822196,1.0165376342423627,1.059223176311741,1.0161750673294558
1.0120943253331449,0.97110155720551006,0.88396971521588552,1.035458548157788,1.0516646697842793,0.95141672362813434,1.1173836537892883,1.0424084444911299,1.0598832421798901,0.94049166508406379,1.0848804585117089,0.95002592469735703,0.9680471955314689,0.94689215325873788,0.93888119677493609,0.99604326429912893,0.96192848387944208,0.98265981115982648,1.0284992885817561,0.9499816709126977,0.96810805450359672,1.0479294318622929,1.0089826236885411,1.0579356812302549,1.0056413809562335
0.98075551920683823,1.01765178197687,0.99414811967588812,0.99366286002244086,0.9864627748068967,0.96113841893859864,1.0799577305403791,1.0547028258396987,1.035286558927957,0.85972328102911488,1.0225450388067956,0.93640979875459751,0.93349914719452265,1.0641772676177506,0.90476896016193176,1.1105927185271833,0.98022179699216383,1.0134832715142208,0.97542017751526666,0.9939811930559197,1.0201320675329664,0.9257830332776632,1.0514615162419982,0.94483133908583172,0.9111748941196125
1.021388768593942,0.96180590396926202,0.9211589938985032,1.0237865737596621,1.0053495178102543,1.0183918714575741,1.0698489340738666,0.99261642695398133,1.0662550219872884,0.98150813135974091,1.0709030869109379,1.0101961283735099,0.98289597111988058,0.9743856052350599,1.0141283508424241,1.1090187627517605,0.87650526039677201,1.0229688152814289,1.0460421373207545,0.99389914402134838,0.96006043937115471,1.0493872782817741,1.127125972967757,1.0701162362525023,1.055444375099845
1.0626594472667947,0.94331725962326307,0.99740728006227086,1.0293033908099782,1.0038294497624842,0.97640221132088201,1.0438148032276335,0.97168769322988024,1.0134781759756024,1.0598252881494408,1.0486099412634973,0.94333165889464121,0.75265413333440512,0.98653299775851611,1.0395313720718344,1.0893209755771207,0.97087375044646484,0.99311783829610134,1.0194311699203058,0.98661535618020757,1.0018104320392738,0.98510946010576683,1.0229117378758672,1.003628427805209,1.0612627739918941
0.91425466353064966,0.99988071380782062,1.048340844541543,1.0065204718793432,0.9595010089428393,1.0784489641430963,1.0754372050343497,1.0217730406640486,0.99039803254980674,0.95172502070105891,1.0398333060227156,1.0410783638812591,1.0016120226668641,0.85357300298472949,0.96464105452701043,0.97386190576787057,0.82846075949153974,1.1302794186156231,1.0165731823443482,1.0781704208020972,1.012291088964288,1.042978699960599,0.96209488368804208,0.89686296856530323,0.99492842030832551
1.0664030146506072,0.89623526077556104,1.0031720509090269,0.89841121370747234,1.0039145825089884,0.97350356747226841,1.0085178620226973,0.94985490253869231,0.94999354043985151,0.82402325777777519,1.111951810947545,0.97580483223999004,0.92987941372755423,0.96559305169070109,1.064256186747466,1.0199341396366746,1.0113818306575963,0.99701790106018129,0.91558772227046559,1.0851022152821945,1.1113259105257947,1.0142590618919525,0.94459373238940991,0.90341490326965501,0.9432963065213994
1.0396170737329282,0.90245563528409134,1.0508908982589062,1.0299464765739981,0.98994098788785645,1.1237375060173391,1.057327358869852,0.99389789362830694,1.0203769175301927,1.0359466558886141,1.0734690999600529,0.94961472770487976,1.0459824423603199,0.98074188566294584,1.1034204802693308,0.98271600058733288,1.0314638590282754,1.0853961314613783,1.0206590727843692,1.1082514164630259,1.0210788606069403,1.018469897585093,1.0335660781722167,0.99786173042589399,1.1304902179824474
1.0462655609857865,0.98786657642004472,1.0182024212264782,0.99400618570994392,0.98227994061203694,0.88581808231085091,0.90515750975042275,1.1118333966179967,1.0144543216959683,1.0227667193604559,1.0929150821956095,0.97567155692657859,0.96527834680119018,0.91922156212388129,1.0158009207088841,0.92031849025609203,1.0148705506909446,0.86786599551995913,1.0363883797079125,1.0116988260878108,0.95044739336609008,0.73204116812806741,0.99451862700061888,0.95629634248356932,1.0459542574763478
0.97089047189004374,0.98517640714534183,0.96821827386853054,1.0173451677521346,1.0416878921561532,1.0673805419395888,0.99965404918139578,1.0774945153282842,1.02610761139484,0.95112068247692005,0.98396462093638715,1.000746910583564,1.0191334554457041,0.97294438526742633,1.0311904005019377,0.81192604612669683,0.94220402171473416,0.93472519098639251,0.99713550688129438,1.0827012078156943,1.055737924711015,0.79988683725110477,1.0092708346563879,1.0040186631359311,0.90275383294925127
0.97637193140594691,0.93481102645423919,1.0012936242893424,1.063330044788201,1.0323387313797603,0.98593697622697052,0.92367660900728432,1.1049953130638732,1.0125827461412782,1.0329607779906642,1.07482468699386,0.98763950212023799,0.85475966430986927,0.9973041752544678,1.0509511156675344,0.66883504288844897,1.0083263026238733,0.95072068446671842,1.0140410087354157,1.0909837636617581,0.88070032525674824,0.82433149223612445,0.99858975128985827,1.0782440081553968,1.0744698149349876
