0.66261947663939125,0.77651217190181798,0.8841814652312221,0.85738244088328375,0.73150238666913581,0.7049587535454207,0.59035850790480571,0.74757831859729174,0.8840335204047387,0.64461769179358719,0.66842735685544752,0.53099690643211428,0.66088831456594122,0.74066378422037982,0.79326912358554991,0.72478048250125104,0.78464461302040833,0.80916561681889465,0.72004818560851158,0.79184352436015515,0.80505587368535425,0.74448345120080461,0.71184101611910677,0.71016369901545984,0.79784632879383355
0.83046718070873304,0.77216064845530186,0.77759442968199743,0.86324886327254513,0.69291355465726845,0.58275071004171219,0.67876233828160959,0.72890305440935543,0.87485866750820318,0.6546879143942238,0.69704623308892921,0.55989739745120781,0.87373157972400339,0.84523187194924443,0.79257208486437025,0.70230384844308258,0.75767980822253544,0.79016657421237901,0.83077181227267294,0.78302449152257703,0.73099189593800662,0.81753890474732138,0.73191549797203526,0.7228683228197309,0.77676229109885941
0.79378379443993197,0.73327171632281651,0.76018656576566179,0.84779745530219275,0.58956689070406265,0.87001818920885987,0.67631120075213069,0.83145324536415399,0.84927892323314713,0.74230412313816596,0.6528777774025637,0.84013785475812564,0.83673015649959093,0.82495166053312075,0.87858913226964175,0.8591083406046961,0.72184150104751754,0.83488191752558727,0.7851002623627712,0.8480512206673666,0.6830461294005189,0.75931820991860832,0.73891987786713076,0.52957912242595795,0.79765919696772325
0.84228294709494267,0.75017823703936926,0.73071792442864947,0.79726046854138977,0.56617783903900254,0.9113256132906723,0.74802240999837211,0.85126930740743256,0.8780452066487453,0.78813236497188832,0.80066008000002542,0.81250584777163737,0.80524212729725009,0.7947777920602308,0.81661922848133084,0.84197597057560103,0.76417154661397613,0.82467016908752033,0.86661774410070935,0.7895758189020472,0.81422371485260436,0.83369766402736223,0.72621283607730058,0.80734302330207242,0.80247990328018914
0.66879587234766646,0.7900065063916184,0.74782266081578597,0.83653612158204471,0.67343798984628955,0.91366981727060215,0.81695451754803217,0.82702326249437952,0.96434058051539928,0.77631130528413872,0.88880578285307088,0.72186372500931373,0.79169462340612395,0.70442451752521429,0.89198367647247145,0.95444611289155501,0.75515683487231011,0.78825450311052414,0.77085971462609448,0.82225397469119765,0.75342173654888711,0.84084905666053755,0.74156096916077452,0.78866593081595471,0.76610409151870629
0.61917969739494227,0.82004868519147078,0.67907769684359054,0.81371772673312515,0.66154934560983158,0.83984656867853902,0.83738001387190475,0.71300097047270339,0.76039797100812301,0.83110181964433849,0.88718074968406824,0.76750946480249105,0.71912206832619296,0.66398439190522851,0.85307684151253638,0.95348870843978872,0.81283573222868655,0.91040357965418428,0.80389132967089272,0.85951462602111661,0.77713999755457241,0.92375932500284041,0.83170047411850456,0.77013671442824339,0.65096352614832398
0.54613601069378448,0.84767982256338847,0.76724325394155124,0.78650981370275552,0.93285183051901666,0.87302123415116828,0.816457854359393,0.75291698474839197,0.80964117813133663,0.8142028684718382,0.8328381266281647,0.6541715083577736,0.88424385596889943,0.66522830647136122,0.84704327247856148,0.94656810980511441,0.8576220981321846,0.90337496683980623,0.88832632212017415,0.85161159558044341,0.83348470589703083,0.89145994658958216,0.78591150586897185,0.74650993694246459,0.78899284505376188
0.52722388715311574,0.86791091249569685,0.79086224537476268,0.76412287375109589,0.97138287348567742,0.85651246052639207,0.8154816142596325,0.76174361730379392,0.75290450393164299,0.80443728279640747,0.76297797198580763,0.79254808185783987,0.8731053097943019,0.66453027875314841,0.84513875706774266,0.74470960891174143,0.86104825120331652,0.95496799846386238,0.89551873465866993,0.79518889156355466,0.70694488963234592,0.83585792381237389,0.80405653952844591,0.7364261450260835,0.76856758353955579
0.67006606126109636,0.75383006756735871,0.76793033449825099,0.96406118759911086,0.92289333628159342,0.86856477344163685,0.86853134640204421,0.83313307215145715,0.66175273812291047,0.78112667270525848,0.88755002331095545,0.89590430650974151,0.87191761597523365,0.68387405882831676,0.85982738878897358,0.82515830586652761,0.80804733104833848,0.84837091050252056,0.86768976880898874,0.79346816956534916,0.72406875691529704,0.78279043158202766,0.69053089659624145,0.74590592897003205,0.65720177629903986
0.84221640064366043,0.70495439555923589,0.79912787236322769,0.87303352783256871,0.8261449272178667,0.82613353937674117,0.86210214488719938,0.95428204129421823,0.74373763843636109,0.76353708272451037,0.96162439157784474,0.92033906325102111,0.89325263326117577,0.84834518213575028,0.84944496018727822,0.85214471785110768,0.85377040633409629,0.77744352420690477,0.93639761753019957,0.86756885912468973,0.7313716912458188,0.731892052540418,0.6808034450655881,0.71501547416776101,0.70273591112061273
0.81865593053722463,0.77507365852470445,0.82477665867072147,0.88057085380177913,0.84934662293358543,0.7918957561123805,0.83222768493949117,0.96166861145587157,0.78659079008537469,0.75245318807982309,0.95381245899048328,0.8977509794456624,0.94366965334446506,0.82006773175019754,0.85103511294621637,0.84206127959628296,0.74018501426465688,0.75909657790985319,0.94896493218519617,0.81773035709155073,0.72289693246424158,0.80495014467029624,0.82458212633469008,0.78130835358956197,0.85040544044769573
0.86741413952562929,0.82532351067437115,0.8060313201266549,0.85794988217128465,0.79313353592337699,0.85503538446800431,0.77474395210813096,0.78922062591620923,0.80334409994640776,0.72342850104681333,0.96973568723162218,0.88366045435638707,0.85335903406525448,0.9469028153912542,0.92871481526415411,0.84782991838915012,0.90744241562127659,0.82711904850266871,0.9049185980232336,0.80782021167123008,0.72816582438823707,0.87747686293627525,0.7889629285994999,0.81584090220571825,0.81913234030841253
0.88644303287112391,0.78581976855610547,0.85708255766902375,0.90010974975851954,0.87559609577888498,0.77141746848901682,0.73712340080498795,0.95692403224339928,0.77393587694422905,0.82916721604209054,1.0001392815567038,0.92212522824439846,0.92509939415105347,0.88585300754078156,0.76224635426430654,0.80594438522467204,0.84981084883722191,0.74161559612525818,0.89790810466170512,0.81551184704931667,0.71907906314236936,0.9201419201715344,0.67410091657344684,0.87346293704319999,0.87973084312323391
0.90186100810033365,0.87554965275881558,0.80089330866235475,0.91841747462604684,0.84818677860348834,0.80117795789598256,0.75600813489551744,0.89615254645393805,0.7814056910500129,0.86594811338650224,0.98650594318430396,0.85020911090464346,0.89667554698660501,0.92883254292079442,0.8020278728145076,0.92031691908960689,0.84947324699450255,0.80754452887477324,0.88321820474527735,0.93939241711031085,0.7125820108262898,0.93555695370071779,0.87012925424866372,0.89263281584926546,0.90670696386090044
0.79015865825728049,0.95867097633528586,0.82028387912083556,0.98868959374675069,0.85905024619756132,0.91170639055135849,0.77791630979944537,0.81861103657513123,0.77460968889698367,0.79917225099494837,1.0033620344244201,0.85882833642769318,0.86769424893714642,0.91805964503538484,0.87826318414306292,0.74006281921179029,0.81485218528283865,0.82692878769721057,0.87709601431032158,0.85231733306693658,0.7261235359289292,0.93902989226185285,0.82545541054283467,0.90880707326542409,0.92169208029051231
0.88217035418898959,0.9855886648778438,0.84817166324393423,0.96736887107478342,0.86764305175000855,0.73448160725261946,0.79164884745879827,0.7963847988509154,0.92840482681325665,0.85382726710830814,1.0040942231230592,0.8551077886705436,0.92075618960013683,0.88394217824596322,0.88743570815655215,0.7650359729712326,0.91612399222879559,0.9064292882215178,0.99831682143000788,0.89223669265674699,0.69656054965291214,0.95620267869188202,0.83345349296461602,0.91485462180432653,0.89988837842692648
0.85176445112620247,0.91434837750982645,0.8690509777925387,0.85323261719127097,0.90555092820501026,0.83768471668856737,0.71826965796665698,0.87185546002890413,0.93591025734592592,0.81489294638024523,0.99182223021646243,0.84246701991212769,0.88473538108699301,0.90045225340252322,0.8096328820268649,0.73655937869078159,0.90161050664191444,0.91021299542871315,0.82534962322121352,0.93030680230412077,0.79501335425932973,0.8813330085001162,0.75978263167267812,0.89834979495799894,0.84980971570966091
0.84271676350289204,0.9547352114635842,0.82077772195915844,1.0273867032921988,0.86671531624636233,0.81874267634867248,0.6868609619342082,0.8784168540982733,0.93541184646795483,0.82761300020885387,0.95572760266987544,0.85286418648588924,0.97832997574937242,0.75681444276622079,0.84486079003817205,0.81609380262620523,0.82183161165246688,0.78317087597079127,0.87691104368152062,0.92137154392923315,0.7885604538939508,0.7342675275657109,0.76540855304411848,0.91594755096810532,0.88718073060282565
0.78568997256224882,0.9421308801366709,0.70669988332403499,0.97811324088824014,0.78718753648542528,0.9472462110761819,0.72924698175153457,0.91998167400679065,0.75882811345316303,0.82368122551615552,0.92055343593732153,0.79512755538342617,0.92018063814277995,0.89657838056261496,0.84357157543962991,0.8494632691475914,0.87932890553064802,0.85764625007355921,0.88231163739325091,0.93450320452246693,0.80641463933643531,0.97356996577492172,0.71579955794994654,0.97175662633069848,0.96369403975647061
0.82803470552206249,0.90584279171562898,0.85487068395407917,0.9220067940348915,0.89253193887023996,0.91314652771923743,0.72281231010982605,0.77073200529142316,0.92962087947084859,0.81666968435072151,0.96792629659239282,0.8517812276482466,0.84947445772333419,0.85931491034296448,0.86923576811332359,0.86190115286149616,0.86174971032066805,0.80616698831277334,0.87480538775815342,0.91022065820232134,0.86465133255583182,0.96162665328494534,0.72208496777308717,0.92657792847711618,0.89051497243392808
0.88292672902887837,0.92862476534749128,0.7882394270649028,0.89064230279146295,0.92790062838860143,0.84104858998830423,0.84989993067255987,0.87798998141390094,0.87264883833166362,0.83599469178311514,0.87764262898701939,0.82013702213639905,0.95584615102279968,0.85785440072251451,0.82512253502601896,0.88304105826237911,0.84467001652846574,0.71024294527066523,0.92152711309118163,0.86619570303769677,0.81281603577892469,0.90127367344882203,0.80604790028806272,0.90391892511199901,0.92319565575231488
0.84367486258519475,0.89107461817871048,0.75087233586513524,0.8605174269903122,0.84628078088325864,0.85108504184426936,0.84593292945406529,0.81544604931334619,0.90427305073826225,0.82067608547433069,0.86573313399975793,0.92618520838339491,0.8579552426905066,0.85919350417702234,0.83350067082421564,0.77393349124649646,0.77833559208157532,0.75975822151185057,0.94486508065331487,0.9024028875442085,0.88032820435825865,0.96106277402358142,0.80475010934063984,0.8690103918862,0.97995808875263601
0.848859491409791,0.9541261331035904,0.81106464462143213,0.96686610340042911,0.88867508317025923,0.87929896407448427,0.84499780258563739,1.0101655845911626,0.96305872250473257,0.81400563788315328,0.79253983469170131,0.8302948259627061,0.90089077789987926,0.71517544366676977,0.8560834184290389,0.85588025234422604,0.7101384809719995,0.76174109574661442,0.88644491014503979,0.9296743726301181,0.99914905355071026,0.93278908492777868,0.83838272818937909,0.88616475167829611,1.0009051778821385
0.8926532387986138,0.90811278438138698,0.7724933189214015,0.81304917300721702,0.92247089305881158,0.87332483631694813,0.85169651644863653,0.92381609089664041,0.86466387122273947,0.75754027125245804,0.7945302135903215,0.84423400559606421,0.908626532400161,0.7351349904435579,0.89087705906515624,0.92556724848935612,0.80473871747080472,0.79343612337240532,0.9105779428444517,0.7957224980226677,0.98263226605740528,1.0173242083102427,0.7705573112000903,0.95331221590656201,0.93028448683789977
0.92887975023291824,0.93049701695186304,0.87272533902272387,0.91729710872369929,0.94055916546645091,1.0161160499609743,0.7545497350276289,0.88629475084521259,0.83934611388094693,0.99066343673588408,0.99299057034401828,0.853934372852863,0.94961417502713441,0.69567762658992338,0.8115490445222916,0.99295243455462845,0.87056483320151079,0.8243242549397668,0.89970813391645876,0.85089922818521624,0.89633317805638124,0.98425543105936319,0.85677857659231949,0.88809909890190386,0.87934659429238504
0.88846978018588152,0.92232280212667217,0.93459675564724687,0.95995069657241727,0.86722232037007674,0.9911739630334967,0.84455729278371605,0.95274931771584714,0.85788470076003609,0.95536640499066294,0.94570031498970919,0.84804962755705338,0.94674966466209709,0.67133133046846882,0.78754007263467751,0.96697850763591986,0.91509993958533364,0.9092954489245485,0.87561538397384886,0.82283291981207041,0.94790369167411792,0.99150901595165064,0.86727113071102746,0.85874066059667287,0.93749734986739253
0.83173529574035077,0.97180538628046087,0.95779956904991714,0.98800748921472048,0.98442257130469002,0.98763021924677485,0.79661501654641098,0.9482149217038186,0.9024775324126082,0.90844156733915871,0.89260037471330211,0.82340954515737164,0.94745485785502492,0.80628867124002679,0.87947575259443533,0.95082998025370291,0.90609196177969908,0.9046142673800498,0.91419401310022963,0.79681904343040366,0.85071250375750962,1.0166708988209283,0.97847981795772054,0.99213833744902802,0.98682662075325622
0.94953630752592122,0.93798351689437576,0.98470652464510944,0.9545409096256634,0.84998436998921389,1.0328850533666201,0.82100078513056296,0.98201786386819157,0.85168005977388594,0.98847950348861569,0.93694231994736277,0.87014798125005699,0.91251475798447712,0.73720446990269517,0.87521926619838186,0.91304362575348608,0.86313666954618096,0.85011857799764634,0.97396018880760449,0.89462674562230693,0.96315207411910209,0.95791047854789657,0.96548969301878018,0.89530754202757823,1.0038156036762023
0.89107521556988722,0.92616283405684874,0.86247437619783762,0.91418415555959953,0.95427321679480714,1.0118232166053553,0.94732973739675042,0.9707935379111019,0.86369318384749105,1.0165565102929792,0.90693145993999569,0.86786806426634855,0.91397706227836895,0.74795422298216863,0.832474297114559,0.94155167862289324,0.89269233351591504,0.92168385802628361,0.93834912657918612,0.83092894506400861,0.97751459482879155,0.90962580992039355,1.0023975875516267,0.96025556230531617,0.94740578305018541
0.91842366674758902,0.93532907362203255,0.86548885913196261,0.93059731669451051,0.91789835011017618,0.95444221243972382,0.9213501921870183,0.93574030717256196,0.83934157920949803,1.0645542013201283,0.90171236687939815,0.88526652387500171,0.89816695726583928,0.91653527689698122,0.88921419660580947,0.99141057803621879,0.83757384887152742,0.79953526025861021,0.85602200233442172,0.87845915434901223,0.87177822140715933,0.82689718886995256,1.0333727298528563,0.97967677326570857,0.96912735725940091
0.87567091650345663,0.9384524980941924,0.83048724180718259,0.97506925400165811,0.90924872695126924,0.98818372970892321,0.98720294480347859,0.86064832807118252,0.93230585204480632,0.94952627681128432,0.92532173032901344,0.86584991149561341,0.98203582166187775,0.94477558630818337,0.85647704449816187,0.94586428549073776,0.88636367001049388,0.8604429739172893,1.028314622235966,0.91997335829080018,0.95040447287905794,0.90952926675583157,0.98392846383689314,0.92407083535863421,0.86850206724829671
0.87929704100518502,0.89597931699953004,0.85907499991905456,0.90133556194694242,0.94500221730505574,0.84260034942019502,1.0130541346410409,0.8213063516754846,0.92490753366104705,0.91742502845874452,0.94916232743791584,0.89870141141109838,0.93914896037002549,0.96243456025910679,0.90613057943581488,0.95289431141011816,0.94146999374544282,0.91622709585409345,1.0412605256182264,0.82969714808107242,0.93748655087330979,0.89346452872901927,0.94266749264218275,0.99038319957309062,1.0040522152661453
0.87355294777005688,0.88858265496070354,0.8350010762622373,0.96828994037705929,0.89876995378017255,0.87925074443552287,0.94385898436546645,0.90828702777037817,0.8425389819886866,0.78951776295277687,0.8656256508222987,0.8855556034163875,0.94632003725505576,0.93317925149167091,0.75675488823565895,0.86003545722470276,0.93909404155217868,0.83784637044852073,1.0420999917852303,0.81332302316625071,0.82241797608787137,0.83079190540156012,0.94934220706674932,0.91364400570622806,0.95927591259205613
0.94649230710200416,0.86727020613362871,0.8409634079694458,1.0429937461691843,0.86079992741410327,0.86346401153644969,0.90659143896399841,0.85781583782879478,0.83424942663889845,0.7566300981572267,0.92527470190796479,0.82609274825742807,0.79780268318850767,0.91696987081374026,0.75306530991986953,0.99165779173581259,0.88948806784963563,0.88044560449286025,0.86733261212565005,0.81501873849004214,0.97341776351357201,0.86714684616147419,0.96205133088749262,0.93688692194807832,0.99100507146985317
0.97897642483551794,0.97760090391020493,0.84586285933543048,1.0050689603320704,0.93862679300717888,0.8493474007327293,1.0599629433070688,0.90256976149391466,0.85873192682860622,0.85687287222822395,0.82111247113643449,0.8965452037162166,0.89037820192401096,0.93791421041790568,0.88103851663338506,0.86060510191769424,0.99101888610134059,0.89522063867792234,0.8553803875103273,0.77189880896923779,0.84867054004058562,0.89858177917595716,0.87462553646010177,0.86894546342297652,0.97517100719156102
0.89148124093525227,0.90550906638250772,0.81265371020182808,0.88396424330218704,0.86306541988495133,0.86215979270554877,0.9993857141632817,0.86996211806892709,0.91602746182405692,0.89038950428756325,0.85848047960903995,0.90227236384427933,0.94508995764131187,0.8924006737984399,1.0173818910595498,0.80989545155566922,0.92032430275561861,0.8795633163252583,0.73531500703925412,0.7728116173246683,0.95517594702251585,0.88110411208601258,0.97618106064686261,0.94313104102586276,1.0028450992988207
0.91605934809863221,0.85560830974155122,0.81786642086365302,0.77365688247753983,0.81463579400101194,0.85669539676302942,0.95735104752731037,0.87050343336772262,0.85967541735126063,0.90770807057213077,0.80768635646667208,0.8961203256683169,0.98911527048899373,0.91715798727852971,1.0330757562561348,0.84771029432702139,0.87499743156103371,0.87205178826115526,0.85657763160447509,0.80771141252196799,0.90758702592296547,0.84063876680700778,1.035352709363798,0.9637624933985981,0.93945660687283772
0.87427734191064366,0.85791758304833166,0.79849009362354972,0.82919360063611935,0.85875032582201649,0.83266371091763514,0.97759162902641894,0.90842462564181004,0.85316591172894252,0.94842565675158363,0.86396732928628439,0.92610605034666671,0.97316008907904594,0.95355256287369505,1.0194572194876725,0.81624939727398005,0.83149560506505049,0.83105385403661203,0.84292833380564747,0.85955379591601799,0.8907837257684782,0.89563396288363406,0.88103993898512178,0.89719701375396643,0.84752911574782219
0.68412861058138463,0.8167140835121437,0.8613946033023685,0.85430434445584846,0.82987150634105444,0.82195108179038656,0.80867640270644892,0.87373078479328314,0.82775315219297307,0.91545534731800771,0.85133818421874941,0.82462889246287852,1.0190777427806141,0.96596361289801891,1.030458000357916,0.79741365640357409,0.88246904061731324,0.89561164547089622,0.87453551805986718,0.85534665526408649,0.81661897170258713,0.80663771658020333,0.90510308580756438,0.92616051496561158,0.8170911619203548
0.92274247328650216,0.86802539106191989,0.86405640955910379,0.84633825232642856,0.82464873406893446,0.84897668828861539,0.83123034261635764,0.84157122354959091,0.985536477081142,0.87058444862562856,0.91022468845915083,0.84162487083495419,1.0091133363864884,0.86558297387601379,1.0373214236331638,0.8256395014002661,0.83972137569604899,0.86320280423306861,0.84065749167821646,0.85139846519152229,0.93805794536774545,0.84229328899553568,0.92005505294036249,0.84772021393265207,0.88305916096352699
0.88182881809753677,0.77321114325077445,0.8273343067864718,0.83937988576201661,0.78360078753934514,0.83155514409095721,0.93958125913745327,0.90565538713992499,0.87880323367279711,0.8714552999074876,0.93071969821709122,0.91777520377924715,0.98295967948914376,0.8104256391008815,0.79915419231043938,0.83759393043522101,0.89057957671775911,0.86328646513982599,0.82150353430496059,0.86979431718500999,0.93409636145968378,0.86587080259323546,0.93494439615467051,0.82940613964565135,0.8325061543008494
0.93041555249650376,0.82096202754958791,0.83354189559884395,0.83398311659979718,0.85428811901608537,0.81177901303939115,1.0105244433052993,0.8433141370566366,0.87704358446258956,0.83076637932895647,0.8417387574916515,0.88369290758283447,0.81365245704731992,0.85108590428394149,0.95748619693467751,0.88397785173973098,0.84934565048334076,0.86779378298969512,0.87356578625370984,0.90233415471184208,0.91179498064293207,0.90123431371555529,0.94920563865332919,0.83992121925051233,0.86773367776475629
0.93282721238761435,0.86734178741735479,0.78673735785702659,0.79995652081091928,0.84041997941485513,0.8213702241865144,0.90796663447752812,0.92312763395830022,0.89530466624755745,0.92437995960764707,0.79559443008554065,0.84688349800341567,0.82388771148707418,0.88830359979155016,0.87546752302268105,0.80996055047572479,0.90244419234777451,0.8612774205960988,0.94816410812689089,0.87018396467747794,0.92474327156150049,0.89170196708540495,0.81589396156845895,0.83153293642970039,0.85123516678707367
0.94792015447261235,0.87098829870666705,0.84734380536126408,0.86513474942683988,0.82057700178534487,0.87052059717841845,0.97325745176041123,0.91294037178572696,0.88602000114967727,0.89141363290344722,0.81693424935697867,0.8867820755960919,0.83016106218376406,0.85775327741252705,0.88530568512411945,0.89568067526116235,0.85893641505045215,0.91717288991713841,0.79684488234463569,0.87441652108328916,0.88205638548907483,0.88312652348128484,0.82386488973064509,0.88726584997446323,0.82192763353581766
0.87891217950649958,0.82516679640221979,0.88258723987346654,0.86699268211571534,0.78370960105212495,0.88538469878572401,0.85778076613595,0.95262747989944618,0.84877870916935738,0.88622864659709433,0.7882064590208907,0.91603896940142526,0.82534865218166131,0.81674560540796692,0.8187789857380533,0.79167047038400118,0.84039297292795556,0.8570969717242114,0.86355432685134548,0.86391186873172554,0.95395074088363341,0.82552206513975335,0.80253424151365682,0.85901294120598182,0.80975454542957415
0.76567913638758767,0.83549948232601345,0.88264848628089509,0.78856016708829446,0.74279407325209534,0.87058617739177147,0.82790665669978147,0.95752387711939713,0.6876966554980064,0.83039471623440586,0.82762197426307049,0.89189577517571328,0.82236232539369536,0.77028699799620559,0.96167934161851543,0.81272299698586148,0.84362155166480035,0.8694542086483229,0.88992137720439546,0.86430332800923781,0.92352683616207332,0.82593027653984208,0.83668588261244559,0.80074607735339698,0.90624574541394798
0.8161939240726338,0.83124101391563998,0.89843479311415453,0.84692181240259423,0.82475993213512266,0.8809905471269962,0.79103074072988022,0.92407713855121321,0.85501235921353791,0.84446713814251317,0.84494799416438071,0.82686491813028717,0.81562448934727994,0.75093237779889588,0.82162971598794421,0.81074030467499802,0.90659824295951474,0.85692594550656254,0.84286075155454254,0.85586680767867118,0.91530401617840407,0.88897261862915644,0.8518218229916803,0.83156789066658676,0.8805758565123345
0.85878979741704797,0.77970315306823901,0.87838737378764264,0.86727252025322366,0.82084945871188297,0.91369761133572847,0.82048190931638365,0.87026207954592438,0.8684735980900572,0.79738576989701382,0.87292204839385745,0.869475365321836,0.838661335938367,0.7987073370280835,0.85358851578424511,0.82238144551441827,0.84219238108907057,0.85604414805646989,0.91980098397058996,0.86930875303662414,0.8006049405156086,0.92539487076615079,0.84569714888858105,0.80768357376316013,0.87669547594411246
0.64163508287379201,0.80607278582060082,0.87935794816828261,0.93527638267504531,0.76184865466664642,0.86265422511401457,0.88220194994279633,0.91958110369092083,0.80275647220812585,0.8321452061512622,0.84419937363857467,0.81942734342626011,0.89167237668587318,0.89146058408125028,0.78869273449061061,0.8157468348177479,0.8645312857914228,0.8905065689776348,0.85890795063383818,0.85560818529537308,0.78516934998805921,0.82515142403327468,0.8407300116889469,0.79778237978485089,0.94803651044556758
0.85894148827626404,0.84205858401543099,0.85163668386539126,0.90333496403298896,0.82558961988760615,0.86340793064127674,0.82787263285447732,0.9653266025260453,0.79431619801822051,0.90683728083206228,0.85034570796520126,0.88578955219701005,0.85593421506147904,0.87036151967542663,0.8323208666245151,0.86781858816608348,0.91300937178802122,0.85901379446197024,0.79923186438416793,0.91597123267297575,0.83285647196966239,0.93503933750088086,0.85971758608430893,0.83915900206854399,0.85928514137298162
0.87321523551737446,0.73563142205827203,0.85401924435266108,0.85091036716128854,0.79247813321021965,0.87022375794997453,0.86355699061598112,0.86014722762959284,0.79042692347583909,0.88370922681739983,0.86565597113290993,0.81238750234715884,0.80501494267043971,0.85462440086600677,0.80514832356257737,0.8331965038678375,0.8849157176581196,0.7721416098037519,0.79925914850920188,0.88780912063147721,0.82640542151316598,0.85154248317304893,0.88540323296390666,0.8859225025718761,0.90755695017469784
0.85877775805058021,0.77698030126095818,0.84375310661705039,0.83256903107003211,0.7947002591316944,0.85807800450541016,0.82107392376348654,0.91201292294321212,0.86562841282281,0.87612245065249972,0.89051139738884522,0.8735640802574749,0.95041548132336628,0.8864165523858516,0.85656936740078149,0.90169197107048038,0.86163390280598418,0.87018175720889612,0.83317658900161407,0.86202146235653543,0.86081120838079872,0.88238042219140411,0.85470978962205524,0.80000789804276784,0.81541707895912641
0.91219335905899324,0.84796089507906303,0.86210517560693622,0.79376295266777008,0.87011338304499064,0.87795588167078686,0.86415644872856356,0.87824724563452428,0.89642477761871941,0.84430766892040998,0.84088832060165108,0.89404585781143076,0.84763425571416684,0.83561591450629813,0.8680639275887293,0.87661854770008163,0.89851229145351219,0.81450643628126151,0.89466368201810853,0.86218252463600575,0.89819407022758624,0.88379412131974877,0.80383549507395513,0.79424971718419501,0.79927141177256666
0.80353181024103359,0.87698814396729685,0.85273059595666267,0.88509925465649952,0.82897895726555604,0.82836955213052743,0.84587807461103071,0.87598839733480161,0.92395765687394016,0.89010867905387714,0.84878098105542443,0.84438215560014906,0.93780229388995207,0.85368755979908906,0.81699223709492397,0.91225450017636134,0.84882512623985218,0.88222258469389592,0.78663530583437757,0.97770673188481605,0.88972562848926406,0.90412062019021411,0.82526079432345711,0.94096929076220559,0.8131820051117149
0.81571945896354636,0.86611957767826298,0.84663243045506253,0.84967740269699543,0.78542567491283077,0.84658410456863009,0.84662078603792634,0.84274759973868374,0.90401410757235767,0.88978911160590757,0.94698463575704794,0.80510284811396071,0.94956713889703137,0.85115242808898639,0.8344319484576197,0.89427342805170651,0.95023139239130405,0.82561822880649338,0.82161025198273918,0.85436678473493044,0.84468439811461027,0.8714782951244272,0.84628330371686333,0.87598860030124437,0.80148367938660892
0.84256341544989211,0.89309094940171607,0.84713693214331909,0.80814752952943469,0.7736334121336258,0.78901306989838982,0.83944322999717025,0.79469571162047103,0.87242055828834719,0.85512600365664881,0.90036603204238363,0.85098918934757184,0.92643220135716076,0.80193795989637173,0.77308042696656609,0.90277633137829061,0.91297038264412655,0.88568308291771869,0.80676687948830961,0.70225132141758684,0.8567361954432603,0.83560342711703095,0.83989142982900666,0.89945593424830228,0.81555753969693467
0.81107501614542543,0.85879837558509831,0.76397475184155039,0.81053577645725672,0.77018139309256117,0.8276876977979295,0.84679772394373487,0.89657426512788541,0.86202868937979382,0.91166706217266602,0.87337676687384025,0.84741265594457638,0.87868756019236594,0.89557561525693929,0.84571932117710835,0.88939024405043121,0.90343921873795252,0.86707118646597703,0.80179141235022378,0.73336109243154501,0.81946787311347824,0.89571527927426431,0.84003766152067227,0.8688828818486436,0.79308235709505337
0.83813105985281555,0.82965041450415133,0.77570969586181293,0.83485251795949889,0.81570884158710233,0.82462697459942258,0.84581823116218136,0.76837758326198446,0.83936862714857985,0.90448793635550573,0.96093559773066128,0.81414871789323973,0.87076438836852632,0.8463893105947885,0.81368566871738279,0.93536101209765476,0.89602130690601123,0.75837855849820091,0.8150192637389464,0.85026375715183899,0.81170574588846445,0.95608946769614311,0.83188566099633787,0.93109603899417037,0.81660236152818066
0.84489462231334067,0.85670185462654758,0.83050792535693252,0.87464834711238171,0.83620833572075082,0.79236957875153058,0.81669916920698049,0.82664061235598618,0.88402900859960087,0.76994139371592796,0.96241437424504628,0.78925485159564235,0.84348983325982485,0.80577238649347138,0.75035275956678471,0.87585752710301801,0.87299563104022093,0.83414950792811116,0.7712054266918591,0.76356225612448658,0.84150022536701552,0.83903931279439226,0.82897797898875358,0.93313339637245751,0.84093939828324504
0.85883419841541597,0.79238898634101651,0.83888007389899655,0.85643433229727295,0.81994142038456319,0.90101942211342523,0.844282767620678,0.87444522631495336,0.88200245897210749,0.84918784947186376,0.95378998922556135,0.81558826449118893,0.80525679556163621,0.79844295030861157,0.78449396755086742,0.88247017344626655,0.92526871284713719,0.80275657465545258,0.82267448622774964,0.94249205705947925,0.8435839750319053,0.83517762874156531,0.86649545743617162,0.93552090508138241,0.73967032821597656
0.87892041317088998,0.92927247879234443,0.79349682593708493,0.84020060482982073,0.79751113555036557,0.80560732950352576,0.85787011549391468,0.87483330164964135,0.91538336739071735,0.84621390190783718,0.88801312195523541,0.84674902654110096,0.82624733268548878,0.84023504269132754,0.80049583410710856,0.88606072874028519,0.87097010098553729,0.86049589639330315,0.84455269087711127,0.60272285345634913,0.81161492705615479,0.82134121945681093,0.81796692833324813,0.88933458639380192,0.75043271239597598
0.90308965502500438,0.83672231432711164,0.81049917948486094,0.85516187419168155,0.85490145775212611,0.88745177481545234,0.82494911924436776,0.93197193785349719,0.87978393275802191,0.86904886382459867,0.91250437633186943,0.91882965448381837,0.87145659575364243,0.84017957819651856,0.78238148170687027,0.79194518571508332,0.88445737461055896,0.82311576930766162,0.892387459720553,0.83099476467483913,0.82969798522513694,0.86062880792287821,0.82190823616908038,0.92186780905061294,0.7882340420626518
0.80975740481828407,0.92042692389798964,0.82430181597170971,0.87591023525044664,0.80127960456643543,0.8827501147078185,0.86560614754476006,0.8708986820625102,0.89922119414979307,0.8483051094354207,0.8757741809179278,0.86193749863228075,0.82789518142560992,0.82288397648898837,0.85064608414216381,0.92284176167654974,0.89257459302755815,0.77908987222331716,0.88591340819786979,0.87171326409511463,0.81096192572624282,0.81968593248203891,0.83325635105779561,0.75610053513560627,0.81103804818378555
0.80254431719688402,0.91553509539220213,0.83500892352284894,0.84881617851449254,0.8580403683554324,0.87979762250282467,0.83902970814014344,0.90762009196086935,0.79599327777944695,0.70714208793242173,0.92158231091094345,0.8650247955965491,0.8171860912636344,0.77817727537654313,0.84256680360920877,0.90453790308926074,0.86964071663719533,0.85575086374250786,0.92457890895441031,0.81868596105853497,0.85172151224150716,0.85594316819479155,0.85351766319293509,0.86220163451593002,0.8496623360625285
0.81417945242928036,0.88762434066995999,0.80150795454238855,0.83322383746588635,0.85573854455517473,0.79636672683556986,0.89714994335465326,0.84790341776170708,0.81998095585856579,0.85486038841166667,0.86880172846624271,0.93131635281286507,0.86618174645917634,0.85473371594448611,0.87642890753058755,0.93861402610468891,0.81252675241083683,0.80863867111740784,0.88418256360329528,0.79604638390751004,0.83372662127051989,0.87887284232634777,0.85571841621127132,0.85705150166535626,0.88520902230017651
0.77969760154983059,0.83668551987868234,0.79703595600443644,0.82931005065605889,0.87993032484808298,0.82885405156345371,0.82236252971555257,0.89074162019034864,0.81178485064560324,0.85005212113346806,0.84084051504086321,0.8929979171227298,0.96485222412282601,0.92727452025485246,0.84683347272926812,0.93734899162157026,0.85104566846377994,0.80433569825932671,0.78582297919232758,0.83340361703687227,0.81291216826339241,0.79397011301344067,0.86618600548689428,0.87391690950128142,0.85551437890996562
0.8394218655426563,0.85965057715449167,0.81359158984432678,0.82919086692096788,0.85394077216586139,0.81679092006126408,0.76402490607132423,0.88815131449871931,0.85709551290228381,0.83520168689179608,0.82491694696633067,0.86587671015781043,0.86864103993058273,0.86020762334446788,0.77352522756670272,0.93490362422663797,0.85340021723657555,0.91015191196072665,0.83124185122682426,0.7969758649887918,0.75590436981963682,0.78878731390016299,0.86346796435346418,0.93061445759663419,0.91049527282918208
0.91994749246508856,0.87653692798516558,0.81046025265896426,0.84216555509615476,0.75279439863043529,0.83435809728566612,0.79221777780779745,0.85340044207893773,0.78299122016279921,0.83132166881445535,0.8878127301432337,0.76293822462164507,0.83921585857670999,0.84867051781563452,0.88671661217798081,0.91082468799353322,0.82831496717785147,0.86449684693404028,0.84679900023413857,0.81911969602883883,0.79295098927070162,0.71812425515079292,0.91616614088693082,0.832974086433239,0.83029483547201421
0.89757023480239162,0.88690820530048253,0.79871662003074262,0.90292043523630205,0.89252452088265111,0.80089712142079861,0.77960870755171918,0.82013335863796932,0.78166939738852814,0.80484394838762763,0.91059812829359588,0.80465503668269545,0.89757479622419889,0.8256341928179044,0.87159007277954115,0.88037559173965263,0.83700784087082314,0.86717385201441488,0.82526235626732025,0.78863473123040462,0.856381494505978,0.74376975164045234,0.90901471518301513,0.85382604016054953,0.82133087925727144
0.88794902829367783,0.93811539022401025,0.81376924828914077,0.88349033998686,0.85723759460025484,0.89928532894165381,0.78819185789202151,0.88851823799533791,0.86916370420894296,0.82520631607050532,0.82706854167485278,0.82013912928401189,0.90747792927313964,0.9135644742720529,0.86923143569993333,0.88993189732009692,0.7960932702156136,0.80457050986552425,0.98172893194917699,0.88585717712942014,0.83442076610781668,0.79360773900981418,0.89985716967275098,0.8887206426207358,0.85513297765685503
0.82843558303928932,0.8464522540405327,0.80968840265913733,0.87823354176630275,0.86171345477799,0.88634175820939931,0.79074968945872159,0.85430033652783588,0.83299579916489219,0.80241431594117651,0.82563479782929738,0.79501293355376079,0.90663580777184938,0.8623782309635194,0.81519156752979616,0.87352822693993082,0.8218010513321794,0.78910186665412585,0.85123491664734807,0.82258427888929253,0.87217292226269771,0.83776846429697849,0.93375566356590722,0.81059433053176366,0.92471566352701406
0.81137796766463999,0.83566891056620396,0.80343256032607024,0.90311469067520034,0.88484297640629495,0.87535896851092787,0.77097915193314437,0.82110527900408492,0.75713544280308953,0.89866121541106259,0.79336368171252392,0.78079487126449143,0.95263804136390162,0.86363250970270633,0.9052333843559397,0.86877333257957867,0.87982781150381639,0.83081787860658496,0.89886267845084711,0.84861448676852014,0.89033821216160203,0.85980831450963557,0.95796747788525538,0.82039533564956635,0.84627031322911306
0.8519970287645402,0.87324281571757456,0.82031861654212768,0.85377296373456779,0.82455446058433191,0.872558323716215,0.81109950777309858,0.77117232934470681,0.82418658182417015,0.83343173241013324,0.80417854507435993,0.82799321694028616,0.85570706787562156,0.90453797492538768,0.80288963495609189,0.86129905740049284,0.77473660288530299,0.76305464299662862,0.89445773131229223,0.87390536124711438,0.83273075548452602,0.78293105229498405,0.92869631973216415,0.8241729294807838,0.84766306687328685
0.8455790364806014,0.79566327049578023,0.81617947337551056,0.86467834751769923,0.83599206119670855,0.81752391156131743,0.76248946041101495,0.83211114726920055,0.86201350685536771,0.83346878533994539,0.80992374576121751,0.85558913360069,0.92901976093480432,0.9638220981053518,0.8737443141372383,0.909969890379557,0.7698326668950255,0.83271594267878257,0.90088738454081951,0.8474314434619622,0.84467431142782157,0.85525562927962062,0.92212675053948523,0.94408877472739361,0.89504274288292596
0.84307069167061754,0.88584779530252011,0.77140841463756737,0.89313606633698417,0.92297423778866261,0.83457699927316986,0.81929875052347645,0.85550238070516316,0.93874931195783706,0.8896601022528362,0.84193018506508055,0.80921874105875802,0.8961009001576794,0.85967354630009285,0.92106712397027746,0.90088724485354887,0.81116981759095397,0.8930836193164563,0.8890601248389205,0.79137472558087452,0.86921405901871429,0.84028645735031049,0.88528441246993483,0.86563984254629711,0.94746491976763292
0.80865065153066151,0.89339979192653851,0.84269995120200769,0.83913059540254564,0.93191472335894499,0.88598898652359936,0.74723350810153411,0.86802869148463591,0.91050818960890689,0.89843320977743146,0.84111030076233517,0.81122438596569013,0.94127088840204975,0.85048064256207834,0.84096962760776195,0.84919488064920357,0.8424539762944645,0.87218008994911878,0.88522536757350045,0.83534767380851249,0.86421600195284198,0.9112472914338563,0.97693908040644728,0.86658470589305425,0.7885608240341172
0.88287726836220726,0.91276314791982094,0.92025437125285736,0.85660044779603328,0.89944360443396176,0.90626974104853297,0.79084555173810478,0.81073839134332082,0.9198512886648581,0.84438153426462537,0.80919276608624824,0.94991089418776331,0.87897302787784626,0.8282920068729076,0.89592493622004221,0.91783171756535864,0.76656801131767882,0.83242462606092316,0.83043138341079414,0.88955804193942323,0.81465228736343298,0.93258745214356475,0.98872131242537675,0.93375429789438968,0.80587804613489145
0.79743929797249302,0.99044111244164057,0.91450564324096395,0.92435862715529771,0.88975910520266577,0.86564353506792235,0.78608797474707282,0.82982418557390836,0.88793273634320824,0.83620716959395558,0.8432726175555727,0.98959049910061858,0.88201995362344943,0.83595549941444458,0.90931803198164385,0.91758072063906149,0.81013921301592395,0.797784302350529,0.83090769373141971,0.87039680515813478,0.8847639442705435,0.96057894076514883,0.88425356930993493,0.97939539588543223,0.931271468433438
0.82017692234559703,0.89370150424384875,0.94305296669797145,0.91484436430628313,0.90337430821374476,0.80189805065050268,0.7980191778974014,0.87849367071120088,0.921778443127651,0.87821291713647009,0.90111465849281802,0.78317498083343284,0.95094969442078714,0.85194959226488642,0.91089205293080056,0.83374565614852114,0.81337090134167811,0.92596925893639537,0.86352616082022515,0.84682165627066031,0.82165792411830219,0.9694852871901859,0.75385622981363198,0.907391275952523,0.89601153220914598
0.83831296412381262,0.85459466506847448,0.92671694968006968,0.95585713490693325,0.86231223545019975,0.84812422789817465,0.88253428128725353,0.83827504475518944,0.90028782546445396,0.93369444315392169,0.8804212381323443,0.84623276202415809,0.90067714541946176,0.82535367146890948,0.91479446685428034,0.87827096802457771,0.78678631928154241,0.84637074445102112,0.85650709537015046,0.86464246579422799,0.88033813101877212,0.87773186296355044,0.87571934538901253,1.0076085171316114,0.898124772012029
0.8864284169489417,0.85269603803958804,0.93033794419697946,0.91548592161244924,0.84365856275686868,0.78724982784098463,0.79848046524004657,0.89382041760363784,0.86474684184536621,0.89859518405023309,0.88382735083681707,0.79099264113971224,0.9712973602583348,0.81772291471704472,0.89773455839632699,0.82689052784691797,0.76655217565245337,0.88854098042414531,0.93349805209759729,0.81912001023529801,0.9460749455722004,0.93763083152001669,0.83759317253956866,0.89167237558990931,0.91965072595975261
0.81154893737768641,0.8192120152273682,0.97251668328939289,0.8943563304223926,0.81298656792033464,0.86927842646028253,0.85563699740676091,0.94927894867827778,0.9516191094353551,0.75372748727078243,0.87763625268686363,0.84937750840413162,0.91747696042724247,0.89117946547680227,0.82720604812534204,0.86739121466389668,0.80157407984927331,0.94984594260972965,0.94072739368055136,0.77776351986389491,0.89822557393317992,0.94024621216431026,0.78591325979321236,1.0290636497555368,0.90514918200276018
0.73478896209479538,0.88681392406781678,0.87716048555949466,0.89362456263367573,0.84295434501248345,0.91022700720402538,0.84757851826667785,0.92429372187969461,0.82786453217588196,0.85483361896245735,0.87585724373883289,0.88576419267942119,0.93560614838129541,0.82719028899686176,0.79030550347046458,0.85774797184197282,0.80720082793052728,0.84095479780372639,0.87974470942589045,0.83232610622145176,0.95371753916632274,0.95968867185036677,0.8479659204965837,0.95269515586396325,0.8397586914662688
0.78040336820007405,0.85436690532370241,0.86198399920379154,0.86258290226546952,0.81390816927482701,0.77420548705671421,0.83597133728012052,0.88008027583710435,0.94862226104406511,0.90858109255250685,0.95745245072734619,0.79544564426564002,0.93734231505576249,0.79783021513426111,0.86625422158233778,0.84571394469802641,0.84373089291028769,0.95436329293373368,0.89524796521775296,0.80743265849649526,0.91269431492171249,0.88835020867357073,0.86666564233831833,0.84626296299417092,0.85900601802855592
0.786129330064681,0.83183350198247474,0.89233717681140534,0.91159249081869809,0.85598553826523771,0.82926449692501181,0.82652434064933678,0.84309696102023013,0.88093024147625609,0.83380671717347421,0.85562238650509093,0.86387235469055645,0.96739460776006914,0.83429886819473598,0.79314581746856505,0.8182059370498187,0.81394040970934667,0.94201867480842372,0.90187473703025878,0.8116269582506126,0.88546525664160913,0.92099744413281381,0.80135964533692283,0.8279174688541403,0.97276852029854799
0.81457252255198243,0.85605033885213189,0.95076862012645913,0.8873820907678287,0.95833566827955707,0.88640987047423891,0.7464504881851336,0.85828135747663559,0.90824698574482965,0.92116321393799006,0.9350427923344119,0.91652766324504398,0.90506769142349586,0.87459882139233225,0.87935606010230949,0.86591421605687691,0.86119938165983834,0.80637538996412272,0.89789345543728205,0.87656527910015059,0.86763765845703744,0.92821712195543871,0.85533501550022517,0.98863700396063314,0.93614800748251037
0.87541314113305391,0.9400245177365758,0.85988682970824293,0.85961735251078641,0.93504566379480947,0.83349353569858065,0.84266823351415232,0.8416137024959478,0.93031471264845134,0.83507944290434188,0.95077429834627691,0.93689853068804774,0.85920140038774051,0.81402937386587459,0.93429246585010295,0.82122932621369005,0.83985412311192753,0.99950732193926861,0.8267265436076936,0.83747019941404055,0.86116915753904033,0.89287381533724197,0.7939064919336557,0.90380241187849431,0.84667612329226616
0.88994067481887007,0.87036547161824473,0.84151584565711257,0.87317570364627872,0.91957503629725479,0.8961010073099881,0.79278359128376918,0.93427909645400231,0.93593713950641877,0.87873713492834316,0.99487176210467421,0.904890952167268,0.82231715412398021,0.85078766199129874,0.83767116588378432,0.77693320799726751,0.75157621465998381,0.95441497226569527,0.97849820132197407,0.84493640980523577,0.9390754198325364,0.86316345524058935,0.88443556573279103,0.95721442437440007,0.8868350709616436
0.87243320679155312,0.81138530794872965,0.76681343691901904,0.77766175488795874,0.80162526795232203,0.89383518796102668,0.88835924148033962,0.80275397281763572,0.94892341682304049,0.84776372137813505,0.94534263464591972,0.88044545302376709,0.94724202071661279,0.78882644686671122,0.81970274090966777,0.78765915038574152,0.8131462998165031,0.96564861734932805,0.91993386601274951,0.98267568778941583,0.89258467733286995,0.86923307805858063,0.84402875735953176,0.87532709749738391,0.83551783839042404
0.97053430030024512,0.83794171537477968,0.84761503978415342,0.8589174359228956,0.84776005027338219,0.85916119858947559,0.85844528690167488,0.83755161680266221,0.94187127545883531,0.90639976020145629,0.90517896155475519,1.0159294405372614,0.96729189363166967,0.89011112432871786,0.802393010951862,0.79633431204257621,0.85892688025855113,0.89629368407507648,0.86557136037703364,0.93067366118272377,0.82197570154960009,0.85925116724627004,0.78473252035960572,0.96255349370525134,0.87328245209327138
0.87233346584900862,0.86929729669757982,0.79080187036147953,0.85536452100993565,0.91110923696534052,0.97283251710623853,0.79999115352033601,0.91099701499180274,0.88890364206561601,0.88388626332149911,0.87093713576689269,0.90808250812324465,0.92955968245773224,0.90317300748004969,0.80461017395991274,0.91816235322911965,0.81516365649345657,0.95786900399007258,0.88980220510766705,0.85616909698614396,0.85044237820823554,0.86412271308879007,0.79801901717297441,0.87696711182300058,0.93014107649410538
0.86951431005196689,0.80966897855465803,0.83540927995946757,0.81516178380290505,0.85729751042499536,0.8991402001198755,0.86681491897458629,0.84914567490215676,0.95258064918438035,0.8564094554271493,0.85272365010457651,0.93225062467006237,0.89721176390237234,0.86541707794886047,0.8887731080537552,0.99340109018200617,0.83604945786586993,0.88500512281260257,0.95726115804685019,0.9073027727859877,0.79774518613367862,0.86661475885840589,0.85409367407150449,0.86033739427601441,0.90962158086068146
0.88615122068757302,0.77692824896943313,0.84056655569923844,0.85893833318460955,0.86174937559038289,0.8528247520336103,0.93451199231236382,0.79695694617857682,0.94464030024818879,0.88829325250896962,0.95997176450778188,0.93576656860802743,0.78334490337180185,0.90334318755814014,0.77308157624458229,0.94716905329565226,0.86348095523012758,0.84136484530149958,0.92909409522072606,0.96552879213890208,0.86120854130278734,0.87167006691751225,0.82498922353573101,0.86494112223304498,0.86047375140288473
0.82130297790413143,0.92600767146541396,0.89356824068607099,0.83900881178694597,0.89998717403326434,0.88354226798011615,0.99044311002106222,0.963208264009207,0.95248085354628464,0.89711018378204455,0.88980998732732153,1.0066489248647152,0.87153095484443255,0.87429948968455895,0.77711287545982521,1.0150061000662076,0.89634697944071828,0.73339625033513056,0.88875684724846449,0.89440810740531151,0.76994889201948558,0.86129209441390542,0.82938118687669582,0.919983187352853,0.88955461780086187
0.84789577866766386,0.89479114610500921,0.8371047945375969,0.88540423232310839,0.89325127735975562,0.95438109689541262,0.86555431339981648,0.91986881422293132,0.87153246018453412,0.91553103657733448,0.87590662561077837,0.93117717738039996,0.98590612561051816,0.80632554225937425,0.74336810523621155,0.90805882133630667,0.79664525926675966,0.84614536884112634,0.90688574776763475,0.92574638822189736,0.87979823167799975,0.92847315312879508,0.8658730412505673,0.91148891300096702,0.87903956116087678
0.80892481741372313,0.87680899236340148,0.99162012814713629,0.87058127289388132,0.86253986181597053,0.8168435073610919,0.82047339716168954,0.87877000691563734,0.87873108881961104,0.88354707348383033,0.9359412479364454,0.97369235103992269,0.99178812518879766,0.87774761542258872,0.77691163798257878,0.96046118587714235,0.94284828337149207,0.95581771420118633,0.82708959670758742,0.95669679886809511,0.82881612902266122,0.98786425995409677,0.84759231406777569,0.91385799489699659,0.84820188534768626
0.95937127470990002,0.97231361056602128,0.98324591641156323,0.84839771401736841,0.9523323856117637,0.89122244729316402,0.93376488894648868,0.89998870150142318,0.9090830592474024,0.91128687908246486,0.95209279604510466,0.95598370398043497,0.92902961936519279,0.86571957607178729,0.97959839193400999,0.95534955324438431,0.86205630562511437,0.93851423060818517,0.91882023387472633,1.0051848429555532,0.91967443746366873,0.94243404826385402,0.94604484154545887,0.88181767302224401,0.89973464088437582
0.90045295593077312,0.82107985935679673,0.86081827012613277,0.94780957283209266,0.95701657411675189,0.9509286084177887,0.9928769934841345,0.93884759846492638,0.93996970749733955,0.835020684574587,0.9406494812324967,0.91166294603291642,0.93040612370855391,0.93890102727139069,0.92275427102333352,0.96939215036909898,0.8283835776952122,0.88131092916528053,0.84729848966291876,0.87486671233940583,0.83250147724475321,0.95677325449047546,0.83282947402238539,0.9227543809840939,0.87809026445863492
0.90412932984417171,0.85032706743962627,0.85388949071186349,0.90292050520767086,0.88454378981038795,0.92833517797379261,0.8717144615922382,1.025799629376033,0.94439836077124084,0.83648596547281762,1.0200400097124047,0.899830805927191,0.89152724009877271,0.86660782281437843,0.93647450722944536,0.98248163931225252,0.83262362908178067,0.86863290913287949,0.84676032783720867,0.8810534080990553,0.94276102075476842,0.89852268909793787,0.88877973925954001,0.82473702344109756,0.89554212615995865
0.96243741576989594,0.73277564734694789,0.99706243565773567,0.86690969399173623,0.92353623615490088,0.89841117733368603,0.85169624806849176,0.92126116888499987,0.9576333340836547,0.81781004965353632,0.96091316947049565,0.92945892345914827,0.86470631778001772,0.97078270728313176,0.97703197261364771,0.93243219640333685,0.77009867671565391,0.85840019632451336,0.84436920565713813,0.90525590892048768,0.89747957131454892,0.81799778615354679,0.8574210057113788,0.85415483231394973,0.86708917987571754
0.94575606756891362,0.95541967477535417,0.84686447312625701,0.86309327970448024,0.9000094947724947,0.90628169399290837,0.84175115532632894,0.75233465947526768,0.9399519765113804,0.84161581021482101,0.90854810145142761,0.96908388048136318,0.90859515976426841,0.87792812063965853,0.8556733672092881,0.93832881203501406,0.88023247779533387,0.91686781111741233,0.90804784518185422,0.83475502991153672,0.92422806184363238,0.85868024233933671,0.96086846070244303,0.876085639952905,0.87272456266997556
0.96233834998189127,0.88443522014889597,0.92052962553209061,0.91980900489670059,0.83281952243844393,0.89448938273807288,0.86670332252591575,0.94095797634307521,0.96050236426353597,0.90813903596609447,0.97342123104903955,0.85000054490930421,0.94687365717533312,0.94645396498475254,0.82289830983561729,0.93997253750797616,0.87996172961850483,0.88474406350689716,0.87353391120362289,0.9306535988154776,0.83097702772212167,0.82448239493199016,0.9828702204183799,0.87937616332189272,0.86024944641154011
0.98049411584871704,0.87613396494658458,0.87382621736801269,0.90564453431717928,0.9277222081782559,0.91279255330834397,0.87689470050555962,1.0207876582354614,0.96985481823908892,0.96856186104970965,0.93032714180477349,0.96103665226038892,0.90903896411502161,0.93813760265702484,0.851626895343506,0.83381591013744871,0.85259089954385303,0.95035770161336675,0.94643619987153305,0.89961822776601208,0.88942030954232421,0.84416109242327153,0.91463892513554423,0.89052237256125744,0.90670561363265401
0.95192980625309553,0.93480745390021303,0.89084261106243223,0.85039386644817738,0.93115245674921909,0.89112846091471032,0.82970813056906223,0.97797676542257239,0.86471389658503817,0.95782307048871707,0.87485631427456989,0.89466137689175784,0.95543002930157328,0.86669663694538035,0.98247110326300169,0.95716121309668212,1.0088670754591289,0.97106867007687325,0.88018910913534909,0.88077849819736376,0.71655938720220191,0.84726197644122869,0.91350287360915261,0.89257318306349687,0.85493975382272269
0.86710052821616501,0.90084675354972032,0.93580324245401325,0.88782143659635704,0.94537934501906395,0.87243408107697651,0.96528140889124669,0.98600500338885044,0.88978122748905963,0.86927909004032478,0.85837443574623373,0.87440677478745044,0.90230357942521022,0.89309417482253528,0.93700895865538936,0.90082680257210435,0.89799649831632222,0.81894833963490021,0.90777434920257405,0.88647180073016707,0.91563221575198328,0.91131021231958709,0.87686592776769834,0.92939645376895152,0.89808216773932659
0.86403981627024018,0.83388887556089719,0.92214853810893804,0.8690197308169284,0.86147467790976473,0.88640654611276748,0.92368728972102099,1.0066467352747825,0.81256373830996009,0.8342765847618604,1.0310092410606313,0.87424074123604101,0.84088034718295379,0.92378419192594796,0.91788710447603816,0.85537870498702739,0.91518239847986516,0.69412265786243177,0.90283299452938803,0.91684461786185678,0.84315941060331268,0.90144507330964185,0.89742070216744196,0.87419553345398193,0.87155106246358727
0.78494577649855046,0.89123204462608385,0.93713285257247303,0.88837191168541862,0.82267587028712674,0.98615650855274495,0.93415258294913572,0.95051464432318999,0.84836291712902334,1.0064355376804817,0.8864221963714104,0.79647215068028732,0.82227828323398744,0.92527759269973409,0.96011667967933234,0.9036720529906781,0.85599012003809694,0.89239489906535463,0.83943085915987892,0.90137253101429993,0.82889375225430006,1.009797673486722,0.88113312135272071,0.79602925133024283,0.83661409875520332
0.86129225418269295,0.79455767481856998,0.94321522988949025,0.89986077626686878,0.87393062511869757,0.97409228156713712,0.85555120655264005,0.9268670616621778,0.84584381768321859,0.91163908989090381,0.96582006301128753,0.95243583773963414,1.0099932550428379,0.93261180872807603,0.96282582964494512,0.94681454237586049,0.93397639953171541,0.85016960610947223,0.85562451606875556,0.77882108467806399,0.9240916324336248,0.84452928564007101,0.81530555295052309,0.95237514965103043,0.77718543304250698
0.86631791676316638,0.82317205566402718,0.9401942641931631,0.93819668791774857,0.85533949717363078,1.0130097307856591,0.9394870360921258,0.9208024049182324,0.879557607122608,0.94504443806221794,0.86971170259907182,0.90814987321535112,0.94933997765821454,0.93327978990893812,0.93613310487550161,0.93475752674424006,0.86344650679924695,0.78078083165812606,0.79561365167471998,0.80421258347358404,0.90957560867112142,0.92650440916774335,0.77701948761094475,0.88238112743845754,0.8156111871746583
0.9084125130937819,0.87317382690107981,0.94460841006359897,0.90315134686289267,0.911590691521038,0.93685607823836736,0.84924429520239364,0.95857043498394356,0.87379446587493736,0.88624224917953165,0.8340336710771048,0.9449127060141761,0.92972181924679642,0.91112571112339735,0.9211923819634471,0.87662296737452583,0.85414060707272577,0.88850842492134763,0.78523639509881871,0.77505928788332912,0.85415280078237599,0.90098376141898107,0.86521844062791431,0.89586179168545588,0.84849361958317315
0.86178604714570639,0.87009054547614739,0.96934062614124528,0.8399312546858464,0.89872946901891526,0.861419979477547,0.80790725972469835,0.97258143875558578,0.85746173015796856,0.95237269589265816,0.80696414002062555,0.94093387112714888,0.96052549781743479,0.83967233265695518,0.94631866846123669,0.86332362369862914,0.88635063465620212,1.0013513532172922,0.71718412665452314,0.78168909470446446,0.90434827147832675,0.86603264478515773,0.85763147578373689,0.86944473339540573,0.87624601435955474
0.87331427959744712,0.90241585930505219,0.93861819610265917,0.88171487195613862,0.88576269453594725,0.96995993583584172,0.80524066633259306,0.84908371858997977,0.88047801214751331,0.89777729998101674,0.90807243369199298,1.0020065869149872,0.92906194542024545,0.85792401349189484,0.92268085190187721,0.93378353474080822,0.9525987899716194,0.86390910987120562,0.86973953081231303,0.90296438605866114,0.93145200823552488,0.91382076423579384,0.82371138175208358,0.89712488833240922,0.89003057413550757
0.90087195493420835,0.88229143978839242,0.94905358088966096,0.86532368465316045,0.9145982679221365,0.94068218228714684,0.98100551965797067,0.98287458437698749,0.92713327142476987,0.92598526809793924,0.85754592275226149,1.0085473548476045,0.92679235868734056,0.92609825251463307,0.93637019909095531,0.89042743701774241,1.0173237536623276,0.92717826462344677,0.89520604479590327,0.91745551506467682,0.84042760480308831,0.92961354185132294,0.89105661571294037,0.92449013463083052,0.94150289092731354
0.95080723539049505,0.84542066050843601,0.96701323461102973,0.86487020801199221,0.90325656751701988,1.0283327611365669,0.78496201849618397,0.95270318072791615,0.89833289685093309,0.93346822216276526,0.91573667895122812,0.83930903011598468,0.97692996413247291,0.94300384831723949,0.88894776084759219,0.91667429162134129,1.0564138523903592,0.96263521086277237,0.82044866186597409,0.86535260918893464,1.0529427801974229,0.85528180415323229,0.88329458184266807,0.87058233477290381,0.94989857186860094
0.94745514747848492,0.81572592209367301,0.94005817370076061,0.89721915844767341,0.9229055540340666,1.0310430038126679,0.90745540086647336,0.9466364942051414,0.96639183560790176,0.8709236051202508,0.86516942475417158,0.90699868283203577,0.97226752185245002,0.88570499096834709,0.90831215991773495,0.92745823076317413,1.0104880562977874,0.88180195427832497,0.86046358131778744,0.86330808421010852,0.82485592369897964,0.90109879205156207,0.85065078085327717,0.95525712032489374,0.88964786850492561
0.83338538076233648,0.89021346486333908,0.911601692162473,0.84597483292364561,0.86169764648958247,0.95084689615422779,0.95178025919156695,0.98555866324057184,0.97018731323108409,0.91612244622115235,0.87788605370825079,0.84479039276784751,0.99004102760534596,1.0144669974472416,0.84542914496118404,0.87969344369611269,0.96931850477821768,0.87066226165562322,0.91807576268923474,0.83789405979953591,0.91018803195751952,0.91429894675649059,0.90857117531501841,0.93188884940141814,0.94917677832020775
0.88330675907830647,0.86698501443324938,0.88126255728752767,0.93774876735794632,0.93032501266895173,1.0082276966243149,0.92040532910378869,0.95810349338612166,0.84512007908694553,0.86382271046234738,0.89023061527952463,0.91920112195114234,0.96758209719392507,0.85287245711497117,1.0155284409820857,0.83485943966067122,0.92828470383627004,0.84544484411352372,1.0021526094461937,0.92648055868938339,0.93728800910352306,0.97413332799766195,0.93194873282065682,0.83683430309242479,0.97866402493120852
0.83352623969495732,0.86720095209404668,0.90452674702414182,0.87789348707581627,0.87537624833456229,0.84978565778391735,0.98043097661394096,1.0026573185149199,0.96025970213438483,0.93526588274693501,0.87496869770911911,0.93209413448359579,0.91521012046382155,0.84664867319061576,0.87479005997281367,0.85494945163991365,0.93106242327334765,0.95886953820028398,0.89650344703095552,0.83994190178830352,0.89894930484607627,0.85298938546127034,0.88624696964621741,0.90564195981748208,0.95747017749093566
0.8692516914854348,0.83675939057006854,0.93480867763819231,0.96906399097043494,0.90935387257855171,0.90629990220737433,0.92335366458704515,0.95604288131857151,0.89682591687335333,0.93807683779005568,0.81632013705258144,0.99581401116428681,0.89849671167983358,0.8891508188568199,0.91003148685249025,0.94063287955420638,0.88102737591827729,0.89752397215238211,0.89885123832816194,0.8266615007128445,0.97349091562078804,0.97056124219076878,0.99939457478179028,0.91807148341098532,0.89897163698423599
0.90900013252385703,0.88318503045418961,0.92734767079271996,0.84638201505114463,0.85953672550834681,0.90206241810446708,1.0142936495509596,0.95046935334720484,0.90847344431079935,0.91232914484006511,0.8371956963814573,0.91328435267348862,0.82775515100965746,0.88572871397214858,0.93740882102600487,0.8351028086997232,0.85033375877144257,0.91586655846826548,0.79125668896725243,0.86247917487609493,1.0053548077361212,0.87889094821048952,0.8399419084623958,0.94329350100475307,0.93752433641320898
0.92020837525649113,0.87741359327010526,0.86233145750174844,0.84499897538757707,0.85288113854410696,0.81920908554559735,0.9468651614325081,0.98541938436295506,0.96094900360942082,0.85502487834925456,0.85461627746485547,0.81754007833423092,0.87088525419394747,0.87068970033643367,0.88949693062061796,0.84270715276281549,0.8815392757844368,0.9730368965939904,0.79341736908871041,0.91294364069197531,0.85338415873112727,0.90469188201970774,0.82908734675739393,0.9518577303073128,0.88864007782141352
0.91732685561381666,0.94780329201507596,0.89209444456606879,0.92169820745694053,0.92528457004902864,0.82797765653640965,0.97795191772359158,0.98142158491933018,0.91244267645584709,0.92505016952197039,0.84584851395155458,0.905434414339368,0.93500054959888868,0.93896170127644407,0.86721471658923766,0.82089864261376744,0.90494845509523303,0.90607397609236007,0.81224484368227379,0.85479859016769344,0.90373762927658963,0.85385259082396647,0.90271934343431204,0.85734454982381014,0.85059824851897747
0.87517051209146857,0.8927296407213704,0.88810074514233406,0.91336245868835775,0.86748044152734816,0.92306707047746595,1.0188881567235548,0.97578791549854338,0.87325486001361596,0.90497199005356388,0.82485782094952043,0.87728377842341221,0.9533380183984751,0.85103287402088468,0.8786706818364205,0.89275130358499932,0.8902525270799666,0.84792173675771898,0.83127070690130855,0.94823540986475563,0.99227788813990159,0.99816855744705713,0.83579348125987463,0.89318639528875265,0.8450848898607467
0.91299209006415549,0.92786119188931138,0.76014193170569766,0.90268146453024967,0.91527882795359106,0.9179769614297757,1.0664195723343619,1.0032609856051862,0.98281211949883929,0.84140167357091489,0.86241071546599379,0.84447532167690498,0.89120243528561605,0.88655498162976398,0.77800990371680501,0.8937485945279251,0.84184307137494796,0.85572780749756161,0.83871454177153038,0.91072266775925248,0.99397522917270997,0.95351247095363656,0.9319319486606007,0.86563225556020562,0.81942857633667454
0.87097215889395407,0.83070380667704091,0.87350204960304678,0.91533285774680462,0.9211730521868926,0.91077976278692385,1.0403837000932576,0.89627236568780155,0.99829248516227387,0.89144644010952812,0.92198332862020427,0.94850410414948094,0.9496318905960921,0.90094749032796906,0.91418183493815619,0.9077723619815804,0.89618328296355465,0.90448491938215492,0.84152056875172376,0.94432396328307999,0.97067822567974582,0.87891777151158001,0.90998766939484554,0.81077059876905722,0.85371553239786857
0.81513299970842623,0.86164501416496886,0.92754947280631628,0.90031539878159883,0.94265767710747739,0.88235166171562951,0.98770924896530032,0.89793959726311923,1.0202714466896965,0.89576699407164573,0.93191831008042547,0.90095765901865987,0.94245637315038089,0.87369403366910359,0.91686349396312694,0.85402145001533702,0.93052711884289752,0.84820065123546717,0.8273386053073406,0.90387452982071603,0.90181809781816713,0.97403575387782637,0.92853464296380539,0.90151507508011586,0.87988998144414321
1.0035718031792589,0.90679294386395481,0.88680540563381738,0.92161260177913307,0.80654658327640871,0.98729246372509194,0.9181601103639,0.96926457825153123,1.0239240548366761,0.89046565596398974,0.91159614824771085,0.99082255916864415,0.9415574923079153,0.95458596837086496,0.91104559788734962,0.89170555500021964,0.86768096615074752,0.84400284227166267,0.89276135967305426,0.86453690912103043,0.91872785690329106,0.94678909307387538,0.85185686069040967,0.91136591532571953,0.8551032090844598
0.88679618442065256,0.8895388631442378,0.89296964807590229,0.92905288793248875,0.83780352470868891,0.99329566695103932,0.95752354563345365,0.9517092261142831,1.0261006293918926,0.89173456013264751,0.81470156885166878,0.87789906637902915,0.97161300445183163,0.8862142853215168,0.87744851044109351,0.84618051080510837,0.91212341136380581,0.88446098179513388,0.79020477764179797,0.88102200324239932,0.78708363015165028,1.009124847262215,0.83063583551532572,0.92063924612548709,0.90573839697748404
0.94156272905273808,0.9096343522685939,0.84021497984761484,0.94086508007141334,0.88506226194547266,0.95182592673991651,0.93409198153163675,0.93192424960973397,1.0610519154692162,0.8787637680971,0.78967978464201771,0.77058949820715883,0.96593588903862815,0.86396406790570124,0.88832131883219734,0.89482721672296583,0.87569727005911435,0.91721295026156668,0.84734641396271859,0.89513007184855697,0.83865719292809715,1.0323239647106683,0.86686221941930575,0.96254398803903785,0.81195386191754737
0.88135406222619617,0.93668019871636576,0.8549423820239358,0.93136291864250975,0.90931291073643972,0.89951288980466781,1.0002281631552916,0.9688208329029766,0.92833500763466292,0.91775351877213296,0.84608075475016287,0.92851335814085179,0.82132285676758454,0.86140677020558731,0.85364653972155669,0.90199075159105691,0.91696721007234083,0.84623891815252683,0.84477758237716438,0.88937708991337106,0.8169673244988358,0.94180776142497724,0.84527123818033978,0.95681810858652161,0.8719419342725574
0.92360241248459085,0.92198335232632367,0.82508159916039236,0.91753290498867024,0.88247970780265605,0.89735841498976798,0.93210771405371851,0.97153666470978695,0.98132879432970832,0.84253932967020673,0.88639722974861468,0.90532124373631617,0.88186065077055531,0.94229025280810186,0.89328784300841035,0.77611964803532196,0.87247190724171508,0.89960364066053922,0.87183502190015028,0.90391881724346201,0.86377240608322081,1.0104279832486456,0.87843196695972559,0.86111029020438379,0.79934924715123123
0.94900690478357375,0.87979461843207174,0.81540276808477496,0.94236964671378198,0.93329847286252887,0.81176177583225673,0.92534359390795462,0.98600538002487248,1.0225839409826547,0.869618228962587,0.84879893307794796,0.84223299284211273,0.92023045378876822,0.84437369967351705,0.87876722686613862,0.8288701898554901,0.95203273295970114,0.99143520900784943,0.87794148188699539,0.8898553014980769,0.79369650867350561,1.0526513061894316,0.86851443068698675,0.90121749305486709,0.87063198985378487
0.91908586574506568,0.8958997238446148,0.9036949766343666,0.82827171668119637,0.95738435237199293,0.86556730215669364,0.9940294649810093,0.99338693160919989,0.91079991442901775,0.95479397200966454,1.0543617126291505,0.91320160097715175,0.86272331373133959,0.82689981253259448,0.88874209908427937,0.94254837812396597,0.84399702460878978,0.9009569982848924,0.85461796952198421,0.97231004503278706,0.80417853414117046,1.0434268008791703,0.91743842481196236,0.88145418197017633,0.9324747990894664
0.86369947093655963,0.89296945251728055,0.83231054029853191,0.89357348267805203,0.86789133936675,0.95666619963656685,0.97969171142751221,1.0221206944761221,0.92111341964260252,0.78402429209634605,0.96053912275593023,0.87147492164816798,0.90464637182123298,0.85789012291882505,0.86885421584231426,0.85576058881491579,0.85980834507310999,0.90172975973613767,0.83875206620385678,0.81937894309602333,0.93186106240616862,0.92883776266915652,0.87438815788483759,0.89626487935617249,0.94493639578646316
0.87806167332882745,0.89321774823155664,0.84395010692137773,0.81320126260329439,0.86267584201653524,0.95234339237065935,0.97008113804015428,0.98456299277125336,0.8643514001570497,0.82739515234391792,0.99263372840046327,0.83639780064597147,0.89077772567070679,0.88305497623154516,0.91903483986495427,0.89727755428918698,0.88583703600174324,0.91445594415210674,0.85329947127553807,0.85172752264149598,0.88999543570350592,0.92399970255452868,0.87769032307594885,0.82850231744891922,0.9599022358067999
0.87523597182061941,0.83048438926869617,0.94813463270747766,0.98003799560704419,0.92303667771590403,0.96894980582683254,0.97586809573090871,0.9814853180840778,0.89130273492467427,0.96226580958889008,0.86676280235649761,0.87738604198748227,0.86185402034055991,0.90900035869005869,0.84784369726646835,0.89126341439867374,0.95495464816365305,0.86458247275827915,0.72701336547789652,0.8543141972190279,0.89378015721921544,0.81612745286104982,0.99447478689826041,0.90475387048379041,0.98621358764588374
0.86555387816269058,0.94757869339244372,0.8986181892195535,0.84658214062034531,0.91896202241690372,0.86492207239790964,0.90174013533954578,0.98608148852532862,1.0023936376822637,0.86473846239195196,0.83691753698342208,0.92090770763368757,0.90260015747072175,0.95755458349019973,0.8778609082493618,0.92810790292311263,0.99390041826092301,0.88406373015990181,0.93441633001773527,0.92894700813109987,0.88948389407180617,0.85242551195263883,0.83316045797174132,0.83928880407548057,0.94007333137829296
0.96044148170774746,0.91241243199078292,0.8147039114704957,0.91354974312266113,0.74144949024685547,0.87091046483113754,0.89490860019159935,0.95845225870914164,0.829601557800693,0.89637066940135912,0.83254348366009023,0.83249338589172273,0.86682390960124045,0.87645700756036116,0.87230360652485628,0.77255831195502866,0.8551541635217953,0.96430684569559744,0.85596438481398096,0.84979858385033513,0.81301917433942839,0.85837869811744016,0.82070978366002012,0.85767783540236309,0.93882067532961933
0.8777391289921086,0.94888488121950954,0.92799899927470464,0.98698261526421949,0.88557770655038415,0.96347223434601381,0.83945580768878358,0.90626530053554244,0.91202263258077332,0.85032571692033565,0.92990542893256445,0.91823750723186814,0.86936603225881404,0.83685535830284563,0.8864604870803412,0.83859591942454248,0.93588976620331743,0.88673041221938775,0.88395282956165133,0.87970533494221581,0.88354762244851881,0.82193271452738959,0.91021047524852039,0.87601001162378067,0.87011389171012243
0.97200979053010128,0.91740042138507305,0.90759055656681975,0.97528462639025237,0.87112133848542128,0.98668530901130658,0.93305667303103579,0.96491597465188705,0.93549039192258066,0.86348998204349503,0.93023752045908048,0.91626574916074333,0.94055501568071243,1.0006930573223867,0.85290369389941922,0.91516942058078388,0.92193697105582062,0.92919765678422983,0.87934050940718544,0.87519559637185929,0.90319249541695656,0.85169673006896573,0.97072507741525016,0.88785533723302301,0.89577522851728597
0.9412934579557366,0.93404381226049948,0.94757258579678594,1.0220010422998058,0.84172887475425651,0.98937565750494938,0.89155476915175069,0.95236995915110245,0.82073017892195621,0.92350594192893032,1.0217655406086013,0.85585887992747711,0.97929562566166173,0.95294791495207365,0.91752232064378381,0.87730157635292938,0.92753211783666079,0.92940159498593544,0.87228644155608603,0.85252759271324219,0.86059922278235546,0.81522034948980326,0.84842508454551946,0.90635917205985939,1.0008174605383691
0.92646135766158677,0.88140330696047964,0.91215309417985402,0.92625698062446693,0.84591755195249707,0.9804693714810544,0.92656872920133526,0.93177683184396531,0.98151191639828239,0.84618793697186223,0.9594742964537909,0.86692280511247977,0.90544609751315175,0.96078295111999645,0.952330084975617,0.91580892131702152,0.91918830907016502,0.91060444889235925,0.91522177682869765,0.93241431525285423,0.91037162504664904,0.79912670552013332,0.82410750915150777,0.90337859013930466,0.867656394579706
0.98245321608985803,0.90794986481786488,1.0034650146906483,0.88473371690775682,0.82007120186276306,0.93711105150386509,0.90328809233218643,0.87956351860077797,0.94600499483763989,0.83107525422461004,0.95681035946444193,0.90192192219571399,0.83057622344621951,0.9089297156978885,0.86206386065599461,0.87138178803326682,0.89644821703147048,0.88616699813876443,0.99462121843428353,0.8598709710062572,0.89706011540987218,0.86302918495361647,0.88107425074087176,0.8767040363521591,0.85060411266189295
0.86841684745433056,0.97492175081115051,0.99132473401781807,0.85710147239883416,0.86261434288641947,0.96205793420914554,0.95327583861845666,0.97124394212796705,0.79258746157243987,0.78524310553661725,0.87198839961502561,0.87537439587566157,0.8185889503571353,0.87858217940351779,0.8313576614092576,0.87719979370088541,0.86021310986563904,0.90394001188415618,0.90492373334138676,0.77819642652495946,0.94087823629957257,0.80352294949616221,0.88271878932721637,0.90683537597193409,0.98217476935895143
0.92224775496430844,0.90262754559118152,0.99084585494398891,0.86212666489458145,0.83040851170761609,0.92906696851303816,0.93025805785895976,0.92904302819328866,0.91585331459912489,0.91961940418694976,0.88631603974662232,0.82491686363070438,0.80171529570966482,0.90022741003319418,0.8602074940826353,0.88008756961944778,0.91539878843378186,0.77709334848398604,1.003489849119664,0.8971065403021683,0.93219367025697064,0.87297045217428104,0.86669433387647898,0.90314075180105702,0.8544510879774676
0.93112580752827301,0.87994625865416209,0.93451785920885777,0.85223075148167504,0.86370635475060464,0.92321355874232303,0.88141509623643144,0.88692526375713865,0.99010425581606853,0.91913088747499228,0.84947639566407585,0.90059073837728798,0.87517637109269464,0.85291548704634457,0.86451464666063738,1.0026442403895179,0.864597047772107,0.84532393655548055,0.9733099700003548,0.89717090355223883,0.83642928378453663,0.8693904561323722,0.83818510307839633,0.8645492357111213,0.94471636393786085
0.92597405704847147,0.96901098218122717,0.94397227965595754,0.87398652325793968,0.86131224090263281,0.91634281051403055,0.90190899673833613,0.94966079459460007,1.0602990809748283,0.84883597695390334,0.87733439209710196,0.89635718994354241,0.86451577065810736,1.008957116460012,0.85316265357725518,0.95343976266376207,0.94934306039183325,0.91555272706150581,0.99796622525076639,0.88433500965193013,0.89450178060944896,0.89987181676363903,0.86199071070911071,0.9168873756654321,0.95725493662636008
0.92192186311821689,0.92882063863984121,0.97725598873653274,0.80154358789479441,0.86732565249296867,0.97673154385893879,0.90613002725845726,1.0132370993372726,0.99896675752852426,0.90212268092448522,0.94142852090947238,0.96312028894116664,0.87748800802888804,0.95851104438487766,0.83352981602378928,0.91911205409221863,0.95810606899872597,0.83486917021860263,0.98503460921766162,0.93349610967819663,0.89472669677582184,0.93719045761048136,0.85949347574369128,0.83789103248689878,0.91388199175188978
1.0130210823747379,0.95410904618943004,0.90366473996250773,0.85522993942235304,0.8412974536799398,0.88062475995221579,0.96695891167704584,0.95244289858762232,0.90459686436657971,0.93640268951558481,0.84641207288806075,0.8504558941449436,0.80997900812131485,0.95065703863169559,0.8123971173600496,0.96697435921557795,0.85078204124287116,0.87851491861374575,0.97785476673487604,0.90611577503508967,1.0157856962307927,0.91800572836469707,0.88078804179987658,0.819794857815619,0.84312818590023664
0.90462959558888956,0.91894343383015653,0.88327361944142113,0.83667790073201698,0.96333743794763971,0.90029153600338219,0.95760850189268543,0.89321749745737944,0.76776632200459849,0.90677470140133209,0.95004616932640396,0.89807090477408236,0.86134285072054406,0.9387728777823281,0.78429165389184441,0.92478412498033891,0.76741335748946327,0.90921392848884619,0.93321327048627511,0.8274174822693513,0.94398151041703948,0.92370736723750524,0.81981490019904368,0.94740046396691302,0.79602346647110334
0.8974697376276739,0.92268968779474236,0.9280711375904821,0.9589993945879276,0.91254306687731568,0.90190604364388394,0.88888309853830616,0.91144641189265674,0.82307024797024031,0.98013355536778157,1.012258818520122,0.96461871028824275,0.74710777911503212,0.94230648813093187,0.90322459894251605,0.89791194458655743,0.76806839676792815,0.83882665101121856,0.9623978663305387,0.95320470897641862,1.0049540632123408,0.89658425538952435,0.86691046140706296,0.9139715088890038,0.80275472302710016
0.97490306087224177,0.96420087796680687,0.9166467887691444,1.0124611919884468,0.86282124733430765,0.87085869649819503,0.95283573952591638,0.93356996558284655,0.85337829624554717,0.95172982402591988,0.98485764874778969,0.89412449201961919,0.70681752206384507,0.8994899973170809,0.90286045959415129,0.95696341745197178,0.92922719310836488,0.96529273261418391,0.96253678425749545,0.88877457946925598,0.85731250675869419,0.92610755619390517,0.88981482903262099,0.89499540291116542,0.82472898443220888
0.95265362202520398,0.90946673498659703,0.8690265452672129,0.84699646822621832,1.0051507215609645,0.90636855823888351,0.91386168692420999,0.95641309028827415,0.94755229668619578,0.93949383124090691,0.94231257070209928,1.0111862024077924,0.84750298459027562,0.84353564004538828,0.86678341709714068,1.0028230725550991,0.95260131448223406,0.96154389890957437,0.91378230152698392,0.97206631683502853,0.90686100644768064,0.96285807667695322,0.90458955795126739,0.94997335863087684,0.93432639366193648
0.99872619207165914,0.92881477148241487,0.88580789441322771,0.83915891487009986,0.94793876437995195,0.98013379272015666,1.0070996321671504,0.96423609549395617,1.0024767985843133,0.93297250400945675,0.93998167212925265,0.97743475271883207,0.93490288128157395,0.94050830986487932,0.9564990006491576,0.96779819554818358,0.89650908257857576,0.90328466343388647,0.95953513906726662,0.98456444055736003,1.0131924737007276,0.93072460037452343,0.94069485756002957,0.95340927905776951,0.92232929025193189
0.9316515233923971,0.85267121534071399,0.90536936054269479,0.97618934679948,0.90666690688770946,0.94551086023434727,0.86703013549940866,0.87276245424512222,0.9375738866514971,0.92230009386721801,0.88479668095180508,0.88439241765892285,0.99964080478437845,0.91457201335462601,0.92566803764277183,0.93219618046734976,0.94506828912451646,0.88783033976753245,0.9152026234253382,0.89169724762633262,0.98330925361777533,0.90042944744872389,0.87033328362152429,0.82626496961753115,0.91261462982771635
0.91066176464748994,0.916819204255372,0.93815973074808634,0.99861361473113153,0.93726387911941833,1.01609712312274,0.89052899363053883,0.98577101700050962,0.92070991981939176,0.9023225841673248,0.96691509181015667,0.82797023136997627,0.80017160219472805,0.92570110278155493,0.88911943022784723,0.96265205684281241,0.92266349622873078,0.94748489090018029,0.93223185932056229,0.90624435376852919,0.93133527817823614,1.0045578269226285,0.86170157921506962,0.90460815584872944,0.96112656040310995
0.93750915306177784,0.92085618994744101,0.87549164301233473,0.98766650621491137,0.95449708325657412,1.0098286151198126,0.92625178581352652,0.94215162117363793,0.84866195816063372,0.9173523189752073,0.97655290864060906,0.93635955453017394,0.89712726713192281,0.86325250141943866,0.89481679935246283,0.98856694548806046,0.90608711263197783,0.92244446005737035,0.96693657682488421,0.81540550875661133,0.95953990340609496,1.0035408628081417,0.84217587524489179,0.96514951977275976,0.98182152559244851
0.87278833027317604,0.92648099952955498,0.95276836192715908,0.93498578139584632,0.77189019876002296,0.87729213649026516,0.95247785104992599,0.90719642328798256,0.96148061650309835,0.9939481950668877,1.0296885957855018,0.89585714275449291,0.99964233585588957,0.98361019244380254,0.93448038265383837,0.99722447762729116,0.91336828327072694,0.91153451682733155,0.96101777110401332,0.80245588920910094,0.93447048845920633,0.94392515828649737,0.82325577724318211,0.9584390731567396,0.94471691500196397
1.0006502969231217,0.92932004731684148,0.97174609572105419,0.90853062210373292,0.92620895607264753,0.89518206054149541,0.94596923889278084,0.96238868246542253,0.86746204427273876,0.93215934880334916,0.99428335141623536,0.94576708619934591,0.8482550238046529,0.89292307845171681,0.89732274997229333,0.87255244766148532,0.8498890685379864,0.93351541784924497,0.96502464695142098,0.85883365540276335,0.95599350643903502,0.94289574510946361,0.9213247700201399,0.85942995845949899,1.0544839372526857
0.89469888162051137,0.85439434083760502,0.87935161001095874,0.84287967885533943,0.81085134870085507,0.86928938001336942,0.85526277807551987,0.89819443369839769,0.94713652954534966,0.9130236430058718,1.0191148512506691,0.7932725616328643,0.84593110082550005,0.87164916304189266,0.92806736919243404,0.89480747266239424,0.86863277365407199,0.90820393938265565,0.80722281108213623,0.8215687472661215,0.98094910303871929,1.0110666219899977,0.8799086203591111,0.93999276190845249,0.99966950501347895
0.91108301019003557,0.91437037857628911,0.84408054115269127,0.9041766896756821,0.86185043546435203,1.0075185573486114,0.82377420332330542,0.92335574703547152,0.96870743443106566,0.90975921914627822,0.98012568201141259,0.89433841025626226,0.90587647326777621,1.0055052229099897,1.02276998492476,0.92362570709650094,0.90940027277291291,0.95321919707582203,0.91089561822007969,0.84048835201527161,0.94748468615102666,1.0038327132165592,0.93162106160253177,0.92510764192990524,0.96326643852647154
0.90911588184596237,0.87320787823073576,0.8667107116056012,0.95021050394444717,0.92911375533291329,1.0055588752026134,0.90752240793031802,0.8522430909282297,0.91539618464430905,0.93641197111883478,0.98809622275855458,0.87850078164666534,0.92909125184372621,0.85473888972219247,0.97754753246139348,0.98126770856878964,0.92606075866533633,0.8670305472314338,0.85032220791082458,0.86366381081838772,0.92762691141787901,0.95764041064426109,0.81239338755358104,0.997210070645974,0.77490021785135654
0.93259148314648954,0.93640893157042848,0.84577126821115323,0.91936924906814932,0.87829290446873609,0.99195701666396463,0.93901690447985786,0.93047207029693901,0.91546534919576961,0.89280582828354771,1.0661861021283034,0.92733219099348796,0.9662068287882446,0.82972663660485024,0.93595086561749641,0.9209668814810793,0.92269799664824692,0.79104275124561674,0.92211808836973519,0.86091058968610779,0.92061450558297597,0.99989064972879049,0.9189003402225151,0.95011598970143674,0.93046627933441084
0.92045824718722946,0.90673785987240463,0.92194797483010338,0.89154571499905366,0.9053440837631539,0.99969936481012411,0.97599265858846262,0.89705979140425629,0.9149230256451033,0.92687543434287134,1.016488811073595,0.87457995655508847,1.0328365529919548,0.95319720282754494,0.90297524425136078,0.92448561692181785,0.86461890837152755,1.0136801664208162,0.85543262979720824,0.92640502850457762,0.93890041655638901,0.93458112153040007,0.93071358191943632,0.94155514710470867,0.9266672953134627
0.85736240831700694,0.95371013989835818,0.87641929185236556,0.94098996407707536,0.89252675625791555,0.990817493363085,0.87933815313118857,0.93038204562069404,0.89838879129443039,0.89567512510958924,0.90380449028030141,0.89231156125251287,0.9798689922679007,0.93081620529738118,0.96554760794427685,0.90638342232373059,0.97782888769392295,0.9041754685019413,0.93987064002826581,0.89119523184132743,0.93060227568256526,0.93117450466749407,0.84883106560264587,0.94329910144511475,0.89302297215379145
0.96632791195424284,0.93948865006725446,0.86391074491446462,0.94700443934273371,0.97519212748868622,1.0458826869886602,0.91983474004639421,0.89278508063307471,0.98273022767872842,0.8680207175553627,0.9703567163985316,0.91612147760470963,1.0136597267773946,0.91544903645862263,0.92696213549585882,0.85314275535487116,0.84343255403185835,0.87018727229647019,0.93364378620723409,0.93002657593258564,0.98613281056962709,0.86102622631224146,0.78554226398200644,0.83316093326946727,0.87546827998359034
0.9247541225427014,0.9222355899133402,0.82986262238879549,1.0041692426917237,0.93059030300414636,1.0253636635793466,0.88057453880233516,0.91368025895690352,1.0638624849542806,0.9183219616325824,1.0039828856322375,0.91125443525064465,0.91391407399929525,0.94054504432295782,0.93858046684554819,0.82603843844472069,0.873046333946913,0.98785728892759461,0.86078798023057745,0.9240572262444926,0.91431147951391045,0.8914812165913959,0.81107398736174441,0.83030339138518949,0.94539139641879233
0.98575986874220811,0.80670650584248127,0.94063901743678435,0.95098849890531956,0.92790987752114418,0.93046214429963359,0.95802038089568531,0.9031468477724196,0.9676673309680035,0.95624960968488593,0.94534015151985473,0.88760676536644989,0.9385565363949715,0.93385520020701673,0.93498971485537441,0.97646936348270197,0.94908630409224504,0.98553193837749398,0.90111128083602221,0.84250621222131283,0.82870409505073006,0.90334640502267582,0.86712067255185876,0.88517981860355888,0.98703822303944355
0.98454949202481645,0.83582836081179257,0.90417469164710618,0.9590052618833047,0.91892304213361864,0.94585898154354164,0.88735681801813093,0.9373880231620374,0.90909518310234461,0.94505233478910777,1.011668340781485,0.93714775824153795,0.87194527598836458,1.0080621188499421,0.95648054549811323,0.88133105876163309,0.88030557440767365,0.94257839444737368,0.85043764253943155,0.94848338731933801,0.84125620847805116,0.84474084477385891,0.88288199181704474,0.91762039881093516,0.87484561399115734
0.95853881081659797,0.95563608752241547,0.90565579908808036,0.90560064740775426,0.87844718521291032,0.89915345506768074,0.82191030301386359,0.92314958234361999,0.93358387531636267,0.89302821157971624,0.93902338374415872,0.99890485169858567,0.80274447281743644,0.9163830531707331,0.91070595203458593,0.88537114500352376,0.87574888412263741,0.95179953024521113,0.96830399774686493,0.88792026911907918,0.72215682494373912,0.89444562061508703,0.94909410869657862,0.83317921391768057,0.77395099889558994
0.88928234889505031,0.94384006127100539,0.85918746684235248,0.93516243009072497,0.91702531424308142,0.83823590967892103,0.91804334658553199,0.91043501652744385,0.91303213877598566,0.88430206240821463,0.981102575417103,0.90290344614562768,0.94684862305857453,0.96552205576981653,0.79503163451509828,0.96787549828936448,0.82192853117439368,0.98811890628607668,0.90754632210734554,0.90431758305917742,0.95404176052127365,0.92325358248330991,0.95026596130875907,0.89121005671635611,0.77613646707477224
0.95526838565997618,0.95963201633271566,0.87598804717464207,0.9489694449542263,0.92997904042263735,0.87472110286603666,0.89278927342570125,0.90223964560713377,0.87489923655270718,0.92217250880559098,0.99714688310034916,0.95607159688789811,0.93461345941894003,0.92260963839798871,0.90553887515318987,0.89691093698055691,0.90262073835088663,0.93480352731345018,0.89270312723727263,0.90768682517112786,0.89409612335836497,0.897562037053516,0.99868960022559183,0.965443629345627,0.87402902553758355
0.98447190469343682,0.97057217826240927,0.83568239500712382,0.87523599699211707,0.85987098418289554,0.89469961647642837,0.92419525702513949,0.85724620778654859,0.9055378730952931,0.90571364523800824,0.94458685374189288,0.89655977212284121,0.88276573117625734,0.90156380833603689,0.99999521866486152,0.87572132011955384,0.92873143921756052,1.0276113988137046,0.87696022796658524,1.0193923734120021,0.91044200712249967,0.89146687382014456,0.9172082563665781,0.88584152652417369,1.0138470166694218
0.94379043252777961,0.90873458950505415,0.8543895835743035,0.87135534167170414,0.85013246511356411,0.95224558351234623,0.90519732900026295,0.87111551799849785,0.91808622313720956,0.9279301624089572,0.96131282876502744,0.87401257775746743,0.97423272112537795,0.947787935104493,1.0183583834262631,0.98350859344976971,0.96240944121654293,1.0188502847918197,0.9447380713393535,0.90740774594374007,0.9227652111901461,0.91942977079099297,0.90266416780734682,0.88411224111206321,0.90638126921814888
0.93744377190347072,0.88422794601056109,0.85324434127758542,0.86314830657431474,0.77456269086665075,0.92581095623208332,0.89570044302192398,0.8377856281891275,0.8896870189327557,0.93066216827811754,0.93404674183157443,0.88747782893340466,0.87701634077522983,0.97911530444800698,0.95318467098581772,0.8279804625195154,0.91121331322629862,1.0346775320615387,1.0036113205747421,0.95522882458929137,0.90287365942062003,0.91023790477104727,0.99152809556840105,0.84416204479844925,1.0183140461484277
0.97693908714248778,0.90511474181741502,0.88803819701933218,0.88804012837082047,0.89895069968036767,0.90068490717925043,0.90384056401710422,0.96773798892967167,1.0200630203925853,0.98064767597714175,0.9374989889077201,0.88689330371744646,0.96300168548657616,0.95138758668243706,0.88234788197015246,0.915776841180028,0.83184122557788964,0.95063672010384903,0.78424844010863382,0.92991557775853173,0.7687638822984344,0.89929349029908201,0.95571551109612163,0.86650601383472647,1.0209059117331758
0.83658827119202794,0.88343374799881624,0.8487630339203085,0.88866333282908716,0.92059887926156236,0.93252447634755653,0.89316636547944794,0.90097389048169729,1.030495312713759,0.93921639467009466,0.88356497862989303,0.93414247708659515,0.95320788554697211,0.95557336128603287,0.95245372011516427,0.87515894861171584,0.94512808867847009,1.0142216255079648,0.85727854687684368,0.92187683938833676,0.92644688749984805,0.90853393242661773,0.95613625454423079,0.93817601307786092,0.97693668968720226
0.74006692823276898,0.95006965173958069,0.85397896499306158,0.94741576059968102,0.82385539381976913,1.0216707464513661,0.89971943648663721,0.91207118701353573,0.95007007928220188,0.93692714007022759,1.0069497366008753,0.97308598033469029,0.94054933134577667,0.88564872019282503,0.94798634388249203,0.98694164167144927,0.91661660928980937,0.9846024863748073,0.92575330285737989,0.97693246582599746,1.0081811798059448,0.93813409400900527,0.8761000154250842,0.92929218667519697,0.90891538858740184
0.87886436107372734,1.0210271247659386,0.87851872059483194,0.96271708536959744,0.88063446100225873,1.0142343879236542,0.86528443451255532,0.94952041502161977,1.0480690346548058,0.93820542663565287,0.97365191306106957,0.93721955023057435,0.96105300132893079,0.86716897939558624,0.97208981605485834,0.83726393352865869,0.95419977359715213,1.0179678604596809,0.79359970259996249,0.91813771103355202,0.92916654170087143,0.90230696662510101,0.91562504610326112,0.90368475395244796,0.99311189471441075
0.89467870431727015,1.013371659836565,0.94676165926537448,1.0092996695713963,0.91985575715369217,0.96843143868565895,0.93692740399031238,0.94365523347156666,1.0119549994040351,0.92241159071474199,0.912156837627079,0.94518016801480775,0.94163485845806894,0.92361116273317423,0.78716599223536632,0.88745396326728632,0.95337807288972265,0.97982409637602252,0.93556096183458837,0.90049448340763993,0.96327944639332419,0.95172408462299096,0.96169842119479487,0.86281200308007155,0.90714385966927358
0.94108993509879602,1.0096703669112117,0.92406800227004682,0.96352251930430677,0.88071659270752933,0.94879528262313695,0.90138444782881388,0.9622915271790059,0.96013105222186035,0.92609781573640448,0.88909169405543576,0.96971497369818926,0.9788593557231301,0.94091184263982741,1.0513813733064601,0.89293568326002393,0.9369507422326192,0.93791947623675886,0.87187852367686836,0.91549651851620595,1.0022776863720713,0.82321718092061891,0.83435155564549479,0.83605771324784783,0.97690880598477114
0.93602635839032855,1.0052092788662099,0.87910519142945387,1.0068484583001589,0.97867965368578869,0.87923343969176171,0.97024846618330718,0.84465229226894145,0.99412454125544691,0.98589052939429633,0.96515384756574296,0.94929246291215097,0.94805367105095406,0.92429585971561301,0.91023084864080639,0.92616626104228539,0.9523987773225443,0.84402668144376169,0.86340277281360767,0.97411796727978783,0.98028578763774388,0.92323132519239048,0.82769925968808666,0.86933381966792689,0.90869556460793632
0.95870084635230568,1.004480869823124,0.90795621752685107,0.93947273938068043,0.86980433342859453,0.90698966196200281,0.85643650369411461,0.97287731331845217,0.86294221372691848,0.90530410075230094,0.91168787780690763,0.97207612955870515,0.93752856997679546,0.93117911221122596,0.81044061501708231,0.99473243832624225,0.87526184504771309,0.89214482505952708,0.92947358600441077,0.92856127433759794,0.92982406934572659,0.94788467411949417,0.89771563534942089,0.86152971466224837,1.0038304688889963
0.85167936351139928,0.93449825559313004,0.90402018487767521,0.82216103068953872,0.86025425959531709,0.84599072366194294,0.96385993026362116,0.92136635364170749,0.77574739502000156,1.0328395092762177,0.89549548961020764,0.96654949228592468,0.8973009900755794,0.91362131744433839,0.84020600045181804,0.91915619640212509,0.87415424921749074,0.87772221673030693,1.0476760391867186,0.94854485710981384,0.90035987807348283,0.90821030448409434,0.90717805270568785,0.96798293893809439,0.99174247627331713
0.88344695824586217,1.0358173711216456,0.94356490267127491,0.95111033813762291,0.92598520690623676,0.85086621855493272,1.0096026107440943,0.95579662632557516,0.98769000961751863,0.94125590576374507,0.90276534619739734,0.90488133547646332,0.93459263232375711,0.90364586254070745,0.88823450411177085,0.89402821276313615,0.90920118871444799,0.77425295192767629,0.93469862122290703,0.8996849065997865,0.93387814459579843,0.90620886787135924,0.86677914543898427,0.80770329801231844,1.0178418190257521
0.90372367545231092,1.002262938873308,0.97251118269315151,1.0226537909166917,0.94452376019364537,0.87465888990504903,0.92894745058982908,0.97171186208964877,0.90700369225540278,0.89338073161980036,0.87449788686696106,0.89457159338102998,0.89920807199505681,0.9353996652629214,0.90547708182663389,0.92595287264756054,0.79969353414519029,0.98685323270021286,0.94474782968072035,0.94093638025221993,0.8875126530312093,0.86546344131158193,0.8786926046022272,0.88159664309715724,0.93995321893987582
0.84734338507637308,0.96019125630836555,0.95629930958143539,0.98255702194907146,0.86910328990437224,1.0003099321537252,0.89081718985823133,0.91382298990077637,0.9426734335736181,1.0174023530283092,0.91290022749556998,0.95665170276534661,0.94970162634277389,0.85097028974302602,0.91288291929109322,0.8671229547788063,0.90457774156837423,0.94354808287556713,0.99384731745546984,0.89330275904828416,0.89854564468993781,0.91813057596749093,0.90223516359321121,0.95210002391273996,1.0518689309019855
0.92696938172908194,1.0099472289641132,0.86053202706416521,0.99382993741659598,0.99707955083743582,1.0587459185158083,0.93798574289798753,0.92904094001369319,0.92443665927420859,0.93655818497663845,0.9245753365117495,0.95812887695774029,0.94415151607809622,0.74544817931200247,0.92508262656018614,0.91261885109829477,0.96611520434844289,0.95947991971593938,0.8721799026001521,0.91239383310462785,0.85273030885074375,0.88979556123479642,0.9220533762427422,0.91171720104713949,0.98080210487932595
0.85662710073528647,0.93803202964634358,0.88069350176482364,0.92327358229903211,0.95396817544467793,0.94640767753958499,0.90504536076758613,0.90662181179231494,0.89277799994868134,0.90825028451083245,0.89065887848908853,0.97285449620245834,0.94032388539641243,0.90530083071478784,0.97853687424692049,0.93195402536437988,0.95830155031677,1.0199465675654731,0.97719792771745273,0.86177439353416252,1.0671764084688027,0.90042474952550344,0.87227730392954794,0.99163988188209284,0.99880836282543062
0.90309069404883391,0.97602280506197214,0.97270252025541915,0.8676567110019715,0.99902645034738535,0.95251435572779231,0.89137506328851313,0.92177793338962322,0.82942723809705332,0.90089609170794571,0.90416607396157944,0.98372043055766178,0.85326177964312877,0.87969739695992699,0.97147620220833741,0.89092292335451695,0.90019181477819388,0.94612983636973957,0.84378701460884953,0.95955586701770823,0.97113542371556916,0.90018345467308125,1.0122857395624636,0.96764743248995022,1.0218637725373412
0.87861895174154481,1.0124181747567635,0.89296141111470817,0.94642961911217227,0.94976979787152183,0.96054925405869296,0.94241098357037201,0.93156891190209667,0.91544757999654391,0.98164298116519433,0.88620182853020424,0.96739803478251463,0.79263419062491891,0.93610571678018217,0.97091565691142312,0.84852926017337948,0.89715442937557455,0.96126824333445859,0.90973155604702594,0.98220595660492593,0.99257922482421168,1.0101159557595563,0.87423773477582822,0.84822364074073997,1.0541758428281987
0.88612187163934719,0.99624273887920001,0.934190644340122,0.96231861915495953,0.96971401738448815,0.98061080905521369,0.98699128547080084,0.95109178884791323,0.96674466458523145,0.90302884471891165,0.97847838685267785,0.93997642916323909,0.89966909395350492,0.99780457638095799,0.80617971853494319,0.93706125288251485,0.82869766641952824,0.8902524371821362,0.87730936517548697,0.86991532908180669,0.94635564705526098,1.0015713817224374,0.771141479790173,1.0153694690961623,1.0014625522201139
0.95543205767630079,1.0075199644717892,0.96786208313536648,1.0021643449787916,0.96127128867840106,0.93176369740895348,0.93951950921191307,0.97194143140989075,0.91646674742873302,0.90993134708871604,0.91105401991614721,0.90906382990406964,0.89669256321766933,0.91763892770630129,0.94853491164530901,0.89363039738287087,0.82743354888159548,0.91455369182693058,0.9369055372805225,0.99126830041125846,1.02171553165471,0.9827151742987652,0.89377007729163649,1.0120791916212319,0.96109954704408007
0.91781642089196758,0.93844414547114696,0.92130108174667991,1.0123505718321515,0.9365807509217462,0.81650191981851594,0.90095094320270819,0.96475040767503806,0.91194612976190237,0.94743318113829356,0.91530848865938208,1.0084755708422268,0.88086374007651425,0.95060538519973736,0.88730463411095273,0.94823442807936986,0.9575333550170021,0.98367772546336074,0.99651386732086578,0.94346435846948806,0.90321427381116004,0.9771452980073716,0.90645345497950092,0.88602354106837,1.024151381193404
0.95023745464494502,0.94732782992849762,0.94200795315566033,0.98119550175942272,1.04515091084433,0.78546009106327663,0.90107274970688411,0.79397687170447151,0.9878399611551919,0.80305761322739433,0.84650912214955165,0.90345196648958603,0.97244323171958991,0.94551261897324179,0.94023938981068456,0.85980000982444138,0.89700059291799672,0.92679252450967631,0.96817417072744916,0.96114154200624269,0.8899450372051666,0.91615952733826067,0.87958519415022496,1.0342125919030338,1.018883132024023
0.85586268455810111,0.9027416119273689,0.98235946727250023,0.96407555038507076,1.0171326251123951,0.88714517806046556,0.88029868705014891,0.78264226475617882,0.79727238853855087,0.94900115404356256,0.9468251995596958,0.77347301148551262,0.97165400311407013,0.91905811966969209,0.90303207322625978,0.90432007524401103,0.87471281911973231,0.99159761152408188,0.87313461266016135,0.89967106314638057,0.93346842949865083,0.9232833980450379,0.80037300310861836,1.0325241309921265,0.97688272398427356
0.76546777002045607,0.86871537790258835,0.95127514973762461,0.96809073901145681,0.9799255086215044,0.91848378834566025,0.8731794657075711,0.86389727906651403,0.83926981164813641,0.81240250240337208,0.95715506870761036,0.84018156929237531,0.79988164493035685,0.96259154614504827,0.9225422566939282,0.91750137523376762,0.91089232084803884,0.99150120195284142,0.94419135924136266,0.94102861777529112,0.92835098491331935,0.95141563348366165,0.82572670036866824,0.9826755768590153,0.95860915160363513
0.8029020728188444,0.92729342321777786,0.96687714003583547,0.942661516465646,0.93487239149732082,0.92085161104416147,0.87788545742397628,0.91044817788002308,0.8113724923422041,0.96909091937670755,0.8242086823242708,0.87121024838058425,0.91026692037799861,0.95978972540648388,0.93539624930492971,0.91982592429306098,0.95881839789722967,0.99961469096483091,0.94091422599917507,0.85871940127306123,0.8884706149091145,0.93258542994746063,0.89675552059597774,1.0001659778153882,0.93397735766544221
0.8338995289171599,0.87318425435732172,0.96852328761092432,0.89938398763058125,0.93111168991956883,0.9622809486816164,0.9384958093860496,0.8599029665999196,0.95128536574459543,0.96857630571368547,0.82233558343864244,0.91424055054017173,0.96383583045112664,0.95878856189897022,0.76231379934197896,0.916869086822239,0.93951505559012127,0.9149246972602576,0.86919652334741004,0.79961278006814929,0.93578898391033039,0.99668560149118524,0.89880258875495522,0.94493972631780154,0.90281702861140856
0.86804079560813208,0.94091327586022622,0.95507797168539244,0.79315019324756442,0.85753328917907157,0.96849492715863805,0.93144294874870592,0.90701218916949167,0.97457293629992436,0.97717999074126438,0.8919691008225431,0.86758491863903542,0.92197398151184506,0.920208017619081,0.97541509006161986,0.90160231076245267,0.91538721711348436,0.99379856014278101,1.0656572388357022,0.94380365068036665,1.0289350504999695,0.96791518284364975,0.93709279803501355,0.94823574407273159,0.86997967662201858
