0.77200971514835626,0.8044298984843925,0.856459654928315,0.57074305696788308,0.7061566997869213,0.71474221045663255,0.73026860020507356,0.83973497391026131,0.68397027593135273,0.63955010432112391,0.74084797937884428,0.86141812735539225,0.61550298826592009,0.82291808298609859,0.70847235999594449,0.73654417652563253,0.60716592692910443,0.69391112050619497,0.8900522745916486,0.77803376201928498,0.8204447972139508,0.64408263138156119,0.8817569895720716,0.64123451596892278,0.61584346052459182
0.68628094079844137,0.8864088144476352,0.87755518207366467,0.69825963465793894,0.88495844405689283,0.72916381803660324,0.63792650912722637,0.83932966999994418,0.76227985934231501,0.7462045314268424,0.72768744303605248,0.89121019037466509,0.6703003778014085,0.80141942720592219,0.88929332307242248,0.78969547634925108,0.58357182352956805,0.78447726294318254,0.8921002284033952,0.80600899644809498,0.85643303805729087,0.81309736611308159,0.93529582520145305,0.59800306896908906,0.60956584502962485
0.66216779791606506,0.86976346237996538,0.80995126591963951,0.67980640746574295,0.8461503548417959,0.68943825198538322,0.63503900241543276,0.79916031649064201,0.69691682926625786,0.70061658660125525,0.73865683513658664,0.83440091042327214,0.75241335880151827,0.77905420564058014,0.86804061810550293,0.81749515429829001,0.54360928794353047,0.76286450821907226,0.94527985403571457,0.69888665751751888,0.78503384029600209,0.76741743803817286,0.8763451146047383,0.56754702177953231,0.76592984969901867
0.65890120134307306,0.90181731710072144,0.86635758189077416,0.71523712606428413,0.89852644559177119,0.7411426002759236,0.75373637626996481,0.87056643247533705,0.6784343324640506,0.6968930250919283,0.86574606545663402,0.85436499851956182,0.74307297572624798,0.81840083534587205,0.82992196736759372,0.88244397076028924,0.65092370056078175,0.75646842183169005,0.94410669991260376,0.72063846088981764,0.73954893650145326,0.67216943827046893,0.85684857566968697,0.68073061322132611,0.77107789799786441
0.80176421852893642,0.89101150085366232,0.8601016080589009,0.73761645152529987,0.83814338514213926,0.80078978480125307,0.79421774224953479,0.72997582865707866,0.6788555750374673,0.83700087393313549,0.81947600326933057,0.73832258023904562,0.69606212156031355,0.75704476132879117,0.72679067833242272,0.69578543526291925,0.75323717491417219,0.82932966393230445,0.96439848031663022,0.72186054355661955,0.60171887304218985,0.78900853335824117,0.89777146538768993,0.66645293097232705,0.7716317812972171
0.66378596312953031,0.88437384208825087,0.90632469660638804,0.71375762061335535,0.83036746246432325,0.75754619725766537,0.7703305575053685,0.80005614743550391,0.65789289929996775,0.74225558378761414,0.87942763349909869,0.85748676515434508,0.78845026761339743,0.89936910392571712,0.78959383011484086,0.7032889053469169,0.73732920458140627,0.82005670416339205,0.95383172947633532,0.71924834639566027,0.75168184708466035,0.79278447995859935,0.87397318475683139,0.60283240935162508,0.83464439152250325
0.80847779803321973,0.90918592461647618,0.94724489465099859,0.75442052401944837,0.8527624217249592,0.75411390109277832,0.78871788598040871,0.87720155969765545,0.66230417837214939,0.68530065100712556,0.73096722224476063,0.9354389973126539,0.84795970583938751,0.90259568042579696,0.77378994972753978,0.63642517817897448,0.78294205644888804,0.81561872907508359,0.95333379176393007,0.71225663339195922,0.75573036466364252,0.77125065063259446,0.74594577363901915,0.84052697651899133,0.84799932993247829
0.87414688784280581,0.89109893397031847,0.90757989228178915,0.81802330036207649,0.91216316094758143,0.89877031554413755,0.80480135316409673,0.82590504033894641,0.7593039234617377,0.66478162697841892,0.73575778839849992,0.94041154320309606,0.84954732564266333,0.87839185318098434,0.79402165573978545,0.65685550737685872,0.79622459181391614,0.7665762984265112,0.9496611595043366,0.70964702291796189,0.85378210824283973,0.75078225591008652,0.72254795893207535,0.93698808715808268,0.75167515719168143
0.73388170203945624,0.90831379647764432,0.8868090268949228,0.96636828550841392,0.86990333277917187,0.81493684093480012,0.74513629044727159,0.91929998295879434,0.79449002140636715,0.63754871204513153,0.76827047704043128,0.97646398629094144,0.83025675992300241,0.78608747054044981,0.74925873250002106,0.64823436721233318,0.81291722215815643,0.86530993897794084,0.80705533353477488,0.69242230682691552,0.86739490980275491,0.80698276349826858,0.73218773515083302,0.89404649716432305,0.93566355821560909
0.79101152656179841,0.74087149289580045,0.95969749079726197,0.99218463985025929,0.71898808345712872,0.84747099736489595,0.74905046976529421,1.0087330612665086,0.77286255207290033,0.67863318982351939,0.8965506510800656,0.98076289060773425,0.77663781883586935,0.72330599574549326,0.86812725447281425,0.76841912900144038,0.86977317277534871,0.85293746460125486,0.91908352432276508,0.6700845255364587,0.80455047975286131,0.72836395871505244,0.80833190376703379,0.78982433304657207,0.87230287824343444
0.77689498027741466,0.76142497667166409,0.84464292667174956,0.98686143501187285,0.94405336483513713,0.81600032047286519,0.89818581652266605,0.93244984938714504,0.75853496808721754,0.7913256396256716,0.89538732305665969,0.98460376968291141,0.7432717413891099,0.57885238830993091,0.86325662732851272,0.83895485351960164,0.85606566483430746,0.87806095892738023,0.90284381111603385,0.53323998380302273,0.82486761986016566,0.90270863890745368,0.82899811574820403,0.58718812420692146,0.90298279347050447
0.71072058106669811,0.72921330416628283,0.83403776681242758,0.82334077151079821,0.908176314688524,0.76601655777904976,0.90667853180518365,0.95507917493178218,0.80447655704522736,0.8013687442820373,0.98404895534629,0.93438270531150724,0.75545657780265096,0.79062393044232615,0.8731021497723207,0.75081686074794007,0.79405752994994094,0.84823235698828914,0.90138996649254377,0.66753470245121294,0.74380612319466854,0.87292295434255818,0.8152528899440985,0.66801951376248525,0.90139933666758243
0.68381186095643876,0.92345365280805147,0.87545450934625735,0.80266845975032353,0.83240805184451772,0.81917929725177951,0.91650620791866499,0.79351359907816565,0.94640930068968521,0.79195049100891379,0.83719497383088259,0.94831987077575541,0.7687308057125839,0.84285050180863086,0.81392367105501717,0.71504030488535908,0.75696426215452906,0.84044866150506836,0.899423656785583,0.63605763724108899,0.77621512315264574,0.97700290360131126,0.79626277079204133,0.65575112753048448,0.86609606952112372
0.71303433598571919,0.71513371192531228,0.88921197191729928,0.76447919290010669,0.91294157455931435,0.9129591153684774,0.91866265397392977,0.92437765921916082,0.89030845202132025,0.69911047944893268,0.8894188588711377,0.84391584581761725,0.76755534983111684,0.85444420478574845,0.8552666178103252,0.47160315606418457,0.76325319376153344,0.87151353715345514,0.92401876587360188,0.64695489033902476,0.80314008489528599,0.86112907499352731,0.81030228402826421,0.71766073831681043,0.88920686298288498
0.60222074851894469,0.72961775171630594,0.95452279820073749,0.79632388562147016,0.75129458861840215,0.89659178978272069,0.84747911477282167,0.91817165004723922,0.83657000879576049,0.67949282517840315,0.86947853065663483,0.78495623899193667,0.83050123830834066,0.83650758939516445,0.76157319267270684,0.78102288682122878,0.74525531579626536,0.91238764715879805,0.87433434913403174,0.74323158792158983,0.93479221359803921,0.83514392744861032,0.80514313285385208,0.73462457737376363,0.86663310641278635
0.63606615599936112,0.79488936783855868,0.93007878391870691,0.7650607763598134,0.79460852947572824,0.87037009075345528,0.93671568005142614,0.86074671234103428,0.87804800966721253,0.71181006567626681,0.83275892700016474,0.79068700220260113,0.84332756094033745,0.81365096266044212,0.73149048054983878,0.75407856369795001,0.73948418187699261,0.96689866685532533,0.94780191586439744,0.72715740644818005,0.90879027773177756,0.85904002306617977,0.79766842493009993,0.77602027923375183,0.89346236080771713
0.60657368767762709,0.77248090978774719,0.98349572256430962,0.80433811147918477,0.79926815790472916,0.90576125808938268,0.89048842437581954,0.84310485801440638,0.88997650636405301,0.82066036291100375,0.8752415142163068,0.76423299670849987,0.88320318613476057,0.70187385862700746,0.73942263322359059,0.72603360848474219,0.7495987958167859,0.94076452103847341,0.95685180636237832,0.66223469199791929,0.76061250932851043,0.88078351329780291,0.80864648206348633,0.77662554327251365,0.8937212748745097
0.64943506240323934,0.8209814833828134,0.94184645949469192,0.76385950978855566,0.82667986434244356,0.94319138144838943,0.91964416031630714,0.86744818135161561,0.89180831379542458,0.80702810402339153,0.80664849424756779,0.80054805548582519,0.90441011806273452,0.83497305242548792,0.7692203549579546,0.62063929905638837,0.79074454778468517,0.98982724449830117,0.88946724099957208,0.66653064087616753,0.73444696490086436,0.86484246121821939,0.83876470841400719,0.91330641890662079,0.88020320954066766
0.83678175011629397,0.83634899667801343,0.97165731158143998,0.7397808560991227,0.80331495359972083,0.93270498469046215,0.92824428296050621,0.85490213107613267,0.91065075884783409,0.67268335802383261,0.89952509404329561,0.75970435347143939,0.88404609481497332,0.89376527998928179,0.70374262578880376,0.69316685519024879,0.74640371689206009,0.9463078134065136,0.89774992562773392,0.79579232107546749,0.72540119838088868,0.86642190621691628,0.83070609313368227,0.88592061995916471,0.86917365956040982
0.63836093175647535,0.79449413363932475,0.97096514147180479,0.74320462743315463,0.79009681016275179,0.9158053724842532,0.90711528315182455,0.80699939788449837,0.89468697708060141,0.78349165575179558,0.82267209418356191,0.80553722026711949,0.84801612696686168,0.79999465678635184,0.76226710214684101,0.63029485816696662,0.7224445527011133,0.94226896215851452,0.9222574446128462,0.78202201065956045,0.8576614072174038,0.87765701654829531,0.83372243512631528,0.71636428676146846,0.80837633773508155
0.64058621936549165,0.84852906067995271,0.85831283191162988,0.78368197502685599,0.83301880071874235,0.97670958296759136,0.93387015376969384,0.80219807122222309,0.85918081871803587,0.79139173042016264,0.90543302913617574,0.89727965772736329,0.81380830618137667,0.7776031580800179,0.81207673591445861,0.65879524676151169,0.72102978535136064,0.96926261857747065,0.90264475325702442,0.81463312506822716,0.77235473710074232,0.91444766632342334,0.85935879049177577,0.74232153700244319,0.82268953291808755
0.63279960090820153,0.81256908760733793,0.95028560909798998,0.78801487111922119,0.78512940273072518,0.81047795987573623,0.80197194781031755,0.84223260150228618,0.82030403531692553,0.8056358210224569,0.87050525142029445,0.78917666884821824,0.64493954572915768,0.80958556552967498,0.6133601198779598,0.62799677808938825,0.68626637515640287,0.78375105603661743,0.77160946330704427,0.65043585311362406,0.77127162115224324,0.92424270916372286,0.9033066108922525,0.74096674084798841,0.78638359226226862
0.79903981855601869,0.80154584921289296,0.90564657929856418,0.77362876435458583,0.78978148806120141,0.81050176239796323,0.85131332515330116,0.817109261583566,0.83348725518526856,0.86296116896212582,0.7834253147254413,0.77398246670732029,0.74235820502411942,0.71410429505535677,0.62129568653867384,0.68493819233085151,0.84386991025471358,0.79912979051571198,0.76476364247189299,0.84161907006275427,0.75165967670971989,0.92330612545596213,0.83267907343269254,0.6975343596338951,0.77637363568523021
0.86989533364649663,0.7744932473035947,0.94770440023137681,0.76100413335439776,0.77303105502320291,0.65341916603981343,0.79638404743263125,0.82112820412790366,0.8025245227327954,0.79229988783878025,0.70083373873509669,0.79031326656778189,0.737513404514753,0.81090190819645014,0.62395285405579459,0.73186393730897947,0.8535936311329162,0.77836453870023914,0.74684355055889884,0.79821555806185873,0.75148016361081893,0.9021125028930701,0.80431706097945976,0.74684099406150173,0.88310953484537635
0.75698173539941827,0.76749261361805421,0.90728411201978465,0.75278305570793225,0.77373093268013249,0.61153202700570031,0.64194657016293699,0.7639454477885621,0.80382412484718102,0.74642890292496467,0.71680832770273895,0.75860642436411341,0.73081265364908721,0.91139831862112253,0.75136168389884184,0.77059715798431228,0.80831375027852859,0.7511553746498788,0.78201920953369075,0.71086342792649326,0.75198659360963294,0.84840286383058183,0.80623238649478868,0.71328929536704377,0.85135280826782089
0.84064669600342845,0.91191213229465606,0.85748176390273889,0.77139576678399813,0.77487218421339843,0.64660432386048339,0.64916864637237193,0.82468564311204196,0.76818297428604554,0.73135399826895886,0.78369716544990664,0.7605473339013662,0.7677018652272507,0.87366115789776033,0.77577044608424872,0.74367216263268276,0.75861811548197999,0.69823286074771218,0.8222664635323379,0.76633231030950877,0.63300699039913466,0.81790573317245496,0.82334406762818169,0.78889734381413279,0.83350941669374989
0.84914903038200484,0.77504775861128561,0.80695372244063002,0.78997681256501506,0.79417476452357383,0.63530315007722848,0.65000567263824494,0.83656655361356236,0.79172753961252851,0.63162684123909285,0.7980067730845356,0.75317744497026429,0.83003282936185119,0.88149445079578226,0.77212144255754489,0.73107883244649263,0.78314025754581529,0.62564707178212497,0.76912014456337474,0.72531965932365738,0.64181950228170803,0.78300998213608042,0.85270279338294297,0.85698075124921946,0.82803075681241878
0.6006021808173917,0.73619832797021489,0.80845485188070143,0.82495850930733294,0.7640272363119861,0.67445749288796453,0.62305726271724671,0.80281816879464252,0.83322341850622539,0.6341118822576256,0.68282924309134296,0.75328041966228765,0.82024378442273582,0.94490921800407468,0.79714193113622589,0.6971779642576228,0.72390774498909805,0.70016740661247456,0.75438233505274255,0.75465821840766989,0.65715406611788918,0.88871721266132275,0.81290453632602233,0.90611325606078963,0.80351303736464319
0.78353476586785054,0.77228707565978671,0.79982565305628472,0.77970260213073117,0.75372761835818525,0.66520598817438081,0.6127310164241544,0.80904050017291274,0.9617436014269708,0.61716141459465079,0.67257966396943303,0.75386788519523429,0.84763913955648951,0.89548145146146141,0.77647886324074955,0.69761109782275177,0.6866997779745142,0.71331541526192044,0.76828627020067664,0.81459660301483894,0.63968706803279507,0.89669448143162755,0.81137149479506421,0.88865566523290318,0.93936136887853727
0.63196346775514112,0.7726195147050966,0.72982891564381192,0.87901094965299631,0.76069577440477154,0.6174562861666868,0.833866080085234,0.81825362127169177,0.72833954437188086,0.64140998909888003,0.66775394464339055,0.75673742697799085,0.69581393990304408,0.95982217235477318,0.72989520036337208,0.65417751298875282,0.89331834661246312,0.71068227635983627,0.75585774349479284,0.85151018990828153,0.61803728323578755,0.93218667665642885,0.85354716723529866,0.69412607602263399,0.91212614683051452
0.65130138183359931,0.76635932564201936,0.75719593141256525,0.78260491499783846,0.93230496301993271,0.60268195544831538,0.82867224405034412,0.78414065101803954,0.59287124883336773,0.68999662007507245,0.67803926505448486,0.74145029429548281,0.78192338363260561,0.90288575935900706,0.6721991178917246,0.65255160478766305,0.90006401797550506,0.73132009855716551,0.74565132650083932,0.7408029477278627,0.64765555844085498,0.92856741553773259,0.80728216899946492,0.62946620682327104,0.84780333627291826
0.61936330166734677,0.99345981782891135,0.76776489242987789,0.74110693415866891,0.93589581449116055,0.65411835425658771,0.73449047594736738,0.77280365906080872,0.62327723074457864,0.67171731879453422,0.64555606468350946,0.77521894266958846,0.82427390733212558,0.78187375088942257,0.70799619928182167,0.77998291395239905,0.88688162256915026,0.7703614300354964,0.79228715424098861,0.69474240495379636,0.65778166860742815,0.76981220256241345,0.87816102954678732,0.63612768933787378,0.8578904790790165
0.60462070750211838,0.86929069972363171,0.63840726452184693,0.77764100450794849,0.94063661626815764,0.69481724737262773,0.66277775941948214,0.78997623669570327,0.65894399136710002,0.67554812584597368,0.67602509652052445,0.79207332765307337,0.77755262779742018,0.80581665970428229,0.70990528335933545,0.80351157983796162,0.83605683214700444,0.75514234953928627,0.68515209055969384,0.77121151675645772,0.58532130962215911,0.88942588340013362,0.80129481679584569,0.68678536559947523,0.85799702482090556
0.61973216958635602,0.90858609949599956,0.65610376383125879,0.81138604194088815,0.86468513286121673,0.63979793747995461,0.63824233218671522,0.84768656237197992,0.62866013299185997,0.63024694648093682,0.67303434345971669,0.76300598549705245,0.74432727026897993,0.78517716409828509,0.66717192480382559,0.79053509245097742,0.79590807739067315,0.7461654505320755,0.72523219920660753,0.7818854981383514,0.71131273258634176,0.92962723093831845,0.83082252258471667,0.60451938590125343,0.8505038514892117
0.65225588697010062,0.9088443487086485,0.66499673808179671,0.7131991106982245,0.78590246718140788,0.6816555828959161,0.82837668945267895,0.82185530636184412,0.67303899532976996,0.64013996734919998,0.68397667872081758,0.73342431143807341,0.76533008372697842,0.7252222219778609,0.67809351433933995,0.77981959467120265,0.65732239998839803,0.7598819825382026,0.78337843494832715,0.76198440675089274,0.62173851100313537,0.91611169221041222,0.73580330989852771,0.7656284084559567,0.73219950585488214
0.61735910683958839,0.82444702727665753,0.64891857489617333,0.71384537104895518,0.80350778249635313,0.59459016649447483,0.92013150452209835,0.82070251978491071,0.64052890762666248,0.72112872891412394,0.67564595552179185,0.79887030310101514,0.76571768840050713,0.75856187513906781,0.69078217108738194,0.7803773535474684,0.61028770242338704,0.70974248447421617,0.77153037998553653,0.75292050914192654,0.80141810169266414,0.923486711965813,0.78841210993916533,0.69409296175515278,0.75033400354827684
0.65222964608916345,0.84816327836056393,0.70027246537175092,0.71995323002795364,0.81434798587691437,0.58030744272309631,0.77636730635553974,0.82589443288312236,0.86422638027005239,0.59916893173671193,0.64130743115704458,0.73425354032123435,0.80403390748939085,0.75097026754112961,0.72670998803520781,0.76722342759627005,0.65514117093989921,0.78788133517652026,0.75604190071027355,0.78334321407274954,0.81610847048152335,0.90849476248983252,0.76842807590836337,0.68362501828663613,0.77128069454070158
0.65388377248564533,0.88221323741494995,0.69210183838329675,0.72172667602072604,0.79595255964176459,0.85213255457018022,0.79297189614055497,0.81588227882462394,0.88258772361519922,0.6183820449028713,0.68383417410213632,0.78968792676236599,0.81116912301395727,0.65802398405830875,0.71306987027209745,0.67484458365021327,0.60564570493469327,0.74965730001722675,0.80509653726671948,0.76404661149159914,0.7874086162683186,0.77823854881843102,0.75082429496792435,0.67893375223449026,0.68108854461430768
0.65661727988483576,0.85687626361138958,0.62292986714460352,0.77225913005496094,0.68460859014199527,0.83391030622220952,0.7372626332244383,0.80923643124958788,0.91421541827491193,0.67577875082101202,0.62146197580681262,0.83957032114601582,0.73986020819276099,0.60913556823464288,0.68767095333043682,0.64862279285243651,0.6262662187430873,0.74833125084082319,0.78484802775839202,0.81051567068907482,0.87241221289213888,0.8690951163081958,0.82660138068477296,0.66891104500714416,0.85133113838164309
0.63448937102040026,0.81248805453763662,0.66520260621924487,0.75647877493693239,0.74236920491440173,0.76081260059526956,0.7961510828347369,0.78691093145473112,0.92056876974557889,0.65682507869195317,0.65819688712117286,0.80000433654909908,0.74497593902855086,0.66065662536064607,0.59763631342298407,0.68283533368665206,0.69252336270885206,0.82027158684493573,0.79587638867240784,0.76520375042023536,0.79471117342542441,0.79794041295881735,0.84154417652020019,0.66055530382603544,0.86181925354321309
0.6628780989243952,0.85508819276351944,0.71463329782791452,0.72965452417844034,0.79538133345953377,0.74922407957954773,0.87132806582104316,0.78732049356667788,0.91580643666703554,0.67772593124642622,0.67509060830169709,0.73888102230598485,0.70780595654176504,0.68171567616046047,0.70082880335915354,0.63900551802444527,0.62947875702677258,0.78711672935738453,0.78865472600589881,0.74498487466987873,0.79704516653586588,0.91189539736118452,0.78610264662355334,0.78522857369937238,0.93331639727448812
0.66985166383511618,0.80627615363298677,0.72453389886335584,0.63722143311079582,0.64065208114899708,0.75029002694530122,0.88740741521996291,0.82637207416304181,0.94315769179588649,0.70134073194937285,0.66824081602466223,0.68176943924446975,0.81826850508454496,0.69560952151019095,0.61694181260270076,0.73866442836330293,0.67590496925178567,0.84173090673277984,0.80275230553146215,0.76798366118569972,0.79489658703183308,0.8976316066388984,0.78323477321243828,0.78592622148177749,0.86427209537541727
0.64476917243542153,0.80974913674005622,0.71023931679897412,0.84181568179040267,0.73379261642600457,0.8091168528770839,0.90106371275129471,0.77097045246543083,0.91643666339046292,0.65821086013606178,0.64598860758719157,0.75292666481282111,0.74522093159716341,0.61468658367204065,0.80048482559452527,0.69724113268988341,0.81291036151860263,0.82242834205013626,0.84222187309387198,0.6877003049689675,0.90106771087219495,0.72001049031983866,0.62778640613493408,0.7472004300449292,0.93524162760100726
0.65370905876301988,0.83289757994461266,0.7428127693274077,0.79550637181259576,0.64943153602144832,0.6437382335190146,0.74602518700077447,0.80727232022698225,0.91900632681139249,0.73451555802741242,0.66727358229725697,0.76198097427183253,0.72568526531729094,0.6094832653163571,0.82451520677267576,0.66528950451563507,0.81694847856647723,0.8014608075141173,0.76415096538536509,0.79524316709113574,0.79145893150698965,0.65737077538016742,0.67798361581787014,0.7465572117341347,0.91340137042395764
0.62808606313648829,0.79353759206323604,0.76796245316767153,0.77210333235235673,0.62916524345182157,0.67577349674242537,0.79051901383870138,0.86332164872919048,0.90656101434452274,0.6660199709613952,0.6625147545632416,0.89067856975186521,0.75181451605469241,0.63473257974655728,0.82117604908156916,0.67782158748943599,0.69812322009567762,0.78889987013179041,0.66845954315217648,0.68500201069522038,0.7702290332122762,0.76469448876923651,0.66468684440046077,0.8462396192495214,0.79240293201502132
0.64171936262813334,0.92768464351360613,0.66069729095775842,0.81566293170740778,0.62493672881044759,0.68130059747148664,0.92167877416980559,0.78180097752191025,0.91016555367551921,0.66043750932041134,0.67686595189070642,0.7152504941113722,0.65363215709805467,0.65005187838408285,0.83880646883689669,0.63558899057901785,0.82290675744476194,0.81583503758673936,0.79033208961657331,0.81852321050133026,0.76140573436654813,0.65221548482119451,0.64081430761918867,0.76004768401864953,0.77999399828021032
0.68530360403127544,0.66409975691170497,0.75029039005782627,0.75184787292133382,0.69008867021721698,0.6703128325524359,0.96238688271867601,0.85961994266086184,0.91878308700429012,0.66571003619544589,0.67954061665629584,0.70239540057936434,0.72737074104136457,0.60699352134388529,0.77976385543433147,0.62327888395265507,0.62932060370730347,0.72856715067626665,0.78353768669228929,0.72197119889284689,0.77064562985170415,0.63971598160629095,0.62823983405184602,0.62354354948494661,0.68423731172900337
0.59920207394771541,0.66274345714926342,0.67459607665482846,0.81234935746012082,0.70548527210099488,0.613122705580882,0.97423253757379713,0.83444808400466741,0.75914153167480902,0.63412412586978439,0.65447100828054117,0.77170400087547719,0.77354092631904259,0.74608872247823332,0.77938226936817878,0.67641434205214734,0.6220362940618579,0.77753287244971014,0.86622016138785596,0.7542679958266727,0.78905427894932023,0.66977051370345264,0.70831598488135394,0.64234377274785059,0.6815058984010669
0.6859655457674606,0.6440829455992072,0.64500800200875763,0.6506358649468259,0.63411522278504706,0.73499951916410722,0.85827616339398349,0.85091005022829713,0.75089437662503,0.63237784720433532,0.64603548517239973,0.82160473229997866,0.70243294051752425,0.59100507654642609,0.79300925404527223,0.67992231543167636,0.67199839993515231,0.69545188654858703,0.78444318836109572,0.72713695526477695,0.79764163065727023,0.68773923295123385,0.72147554842996886,0.59522465468910912,0.70101567641483753
0.65043230463490276,0.61394324488668406,0.63922930809118239,0.77859591885019674,0.64634499687700364,0.89287697098490115,0.85391380973830389,0.84154518750397089,0.78426926087634619,0.63546023376312599,0.63867319905626896,0.78745199824540801,0.77224104726403264,0.61885348625720937,0.79693012886058545,0.67054215044857823,0.66053807268656151,0.68527372772141126,0.79310722766273667,0.77004160483282125,0.78917935652076776,0.73981974928370131,0.62064390872127861,0.64783306361434523,0.68012722829009387
0.60458568944424262,0.76781684613629331,0.59476994997412913,0.7633188055336998,0.64216034401751965,0.8900485805147933,0.77687013603204802,0.78710290673882088,0.75498839144415641,0.64823468361059433,0.66133527054110619,0.68623491116056134,0.64413672993939064,0.65069019264335781,0.66194961835566357,0.82544980854946404,0.62957248967308699,0.64304505868874273,0.79201718868522197,0.76205632834924342,0.77028207505055024,0.65251153108965898,0.6374938272055658,0.64064332017447145,0.66603957052273399
0.77026290869718017,0.6037838768424717,0.6131209894779609,0.64939472773933182,0.61685575339091936,0.73866352379142708,0.80023406930859231,0.820756366902756,0.76758119896000554,0.6189845726522899,0.68788477005663151,0.63761402927008104,0.73431294716436035,0.6282962565831951,0.67874001264634198,0.7175715593041937,0.63777385550683507,0.68435088263597521,0.8054488326692868,0.61135449994823832,0.73752069278322629,0.65806555001793954,0.7028645722487471,0.70112213055012651,0.68648584543282587
0.70724995345481478,0.61765013701598026,0.66022807453168197,0.79693189883328397,0.67078361227753935,0.7328991005081833,0.78528902067459228,0.82915070495955912,0.77389082765038009,0.64018406112878234,0.63336088367805876,0.66241993578565028,0.72021171866989875,0.82118637140512851,0.72463769299963454,0.66950982696545636,0.6116868860860224,0.65704414623335183,0.609448794553902,0.62928241940506324,0.79860443579743345,0.61474794499976582,0.70293081341219343,0.73677720944541214,0.64188987237750239
0.66196456249897528,0.61567676739965393,0.6456357083341111,0.81158860716009562,0.757654579564498,0.75097487029325061,0.80214857014062579,0.79027381201097757,0.6658611332075951,0.60312565811157381,0.66178917843725593,0.62217019209121061,0.64539521290264035,0.71926555550643934,0.68236082821569022,0.73241673006797026,0.62889730324011683,0.75906196540047977,0.64381639381166689,0.62715929216718769,0.8152115823882824,0.62643118359599936,0.64516137212767377,0.70925947823328495,0.74762541526547399
0.81072892293436793,0.6970686346271231,0.85039734505502806,0.82128434412183804,0.61981979875733606,0.69839520939353916,0.61490144234068056,0.80479936708507116,0.76764227420555253,0.62945233773803289,0.6581689541703486,0.7233119570173443,0.6477913691266689,0.77132590282034286,0.64411142067909399,0.70049848107196877,0.61434787000411517,0.64379462909217977,0.67733685408993771,0.73166136727056608,0.83366480505425067,0.68869914618862682,0.64031926202794998,0.70975685490946483,0.6484033757903952
0.69193839002302826,0.65570031170503673,0.77414592089852885,0.76347974460863433,0.64142224552536842,0.65518162951202863,0.66599174276522843,0.79196750970214291,0.70894194517753983,0.59798876991516092,0.80012098964563438,0.71042786123132862,0.6846316232740961,0.67785521470602639,0.72454796088807816,0.68354859164378834,0.64081092053415434,0.64975060505127979,0.69328283520935163,0.65358438846049371,0.85260280752144713,0.71562269993538485,0.64307254769401756,0.64870721736070913,0.68986770599177671
0.83284436016718844,0.70913317936346143,0.77424146391217208,0.79461430399722999,0.68210736877098466,0.63265318834956041,0.70085112124727866,0.7442343464475325,0.79911570366176676,0.74928817537280279,0.8304510306290187,0.67616924710786486,0.68941121767733238,0.70014787629345043,0.73159224993563121,0.72389561391754476,0.62754502064676965,0.71091041737703187,0.62984769254108908,0.68585163835563778,0.80608699747550228,0.70450060633394718,0.72055784378979426,0.65815405276607297,0.6734288090234164
0.84468404160743105,0.70023150777755583,0.81764449401927808,0.81085430236855616,0.69040189380061123,0.69720859387232315,0.82670473995938687,0.73936908450143102,0.69476703273092999,0.62542334023273161,0.83170939065958205,0.71063703287898106,0.79239676721206009,0.63384054067910123,0.74331725936499837,0.69361482149946707,0.60965577548853445,0.70886443535514587,0.70861014062132277,0.66525504388102141,0.79113068627385275,0.65793229737873593,0.59259339324366389,0.66720560457432077,0.65684512017010654
0.67248526614705162,0.66082821017195725,0.6480264245773586,0.76281854080132505,0.77119862432189823,0.68193878339598324,0.79243865293001214,0.75236711369059239,0.68533025691366389,0.77704118333843819,0.80124821225776832,0.70592060945927182,0.84104773575080161,0.72930491521183916,0.72386578577340877,0.646026059398361,0.79549350763884175,0.63947216144483721,0.79303961952241875,0.70274017807510447,0.82583625621381318,0.71702210468729766,0.62504429038761167,0.67903063798727781,0.71731273013920449
0.86448462014569771,0.87949468976695289,0.68532606551751185,0.77688232233021137,0.65773957351167833,0.7017626109656222,0.84486319519665531,0.7613860099293186,0.70615168266441053,0.83898344509741707,0.82598629821755454,0.8251536204806883,0.90345396317719018,0.63119026291097846,0.7138496206821775,0.64972187911352708,0.76045065051865202,0.68669304777056062,0.70904244319045429,0.62683355113112704,0.84909366264610109,0.7137806782129118,0.65312743394499595,0.7782634355132787,0.68872464377286791
0.84783566692589984,0.84705387231138451,0.63837096479722355,0.94017469478072135,0.64342139899800255,0.66274961293343293,0.68155595615832232,0.75122920935666559,0.6708355147000411,0.85221886832632554,0.81217144436677835,0.8950179691934631,0.71807403854413931,0.69179908179023841,0.64967427940722122,0.65743030132667157,0.84838757426168843,0.66448847588587412,0.70208051229835711,0.73843674542490767,0.850539056673288,0.68682314281758183,0.63172634019471596,0.66935877905171948,0.65963830086181785
0.77834006331025629,0.78594147391584546,0.65082650074542903,0.67915484586834762,0.74737097252779616,0.67829689716022301,0.6925151624914373,0.75211658884720578,0.69297102510293096,0.72223975580318089,0.83649549867446082,0.87444098502480405,0.70275271522505367,0.64669678907495798,0.70341320925811801,0.6352402410424588,0.75413080299923951,0.73019237864868713,0.69103045781117889,0.67164525685089194,0.73965517173021089,0.68726374715924743,0.75401685895520043,0.66284148282376143,0.65167167353544708
0.78569515448095451,0.80591651615349846,0.72421202005344643,0.66124964142062592,0.71508488788685876,0.67358251986122775,0.68026441503026636,0.75537559726184389,0.72338782557751913,0.82808499978213235,0.77895647740038376,0.82281833418599348,0.70491232433239404,0.65414595148247734,0.71854429623266658,0.65729281603955347,0.79288309312660243,0.69380227709620135,0.65119029648084603,0.64920205149619059,0.81542684166150714,0.63279563527252036,0.8331599986675482,0.62808796777046072,0.60584400764273982
0.76842418431342818,0.79078612476114651,0.63740841064484088,0.73354408964576667,0.6757892873459701,0.72608807249356211,0.66538114384972435,0.70523456040430899,0.64945036119961563,0.87028978946213853,0.90955628851509529,0.86217932217084414,0.71366810100747813,0.69916371583486581,0.76432455145666311,0.65368617836261222,0.75632603822353761,0.64832797099538442,0.76936961310920771,0.72583537228042083,0.78621664808421954,0.69454344294738435,0.85097200215998081,0.67126226523250243,0.77244313606479587
0.81934968254692742,0.80628580309989772,0.76015708428206707,0.69765992282684153,0.72027038128101373,0.6268602700620437,0.66329488353938093,0.62789618390370827,0.68211172948324306,0.84533568134467241,0.68100022377459524,0.79305580045466906,0.70568961450802381,0.68083647524266677,0.77795757098761265,0.66261357540096499,0.58179322105939568,0.71017170566475107,0.67922469937063346,0.67921068464757384,0.75713330156729608,0.67960404401065133,0.76948481684594061,0.68179099607018145,0.71513075125618542
0.75014397384765141,0.75283775100252515,0.81012012048797621,0.72109058810457971,0.67868264988380578,0.67937601439108997,0.69453464282705635,0.70942447641679585,0.73751969563909603,0.88468916187415481,0.68805863050668203,0.90910919334526274,0.74255041180662396,0.70797475007465593,0.74028147957100476,0.68029212304844033,0.78025251792608707,0.87983952499627427,0.64418375961772534,0.67287932572255515,0.76256104859314955,0.67431633590501305,0.73589555424263509,0.67672413298986167,0.92449440049263598
0.71539962939906865,0.85953096043305588,0.76513227052841914,0.64139874873280045,0.74743890647144073,0.78087619194504865,0.70749224328375493,0.70843502136861092,0.73890998913680561,0.89740120137982526,0.6404635245439908,0.86420051322579916,0.71002909041042028,0.72757847275299281,0.65226629141490367,0.67195975516685569,0.73526248559738849,0.88378794033146568,0.71796853266959071,0.65817670757093472,0.83436392548248051,0.65772374665246036,0.77950095282206955,0.68736750702455041,0.78395889329417778
0.81808351184854033,0.81533494656640892,0.6997134815047904,0.71827676118643236,0.67962559968803116,0.78550983897917692,0.77314125753728358,0.70580619538634326,0.67610690961228859,0.77736057850519769,0.67704688895253995,0.78607724672993717,0.72560128200596641,0.7399298764332396,0.68109097885405956,0.69322121269523429,0.68371516725478487,0.81905175315952827,0.66263794966555301,0.71301425575905919,0.78088608559917971,0.69348745370014542,0.60750205111617417,0.8193092020508147,0.87430341966346892
0.68541209400429703,0.81356683378294237,0.70323156560617217,0.69010179475566147,0.69258331187118016,0.80943988967158853,0.80460132592033717,0.73720403494742426,0.64113041867669907,0.74285492920929386,0.77432437670140453,0.80472368308020403,0.61464107142299707,0.74881730142892489,0.71181195220479565,0.64191513261201227,0.66479496699629492,0.67299360620935889,0.81213179332972418,0.66249715457364322,0.82415863914979814,0.69641164903013231,0.66437338265101087,0.74238710619619908,0.81878440150059362
0.75831558226153062,0.84948505675505237,0.6762570686302467,0.66545567188627064,0.7240041388796048,0.82073506365168936,0.80263695514765288,0.71769015861796193,0.5850446042899915,0.83094515280792225,0.83711247518236365,0.72608369416404539,0.759204716996564,0.60981686281962688,0.6899350545095958,0.67587847295157311,0.69481221640304658,0.66085640555241743,0.79405558341770399,0.70336860774986087,0.69689351783248099,0.73244591861935715,0.72749472029054985,0.70180288374253408,0.70284369188159945
0.78747555002525127,0.8223703721244281,0.60056877814362331,0.71904249888977734,0.69722209050049944,0.80242786479652195,0.82637464437869546,0.84815501556772044,0.7569465993780885,0.84704519415310287,0.70930890426939852,0.70795001644473743,0.72157900106271999,0.69984638017232548,0.72131358079740604,0.65485778830535546,0.70675343194077367,0.75360426707135031,0.73114662462849001,0.70234778637116824,0.79067746811542183,0.69328665986656723,0.69610744525327328,0.79511056459032647,0.8410118170058305
0.81760606563054983,0.75648220379432363,0.84716651244982544,0.72287045075106637,0.7273136370389468,0.71461690084434026,0.87430998330910414,0.80623823452454135,0.76564330452967111,0.77706770253537594,0.65132283485580489,0.72673786489295555,0.73078502315948268,0.80808020050160068,0.69195689499113877,0.65281319949843597,0.70551160788972789,0.73407994191068304,0.74554871726647742,0.73758288475503897,0.8388712777854892,0.62517445291848717,0.63313083133969517,0.88430936346313282,0.84514894145561592
0.79585486601844202,0.7061660565123884,0.84887072483322612,0.69862659493538382,0.83418865951574184,0.69510467747725324,0.84474014396996211,0.75725672577650338,0.80544892819318237,0.7315818266837032,0.76997520901551908,0.663889519611913,0.71628311024650593,0.83409784231489581,0.70768013939116847,0.67483087615066228,0.71359593289912893,0.73283511023898329,0.81332324146690427,0.69961482807450537,0.66394545666691196,0.6470138500802457,0.67597713285569894,0.86437384027634911,0.83730461267161438
0.78531492660666358,0.68357129266421091,0.919655298745369,0.71369436292296751,0.81559714612809386,0.72392263540968016,0.71965620380914086,0.66171057694382396,0.80441366175424112,0.69337782887207711,0.86459360957134956,0.70624153020099567,0.69597556682446171,0.80429924779729722,0.70219316580855928,0.68185570484866542,0.71796930207187848,0.72938086485077003,0.81473019844878092,0.70104989150034058,0.78482463238483313,0.63484389472862501,0.7771678370624594,0.92381528904738042,0.85982120342365331
0.73111228876149736,0.75579098662848387,0.93971757084414187,0.6842645698412454,0.75468858171760134,0.73647461751835375,0.85842343997899129,0.76913866283043775,0.75699601915401449,0.7958114155703766,0.74854612700356449,0.71418124859542298,0.65690693036595338,0.7740209408532075,0.73805164463277739,0.62820770385899583,0.81349139718535846,0.7182862933094778,0.78126840489800253,0.73264602727340156,0.78527767234952706,0.62029862346901077,0.79166722096551567,0.83351831553174183,0.83341152680644914
0.76664621544486566,0.76867550082336611,0.85460062187966246,0.64456582771989412,0.78929647592406837,0.66688051084701727,0.80191810856660573,0.68792444832480626,0.78957469193184471,0.73967691630677757,0.83700068790083904,0.75068212606708185,0.48682245579210731,0.81375693738971977,0.74766439901391635,0.68946750985968464,0.78924361442797142,0.79356056990502521,0.68952002281905356,0.75444942313084495,0.73660724356943019,0.70390425955293834,0.80675177308184287,0.79966990905409108,0.8065366938548868
0.73602333583712864,0.76313687602398994,0.84544619703171231,0.72589243390664193,0.7767588746341888,0.73569674639527727,0.62114793322244999,0.81114920432098458,0.80779963908066943,0.74697603851107486,0.85026255372090387,0.72652956265383839,0.60467345872707978,0.82359106313854968,0.77043102254652995,0.71333846632669762,0.69410223560943152,0.82340156867933056,0.7757728575361118,0.77395086823699377,0.75482856592624104,0.79955879259140961,0.82930716259937387,0.86647837833561336,0.81222019638679166
0.71547816863844238,0.7262565821432726,0.667111184963187,0.71576427026592904,0.72967239454145238,0.69287192065595959,0.69314691573604037,0.80070757780765833,0.78953689404824889,0.75595575213692323,0.75149191335262,0.72180286159782503,0.58846103382010539,0.79482944504875497,0.77561160449957356,0.81000465483232409,0.76282337941143874,0.74808068070469924,0.87220026798735961,0.78366996879681838,0.72745746673231504,0.75956334227817479,0.77836146747618373,0.80185020791097228,0.85641532789579733
0.6731197871028477,0.72748238775343899,0.88472141727810372,0.66825402017862801,0.7706164557856191,0.69859889547214449,0.73594572699313054,0.82371106462408306,0.9403370675816437,0.67588034109819561,0.80574207915564589,0.86713608870495396,0.73564377133809455,0.82629739355350618,0.74648871148370899,0.79711049191828975,0.73179337131189004,0.75083110598179015,0.87595266134667249,0.7422363712403337,0.74729410191406143,0.86809767821746597,0.72799424480907404,0.88292194901299381,0.85980140268470628
0.74150524729722822,0.73830934487577293,0.79317508369650114,0.70289303156960137,0.79048816388472853,0.69663010278205573,0.7174492847324927,0.83855741881549939,0.79818008344382763,0.61265936320075121,0.78609991053075257,0.87585058908856295,0.80915289618486119,0.83511254671686863,0.77573729583924678,0.82961238155420081,0.70104609464664691,0.80989550947073896,0.85708961578926146,0.78080735132217527,0.76504203988972208,0.73676212955188636,0.74026863431249545,0.82469020830233997,0.86761700816215404
0.73768933651109769,0.71930134204147256,0.85530872661644264,0.71791857452278052,0.82831290503435717,0.66076642805259878,0.72102635986020847,0.74947984096127074,0.79666470662307254,0.84419649378259409,0.68780891708584579,0.83738873137909831,0.8033589387213963,0.81112097289344853,0.71235364109750687,0.85326354604668864,0.72867212976107865,0.81337363414255914,0.8919548095907377,0.76627965255455899,0.79470931147743107,0.71022536020807858,0.74013383681665001,0.8218042455858815,0.86637720943193808
0.78363152722519747,0.79203071060136099,0.86990806118600672,0.90064881003913666,0.70810038323147584,0.67244731353025611,0.71026950027838454,0.75013238352784739,0.75591174465558464,0.84712878291229876,0.71988387229083217,0.8407756107949772,0.78975704743825026,0.82964461666913536,0.75110992033315049,0.83236953723193219,0.72697846589010684,0.75735524273462829,0.97524890269917119,0.76717454960582232,0.67389594216079374,0.70725957265309802,0.68918029943100656,0.78365709217689816,0.85813714408534059
0.77551807697934949,0.71485416399183677,0.82677897697106228,0.9351770734152679,0.74094635196903513,0.78628356229447471,0.68380891187930404,0.67512522925141094,0.7191943016155008,0.81423241074924135,0.65542204866076526,0.85103625924403525,0.80682960159450201,0.80749212101045464,0.86953555107338665,0.74788485912503189,0.69908630768341851,0.79159423007222962,0.81141960623638287,0.7973317018538908,0.6939555125892084,0.76387068024911575,0.73996370352445073,0.80759451968572393,0.85006348249531427
0.76874038868964478,0.78044606996205945,0.7256190087683001,0.87395849238588774,0.70362802946929293,0.76040282322754449,0.62392579119747393,0.70982651636636351,0.78910032621572257,0.84069609459102312,0.69541176641154145,0.87249764954380682,0.81099085978429908,0.82072551713630593,0.8560423697886238,0.79567858528867275,0.77108315417552975,0.82851142825559521,0.70819178969246122,0.77273891555143648,0.7977934839105878,0.75371558913816006,0.78950071193411653,0.80345221474290307,0.83924834055746778
0.68812028216175658,0.80378437448510032,0.86484525472433493,0.88285361428129494,0.71019603191559055,0.73777451984351272,0.82022371840312758,0.68781608643837033,0.8681862946132024,0.78749486465502716,0.73562499913090329,0.8678738905122535,0.80483346432913061,0.77526138328631167,0.8468849107782388,0.91401105855094178,0.6976995028211499,0.75510845081672295,0.79488796784670024,0.73655470696215386,0.74114145507035223,0.66414254601950728,0.75000591449204812,0.83677363530734072,0.86336276497168263
0.6176730482652486,0.7122720565006907,0.85576088647565851,0.83333039550001975,0.80808496149261932,0.73304776334509181,0.83431578675108276,0.74431411896370914,0.8098722111805905,0.8589693204682558,0.72642913452401936,0.77875513734657387,0.86530280926307135,0.82655715530056595,0.84499276608769747,0.81345731144258204,0.75242819262491945,0.79633394542060965,0.85174417765869026,0.68047507854444855,0.7578197998133851,0.65758397799172286,0.76921749856044397,0.83840527494201333,0.86953577850178199
0.67225317034069909,0.82998562261978659,0.80244225786080248,0.77366876296521159,0.76037033801611886,0.66395666347843774,0.81235156990938895,0.659238037502344,0.77154029848107875,0.8063087772781824,0.79200390924967523,0.74149359128424686,0.79895978489119557,0.73583285739539361,0.90443053401967943,0.84195853698842638,0.78346404245069179,0.81982229666409878,0.84793037045691833,0.73602980437744914,0.72881139331982803,0.75522245246873587,0.67181758686850002,0.8205882687371755,0.84841955039860573
0.77837107934294425,0.76713290034027914,0.77431886435510289,0.80199185766430392,0.81780382270682361,0.73422437909762739,0.80758819319495778,0.7627578734253968,0.7783731607957054,0.77725100059379393,0.69980678367570526,0.76904707654377569,0.64151009358781985,0.7166802493604737,0.93783815918398938,0.76320553022224369,0.76406188309149692,0.86925695400803815,0.8864278104719211,0.73945930477092203,0.70396521510714938,0.85425687301930098,0.77710497186392036,0.83348608227769572,0.82450565222797734
0.73352622769066678,0.68757506982463146,0.85003822946618579,0.78746367196774425,0.81418032922919981,0.71920377837064697,0.76803919357169137,0.89185992552550952,0.74666623735903837,0.81256330515213526,0.73398289553488272,0.76168760328248319,0.69428004266494248,0.70978534989750497,0.83123130404384638,0.83270427358414445,0.70175487885540644,0.92454889691890418,0.85268744192215862,0.74550412612940642,0.72720797151921857,0.67531177669049214,0.72004514665483244,0.87843494997327909,0.8737330532476062
0.78301766195631273,0.75757339920569433,0.80691561706257919,0.70549305023129871,0.77162293535131365,0.70570612687641143,0.74922631453500022,0.83850119525026134,0.80333327905777274,0.91097737972743764,0.81202751186553646,0.71569672540904361,0.75109941114495982,0.84799508931995138,0.82942783811021847,0.7706884088356154,0.63336115654138658,0.84488872852039743,0.78297180526289667,0.68848672468632865,0.76966903238575723,0.64580859136487745,0.70784117804883773,0.80555038798894041,0.86223247319103447
0.77024026584794114,0.67380715579764339,0.8153457365515302,0.65989837608280233,0.78979636327098546,0.79361699532175167,0.64335384237967497,0.76999719347313222,0.81385189960836302,0.82952534889700125,0.7046335132243059,0.71354246103877739,0.76227274110316234,0.83247421113220643,0.86217934232572357,0.83915026385433622,0.80129994038355912,0.89191223800289032,0.79413453936987211,0.70221105108536641,0.79814508866537159,0.66076418502792911,0.76253456232142991,0.77141329277076265,0.87082239625091784
0.76324085162438948,0.73278251392907456,0.80630571204689738,0.7471479817045753,0.79699002264583918,0.78630238486966741,0.67087142326129945,0.71251682524101412,0.71025108824179406,0.81870336412790201,0.81800649555643234,0.76035264438341432,0.72116582738316848,0.88171328022343809,0.84695449823992364,0.81644357464112149,0.8000920030913854,0.79156881109177535,0.80263215851064906,0.67297013202125577,0.84255114433181599,0.68149858189019086,0.75081429209099071,0.83139176759023148,0.86733767653198879
0.78759764977308555,0.78954386947448685,0.68225906255342961,0.67784083801069794,0.8131218328249451,0.71983736619842131,0.67710637856951872,0.68961226404707732,0.78289542889035002,0.79355235418413783,0.77859583053559911,0.71568126964550549,0.7655210013762721,0.8530892210263753,0.79135500999678776,0.79628027702270787,0.81405590536185868,0.76865887127118515,0.82755229323625901,0.69485108316622757,0.72396004735635133,0.62630968858090674,0.74956899022282553,0.813854184531419,0.84445126200193432
0.78414031229664649,0.74633831633774694,0.82584121001707622,0.70972807275502547,0.81569193922258709,0.85252383373570817,0.68913079359440488,0.70429543191047239,0.85722880619108965,0.79722035972393523,0.7676536477614031,0.74909566837834596,0.69080554222570556,0.86046601932758027,0.71897070287711473,0.78104715320417073,0.79232300560085522,0.79925699764054758,0.86334013441027513,0.71719692578143879,0.74539396820374471,0.66504347819718879,0.73604889956827657,0.80818111125320347,0.87337979049218961
0.77933776094518548,0.70380889110146017,0.70846274044252777,0.64882794089126583,0.74709704331411719,0.86741990461567298,0.79180174922244517,0.71318106658412583,0.74399857072903386,0.82181802887847955,0.69437808776783916,0.76169498026893723,0.77957844790077446,0.78532359586209399,0.81984489865491383,0.90429296459002961,0.90961101814030421,0.71037430070245278,0.78774777633811222,0.69524295836440886,0.74456556826045095,0.67111851518119814,0.76558993454426494,0.84031356220934328,0.81770331793952178
0.81695085045074778,0.7332383246075721,0.80407653759591569,0.71621707284046088,0.87133827695269861,0.81125412460740132,0.86923375768619815,0.7011548910784654,0.80939023713608793,0.78634388281470147,0.77230496454571307,0.74765277498067928,0.77399777607364451,0.86964203804215379,0.87011489500738526,0.86831696376688694,0.74581219825218681,0.63514721905476945,0.83217899372259085,0.69276709827545191,0.77793709152703272,0.65479002348942195,0.79709402658916506,0.80734211056007554,0.82982539116250287
0.78389534002956185,0.75014502470796041,0.75919473763919498,0.67793177505546376,0.79207561979585295,0.82435985533339706,0.83024524710913772,0.71392304968532116,0.81269345863718057,0.78973277664648134,0.77295300731689509,0.73195438125524415,0.80558711063485045,0.78326372801548816,0.87675418068800104,0.87123441172023153,0.6898971593759069,0.89080458314403543,0.78584375595479872,0.68993351013104953,0.80344125413157086,0.66730498244903969,0.79464818271607374,0.80136116901188303,0.8560381515882145
0.77141124415141027,0.74818978417039317,0.74995035391409626,0.67494351963030708,0.76503073981339953,0.70079078983793441,0.79195901452522177,0.68642391825385185,0.83383373485826273,0.67474529105270387,0.69473045476033113,0.70105201886837931,0.78673204957802378,0.8513703954100883,0.85258861017346421,0.84875558563102016,0.70420803627153106,0.85421148640184819,0.8399055102530788,0.68355373603727954,0.81500514507869348,0.70720892798017487,0.80915081032733249,0.80369790266137375,0.83180420651247911
0.77113722499460191,0.68860805799871894,0.77197203544935777,0.74813396314200542,0.77205921424042045,0.76379693492382983,0.83769056777816231,0.68996078340146483,0.84183632007790399,0.69064751309652395,0.67640315001759166,0.69691731400262846,0.76868395790301847,0.89561133643323743,0.84018034667040331,0.8520006841709783,0.6904294781566247,0.84736307831112756,0.80640202056644872,0.6829806781969886,0.77339592877798402,0.74431291259383203,0.8165308269051349,0.75875734100326464,0.87431902593015942
0.78926921501603242,0.77728108759642456,0.81123253086697955,0.67427113610993694,0.74629192369446518,0.77464862925662992,0.84036304638821524,0.68716251772687975,0.77760455861083844,0.83670142361427169,0.72784247462580864,0.70703057309779782,0.70065398529361789,0.73848565302356606,0.82494513431902461,0.75143631471538019,0.70922808763805123,0.84257220126381127,0.82908477394431435,0.71190401873597842,0.7637715962216659,0.73472999332409183,0.80788362937520064,0.80717979745606105,0.8458452725566532
0.7097786736080377,0.79196553185393292,0.76851390882532533,0.83981794690942413,0.84543718882648533,0.75729900903628333,0.85746256499325535,0.70696578150233191,0.82835010451425362,0.80443428621077373,0.75640170419160779,0.7240362105726853,0.7397259585501581,0.69983716048911448,0.82921994687278,0.82763871730557925,0.72561479477611301,0.83419313235056969,0.8226950368006497,0.77277287612226531,0.80003344323632442,0.76066724800004493,0.78489874606518395,0.74723818522202323,0.85817898488425071
0.72758001015785334,0.82989189444720757,0.75093881021549047,0.89264495384811848,0.84864000567877496,0.74019661697229289,0.79902349518807303,0.84529803166156248,0.84590518693023642,0.80209565957576179,0.74162499200654486,0.76737911420402283,0.75991841070526922,0.72187737346390912,0.8032465948488442,0.7659768477199469,0.75289151806132004,0.77807938612857308,0.88591948747509219,0.68798951979942768,0.71322189282110438,0.69162929473537538,0.81567292705571881,0.72845590467984278,0.82520242103573416
0.69042332816555529,0.81803720827122606,0.76326302535326684,0.7568793257155364,0.7878852962594185,0.84323249052224958,0.84303348752402985,0.75566146977859339,0.85033085337944747,0.76204137185781073,0.73343698749861297,0.66040510936064156,0.68003709980338711,0.68292333470422661,0.87930635473557561,0.8512926695007309,0.74081911014523705,0.89497725176233722,0.81279855783446886,0.70664891120738316,0.87829871688269889,0.71134175031561764,0.85662889009844201,0.77781764403634579,0.88193581150215383
0.75875767589292997,0.8002768754204892,0.7616011644090297,0.84388907652566947,0.80966614460515396,0.75752999272253174,0.76385947842245394,0.77010853456845796,0.87094544776451244,0.67811701968656624,0.7217437357344928,0.64686390379305148,0.69343616809481889,0.72369490663819702,0.82167695051232159,0.78890119847284579,0.79800300345901021,0.85696347680168439,0.86090159353901063,0.87859064488000393,0.7842063916315456,0.763579225944366,0.97575454439140141,0.75391480724282645,0.90182916636404409
0.68380947313818496,0.823599573099705,0.78607990414276174,0.84609800779404065,0.81871608553804409,0.70115839866429885,0.72400125630121981,0.67216765016948055,0.75968810255069252,0.78177043727803075,0.69571287273311633,0.65326788372669176,0.7769101483921137,0.85191311031390216,0.85543089888800317,0.76792391027258311,0.83350842807505188,0.86803126524406471,0.80909983568846267,0.8278990397756838,0.76274402575425548,0.68158987347296074,0.72369577838009169,0.80486452427476496,0.81260437096050964
0.74011847933486197,0.86655237022955611,0.79839023974756806,0.83066087943304889,0.67387754655402698,0.8122225661429906,0.74529565761225591,0.76753821610281103,0.86584641039102916,0.76879658521269711,0.69358719726928464,0.62081660590157828,0.8481705767917056,0.82925185716798056,0.83853450630474824,0.83043038503381139,0.84301200844541602,0.80071141095279941,0.91552449843007244,0.77060963830745077,0.793320811805026,0.7553370853120922,0.90977025680869794,0.67611160492334155,0.76941942713908729
0.72186045257453979,0.8389779336824762,0.79760728690740812,0.8778165284899635,0.78320096451495047,0.7710415041155555,0.77420747898884879,0.74933067181225133,0.80416935452217242,0.6710921030094138,0.69531033684417598,0.71958669671639353,0.82812919523324868,0.86267890558226723,0.82650315984152711,0.78696840269131318,0.82992576639740201,0.80050177181755355,0.82129626529868782,0.76538550997920263,0.70899018777604783,0.73162562313225965,0.87459207061902888,0.86700303216724606,0.69814620893590451
0.71935180593340453,0.83698262780773414,0.76899827586796199,0.7484725241537159,0.72455416149869922,0.81288090991192075,0.80251376594932078,0.77592916517028565,0.76109578070232387,0.64571249416051169,0.73319894959264797,0.68828704935452256,0.64832336325272555,0.80929699012883383,0.82374424340351471,0.74414610918372015,0.72998230807239428,0.87347773441094034,0.77070283988774579,0.69983990458730949,0.67463606822965672,0.79743218060808152,0.8477001263778845,0.87416843852119841,0.70074068683414048
0.72707161687346167,0.85742203337848388,0.81994186718297124,0.68207957384434204,0.73168776305977112,0.91480904382190231,0.85180345082463382,0.7360025328536518,0.81141069636350938,0.73906138684922151,0.7517695543143037,0.70255192508137698,0.871569726796389,0.77704980257810874,0.8312730500936657,0.78244541585260519,0.8722279601320756,0.85705697288378146,0.75720433470587323,0.74071224618500975,0.66774099413681776,0.80951079356816624,0.9295185255202203,0.79994607595101408,0.72958842939229573
0.68860261617818286,0.85820599574657597,0.80704003214857312,0.76365039051035311,0.74265648039828835,0.84583003001623991,0.71238517849875616,0.73948815682657887,0.85612480880862363,0.70660828314297663,0.72088320564146657,0.77142875350215867,0.96973784795003215,0.7491902024924143,0.77066243440054516,0.84186076289252709,0.8113552411128202,0.81348978215245815,0.85632777592927689,0.73558563414283096,0.82759657765056416,0.81934528210402291,0.77536919941044524,0.73544437390374018,0.67045070703402299
0.71579834867674885,0.80254899076687314,0.77014301688736875,0.77060785410101251,0.76816628556294286,0.83444779545993986,0.81588716176411846,0.76804453963848207,0.8009872830868473,0.70498420252909533,0.77272976664802062,0.6828213701740633,0.85711735027883473,0.77967761260974955,0.74304601986448549,0.79801772583150976,0.85586834531390976,0.86693553252042643,0.90312225912672994,0.71575958386860961,0.81855708381990977,0.75786905773041235,0.82559935769203574,0.71968423619554267,0.69625190135873305
0.71387997518228874,0.78137360300904501,0.78494781491389176,0.80504803513762002,0.77633087670311041,0.8570182052763381,0.84198533219130345,0.73061836283364967,0.85220726240567302,0.76822688477766954,0.74564301299150759,0.74473117323672267,0.82151435004754925,0.76235302162428598,0.79431797080102218,0.7514475811827771,0.82669408727383975,0.80958349030117382,0.86292633010790865,0.88599787622877124,0.6861764874378784,0.75582737909438769,0.90257290185968553,0.70717453134397046,0.68595778136800367
0.77852672547430957,0.76199354775614281,0.72425051077852054,0.79212370810076316,0.76631072675986678,0.82329077734147837,0.78412124852208709,0.7639364087523578,0.70576819572709804,0.68409626144402558,0.73137336002590647,0.76489943336188304,0.83591464918188685,0.68850200227416314,0.73598538167585426,0.83101464114578305,0.83420892254650703,0.79362818776075816,0.78898523890905936,0.83821267804869715,0.84142945538391523,0.82424014930284251,0.78377694363259287,0.77602055278997528,0.72033699321098754
0.71804046249136777,0.80073730680285726,0.83530666200390802,0.84854808844164586,0.821998517060051,0.86962117812437612,0.7492361231246476,0.77104463581151506,0.73661952601600156,0.84040506733704878,0.680750131550377,0.7360314623887837,0.73914338815565683,0.74343116078732863,0.71736255364433421,0.81167491800567182,0.77909116479018148,0.773936601569292,0.87401232209417334,0.85486987183476248,0.86828127383985509,0.82342451695096652,0.84478942585739547,0.81318143237353713,0.67571256235964261
0.68648872552969809,0.81161806633692246,0.83074020744139987,0.78628079110417026,0.85303399721846151,0.86878259456201434,0.86715550316167889,0.79271321498704783,0.7400232978806528,0.89449271871663527,0.71641860870243024,0.8212842606710935,0.81341119510492932,0.61034899056991165,0.77408766808571861,0.76979234662840501,0.85415876651411415,0.80968457536377469,0.7918217084668504,0.90281686428541696,0.82753772150991312,0.80902572955008911,0.72835338186267773,0.78643294196406621,0.70778954620031842
0.71322813276949648,0.72104224388688032,0.7577258011193404,0.84397666614513767,0.81876702110825395,0.83839410758157673,0.8378861803031189,0.76934881728755511,0.762960648584604,0.84333598755213557,0.81605032088439688,0.82731129922503888,0.86950484661088445,0.70411543619302697,0.77678958512313234,0.87803104182514413,0.80357086388806587,0.82231607186390354,0.81968519228393932,0.86471469072296947,0.85175284375548266,0.8480446974036473,0.84530451982348775,0.82474041808356335,0.85737115004654096
0.72974799582946126,0.79658888403796602,0.80323542092175271,0.82719832481026123,0.84871071827274014,0.77970367293721943,0.86598533037525383,0.75866857570348978,0.64394458079959338,0.8079534108511911,0.76467201949325359,0.7590215986063531,0.83499038131314451,0.79530334822175397,0.81889934876583359,0.73116328338621184,0.77317510530317635,0.78870444672779172,0.84185721952991477,0.87154601771348827,0.8392756862217341,0.79685144023950838,0.85565055032883208,0.88352252519003538,0.86779460170193001
0.79954852717519687,0.77444553540296246,0.80710248492839221,0.76260520289284428,0.90241385879302227,0.74605531118973267,0.77084087090107567,0.79127263432837369,0.60904384784691168,0.76628997682678279,0.79039886141359461,0.79676024538686341,0.78549109647785043,0.78115987691774347,0.79367209887543655,0.68305783909585971,0.83810446147012052,0.80809118861771201,0.81626202486808341,0.85359469436721913,0.89174306957849914,0.8126197789197952,0.7792628401166295,0.78091944881645015,0.83774752996228574
0.70032824996115328,0.82049052292920543,0.77539072540558762,0.80328881140082142,0.59517419445386255,0.85722848275151131,0.7910442599375398,0.81700641158810072,0.7469971256494069,0.76884664136968595,0.82146872010490057,0.69419689669419782,0.69931774507997491,0.72270366530540242,0.83752173646260819,0.96560551123401583,0.73745101132643176,0.76589924818074451,0.78658428778229594,0.87050684350670182,0.81958736362681561,0.81732350674300636,0.88492542309223388,0.77270370150185286,0.78338525860857045
0.78319961837846974,0.82680113556825063,0.83130831311502573,0.84374627294785753,0.85409161396848687,0.87605536137398332,0.83942596355173837,0.7854820059331904,0.70255419959260224,0.82409160135895088,0.83558678046084189,0.87510240621708557,0.79535344187552526,0.89387625215909949,0.77841233204304294,0.76946086470910646,0.78755773698816167,0.85019089262066039,0.83406116056570501,0.88709565497282084,0.83201673894670614,0.7803988981539961,0.74083773851604728,0.7043079634304662,0.81805896512190623
0.68770467379434985,0.79044486867148922,0.74405974096728689,0.78533191796367618,0.96545050919536268,0.82265674668171596,0.7840646005335421,0.81850111944946602,0.68669088702517822,0.80304708831126181,0.7150261533963792,0.88410635466591692,0.6598781253639685,0.80474509055398402,0.81003603090359944,0.76469556678158856,0.73818663930453199,0.9157336367847897,0.71960693259570097,0.87471216649026307,0.83304622753437063,0.74615781768521605,0.80688546427361429,0.75649875402634936,0.81286325563846629
0.80525915436764117,0.83303672872110579,0.7744126234591926,0.880474030646897,0.89420881459720214,0.80638346127529714,0.78656135786252501,0.92070018968853495,0.69826067414989967,0.72977833134464853,0.74950902475760461,0.85388769467421499,0.70287891375394507,0.81679677323569666,0.78657130015525223,0.7810383817633717,0.81254658299892368,0.81776721507271344,0.83463068854747047,0.69730830932817112,0.73897121877235161,0.78031525876806596,0.86825433847656774,0.75726636580278761,0.89452500690082237
0.74012433323015148,0.85338757348082372,0.72546522591863549,0.8273278207778344,0.98918451706648836,0.80478647860252905,0.85844468432053533,0.81874421458870528,0.68093205224748166,0.6838465431366697,0.74457628999011694,0.83084217519031445,0.74495039082119863,0.81680402655979512,0.87609915118548731,0.89788589997216706,0.72226010087128889,0.86855544062578183,0.82944235069652361,0.69657580255408102,0.69684288372347958,0.84736151888482569,0.72512982181469832,0.73312345429114056,0.91025623001416922
0.78187764413117422,0.78871680996201809,0.6796242401038427,0.84416158612634229,0.84252492918530375,0.74628822749833801,0.85758874236784777,0.87018558014045855,0.70353628044403238,0.7802382307050566,0.73315868115386806,0.81139749028890151,0.72207342656033124,0.80628419242063132,0.79946120217545413,0.75201128341827117,0.76761369662542689,0.76350176307969175,0.82568270294194446,0.73916232711561058,0.73592150556853386,0.81906077778215258,0.77632661664304214,0.82543854725766075,0.82233330920368841
0.64503634399509613,0.86544448762341486,0.84394046350537721,0.81124646175722259,0.86833362878527376,0.80278018274255103,0.83482891904738199,0.90930617752942566,0.70302868404547947,0.72869752869850557,0.72629585697487542,0.77898998116431684,0.76354215456837082,0.80583751500127709,0.76407196906225583,0.8360448956116534,0.80006411365344743,0.81636120520027111,0.86980558646455497,0.7430987985642884,0.76803984034455541,0.77940529571278805,0.76749181650592424,0.87782013843740481,0.73530241598352364
0.73063884318031225,0.81754560234454821,0.76332558913396431,0.85927301063958594,0.91588027912183589,0.80373720636020118,0.83991062207066969,0.86298299706315207,0.67557163327253478,0.73313126309504739,0.72725459941327408,0.77769136420172025,0.8127993550769439,0.7466475376446583,0.65762154982917487,0.86101109285747435,0.88510752253362024,0.86713410823988102,0.82003606682743557,0.74118204417742506,0.69655032730727073,0.85478608385354993,0.79731996811502048,0.8579543893874414,0.8232519782021841
0.82698615828010258,0.82439012628793129,0.87306507308804959,0.79217951672035847,0.82640966655385451,0.89958954775964473,0.80885165385975266,0.8119228402553722,0.7137878594349818,0.8279249716451228,0.76464904723000615,0.78590656708354034,0.70382464920677534,0.77245797160801477,0.88493900781212087,0.63232768413036244,0.8366077676844601,0.79341816805935805,0.80352501356499528,0.74124267619154238,0.67473935928395357,0.82852328184941837,0.84491121739052411,0.845786892704954,0.69960274026098979
0.82242409728641597,0.81369420078473931,0.75691580244268797,0.83038686950660634,0.77970624271269839,0.81989311934962439,0.84923226200823543,0.84812587705826059,0.63006618597644959,0.72336779206802904,0.74064022212699077,0.7819482238261769,0.68586037856302418,0.80885092592662566,0.87932412299635365,0.93005293197417926,0.74411180083807138,0.86497843677128483,0.81745893338333053,0.69921478645259671,0.80470367846361057,0.85394238155248448,0.74374353759088374,0.83552496871208526,0.75563554264238231
0.8194534048223947,0.83927074023175019,0.86877560592501202,0.79181059660679631,0.84149139934114969,0.76999074339807017,0.87255259342608238,0.94242710863284207,0.77082122925749752,0.69206357239408978,0.69778802522539918,0.78084037015063201,0.8059226351664599,0.79360301203169847,0.77039053560624993,0.90078261457182196,0.8432794388321273,0.78095159055378605,0.75528712427317823,0.75143459679271207,0.86002222620942681,0.87046251519159845,0.74165152245695909,0.89890191497364336,0.7639418860329672
0.7493927062944965,0.60525781462515971,0.86262846706169727,0.7922150990815594,0.72170515560953286,0.77575909386684616,0.78215556471972902,0.86109863386643148,0.84698048435291029,0.71394415630660846,0.73912604912452884,0.76467771525770667,0.8484265284070055,0.8164526517472066,0.8721139837534907,0.74293251771947622,0.74657374630333329,0.8897910955283419,0.82295150671068584,0.66786638351808203,0.84645292095901858,0.83002904455618787,0.84429488113129592,0.86678008136991469,0.66149706162582067
0.71200438854111725,0.76855290366847473,0.70290927164168804,0.80669768601615799,0.82801810270482423,0.90751900357183157,0.82007682290868211,0.77228693775074653,0.82711012399944983,0.73373568043800608,0.74699688483742577,0.84277198695859312,0.86334206213934195,0.796570072207888,0.83971312631802508,0.91025279196084152,0.75524816136520134,0.89285623841075046,0.86313036432037227,0.74302905620199489,0.83940140321540824,0.88994920619293716,0.8144169387204574,0.86067765736770452,0.68670659359543162
0.76586896679546768,0.81545350650012893,0.87528402537803462,0.80864307703508631,0.76600078064561983,0.83618033168258465,0.84101717592451786,0.92549009919725733,0.82392363545154812,0.76430623661715569,0.73679740889354972,0.81148039438342523,0.7818161587118736,0.78703939749400176,0.82075050382416603,0.96702212030460932,0.98763388764239601,0.82658471624560381,0.88406251306621197,0.6739906790047675,0.87267312081900639,0.90709903156805738,0.92536748551944892,0.94352193522275718,0.75499147789201448
0.74545933092831285,0.82107622082414233,0.848567668859316,0.83953748487113256,0.82649558123108824,0.83959917486479896,0.86898724387906334,0.79661567439750935,0.76989600408047909,0.82634857411755192,0.77697127213391881,0.82815903759600218,0.7992009029960534,0.74062857203181454,0.78339804995467965,0.86353153673211835,0.88080063781059637,0.78202389552493523,0.86651025392502523,0.8453567290417251,0.90258312942591301,0.86534886431720548,0.82674490922406985,0.95510906901557258,0.75009065808833308
0.74385426879671335,0.79336284039540328,0.82957171131294249,0.75918847606528506,0.82153761473894693,0.85361937849982117,0.82631421443579933,0.91106943427172704,0.7742241825051287,0.80331757624880606,0.78531577823979282,0.81683321730729708,0.77216034680991297,0.736478809956154,0.79248895553107102,0.7744022640332423,0.85768961782114539,0.88810920087992884,0.82234447424376023,0.8248914663064485,0.85611266558000032,0.641739768120965,0.87363273204289493,0.91473859148672287,0.7772406505242998
0.75746416706259945,0.66609827430366086,0.85787764243953346,0.80381551575745736,0.69290842485230986,0.85429317121743376,0.81536532308515963,0.84363500055303497,0.76920120281847493,0.74417349764493979,0.82475324619409163,0.85496718431239416,0.87766215792397884,0.76148808180016525,0.75015724020582342,0.77307383354519099,0.8609149615315993,0.79066723175562181,0.88353287953783877,0.82020424205644593,0.87220161836347454,0.90775193192873949,0.84576761410614243,0.98629098850478869,0.7266115531585513
0.76391321653522881,0.83038517245050258,0.88826476035376478,0.81096917048189476,0.85179237188598189,0.81636885990326835,0.82682356455558892,0.84021953797352389,0.74912132929841346,0.7169840295963299,0.83261058268179411,0.84149592594942957,0.8288687187772833,0.77424388822014789,0.80713067081225065,0.75062323324346425,0.84316233307245458,0.89917672861079656,0.87718210236209182,0.75159575528106159,0.89377067839592783,0.83945179078828591,0.8571124269046585,0.6931884009396585,0.74816214201772424
0.770530279692066,0.86398837788114524,0.79200849140993024,0.80677997991768668,0.82839609152029514,0.76343137317437793,0.84362564620857428,0.87719424051203421,0.79078588313137854,0.75424595784926118,0.90388333886979644,0.79363483217751685,0.76579171565004867,0.7356563905088116,0.73875962328259515,0.89672812344622654,0.88423741656663501,0.8762125955913983,0.83797160413386029,0.82301081478275451,0.81673986624034256,0.78676837721229731,0.81025623350175113,0.80261813307623986,0.84437677652603049
0.72093333499729539,0.87238034486808025,0.84162072153675205,0.68762040777053546,0.75656981357540032,0.91000216805129674,0.89321810952864911,0.83695950719885837,0.86001556742170071,0.70853128083474337,0.83884704289119572,0.85891620463106544,0.84295334915186093,0.71338319317067211,0.75548397475517826,0.9812892317708789,0.8394559529967025,0.81562274363591414,0.90852423395912552,0.78968545276215507,0.78498586919331492,0.79072033821053955,0.75604516077181105,0.90899225749984147,0.7032892536211558
0.72343723252279324,0.83011357156319898,0.69909203590338187,0.82244747971772791,0.67075620524340307,0.80156601439238817,0.79045891601742935,0.8241868830587834,0.80926217150722723,0.88902487599160229,0.88934322815402533,0.81043599689612233,0.85546329757610573,0.78238956524904912,0.74933054060344606,0.82706039292568834,0.91085483952326218,0.79142087398016581,0.84610069982067371,0.81988125497578168,0.79064989024830146,0.86212139839618673,0.83906473354657751,0.86659878897412423,0.83146801832574468
0.76548365953786712,0.77839949958979271,0.85147178369589804,0.8189041111121742,0.80285977181193879,0.71622502241072195,0.85849749905788342,0.87139382684056998,0.79490151180891244,0.89153140738129411,0.75905526518077526,0.82848725581435778,0.7999261662334658,0.80884528589511107,0.77517386235986774,0.84078431295183731,0.86841888134187928,0.80657604316107046,0.83493872726363372,0.83031644662516557,0.81921506285830714,0.85867743862278201,0.80370158853376716,0.86270334559112527,0.7706280915304059
0.78373495133660764,0.69285261589938696,0.84643712655422287,0.80265654725668323,0.76419372909719452,0.86697665587142891,0.83258561802210629,0.82222895144902641,0.75097433568809346,0.90680588780288585,0.81116459416859188,0.7823647762219299,0.92817078877119974,0.810524132056202,0.92069839171437606,0.92263182241375385,0.86165646703670251,0.82096949812320641,0.85849430548080574,0.73668838401501135,0.80188891721627187,0.8629444878931436,0.76319321031472265,0.88857855211506065,0.78130690261312297
0.74672170113579694,0.81315983545209869,0.81223308888156975,0.87986892889694668,0.82605367217667058,0.83020683718153532,0.84538804463617379,0.81447839656893684,0.87576567413088902,0.78530257748490007,0.79642122256709713,0.80489032742469235,0.83129793189843615,0.80747824370920274,0.86045824955873396,0.82946461566504981,0.88408774712705063,0.77125358283980472,0.802517222775737,0.76872686204868312,0.77930609392043604,0.83424340811031217,0.84567436601644275,0.84596343942545171,0.83377316294312886
0.75464032798317193,0.84978285557471311,0.85814783225760438,0.82282626934464753,0.67162827886825505,0.83194461642680573,0.81638655168815943,0.88163816134003781,0.85028723018214303,0.90263484895594248,0.83033022727805406,0.81288272479404167,0.88447270885584373,0.8328539950334003,0.8317727357871646,0.84102312210122776,0.87473468565999568,0.79117992743231025,0.75064888275897734,0.68560618265461548,0.81726783181948115,0.84667977566077057,0.80755644219983613,0.88020687782013951,0.87426291020503499
0.76529646560538989,0.85206343434938803,0.77764663575041437,0.87202718172058147,0.80760217028683901,0.81377663972846948,0.83812611421504557,0.86285885098397208,0.84037591792289723,0.85963884709941651,0.76331003304951106,0.81603059632413433,0.823298668846556,0.81708396829167629,0.79257601415094825,0.80644875784819114,0.65897965097747679,0.82203485497292939,0.84293630515689599,0.77472046688630636,0.85181595221069928,0.85833166271891981,0.74651573230517165,0.82321820834231385,0.88496858730184302
0.6954475689638917,0.881513818847667,0.81679376897070255,0.81328205101270012,0.81430566778345459,0.80078038357561909,0.84465829810088611,0.77270973799470255,0.85425295082321284,0.83408499249843704,0.79834827881176229,0.78595500519423511,0.79386356814631154,0.80502498541236067,0.87687529912410989,0.76917059810262445,0.67378852335960082,0.72742863399135449,0.81551485794255874,0.78557410021761598,0.81191646592750344,0.8413553441941064,0.82871811182911759,0.80769838096882729,0.88488865188468857
0.68390187289147109,0.83627138740588836,0.77000531149234042,0.83554431530760931,0.78016212797459616,0.76319914402501743,0.80410410657710651,0.8040131488715424,0.73836720949977408,0.86935547965999382,0.80255245121483421,0.76363109510131144,0.83197413225160488,0.84889345438518871,0.8085339260270118,0.82170087171425177,0.80624324035256745,0.78964081055977142,0.82829617252660903,0.7716409207917071,0.80400430160064962,0.81786568605576127,0.81393701815496178,0.81774952907762366,0.86806301525719309
0.70169972623569565,0.82487567433007913,0.79490253338341732,0.80998681882252255,0.81067368337518175,0.7552142101328998,0.79693617744195722,0.79157309530427233,0.84300700411855978,0.7615491348702258,0.79197077460158583,0.7448523807192724,0.76150733564640338,0.78409156977385752,0.85405775938010997,0.78045941058391832,0.86769421556565418,0.63605169030177822,0.79207042345205902,0.77205286947941987,0.62188166135113787,0.85979683615615554,0.78328848857917932,0.86081930294846321,0.76989300655649762
0.79077450500263657,0.75509754958638609,0.84513648693255627,0.81646587097804479,0.81000640275326841,0.77271607400680187,0.80469391028583082,0.81752503329655879,0.81869836114345673,0.82457547566601863,0.87381871066156414,0.87813612354386739,0.83249570358360347,0.85898700173829745,0.86059212640301253,0.76221817942223358,0.73134544070789331,0.74953241210675103,0.83406014930007566,0.77748005230624051,0.82292494031956864,0.73252182572289737,0.77752147276040962,0.80308103032346034,0.93188525280064083
0.82642053723788622,0.83602898491448696,0.87743551321424251,0.77336889235693629,0.88479665353484638,0.75903164782570998,0.83545112187116333,0.7839536799207274,0.83184891243328685,0.84717091267378863,0.83988507931292566,0.84781606566505829,0.86661695664828053,0.77739167286916577,0.84572446470288898,0.83140049033806818,0.64800485855759671,0.78947196559582244,0.82374366447002501,0.77861930352969622,0.80897159838197297,0.82517489125078647,0.86964884656910724,0.89414463893866569,0.80532034423946608
0.87018845015415225,0.83943410115285511,0.66699391928719309,0.82733995497894419,0.86274235783697761,0.85103742895615753,0.84358716425194169,0.81683365138320363,0.83079954437113857,0.80717249044170203,0.79763983679404415,0.74732595460770046,0.81584025843752883,0.76310447997865072,0.82152467189810541,0.79247754325973707,0.8334131229230175,0.77190219221663192,0.79962184170516337,0.74887054667961328,0.83858034925983849,0.83823364657831734,0.83215559333172706,0.88752400674102128,0.74886326226250588
0.84732097023393738,0.77008425482498932,0.73546672324191065,0.93168934904106582,0.83959075516647041,0.78461324473470884,0.79610061924025144,0.77586748707743292,0.84830414384924857,0.79293761602456858,0.86336809668363867,0.78250032284635751,0.7349764045036431,0.73017461114715299,0.86504313201787719,0.85252806987584806,0.87821536724703719,0.79747105985413558,0.80949995885499226,0.77656218807696997,0.81731015961801345,0.7908728968545351,0.86935108899015479,0.84360145192033109,0.76087331593061358
0.85579038303857713,0.82241201614301906,0.75685721532847239,0.83911537542848025,0.87340600482136244,0.84399419286002964,0.83788073099192595,0.7359800656990283,0.84843879622502161,0.82186872545248812,0.85679953720560154,0.74383516697094265,0.83525349149069783,0.78227582648825256,0.85727848069401047,0.89107452856373903,0.87945803539897061,0.80275698155998354,0.88077520064458115,0.76409753978995298,0.79534576396274137,0.91411372406458191,0.82809969747204482,0.81573791536057305,0.75837057474507685
0.78555041431050521,0.82842850538241231,0.73754833543787435,0.83787301060056818,0.8740192208487102,0.84910987874271804,0.86901163593977082,0.8420820648821673,0.84393444946332541,0.78496745841153404,0.81208644477871372,0.71224856843503748,0.84882290535403704,0.7702355982064677,0.80566295197806304,0.87008479902391866,0.85265618799904352,0.78463776737179858,0.86069182850952652,0.75366057584964952,0.83219243338671123,0.82395789080443482,0.84403785830723077,0.88975882033814813,0.91792962675367773
0.79389422162343504,0.77713755763053027,0.85716916247008323,0.82203080632815329,0.63667730039837345,0.78738048904055036,0.80183865510997465,0.78125219591910866,0.83086862942309248,0.81800093395317475,0.8149633199963443,0.76709220273603662,0.78038006277172867,0.76327092828882037,0.76059658873863878,0.83322734970283752,0.80783685133251026,0.79338637409329416,0.92667882466531015,0.79116161895593717,0.81161900720346158,0.77818343546794799,0.88571005866342378,0.86803352787029897,0.80789024404757026
0.81374256351504304,0.83094681912577717,0.77409886094725577,0.85920404647253334,0.82086409158593199,0.83974829747073154,0.79421496590616047,0.78641318840243712,0.8195815205075383,0.89755716937623975,0.83137047890451599,0.78671167357177552,0.84478130110902927,0.82159436434403854,0.75495936850123224,0.88413528742454961,0.79799805011968472,0.80373703585693834,0.89136651460547167,0.78976082963683003,0.794498337003261,0.76430294107937891,0.80917011653545068,0.88036950733914288,0.81801201384454902
0.88405192065792138,0.81179084593702944,0.71511013179543759,0.84214504544260749,0.77832176726880842,0.79656404311820095,0.81321743456868056,0.82372790457037914,0.83578715028434247,0.85041892963955801,0.84990718244064889,0.77769366266661666,0.79995150787275671,0.76221481211643705,0.81428367511070243,0.90397861588799899,0.88680877382339207,0.81053241833596212,0.87009583072818919,0.77950229791167214,0.81955769694216529,0.77987941916591252,0.79727019455057702,0.81306320716825597,0.85746241886598695
0.77986894880303848,0.85088087798422563,0.82624849859887839,0.83717400460262359,0.79448737266701874,0.70775316778358244,0.81560029597861849,0.80045625418706456,0.89834009722323505,0.77409298181449138,0.82177797925167484,0.87354867425451077,0.85268041407704176,0.80847560734482427,0.83781155072788283,0.86162293060922979,0.85296993757985329,0.79841991982175964,0.88930399313720931,0.81158098563691339,0.84308832347900264,0.75446459735795002,0.89212162166691555,0.82901564578728526,0.77254253596078526
0.82334127314085992,0.90252077775218464,0.70504250881559494,0.85021509623460156,0.93747440144241223,0.81652491161113805,0.8481059159473523,0.74538287144942195,0.82495978790151858,0.86728852316676741,0.82362790049456513,0.73720502205350902,0.85016884303353812,0.74248689329547823,0.79370564523370524,0.84807614671605536,0.74701853275712493,0.8529068200054154,0.87950941944580918,0.73679996708447393,0.79535575818388582,0.66357164133370095,0.89740416462260564,0.78348943890949097,0.81811665011545942
0.8556665284473528,0.84478817863637501,0.7749911842633308,0.80048166381441832,0.92919764380605996,0.7696261544449412,0.78589239091005492,0.88004408354924579,0.75217982619922985,0.77780276431464546,0.82283680687869598,0.78949457781480847,0.88163719908037652,0.80223720757964379,0.75847887509828205,0.79560216814627049,0.84408029144594754,0.81788904675993623,0.86593824471715319,0.6939164119568485,0.79001332915314548,0.79315475300058547,0.84988457908399495,0.76507123380431941,0.71957808667680034
0.83737278806273518,0.77903603363320273,0.81288233446541081,0.85924059139666198,0.81858246868623952,0.99754996780548832,0.82680990425323753,0.83266076619568008,0.74131172650446597,0.85965340891441633,0.83409955096229049,0.71553723745133957,0.86737647366631121,0.81247128614696662,0.79015906951144055,0.84808557221649161,0.88226245886168675,0.80161326868997629,0.84319751083355932,0.70558331543390229,0.7716398954083391,0.74615812465034648,0.86570093295229678,0.8140476990861496,0.7969238674348359
0.83864595366226979,0.83008897847945462,0.78583090482197926,0.89033915429711541,0.88547949547524951,0.83497207645911575,0.8608893553241328,0.80937319152367826,0.83837582523524701,0.80051696614042489,0.80617938490115537,0.78957662317479826,0.76708951252121915,0.81496043318121825,0.77791898920651803,0.86648140669048646,0.82261269866670217,0.84924198298228393,0.86892505443342116,0.69406196829456734,0.77988028829250267,0.83660804757056273,0.87118678271671901,0.75418270515341457,0.85011489071774027
0.86973230315921746,0.78720965294660117,0.88138547138345802,0.85042905874376917,0.85134185478114133,0.87834702543292964,0.83527130691006923,0.83584662225406836,0.77439257714717691,0.8109057641326608,0.86771362686886055,0.95378843284440906,0.75512579629431509,0.83731710372331425,0.75084251949002534,0.83797788748432434,0.94025930553332171,0.81782590366639407,0.91789829012163393,0.7581017241471637,0.76058994079807751,0.85242433906828385,0.81360558075669476,0.85349561015808784,0.82984474756340987
0.84721430430681777,0.83697676496699147,0.79521924081891981,0.78103315505334203,0.88327689476545612,0.96345158279811438,0.83468123358375668,0.83140844784233936,0.71562863224558571,0.7754345796061014,0.81687695762307433,0.92654335792378995,0.80476414467060897,0.84461062347782034,0.79376893808767524,0.83212052298879358,0.87818917085666559,0.81055103785782578,0.84522379823013027,0.72124995401874026,0.76869154773397619,0.82889368361072702,0.84980530048441405,0.83989018700577334,0.82544350080251017
0.8061149578982314,0.83566875393993512,0.6966096570609277,0.81638753305709877,0.90562212614237381,0.86419012285453789,0.83533768365229766,0.89966347307696681,0.95085739764312427,0.82622482773466388,0.84301420172846808,1.0008229507950639,0.8119249696109726,0.80344098234128514,0.79249639646919579,0.87620362625693748,0.85244380111402407,0.75873450237214513,0.90840777248664051,0.76585050670350607,0.80023779658784611,0.86746924036230189,0.84492818807595516,0.88579503410205529,0.78823402797765474
0.83423267337107576,0.79760462718383796,0.87113493915680229,0.82839274918389516,0.95287499050983537,0.85065401368134153,0.73144748934232551,0.86489494534504741,0.80630418500305756,0.74560257168042299,0.77062975480616758,0.84887541033818459,0.82980214129542296,0.84940732446845679,0.81502993378884725,0.90196388069234223,0.86260399641277974,0.84113741856516633,0.91164696038423654,0.73380730017353002,0.79857868177754388,0.839158067190787,0.84601965203934304,0.87039085540297434,0.79492792531685752
0.80710868274254666,0.92250110994454826,0.79098132394356468,0.78942984990426113,0.85548587974634172,0.9008727160216935,0.7865851104196967,0.90783246499415637,0.76345649704725971,0.82872216663638443,0.72521005463021326,0.8280753683357065,0.85108273600568563,0.87613622437630267,0.82144900901952755,0.87988283926076494,0.86134493616859731,0.81754618867119266,0.87341468224674512,0.7338912030322684,0.784712409473452,0.84094517407771929,0.8023492375398642,0.83760189901964643,0.79548529059460071
0.83380620831151397,0.79373979859018617,0.80920283437386087,0.83250899127130495,0.83393756705073785,0.89595006864953242,0.85702459181226298,0.86528953736420289,0.89255509820848367,0.74812895432905002,0.77961220645556339,0.85992697894096393,0.79906533807257984,0.90076524334748898,0.80846370210776364,0.84136554419299237,0.89443899534376137,0.79650563316125333,0.86618463964370607,0.72663417451889067,0.8228326509621583,0.80004150514103345,0.94204364674273,0.86508015527475446,0.81045723417718651
0.71489531583512245,0.81723571862084765,0.81709021423729966,0.82557363772310544,0.84647718701142516,0.923510906334576,0.85262216947801484,0.79996628910712719,0.83851675879445908,0.62466228716070094,0.8345637358695458,0.89963157901354418,0.68469501241084463,0.86554558403827808,0.72236743073505172,0.8761680294244375,0.86389864217162826,0.82685757676867211,0.85389149343595472,0.79346124777573757,0.83920594991125241,0.83349157801265683,0.86213505198884455,0.89794992202161728,0.810323673714061
0.83596798180254939,0.78748792038837523,0.80715722261571243,0.85084712667022278,0.82466011048859189,0.83535265575035855,0.95347013744164266,0.81233138484382605,0.94568377422347938,0.7951783457968693,0.82562033181211769,0.83706054970661126,0.76843597173243994,0.86917489740939347,0.80596286004197815,0.81647107637286187,0.92077079234973636,0.9116163061996182,0.92836540938848355,0.73850617854213396,0.84482981356163445,0.81181624746330694,0.76301337216230347,0.98940785139270304,0.75165399774964492
0.87209432409003529,0.89939634460802032,0.83743507455176425,0.98443879213301577,0.78448668835463542,0.88588515943737822,0.88389859482667177,0.83295240314895913,0.81129371191263577,0.78356234156601612,0.74622697501746549,0.890583591280246,0.82778996790989401,0.93739824213377876,0.81440864250839662,0.8716712876296614,0.91654670483472189,0.80144459694677517,0.85851281149737624,0.77414618329815121,0.86669837235102554,0.86213330310470571,0.89872823386917555,0.82851722432533093,0.78528211821689919
0.97298487812582257,0.88264002076986259,0.73118204028968348,0.95130506836537809,0.83259939782042724,0.90803513467781305,0.89074332379423149,0.79313123601845748,0.81720219477837241,0.80359627414454449,0.88278823988897059,0.87548699274474573,0.78691456155475326,0.86072204384697104,0.77396333252699179,0.88551344416218258,0.80117531970776812,0.8609154321597815,0.86728484839951581,0.73410440266710641,0.81962136609903702,0.85733359013451138,0.94917013648650062,0.8018142852942779,0.78463711033031891
0.78234370217905835,0.8829740574779833,0.88023986343835325,0.84054420832993426,0.76597552938923275,0.91241152089576694,0.92392131442564152,0.82467816403912586,0.85470479944067201,0.81625950157048743,0.79241639670206776,0.78174632111289988,0.79478885838939373,0.84641983485872163,0.8333230111401807,0.80299645270852593,0.78985875571418829,0.81305587764563803,0.8506824519731141,0.74311494687529878,0.82825293606449812,0.88245401836334103,0.8192982510418132,0.807559323944951,0.74437875242303153
0.83311019979964041,0.82130740584842554,0.84148507098831771,0.77372631785174628,0.79704703586849457,0.87383751609574456,0.87894973001553467,0.83081870335545915,0.76126613040044011,0.83345115708943729,0.83791267553536131,0.73767627831717575,0.80721358907284313,0.79880711343574173,0.94977471251783752,0.79785264958590185,0.79276955631766688,0.83043267996364911,0.78430555612758923,0.73640187904854493,0.80638662395385308,0.90174549558099437,0.80226823125101254,0.78689335539526462,0.83249950222482916
0.81657612816319514,0.8563631205130886,0.80794890527285823,0.77061295846144962,0.81811045876538069,0.9075784883452922,0.94557257693751251,0.83247191878845417,0.78377761014309044,0.86454073779294716,0.79738496862682851,0.77111756879329751,0.71631863036796672,0.81634678937177929,0.82018621088120292,0.76710243761184904,0.7899170770016265,0.81628639751002241,0.84645984288247611,0.77280777891460495,0.80632888068909925,0.78033285230951555,0.82867831112603785,0.86051379546160289,0.84321974026540558
0.83065802366626185,0.8023754457006872,0.72616696212811926,0.85941055695839152,0.80725339842922861,0.74525240026899076,0.87401817808046334,0.82886969649817877,0.88214768112618125,0.87742244385678481,0.88043645017252814,0.79039286469436731,0.76197966929968286,0.86459986569244651,0.82410395129486214,0.79792206568491286,0.8136653971083263,0.89597243239029845,0.86984088182184716,0.69874508373680433,0.83179667501362309,0.7269211392749696,0.79108378159623882,0.84480900341030907,0.81396971337965363
0.87131948444562701,0.82612120362187202,0.79105104012726224,0.80364705256788449,0.80276346855896363,0.68732193242187767,0.85619732243992308,0.87533006949039727,0.90357319598136954,0.84736701654166724,0.84069252049954635,0.83550352568346242,0.76351761656078732,0.84263606479656949,0.76306658994891907,0.82269534228518593,0.79508315762492376,0.79371403566486232,0.83954175186737334,0.7632018765278199,0.83203945849901928,0.7329633384063694,0.94155350977432384,0.78371841851702262,0.78385100588537104
0.80278685074953937,0.82710491154523713,0.8835258215893016,0.82796751388676137,0.76277872183574302,0.77056101531701082,0.83589509061686806,0.82507015445309995,0.94250231868485745,0.86412133190406681,0.77044863501235461,0.82247776632797731,0.73801397816508085,0.82969158608755877,0.82970037270776065,0.75217118289366836,0.84676969561170046,0.86348301932055471,0.80177847728792973,0.77969204666180003,0.77119789085261325,0.68567773794204989,0.91969688772256719,0.78113379295490548,0.79227001161164923
0.7976076396560583,0.85134017512546045,0.80275929499969756,0.83171271853238204,0.85522168044911351,0.73022670355668817,0.88190540254048411,0.9038401592917269,0.82627490744550669,0.81358274966811328,0.8896067363506821,0.75829408941808385,0.74837895972267099,0.88370881003044666,0.89043579275944862,0.82242252134249871,0.81670152369828874,0.78322388287468792,0.82213612104381439,0.77472444183373168,0.71741928772194064,0.72989925369238962,0.92267113448909832,0.81248057021929576,0.7844099180418852
0.78476330759058754,0.85348550547842705,0.86864765087040618,0.75568431727185525,0.80440126162642522,0.69709906928839294,0.8143760472696937,0.87317483425505171,0.78662764180772771,0.81522871869382629,0.87537723072347229,0.71102852806805372,0.77811782386711148,0.75724167468174197,0.90751244232895678,0.79105970947887738,0.72939376011433521,0.8218007213512879,0.83064776632764281,0.80577346641465308,0.82419347046025704,0.73132123448779318,0.8302803335096115,0.8393579175234388,0.80326199943967125
0.87930626214643981,0.8004780809398987,0.8130084960049091,0.71511908717060446,0.85118588133859752,0.69884560069110491,0.78662020781115793,0.85894222814588006,0.86281924380205222,0.84951050528556371,0.97881289276958561,0.84964973344769323,0.74062264218510065,0.80732392058660762,0.86798619790367992,0.90269143854486034,0.77321542385709419,0.78637892307785962,0.86724104155009007,0.77843145160956084,0.85353355272391507,0.72500597291474733,0.82109050386597915,0.8271688480987377,0.84157898383173657
0.79713905457457357,0.85790275774916958,0.81045777914202932,0.78333626820526381,0.84757295274109146,0.79391360770586294,0.86432031801213538,0.51899962512541409,0.7656151533280946,0.82800568377285166,0.8211391714523284,0.75740731368443004,0.7807386760168743,0.89058948414396277,0.87519790983869905,0.83121355933918806,0.81857626428221808,0.78590128141231097,0.86435828511945645,0.79069655693675078,0.88379017562210682,0.56197764557746765,0.81268443833328052,0.78289737541123605,0.76104272279762863
0.92469648271492322,0.84093165935320402,0.84543711745468886,0.74684303077402014,0.81198365392972627,0.77779646397396229,0.84872538155456656,0.73712511908132772,0.9359674530073091,0.86264779879905529,0.85522965612090118,0.77699170611948754,0.75409603790339863,0.76887689615683885,0.71773933705308035,0.83923482639350144,0.79281489744079103,0.83333112268681575,0.83020414704577172,0.77978031317685292,0.9374605881640633,0.72457682247406874,0.80796684675576014,0.81509678023175569,0.70348450140796159
0.83784062667423875,0.86042950731995282,0.85095658861575818,0.74468211071903534,0.82109857151662913,0.75257614632446246,0.84006511187283572,0.81440848842475844,0.7966399024837808,0.86570515050170493,0.78173483670718125,0.81026249563357922,0.80988616599159824,0.86703376642707852,0.77176327340922113,0.84330201351425227,0.72790516874629729,0.85026250670640879,0.85840832139230638,0.7095480467708345,0.87586478042801841,0.67685373194928822,0.77946498524198382,0.81357452161770516,0.78277987272849736
0.85278313971951003,0.90584038710852977,0.78031915188767798,0.7608548713172163,0.87777529688342493,0.72014153316845197,0.80474755181156665,0.92770436034073001,0.93302781164127946,0.81532194515313094,0.87930514324346765,0.76401973663758815,0.79478397351306873,0.83474159645232249,0.78524609927512701,0.95142464531118209,0.86643467174715638,0.85714904474366382,0.79640086356950213,0.7286567088181467,0.8833875981716367,0.84833189705279388,0.78277439598582155,0.85000336147549449,0.75074316512281114
0.88085310991152066,0.90577756180792512,0.76756289392534849,0.75105493163608872,0.79663410187855344,0.77977571836214199,0.7526732068319858,0.87460057046251627,0.87326069128618611,0.86236023813800144,0.83934170953569753,0.80460176386618776,0.79407013674627003,0.79030892356175708,0.74471236057868662,0.81632984421048138,0.83536188717762838,0.81333833849400328,0.77525714487564079,0.80533487891635758,0.85815923448440046,0.8759611846303621,0.78185272430359642,0.77147940079191712,0.73042429423700506
0.85657261599158496,0.80227377904969299,0.77500886271890457,0.74275540126923978,0.87313190536540675,0.77421560011477764,0.65089001276804137,0.76513501577008358,0.87092710453532229,0.80186155843607176,0.8611501917748412,0.73983491324657236,0.79173252713608189,0.82574049183407816,0.79444637450825295,0.84653623630385733,0.60865481163331958,0.83099989595177293,0.74035268370993856,0.75374869004823342,0.91734073064549693,0.70446478050118366,0.81290619239412765,0.85163292909170896,0.69392136304478791
0.77867082108596575,0.83197346745590817,0.73627325880092254,0.80293065734973046,0.90742623478826678,0.74608235436899251,0.91421684108993917,0.78790415426087623,0.8317389079341162,0.82778500012127265,0.8535598820855137,0.79645124361096531,0.71361379863411067,0.81930130705952908,0.7555259356868772,0.90000771485569808,0.70202614300246191,0.89217085491892789,0.75375231600516091,0.77566238917746388,0.86574142436856483,0.785646957096791,0.84200087037994231,0.74296868158670604,0.78747692191801777
0.77327878994637567,0.67944052550606948,0.69515124159587915,0.77809434085502083,0.84326644602237588,0.81749890456563412,0.87996795995901977,0.77494143771786439,0.90115171793181648,0.86579579458276368,0.83641552008765208,0.80203283541789316,0.65900093560817219,0.80074797123696217,0.75813314316365465,0.85334638922854678,0.89885902535566264,0.79240551114867708,0.764557147911469,0.73140402700851415,0.87730098951553859,0.75125846474098035,0.96361825334367157,0.76721279007119558,0.74812719803894334
0.69274970059866658,0.70673785465774219,0.85433968463504428,0.76902343040823373,0.86435578169617366,0.78270707601690925,0.84045411566489203,0.76207675656866336,0.71418235693658938,0.81716006344543313,0.85619529977605913,0.77361225682680546,0.75659843280438055,0.81044287054115927,0.75086171151990588,0.85177803128370944,0.82219531241924571,0.85833227580191584,0.77568868610730779,0.73147337885858343,0.85439654998460446,0.73463824751310458,0.79134782820007044,0.80777194220555903,0.70221935625567822
0.7797303651102504,0.76477922328708736,0.75649852002463458,0.77239546465023112,0.93480844498949289,0.75096430760861821,0.82294915952118053,0.82311390175969157,0.75636738728251363,0.80143697669711467,0.94193090673977153,0.78950540664423641,0.76182776096725835,0.68106082672949853,0.78980944605117531,0.84211076660040995,0.87328881602985575,0.8982651638832827,0.79917960692585899,0.77837233709142195,0.89927397049365787,0.75853737225017981,0.84111446721038063,0.80877605735455393,0.63843303580733135
0.72986327359679981,0.65005364895798734,0.86232418249657983,0.75583909472495658,0.90024299421784926,0.74923897188297239,0.88137129983293649,0.777769676430624,0.70763487587801877,0.74646303194742358,0.90233592898218173,0.78812975257216578,0.70986241887179247,0.7745787608475122,0.76834725531638537,0.877315833482329,0.71070500481280219,0.83236457566898825,0.771375461799094,0.80906443270774409,0.91793192201740614,0.75314145829578749,0.77014330405910747,0.82657250582591801,0.79245929972582296
0.71132281884788306,0.77357790306381946,0.87875350486378889,0.75766553138517234,0.82890809460861425,0.82400311031344708,0.86862309259615711,0.76821264719596527,0.71984327542278348,0.803009353841176,0.82597381717010132,0.72161458858602989,0.73423361985546998,0.94973420556012311,0.78077155372265727,0.72272871782367964,0.74047954552298689,0.94749522436458677,0.81054301689596531,0.66754188572013051,0.8790212253374422,0.71791189596393956,0.7590098323697777,0.82095188340791114,0.89730650252328326
0.70198454909497709,0.94128810326886836,0.88871086751527639,0.76747298607849668,0.8612417605295386,0.77757236333612001,0.81004423821276339,0.74196520508167696,0.73863452704066646,0.86866928182161218,0.84952185100681576,0.71736570797654275,0.68317769434842068,0.86590883862854529,0.78889336589599757,0.69056067969729806,0.74204072576812385,0.88479724163231732,0.72311456788332051,0.91166959708667406,0.79765859927980087,0.71851394323153872,0.88415422009373001,0.84020623321538102,0.70857385332538969
0.76012521806510747,0.65791287170015522,0.80798820675648564,0.76648089462336855,0.92204247551386809,0.74665320718950901,0.73351182046962204,0.74076414538218771,0.70443299994880315,0.71799028245018914,0.84741332914610179,0.76991110789700912,0.70060160529125015,0.81488579145754425,0.82689625119722754,0.89208588515325837,0.74728390319982407,0.78611483280603789,0.75262401341687835,0.78088224036321352,0.75314658944527491,0.74013045910722042,0.73713818161699063,0.72830514409697489,0.71278330623642228
0.81080163544321793,0.86202000232473286,0.72879900353096605,0.7467847981331065,0.88353200333880677,0.70170970064832361,0.79994014358211196,0.75273107178636278,0.75582492180847438,0.85804650940304794,0.82901910327015271,0.73977794778449013,0.74319135366272415,0.92327636609144192,0.8256417561535685,0.85159847253892096,0.79617471418359242,0.89088513812274273,0.84726012781329252,0.74748701107689608,0.73427930777191142,0.73396101170119676,0.78758956598091612,0.72429431000175493,0.79749650071722833
0.78660658989984711,0.82254088806628378,0.80019931914923426,0.76455455276453754,1.0253491513761248,0.74793066524495133,0.71741187423279618,0.68889872403705699,0.73545196082622144,0.87088751019157506,0.85262788110561016,0.7355597049910586,0.71295673253100422,0.84694660835529267,0.80239886232119662,0.82909975792493362,0.84177873126330272,0.87087214257805134,0.78769880573643103,0.89141085741035309,0.99729332594204345,0.69976464858873821,0.80237489273585549,0.7388394806394557,0.84644000788937179
0.72719554500998385,0.65405779286368304,0.75281650288435764,0.77757206652990551,0.90707290744344593,0.74843159224273093,0.75718947570012696,0.75973997831376794,0.75015926423874346,0.85397308415554729,0.8589916222532652,0.79641291443073992,0.68827055251532432,0.90019168219921664,0.78243052742273145,0.85470889946663919,0.88673679838179553,0.92002499315482411,0.84520169982799609,0.84601226547070063,0.82359591241711361,0.83129540719108008,0.82954973509544427,0.78702690720200918,0.85445924919778315
0.83987200559021258,0.70714178460087995,0.7851322289202074,0.77092524298433573,0.81689757944690011,0.80904075103846018,0.74191076180361104,0.70599551049315812,0.8190738420936815,0.87748501338536478,0.88846075893713561,0.73845968909032944,0.71551254127280206,0.92836851709363255,0.7529105854372321,0.88318787562674672,0.86204104260004977,0.85633043390079111,0.73721081978862923,0.93168860061482861,0.96717628440944403,0.73964939770925198,0.78048958039211203,0.80283122753050506,0.84362583442727979
0.88790698360670217,0.80459222516912388,0.94171892342428998,0.74364308854594297,0.8350458182886098,0.72540056607535208,0.87344326034380515,0.70456175264834031,0.7558531751101788,0.88739441603182401,0.83996380613663302,0.95192539808177679,0.67283480907229165,0.84227856324305028,0.78186092957778641,0.88330395319101951,0.8417876194379067,0.87949791567546709,0.77784900260311252,0.75413153374389619,0.92260797079509549,0.77101425769039589,0.79016034134493374,0.67161580583484004,0.8414411474741843
0.8594514863683369,0.75446984531660599,0.90289054140162728,0.75608685735984382,0.84711440085764111,0.8687803771794349,0.77235975505638699,0.73381085051993955,0.8077833956817323,0.9163364157075482,0.88414151461690804,0.92592183265079808,0.75096066822276208,0.87494501872571728,0.80059330058402289,0.8942333126345412,0.8664189163617364,0.88196462073082305,0.77886546417428193,0.84534314373465502,0.95210438819186582,0.7294075535319563,0.78203799527505713,0.86807868922142828,0.85500447983701033
