0.80829824572798514,0.77706510518787975,0.83498917012927121,0.81193888469889008,0.72892880663264614,0.80929773141470307,0.78671517244861144,0.68655262984157062,0.79657118710484198,0.70318632137949022,0.88336860206273693,0.69550159250226418,0.72770413388336286,0.90280523886005337,0.81322845260866894,0.70938314092175447,0.46494574358237128,0.7256454763725172,0.86591718878632984,0.91345851439320658,0.59084352021451936,0.70888504167902644,0.90439075322630269,0.65039874713823187,0.8643575103227974
0.89624184340237101,0.74521414718904089,0.84890338767467188,0.78450191420402005,0.6590435892939861,0.87704500028000043,0.79747283444148787,0.83892910594070103,0.78154980927265216,0.67455799769332869,0.95860719641927861,0.92350807130558221,0.70419751887378701,0.85851030339640377,0.86785047056566922,0.72324986512473588,0.55752731351290619,0.62218757860630369,0.71502968098220332,0.91808257582388764,0.8441392249491142,0.77515751513280096,0.79310555146844519,0.84170689110650521,0.85543835619545527
0.77244563241858066,0.72540432757255957,0.92836268552680312,0.83826967054991008,0.64561924065005927,0.9051793935864515,0.82285748149381688,0.87694232979187214,0.75752584915284971,0.69442381804589626,0.93400945226285115,0.83036600004555949,0.63457246315556026,0.87962107998432582,0.84127634701116527,0.87042044511042771,0.67747483803027164,0.61400049852010308,0.82735762632307797,0.91791667756869988,0.80771995319557088,0.60143647909111364,0.84264637070884141,0.81454550212070476,0.8625784683565777
0.79710158968476874,0.77888116467028645,0.97072381297707022,0.79479114219522895,0.61643995545984531,0.75742694808000999,0.77424940921467911,0.84459765598953218,0.6483206802501299,0.71184733794820865,0.92590629054636242,0.82471578815313795,0.70960036181055131,0.77602164869084511,0.95821481989585378,0.86793595994328032,0.67907737663025047,0.60789840936214956,0.87903512158318586,0.82954688249254405,0.82505364044244067,0.76524003625594528,0.82995885510236944,0.79377961389274621,0.82035923903714059
0.78310815143003631,0.90460738005708274,0.91466497592204477,0.84247215572486578,0.62711624581672287,0.79081541988271375,0.81402341372420328,0.82428851247750456,0.73984489084452087,0.65494429424098433,0.89758469516575889,0.72388717962735294,0.66046676349336686,0.80033723930863554,0.74191858643833952,0.8390869971707049,0.76800679609522771,0.54456616791135437,0.8731486812545961,0.80196686385126026,0.75354473360363794,0.72671404574377374,0.83494164303253926,0.80729055346296552,0.86155300768562393
0.64806673922513425,0.86536272003721515,0.90252137230062857,0.82680334606233519,0.60284616401437419,0.75754515471218009,0.79339763236571803,0.84576297918572974,0.67166525639826091,0.75588697188308196,0.74323184154750377,0.83778404438875709,0.71911489283221652,0.78939716902907076,0.77837938461215117,0.70229702715756692,0.65077896038806538,0.76669847229664401,0.88723356176117185,0.80900215730901592,0.83617817381697523,0.81410302757989927,0.83009590596609906,0.81052740133077128,0.80747743043583897
0.64494146684490905,0.80714173080351892,0.81716087049887576,0.56640482645114654,0.76155164667110409,0.83070002387178654,0.9047729443705701,0.79732180432821942,0.71439307459338641,0.63756809619691979,0.786364008594169,0.83605250110454665,0.77881331852184543,0.80591650149395955,0.80861428867956853,0.65979628365495857,0.61363801368447313,0.71993931088728291,0.74831815175383098,0.70277162768333623,0.71934278885466629,0.86647892340445709,0.73670679210206791,0.80407516505254839,0.73887355465892979
0.67685221883232927,0.76281462797774591,0.95429683070482119,0.62028711921382218,0.78682330056803573,0.77970651938420388,0.75064558044370433,0.78320456458849519,0.75928430095262611,0.72030037741519826,0.81334669285388805,0.82565178631294889,0.74529957152850757,0.78142004466284298,0.74904664682378319,0.63687591148490197,0.79955265181914692,0.79287400193648339,0.77183284210808401,0.76706467641883724,0.76586821656914239,0.78584447398412893,0.72034795780208338,0.79040906415521295,0.6799824338007957
0.66788015850859883,0.80943573308472205,0.81169541674374535,0.66583861563931723,0.79737979614841925,0.8260677394928202,0.70042336841635389,0.79428900799792523,0.83096644816182541,0.76369259476412588,0.78556609137348321,0.8644739701574059,0.68535199609978648,0.67694746623807789,0.84485640199819878,0.75210749390768927,0.77695870624307473,0.77910128977335347,0.69504436065475994,0.64128727646853545,0.79909449941978616,0.71372454345294045,0.71020085813011113,0.73375527974458388,0.56934142479041128
0.75260450976274118,0.79228137774850382,0.74076945328842858,0.68035937966771187,0.76490628460046939,0.79648054099551058,0.87853285128488134,0.78842735060525793,0.68835443624436365,0.6908954254079569,0.66549355604850924,0.84024657578814754,0.68868691568058582,0.66688998911894981,0.87049146091898921,0.81853450622773338,0.81823192066224715,0.75700657991726328,0.72638707256072177,0.70202150015610176,0.84046814832262173,0.73814861699242296,0.70074847720395761,0.67396815510495534,0.5539122262470737
0.61397909260889982,0.74291028713012142,0.75575467553223363,0.82850671019556943,0.63913830837783114,0.77173781735898372,0.84745271113140841,0.74867226083748184,0.72522863942514526,0.67617357961861468,0.64729503578320691,0.94698003042925516,0.74920817294052788,0.65265918128552669,0.92680002349823321,0.62865158180707792,0.78331644186694571,0.69203590586873431,0.79091095391325827,0.72922125946806859,0.83909217258544599,0.68951189851830785,0.71370396963526828,0.6493655096582569,0.58662707132489078
0.61799435274778425,0.68924457255365867,0.74797062738087372,0.75345874376827193,0.71615500792782916,0.88294368209747243,0.76509087174671442,0.80525629040471325,0.80537776664601202,0.63011730568531399,0.70015710898658989,0.81017662523551348,0.73910341314048256,0.73140386689345405,0.87911058533563091,0.82123543394203447,0.73406485146716549,0.65281518290996221,0.77650197297262213,0.75145030199625651,0.80016074652869484,0.71806026645039389,0.65764677042103903,0.80728962305676677,0.57511715061885282
0.64824384309883132,0.85193333741878552,0.79178888864771635,0.73277276303548089,0.71397681310953076,0.80270124660982656,0.74423337669042167,0.77347377310216114,0.70620693986045135,0.67802957163516642,0.87813253643747469,0.7923544820715579,0.73331034742348888,0.67990958971973281,0.83392451321176797,0.91035932704041311,0.75568440861488106,0.72446887460812492,0.8036745734571813,0.65092386501736854,0.69449314128106443,0.77389084296779476,0.63102766279049849,0.81594439936640395,0.5456400582317571
0.81686558000072951,0.80804448493273184,0.78953707065712919,0.67345418998531736,0.66136674360559944,0.81396382217097363,0.67968588569942512,0.71968085594603404,0.69406402335407757,0.67022247100164745,0.86035670633297812,0.93586054326839141,0.6476335866045998,0.75295841886753112,0.65426389221899817,0.86960804281856618,0.71934913763550312,0.72049899879723667,0.83425021548115397,0.69727755696302696,0.72217904880730754,0.73584975094232097,0.65407300021200543,0.74994078952676402,0.56597337242669166
0.68914749220574301,0.82421793330104964,0.76119440314410203,0.71410570124761052,0.74184139499018409,0.63421580377377718,0.78836604190223325,0.65912189028634738,0.61251481265690588,0.65124658283828152,0.73808969969709481,0.87170392621258941,0.7104491213991514,0.66249362198919648,0.77120042392944732,0.87437381420595339,0.75352609510553659,0.69947322608356721,0.8707948283933229,0.64495903316067804,0.59049995800710364,0.69586860349876412,0.71419909129957904,0.80516149204736798,0.55581751511028621
0.6731046157861944,0.69509815482091075,0.77705185848313096,0.68505734403194063,0.72090224894014399,0.74884422313415444,0.75453561978216921,0.68641081528983872,0.62977266884016192,0.65739689098806486,0.80378518812817235,0.86502363400264282,0.72741190221860019,0.73407823774080139,0.75544356750064967,0.78437856012481988,0.77330337551384221,0.6485133163435155,0.76967688164532833,0.74397254018958181,0.6432045904011382,0.66647548252985289,0.75704281335589796,0.69708981619575761,0.54123587335170287
0.67492348130613633,0.80568312754743376,0.70860693600446867,0.75369929281161141,0.70559935175304378,0.74498319842561989,0.72537521343060984,0.63282086056549081,0.49834898599978994,0.70187614324480785,0.75924147825977539,0.83090231070234311,0.64932226073650123,0.71294994745313456,0.75032678111648965,0.83042617500577454,0.61237805489086261,0.6680435442561351,0.76668934283041146,0.71637124214607961,0.66421452760712862,0.70425720905982792,0.71469721275400633,0.70352601512861368,0.54289674040621427
0.66291856712707731,0.77701654093525974,0.69305094201010597,0.74360295142907162,0.75347054525768453,0.78325688356317913,0.72973502169952065,0.67505684956631939,0.59426030751973968,0.72288467683590829,0.63049698109910257,0.79623340264210463,0.72028203644265953,0.71633838652666515,0.78655327562227817,0.83629511399275014,0.73407079954710452,0.70281140621345983,0.75208546567751311,0.74016892603738027,0.66187867557504187,0.65512876256947394,0.66651260606318685,0.63786844762639971,0.69301702347481342
0.57255352667102688,0.7506506111700616,0.63209030973522284,0.71463591605230847,0.69397131096975462,0.77934722856648087,0.61495022352232509,0.65934386826345714,0.54408386481151771,0.72318094371872932,0.85810719507182098,0.83120160308733171,0.69782804722613589,0.69673635925519284,0.72647196281898352,0.83446254317252266,0.55472067108599721,0.7271692103636942,0.77386747469755146,0.72627132732813604,0.7404304987208552,0.80230635866138711,0.78601155864182992,0.72368222406445482,0.61187151678693297
0.65126822127396078,0.84625611748540197,0.77436627704529659,0.71917299628157616,0.75350874744077501,0.72518218089944553,0.65407031234023805,0.53325187961089526,0.5586634361024686,0.66896059434478217,0.76082805459262837,0.85203935055111213,0.68278457975650741,0.68898710559325338,0.76233055588793097,0.83694926968922756,0.68360014947825931,0.69452883656234909,0.62706717948215696,0.74775882276773553,0.74464033233311278,0.81042149576756484,0.78755705254207131,0.72312413113321994,0.74930695612397491
0.54842574180986059,0.74619944314995734,0.75700125491486459,0.70286160908614526,0.72435389890810042,0.70248160395756276,0.6919747212690498,0.50875695397259857,0.60782347570414341,0.7351262006995618,0.76858773137883785,0.92179193516754321,0.6911339164427206,0.82504104637688946,0.66869868087852691,0.81676283586571363,0.73847216163238427,0.70587412275292416,0.63584221174236999,0.7387545961931391,0.7253591170168584,0.80757680298134515,0.86710317850731977,0.75889940672114475,0.63667539214272006
0.49257740188452737,0.64237984044347207,0.74234041494385805,0.68167418271313396,0.66942816313837461,0.74226476272218811,0.68698373524791612,0.57327967867735186,0.66962798067039497,0.7830802913504763,0.75315284295947438,0.87766198104730109,0.83614033654234854,0.7865414510116655,0.84359452835884119,0.79920686561794008,0.68191936620702076,0.70909410522372551,0.64881993344334155,0.71357705638049329,0.58444088893158308,0.88092835801157565,0.76352906081642102,0.80854969801722298,0.60126966510609647
0.81006057836464151,0.71347585830812177,0.81970858294616578,0.66139551402945107,0.71059189935429345,0.73205828449761223,0.65189760488256721,0.54384724960779796,0.65978961120096968,0.71384498428904597,0.82726327176474923,0.8520403302261238,0.79252522965407979,0.73756252705614234,0.6829620103019266,0.81537933087096404,0.69538055571794011,0.68933940028500218,0.61290888683089217,0.74178728534993355,0.62521152331733276,0.92581379231882377,0.77528306666826086,0.67621817925853744,0.54529777644893973
0.81738692780967859,0.7677658857457289,0.78823891561402804,0.67532493315864806,0.70515230312218624,0.63827958906605398,0.66774667825490663,0.53796892420452491,0.84314808972778921,0.72650821211711492,0.76493595040094453,0.80593511220451564,0.89100497134731693,0.70486460117031957,0.77730459643042915,0.82411227019581579,0.79128143357300229,0.64884826586646704,0.61741590786243083,0.72048566500135736,0.81393202372023632,0.80696883005846176,0.79047620441231747,0.76388535407702818,0.61354136691043482
0.79660432425404826,0.67197800002335417,0.58869306892226481,0.65760194743827005,0.68445032020490759,0.65473035022800807,0.64138128507140513,0.53841584013332788,0.83876724221660437,0.74171539816480048,0.75834408389995267,0.76139315039852939,0.85716580064948222,0.70381227336560459,0.6254003927780406,0.81656095383239569,0.78724913486042203,0.67583196062906881,0.7932177485520836,0.72636039352749548,0.78678349983044815,0.75979316469233249,0.77632359253843553,0.76864767403461054,0.72963691823735732
0.76483334142568782,0.64189533958007239,0.50346809937622883,0.63989842806255837,0.71064362102946865,0.66385702643883027,0.80518095678555501,0.51125605563112808,0.87458222662153517,0.67876177078915856,0.75286363408016133,0.84652449798893714,0.87201362833358442,0.83711119442304804,0.76630731577719513,0.79753252554585352,0.83420108985812436,0.7593084085083992,0.79378433277308635,0.73473184313471074,0.77039012457025757,0.80881687774082889,0.66846215739170911,0.84660538489494697,0.71484646010649511
0.74314509555158481,0.7328912645998662,0.59460149539190466,0.67310281406792949,0.68448993232386834,0.61065856080591008,0.80076721661855677,0.5501653970404583,0.83208187769525288,0.74082838454043787,0.75954266923378899,0.86340240272008228,0.7779285811996679,0.84485195745977004,0.85311054018280763,0.80335348931216666,0.81491980940629272,0.65533274714603906,0.7633150992563893,0.73493590222821226,0.8435833168409268,0.80108166049324936,0.78804292693547395,0.85576584367054198,0.69501121322472215
0.80809659887019869,0.76747294806166166,0.65526563394806325,0.65224219877499412,0.69037018491276092,0.67853303924692132,0.84106342065980233,0.61142186937405252,0.88063614358681874,0.74733658277690762,0.65878074497700023,0.8608045733722911,0.85264294918718753,0.74743309220263865,0.82611081555668753,0.78378767775723146,0.8819316290603666,0.78587136007186231,0.76745860945845945,0.75300796950036697,0.83372110883112061,0.83489008305602408,0.80093447141022223,0.85590264408245453,0.68471602741483362
0.74504296563985983,0.78377022529672813,0.63710600212222079,0.66435397319976652,0.72918082045204935,0.77865804216265899,0.86011993613884608,0.66221721533179778,0.82991523461975769,0.72930976093584299,0.63459736324922444,0.85476246886010887,0.82149360571248453,0.83771392722283389,0.85035169998447679,0.81685996537882088,0.82081718052632291,0.90475573468823367,0.78320560458149757,0.71913371471753329,0.8136724480467491,0.89949476919190385,0.84847148346674706,0.76044412155255292,0.78443413700126097
0.70285218178171072,0.83436873933811206,0.75758285168067419,0.68517016859486701,0.72899758827231143,0.80161567441170312,0.81495962017835211,0.79686849952679739,0.82279264031899046,0.71427014953478085,0.80028859401461439,0.8587049730402061,0.91314252320358658,0.85391462568156229,0.82743016013208071,0.82046172505294723,0.84710913605184324,0.81198807500229286,0.78206709848642841,0.68562373476072513,0.841571759263542,0.82565451686159896,0.76628000542967611,0.78116201512108985,0.79507990429469766
0.78102814975737678,0.83347291480939056,0.78558541699730533,0.69569115244584812,0.67129225645683788,0.77327404801487976,0.81649555464482493,0.76959900639756773,0.81999747846599491,0.82865689125059183,0.84060149208810631,0.8273698422620156,0.85724264497433988,0.7871432536031594,0.81977321014429205,0.80238437723847267,0.84327484218243076,0.94414252236809149,0.82711530240261155,0.79934345714251287,0.844949823651725,0.82790422941943342,0.89270803807403865,0.77761198027103928,0.80078368603110728
0.74952061008779813,0.803616839820816,0.83068299558556091,0.6665405774473695,0.67350280109467076,0.78352379305240061,0.91989413012252874,0.79392993338565909,0.83486606044193179,0.84356505150060246,0.84134619010688094,0.84625975658460395,0.93183004826863758,0.81104664328430143,0.86064805103204156,0.80129783717285652,0.85497268997014897,0.77744723344884825,0.86139936306505027,0.8544069209755828,0.78950803468731057,0.88896823105920642,0.5816500070376851,0.62206761194037996,0.77988631417736731
0.86651285351098151,0.82771977584348311,0.73639960316423358,0.72431809202018371,0.77889571636394761,0.83880986131063484,0.93201451823486847,0.77669143745506131,0.86640347499628978,0.86118380758176127,0.82185272420365985,0.83540465318660917,0.93420695924552033,0.78573101019439628,0.66605040538309024,0.75662523546213267,0.844562150481032,0.93248935427665647,0.77665194640040791,0.79540205101333705,0.78658746106911981,0.82094385533537784,0.83149576551048843,0.87819894507837892,0.78062237869566153
0.76649191475016076,0.80991690046234599,0.8326663446999516,0.69473474187348583,0.81801309366880626,0.82884526579331264,0.91291723571697003,0.84168073805183496,0.87110423151746197,0.82186221776822155,0.86569010708777783,0.86957537652031813,0.88506333765806666,0.81910383796491504,0.78446708396927745,0.80648529617173415,0.79670908501624005,0.89067206687035738,0.79877874395019122,0.77084734244668751,0.7908860019301448,0.82116584414171845,0.81577346758389169,0.88771093975628157,0.7950745066251057
0.81966122934853436,0.80719297830272208,0.83891248940205121,0.75027466127650244,0.80280881376898272,0.83189684175628631,0.8757354607575375,0.82836751262979402,0.8778976688180401,0.88436347082764377,0.82203393726550322,0.8154279456769975,0.78897866629317681,0.76040911575195869,0.83999408773091122,0.82539962696858826,0.80283995900786109,0.83588643689969444,0.81209173480185581,0.84312691016564145,0.79334925594084083,0.86370279172403164,0.84440294546922989,0.88865532508302059,0.78844799055815762
0.8534445829484878,0.72892602626991565,0.79257331045840829,0.77284163140686613,0.97728607036997583,0.80963821820250648,0.9072961135659916,0.7876281957656549,0.86580620026306354,0.8706147336350567,0.81175101439311492,0.85328525047847381,0.71903805375477237,0.82838242149029218,0.89045075360227322,0.75077461022275438,0.82397113240338371,0.83626570384224996,0.8041062083560605,0.75889304775533439,0.74401012485377305,0.80869255529047879,0.7390919008822836,0.94035291136292498,0.70462037772527786
0.87888503143474983,0.76147067676290214,0.79296819037675059,0.78960538429103921,0.95875019220695112,0.85079128560411521,0.871567538067759,0.82170800868055682,0.88544610701371596,0.81354078326609414,0.72943726744852821,0.89473932642537202,0.77865339977573989,0.76666836813494255,0.82917069361333484,0.79839023230239548,0.85199046042308757,0.81060722718195544,0.80447237537969041,0.83900719433988991,0.69474927772865169,0.82068886687456766,0.78938542273407397,0.91586900400985782,0.8192671085851353
0.87428984938986154,0.64245108920413085,0.77897622966759761,0.83000884504234507,0.87851281349085741,0.85025207294819227,0.82669327859596553,0.67371810602234761,0.82219479658144412,0.80951421871415419,0.76776779327298439,0.89194080995558767,0.78503354975426787,0.74906204568388424,0.86106764725729945,0.71798765353581873,0.79741813493979896,0.78582729344878477,0.85077758703196038,0.85979083796770295,0.85979125468589901,0.83534428179627063,0.79225373858061854,0.95815607949867954,0.71673880428496151
0.88472191236228426,0.8013894270610854,0.72279805108026218,0.89930721740547503,0.94320244559680255,0.86273737750396517,0.93600059147199111,0.64975949456401272,0.84382677432231845,0.79257784710930279,0.80013148775433995,0.81858046702822285,0.7987261042201369,0.72271293719260954,0.79015327853304462,0.69226991084989287,0.79222425406395725,0.76037256761838867,0.86411240174693238,0.78981473136006586,0.88351316824821791,0.81638566640986976,0.73476516171930417,0.96295264120431678,0.72717720360498539
0.86603975206362982,0.78369335361539361,0.79909909415019853,0.83504305955208369,0.89078158702376375,0.77231052749389106,0.91362153441237848,0.75198981286212319,0.81219738058051294,0.86225825147419111,0.71944703650880448,0.75295689308789171,0.75323733810434168,0.67408703842397955,0.74040570988142151,0.68878827357930605,0.76409083298754343,0.72655363033442022,0.87173635702255148,0.80507890503654156,0.91353172367350022,0.84836224201354582,0.78655552063768996,0.92552426297099899,0.71857289996800267
0.79381218212688875,0.76547567776981107,0.81762816877641753,0.84837742422775542,0.89517000675629621,0.83802286840440909,0.89795386483125128,0.74749068501087212,0.84445732192220635,0.77725301286285287,0.79406353365223348,0.83035413868617991,0.70959242825986546,0.60224038032535965,0.84131962609738442,0.66109993656720145,0.8340754641320447,0.79496884583630911,0.81157200042219602,0.78681363029421469,0.82124023521934353,0.80119108061423761,0.795027385976948,1.0044976084084083,0.75966576317301027
0.86696558311692951,0.85593727998835778,0.855628427263466,0.7224779123342947,0.8472882701017429,0.83600925189284625,0.88641318534203639,0.79586436971905772,0.80481751108687627,0.75964430358939417,0.83666434475860874,0.84298387602729252,0.87614020408233906,0.66797662924891599,0.80649296289468164,0.75196297851657523,0.78200933937504646,0.69457883008371757,0.77459197084282794,0.80857325207437847,0.79005128690715776,0.90149766992616776,0.85072434966756294,0.90777285426373011,0.73310688059300844
0.87189591841046221,0.84101867946659303,0.85145378181565268,0.72433249278169487,0.83620104857255639,0.8601261743080254,0.92039035719417595,0.84131946809003932,0.7261812810459124,0.81604792115866465,0.83477900971195063,0.80225518538860185,0.78760646184807581,0.79222656347759202,0.84504508892892816,0.80272141799282315,0.84453447907425172,0.74984010966842307,0.75418212965021014,0.80866473874885292,0.8195334228849025,0.83239289328934973,0.80367783227397749,0.84396422848640174,0.72247212403941963
0.9297532292309505,0.87621187862966854,0.83084944161346741,0.74134510440246026,0.89926795069729681,0.80264682729694137,0.89414134823028202,0.80873953871829662,0.79699275312737217,0.81200197540558305,0.89373457953548119,0.79508825860403753,0.83165685723909377,0.79737569350271997,0.8957524337134718,0.85397690972528351,0.79952772357084989,0.7426269537652942,0.7836786114731038,0.82388302825204229,0.80253356505035589,0.77729110479953589,0.79624070939249147,0.79517998581259142,0.7207784345208772
0.84001353792471767,0.83960840756120858,0.77928826471810675,0.72720221656783657,0.81394500142398185,0.7859245415174112,0.85306221398486937,0.67948281923827747,0.80008399856384282,0.83216150520964127,0.94374618091733486,0.82061395569757078,0.81057867303172004,0.7771230526974382,0.87589786114543478,0.79818146256131228,0.95062940261969398,0.80272744441503752,0.74650164022660892,0.80043536883559274,0.83276094059019112,0.79102802622091917,0.81283476929315757,0.78924716015368668,0.86400968981942117
0.80291165008989296,0.86347952218123603,0.77362952283453446,0.71345769188463282,0.92324163682192129,0.80370782003329888,0.87249937505058262,0.67335474320262034,0.82371797767190469,0.7845112454460248,0.86804197062672794,0.77992160973153624,0.79420249896332096,0.84994933881921819,0.87670135093807755,0.74641721723361498,0.7121386361193156,0.83859539849557596,0.80383417402871582,0.71402421199589783,0.66749777454683512,0.8608927827006071,0.77829843409752375,0.82946401354685295,0.90189251786270219
0.90353638577079143,0.81223543245576824,0.79295367348940915,0.84345912739885476,0.89905326897491356,0.84793284791867374,0.90010842545626391,0.68279230166752647,0.83541179378880481,0.76768601827827176,0.86059519897881764,0.78856201845563245,0.82344876696656,0.86848908638138633,0.80961697237500496,0.80412011367579006,0.88267800236397786,0.86469029281465237,0.74740907122241496,0.72732605078181944,0.83801914359977092,0.80563171210707729,0.76893347548491764,0.75796460845825375,0.85708839569279349
0.84969379156478853,0.76165150654668046,0.78704635064231598,0.8095206811190927,0.91857260903739468,0.80911218146489639,0.85822321873104945,0.60030433591261334,0.83803900636348327,0.73386224700264735,0.83144522050824476,0.78978975079936131,0.7087116295378677,0.89776215247441638,0.87150159671830729,0.8003122176992864,0.88116009725363931,0.84559918750145446,0.85075569825043296,0.87059571964151783,0.85489937112668524,0.84124671668256368,0.88624144321331244,0.76492354682464936,0.8650644152522039
0.8515436361565849,0.88754449008487402,0.7374483999189243,0.80403807661081073,0.89493328131612548,0.81784989869956215,0.82424966666220945,0.79749111354080238,0.83906756251051906,0.79485626598700276,0.85256157460561344,0.84653105993334654,0.86856337418435192,0.88821039045694061,0.87606850830028715,0.81518031446909023,0.82471776862379076,0.7779226114821961,0.79184674654973219,0.82537572890700595,0.88952950310347667,0.79293812677179165,0.82870821931377303,0.86178147590190235,0.80386957552111771
0.94812390097324473,0.78743165293873574,0.75729875775904942,0.88054592334380599,0.82480961641798889,0.86408295136211499,0.90343074056020933,0.77462044394766338,0.80551198032408755,0.76592007360409986,0.79703354874739218,0.84510624126363987,0.82319477899830507,0.84989757493735274,0.85605686516923274,0.69721937190464722,0.89254180772710545,0.88887504003698092,0.77168981593668806,0.79723396139864089,0.84733917778164258,0.80936911432041603,0.87554793754121185,0.88356610226682342,0.83975491170686678
0.84891951311334279,0.8039983670781794,0.79293345311383223,0.84588854978992312,0.85974711260915682,0.86012017209947544,0.94511356969728777,0.84330774418711862,0.76350678186127763,0.7367707911089052,0.80743882471091266,0.882895373895769,0.87734713297109279,0.83808915159223885,0.85166267519999383,0.65346391291567008,0.93606713515100293,0.7969045858842756,0.8182645406465856,0.81631735506961267,0.84847304892727149,0.811717588654288,0.83855526457028096,0.84723219055833365,0.76086653095989742
0.78702531956196675,0.81882708494842393,0.83004854513381232,0.88720180103985835,0.73676246758775066,0.88916016206266046,0.80821759902557433,0.79841852809558433,0.7961068150582471,0.7487455320691937,0.79772192000585329,0.77745164272228517,0.85239873653938347,0.7535147597699281,0.85280090159784649,0.66883255744429093,0.86622073692490098,0.83937610524167017,0.86031330986142485,0.86400014947399861,0.81690611379453115,0.68333690850526529,0.78321105976931737,0.85087519170026471,0.75231096579129142
0.85294709527484347,0.81244839415873926,0.8354312104229551,0.78645791121823827,0.70398657265831743,0.79575067221967477,0.82297035309285449,0.68110553341035762,0.82987957419085345,0.78023031306234636,0.81463556424986905,0.83140461599353543,0.82858514183378074,0.86682022419409377,0.87992995952317965,0.67865835034800515,0.88985909643701167,0.77186617964545778,0.75977689572276152,0.83828011761530363,0.84231110244022023,0.8359527506031379,0.78276217730359265,0.81784511290405359,0.70427130695012274
0.78040929876697007,0.7837639682849058,0.82534693224807254,0.81273796505256368,0.73346694174858551,0.82828146519763302,0.81407044639519144,0.83406272439427209,0.83645561910306632,0.67220531313358034,0.82370073734306759,0.81544288818270305,0.9066320541810291,0.88685497407085379,0.85942375645812141,0.73467673360938202,0.86035814937798627,0.79208235557664131,0.70241961253645113,0.7992567691301472,0.82266798630543814,0.85451970335592287,0.92247124702521821,0.83347257763198723,0.77685468563630367
0.79102750887821272,0.79647810975503963,0.80924811394137675,0.87642375303537468,0.81144100450497314,0.79796322975187017,0.84539747958555611,0.81171437460345519,0.85143218895932771,0.8315485913502545,0.80176720247746314,0.76661949551188502,0.86751384870251336,0.7594288424805351,0.89233234582580634,0.81113042983056527,0.87098974816992658,0.76411524967125688,0.82049909058531212,0.77180547416661505,0.8231710458738084,0.84575263295541048,0.85810906113476215,0.84927586198998084,0.72368541432117184
0.86531065570933396,0.71150467916853299,0.82863867951432857,0.88515669997267488,0.79431414175386905,0.92093165808778132,0.78498939754823083,0.84955173777939463,0.84649162380700527,0.80802754523209719,0.7884112046815831,0.81301246813893469,0.82867259429468587,0.79603922114611092,0.88202262165533496,0.77308555198316098,0.82647232637714241,0.76727341263450632,0.76388594832869106,0.85811207593679373,0.85230738707454723,0.82034856243980303,0.91324744832011073,0.85956447964772553,0.73597670472463628
0.82601870129971089,0.84438397857031833,0.75552603943483454,0.88382568375274884,0.82283708766778396,0.85254090465335497,0.87761886420935353,0.79176195261738047,0.83371343803271436,0.76329583865182549,0.77852117667249032,0.88033063929526223,0.86548230503550572,0.80275368004845671,0.86247921142513528,0.84170184950005256,0.72434469668923429,0.77621604368980379,0.82329380015517717,0.78995577182245058,0.82782681839033434,0.75135686299702686,0.97074965429290161,0.8685591587921816,0.79384983704227141
0.87057104888231962,0.79888384449420591,0.74479391629560499,0.84683822167971612,0.81325173010423768,0.85440896759754925,0.8351912475481299,0.79872383947602787,0.77980970836618835,0.78508906472163409,0.80309669183020771,0.82351000741907998,0.8747056177428808,0.79346643108982351,0.86802750720766386,0.77220068503527461,0.86033654557335837,0.82401863766418282,0.78343906230057714,0.77304170094941349,0.80451332169668854,0.88846160622332326,0.81127481381338507,0.85457827103614992,0.83275946844334703
0.82867756446170693,0.78483527601943615,0.85207889552725091,0.9009470260877892,0.82693206962065513,0.85239298346917247,0.76176533086642817,0.87564343892181629,0.85375938965942477,0.79205855853453899,0.64942737571737785,0.80866051285795015,0.86720213988728134,0.78989755287235031,0.80325385975818708,0.80028474949807882,0.84905372931457201,0.87964923332994016,0.76695997763779566,0.82437251310926607,0.79804516675804671,0.86027583845389555,0.87340065201309047,0.86446546559449866,0.84829120309940709
0.88136482657248927,0.78778073282187233,0.79016103441693264,0.87902645804304269,0.8191670020407591,0.86999013072280695,0.78252419104257187,0.82990269935218908,0.70922577257778829,0.81145620907603866,0.67998163949674617,0.78616762583568067,0.87099346763181551,0.77310484101972532,0.87865205480694597,0.82682766068133851,0.83796647126851032,0.80652439084157357,0.78994852283932315,0.7955870889602662,0.77158402105375601,0.91935534779820072,0.81888328153317502,0.8509202071138311,0.85099157034334494
0.87657426136388672,0.80019003028422475,0.8677233842980856,0.91055639388956988,0.82449073975415998,0.89225754189728479,0.81979191967405596,0.83808873249644356,0.78422252155756933,0.8321831439424654,0.81182998300665965,0.62068378711618211,0.90907865300692592,0.87503846139173225,0.84612402774904605,0.81632374238639249,0.7921109760656827,0.84060649918476493,0.81526126353075434,0.6512274747257476,0.73286061469167141,0.83470750037881258,0.74969118062137174,0.82505171293165913,0.77261851303163243
0.88336724033823866,0.79444526360154066,0.95139491231756346,0.67291201522675459,0.80849396133168139,0.91730866823305413,0.78720006398528675,0.64164766828231257,0.81143303368253494,0.83191550711027518,0.80047508360294672,0.84070975702347994,0.87865603759188993,0.85855569870824744,0.84610617057434612,0.79890602606288885,0.83142339079412508,0.81514873816969979,0.84091350471507997,0.65865641896862359,0.88413843758079191,0.95041619866230065,0.8645195495208341,0.90580804235538837,0.78250795347838376
0.7426102695811887,0.74625048451738829,0.73226084428762617,0.83621788032171507,0.79692260900878642,0.90105963943238754,0.86302166319210172,0.82136820222038998,0.76435696592131519,0.72591143674623859,0.82101094807652641,0.86263696349766761,0.85297990679704216,0.79421383305690052,0.85356759483078459,0.80325087701429843,0.78070606328020098,0.90953445091937879,0.82226186597063355,0.79468017484229669,0.89502061937425925,0.94612408231839351,0.77189136615257448,0.84002084728244897,0.77152546838678637
0.90171892996823411,0.91812666845811719,0.81204511231589727,0.84352415394131031,0.76988648464062814,0.87440771679974105,0.8981406339643313,0.79762021136852268,0.67297513362262396,0.6841382625911101,0.82488340377157088,0.84493525931367786,0.84125631223669151,0.76706036034956315,0.85627032961874339,0.81059922610964474,0.80899338169201851,0.88557737746774112,0.76574586210576179,0.77880717888979234,0.80021982359400434,0.90958419971753435,0.75525501353450109,0.69637531370922301,0.74633727061805322
0.8193701922871971,0.81881265103321532,0.71472839954872702,0.81916925253156614,0.86795171538224714,0.92968494292100456,0.88326391594653131,0.78914569927821265,0.90147041008065976,0.82598572785483826,0.80067454797662896,0.85562521075390252,0.83446853773789142,0.69272292499195876,0.87157715473328401,0.74980199692088212,0.83066517425158592,0.83181354904883653,0.81621849580837968,0.80383083141369793,0.79371123560248125,0.86489220527272481,0.78584437442088273,0.85687663375637513,0.75769695913070068
0.85578654698865153,0.94122451206570235,0.78823021086362965,0.83413515013800343,0.72481620964341209,0.85100501748246449,0.8581476089192861,0.72198424959319973,0.83682498653856197,0.86991856713425886,0.81969053596145069,0.81498618170823711,0.80605195685051612,0.78190615445557576,0.7313335936503258,0.75023673888955711,0.81833885530110539,0.92400701857652445,0.74781458324414052,0.86815782627751681,0.81146233646239196,0.92804975778995957,0.96997943777286311,0.71839624474359853,0.79264866746005846
0.83618401593543457,0.9141074493594703,0.88736588395460647,0.8000559815229551,0.92713337444249322,0.85694992035690909,0.81563093848840207,0.79884080946515801,0.84260695346564918,0.85092807899062417,0.80841030175193651,0.84221441180209411,0.87334162206307875,0.8441556197790071,0.85841622274580598,0.81457627476376537,0.82542473399236338,0.86716349585937524,0.80054989041294533,0.92830989232794481,0.78697508186844767,0.91077718863154478,0.89643427830255185,0.89203536471256484,0.8191913631587463
0.8924669454956442,0.79551461784212663,0.81866412903588426,0.81581380021228522,0.80751915557086662,0.82441953496924336,0.79625394255029547,0.83463703394144528,0.82027300989039253,0.86130860657722341,0.76525737446634801,0.87419595405962947,0.85704742540012302,0.85903472952984961,0.84513235151638877,0.77525501375539008,0.81601205591641879,0.84193085208632279,0.87344506961582735,0.86549203438702793,0.87042082584233738,0.87175020581124696,0.8391235154755643,0.92402326464521478,0.80537326369930151
0.86290432413871987,0.81105452447089421,0.81014119662860617,0.84279040688351903,0.76698620716145138,0.77676084616435026,0.75309148657312075,0.86306818024902421,0.91893064350631171,0.89401402835685162,0.79581763099284153,0.83039489886942452,0.87197247202512329,0.87935211616416331,0.88777231868429141,0.79642867958767927,0.82165094984004772,0.86453055892621933,0.82856057649880199,0.76088905020727715,0.91113031464642902,0.88988948882161001,0.77619887580315916,0.91856870798318146,0.83452692697307274
0.84744417377978065,0.82368793110958394,0.80861249172890803,0.80268088076000743,0.7777731841534189,0.79903093059288177,0.84628143390165844,0.81944444007900663,0.81757576775658647,0.82123783853046284,0.84908273408363566,0.77248408737567564,0.86107914462110591,0.86013359377236154,0.92058427068191406,0.91243537142548925,0.79512624823708444,0.87112179308186477,0.75975083320969727,0.80954607664763945,0.8795638130402208,0.89868366665678845,0.82804508201530358,0.87867262468925789,0.76879500707798687
0.84282873065818542,0.80841379186750362,0.83684265721434037,0.79872454951453931,0.81933147940577777,0.78266312750985589,0.84654759821318837,0.77904742658025894,0.88051034695306418,0.79716176372046155,0.92108256060814275,0.90507935260973316,0.86027647059791545,0.82514221533046916,0.75918359706186878,0.82724024678163,0.84655849209040923,0.89401844168040911,0.8153766365434667,0.80255421226488477,0.90292506009938622,0.83753191391107507,0.93288986920139216,0.95060506118400745,0.81200902057590829
0.78399841165215423,0.80696899250462084,0.81871139159954787,0.86036380014767344,0.81468385342902705,0.76882393525632808,0.89598845420795559,0.88506316310163524,0.86108214068217948,0.82664762376264256,0.91853091729018643,0.8315714868266384,0.94007675511766164,0.89637544231158994,0.8806237903532903,0.84414120066999954,0.90341967728540695,0.86382999603743582,0.76122885119744399,0.77485562520879947,0.8029939928945895,0.91950250674245448,0.8289662271710464,0.88493748154581187,0.88159382085895588
0.86066830816741036,0.7981039343485099,0.78958607822385429,0.78317505572554413,0.71707029055131255,0.95186852323304028,0.86844857173790824,0.89511876342071472,0.86984448816975224,0.81172223017709677,0.82764208914258819,0.82190168117699336,0.88523963648813253,0.8658399818882786,0.82898983160450046,0.86363447629576329,0.8309273751471391,0.95284876879842129,0.84245522229078484,0.83218768179760427,0.85927009357996675,0.89858517745586886,0.76077679832979528,0.86865989036519498,0.9029534968181927
0.88474130683912044,0.81704110091693083,0.8437860710279993,0.79376192936319434,0.81773193363515606,0.89988377345411441,0.92404885839728501,0.84653604527727866,0.84365887502641845,0.8313754780231889,0.85443980916703433,0.80363380978788801,0.90874178059460731,0.8231514493859704,0.80545626632903622,0.8670162281666095,0.8482297436638232,0.90804150207742662,0.9160006068815767,0.82532117328401722,0.85361821797485649,0.89904547993880835,0.81271516608717154,0.7944336720675107,0.83892771915357789
0.73833650349497404,0.77557408293918428,0.825983136820164,0.78844116730797065,0.81175026511524651,0.79226701772098851,0.82434877604195089,0.87567309521926517,0.80438314050852144,0.83024838354091868,0.81951729751749292,0.82886492651583088,0.81403289442047111,0.85198646622674901,0.84570942634542356,0.84370211557150565,0.77333052589094897,0.85022507674117009,0.88811598470115027,0.83671344858340946,0.80691232743943075,0.89713358313146629,0.77137580441232179,0.82121771710816804,0.90764587949405739
0.89314207100803733,0.77954175906961798,0.82824643662905872,0.76976817134029885,0.74489988626693426,0.87494567668244538,0.82029832558401428,0.86161748105179792,0.78207065898908656,0.78973213513071394,0.94795010274358149,0.82141890707198006,0.86056192480810489,0.80114564517735665,0.80559447804096262,0.84462844806068738,0.77846085726397962,0.86026352174543774,0.84418724472491147,0.84424157583385606,0.84849650833568813,0.88329966937683713,0.76630932588901479,0.79470021011518055,0.85732276069058566
0.87709429825972829,0.81976043119497843,0.78520130229487362,0.85573707109257469,0.77343622185913474,0.87821859372097921,0.95318496857501644,0.90727924818779515,0.83152327935841408,0.78761121652738364,0.8931177861199735,0.81704050266500716,0.80249832670542776,0.77735144059251104,0.79160316808551368,0.83110837049179553,0.82377591797891836,0.90283859795090804,0.87791221992666379,0.8815205355780138,0.88113012184580752,0.9184842347055977,0.74349868256956342,0.78421170424181519,0.83972839576610525
0.84376104260706053,0.76571414663762238,0.81684215220432643,0.83005610447824718,0.80929655508488307,0.91116256496891235,0.80729239723473756,0.89819078953132592,0.78978810706765512,0.81788171658924824,0.92417157373600456,0.79260826703268616,0.7631800145726505,0.74653997152065177,0.80086495759889909,0.8970739929996745,0.8636359303217197,0.8356083439583244,0.80558619339140491,0.76400482974803352,0.76951712876724498,0.83903327123723792,0.89570406853746176,0.77168711070251184,0.89219623621272015
0.84350685789294078,0.82591452675545751,0.85467019104798014,0.79361140255218809,0.85723280767566412,0.92083848135034885,0.79946604985406999,0.91596729171793767,0.81254269094624976,0.79929215389479913,0.90519048233700783,0.83611490067302019,0.85321814509222083,0.8982971127903252,0.83342483676194212,0.86774248180528835,0.77412861760508622,0.84631966159313843,0.90470125231589971,0.83188153182804037,0.82320610994953369,0.89227860728761021,0.85655292296535102,0.82262207665855147,0.79010193239945381
0.87981271490253266,0.73858779153186604,0.89061603138079715,0.77472668154938795,0.89755235175042791,0.74473079625117078,0.82286092467235694,0.85567668171475164,0.7920698888010218,0.82429404266298778,0.83724168664788579,0.83207515174132707,0.83737769938016027,0.84201731240524291,0.84686104915210414,0.81748986166730497,0.88011008478816433,0.86959137082008775,0.83489304481496185,0.81119842168238776,0.76670304590779981,0.936446473781406,0.82837949838149583,0.79986227363457185,0.90766505632647465
0.95438934325587976,0.77536497214876743,0.88892745532233386,0.7903250581842276,0.90783547796459052,0.72200379153854677,0.85765784480298435,0.82631686911496793,0.79249641128901138,0.85944552001747754,0.93268760415292429,0.88182207877855623,0.81729164967630374,0.8574901976528233,0.83041820928082932,0.82063791754033322,0.79904313289294104,0.88562263147792919,0.86660200995287517,0.82124644395718704,0.74785762424178581,0.92535607048055823,0.86548607292409507,0.76391013867656365,0.74311025602152558
0.91021204248321796,0.87860981717350406,0.83401366704848023,0.77631220214536689,0.84767514481594786,0.8080811633550089,0.8461942193574723,0.77855010057510743,0.79150068858186973,0.86944964805382197,0.82815823052620108,0.81849222295324686,0.87265526506416236,0.81693471097041614,0.82786307498896461,0.70899957434063088,0.77799228113768915,0.84296420675417827,0.86576884757979611,0.89463313399583211,0.75453927656807185,0.86338628860616995,0.85085706096653957,0.83318077586580863,0.86100975731337859
0.81828221156140779,0.9002973401569454,0.84723239558023888,0.90906551769183552,0.81774521324955973,0.80388633312822044,0.84268027686929925,0.79529750363270568,0.77879805173180594,0.94385972791371375,0.93754400280861505,0.88464955428607794,0.81894354113198031,0.90340079933634887,0.76706116205964092,0.74362795856769948,0.83992273584642052,0.82816105274853669,0.82637386275779545,0.85052403719720215,0.77112804539944446,0.57372863714199418,0.81985991536841463,0.79499021562820815,0.82093481241421318
0.69891246839625387,0.9202782261002358,0.91500113773797853,0.8588969454097779,0.75089275045366133,0.82376477191615083,0.83881159102604774,0.79616665767391714,0.76932473773326815,0.90928900479165131,0.88187025990295698,0.89899909627478536,0.7655438238836404,0.81084764881468119,0.82977287110370224,0.73592756521174063,0.85537027831755175,0.93366966123927342,0.83003492569358228,0.98638094380812369,0.867540815565646,0.75900547558728781,0.8258872687367611,0.78567477350312542,0.90738942199118755
0.92005233240032147,0.92197033691022767,0.81238641494070496,0.82559026459389617,0.77528774095246333,0.80725052975794054,0.78210036410411976,0.88158643911245305,0.70492935904930953,0.90678815788810163,0.88374579131890274,0.83497172005589415,0.80445528597479277,0.78531791645516835,0.80658064335798041,0.78155443716639639,0.86667836090407302,0.88407273565840894,0.91423459316395861,0.88400802616474505,0.88293288644788048,0.75463006019235901,0.79925028600199133,0.85534861553944286,0.8762012079301158
0.89699389691667919,0.93257455986995175,0.78766958654190966,0.8352881806652247,0.8421374594777461,0.81993954261851953,0.78549514996478698,0.84230632362608537,0.72342060627495453,0.89121121944838722,0.79333178820782835,0.94798695879170292,0.84422563425180697,0.78011079078255896,0.8398425799025474,0.69272440766195109,0.88659720737558645,0.88563237841495268,0.82124539681131492,0.9425574610579055,0.89745341901091713,0.73149946013417289,0.72220145639168354,0.85331182754322754,0.92605329082183596
0.87098504797299858,0.88818981991282597,0.80573117954752504,0.86390572063695015,0.86286763469678696,0.78233395408517026,0.80327305043674935,0.62452873157643563,0.74083011752312045,0.90418519680230369,0.86216135088341772,0.80292636505101156,0.91051438397274209,0.76837949278377382,0.88917437448333492,0.79699117162281596,0.86056072129027339,0.87150013349715016,0.85959496321785123,0.85344815408464025,0.87279727278581998,0.73272701128125606,0.87051770840820231,0.88458861678609291,0.88335982514243272
0.88345476680525492,0.75897860180854904,0.8157671081080351,0.89161376848650797,0.81867579502469223,0.84267855084613197,0.78776566305044637,0.61554583981760913,0.77412979769409307,0.87892162140462937,0.85836670850051777,0.89719679799451635,0.83130030062419291,0.84769944524525298,0.92695029463000966,0.75278977925834445,0.79255649685023466,0.84897589918298666,0.81079846801765187,0.8555289569636555,0.87054685962960565,0.71809085713968468,0.91768048517890644,0.82491348567945566,0.77297025306652245
0.93599623741492299,0.84517162972533799,0.79857718938760391,0.88109129777586292,0.80416621192054372,0.82306366629264804,0.80718161907269426,0.697129327536684,0.77758328064214133,0.86311649095453069,0.83169866586177355,0.8419500836117142,0.70617563802005978,0.83593914513013612,0.78771772545813368,0.86874332489179007,0.86360155722349574,0.78817832588279124,0.81748848097956939,0.82741379301682783,0.94171962484981386,0.74618600739592822,0.8591895143449807,0.84958940623385693,0.86463326722623735
0.88502590701784822,0.84695426708427934,0.77099729373645887,0.8201596601205019,0.6641814298813018,0.77699477058568112,0.82205912070442377,0.86895141375381835,0.78064138546581607,0.77050104863154711,0.75702169220780657,0.81981321618797764,0.76578581337748441,0.82508123081890872,0.9052336837163385,0.84276906854730449,0.80944488748209709,0.8339378739051071,0.89789116097425425,0.89107090945203238,0.90182808890472133,0.64519318159878147,0.9121174415759411,0.84824585100602323,0.81549178160559921
0.84869936444091709,0.84301987965555802,0.85051140105631173,0.84418658605637276,0.86597946083041388,0.79919039606234188,0.8289078805397645,0.85697452877299951,0.77743918456489558,0.79497006639041068,0.79152013082435191,0.8290320116736466,0.80487067352117458,0.83301892444913694,0.78654579910048605,0.80651710496933471,0.84309896917713367,0.80073277341278881,0.81822743108714846,0.86121875845471707,0.85907250892241016,0.67039615741780267,0.8928196945806095,0.84098686981123572,0.89539631310407597
0.75026673588963977,0.78200205408452195,0.80546232959755804,0.74000388788703964,0.9680856106811101,0.85236064888021534,0.90108086089129424,0.90395490394581346,0.77104636563444962,0.85567624099033635,0.76327086419149037,0.83179299792769223,0.7735310645074629,0.72635305807165607,0.81250846625698514,0.78285007385984928,0.86021328874338632,0.75645924515499219,0.8644383285643642,0.92762603549962264,0.83261254099087822,0.66217152081415764,0.90517658546443824,0.85538410160358958,0.82219210356916483
0.82920550358364542,0.75779590255471985,0.83743266605643174,0.82220552754744136,0.88950273876909547,0.85535358862918209,0.83282540353410439,0.97061284913493717,0.77400190433966887,0.92802794000832156,0.85931144274033855,0.84384315707831892,0.78860456936219547,0.83666871413015065,0.80860643977336755,0.74967138232626584,0.85560167656038322,0.81650011234750874,0.81488870316987017,0.81831018603895556,0.80564378671540238,0.86004082346920374,0.92485304537617397,0.87075859187767723,0.89176021164788877
0.80009057460566979,0.86387465562640087,0.90126673982656635,0.88985373130095813,0.85289493669789984,0.80772852536078588,0.82169467576518773,0.88995181605784779,0.83811842577433782,0.87346777789142815,0.8021586836930269,0.86688856911230239,0.7167430013225029,0.79759806425935875,0.81084185111649565,0.84713070785937661,0.84793778464563541,0.87942319750120113,0.84514729091207741,0.77935901167666777,0.85093376669135545,0.91517288954854026,0.866512546665126,0.88081371985925427,0.83756839900707392
0.84121003300836761,0.88515372682651472,0.81572031808966061,0.95435868117341816,0.891087023704355,0.77394800308137823,0.86770091141701033,0.89301183459055267,0.78315660202112547,0.84610795659529281,0.87838995612036375,0.82531639001975099,0.90247898481425104,0.81887878194878172,0.76655208199538716,0.84992646023622853,0.86088308268514957,0.90485892694127223,0.85027998831389628,0.73054359552620307,0.88386601923627139,0.92882303266943655,0.89345860967814894,0.80716895579896963,0.91116705736780723
0.85227815564747433,0.83570745524287582,0.84405510696338493,0.9176245687410618,0.83497053810538246,0.80854537172907004,0.84294721360921598,0.91068531310045753,0.78515913292578499,0.86437879340537926,0.88763400540674831,0.82114087964940963,0.90746438350325165,0.84074219972340114,0.94523766809447352,0.92858032474222363,0.79586203977695169,0.85828616989571194,0.77941991636637209,0.87007379938979057,0.8960880391480025,0.81269829262452553,0.88787879481827503,0.88697233717337576,0.83392571166925322
0.86873005708432993,0.7209591685103075,0.85289711467851226,0.97684564920294792,0.78625616280278743,0.88744638773829532,0.83351566068272409,0.81811377586427103,0.90085333974016568,0.74367703063165402,0.78437508356116414,0.82815379361005348,0.89824553972727417,0.81734770752737607,0.84634947483708511,0.9037081344022283,0.8168585141937722,0.87306283181461108,0.80141000911790627,0.78496591330978815,0.88617159163638248,0.90204864014654051,0.86015654858839397,0.85516595979801491,0.76009319186348434
0.83012914301013219,0.68128130676091769,0.89571055408200584,0.89757911943832724,0.83437314571677468,0.89306340368347803,0.9017425364884164,0.97393022537436735,0.84759796409061461,0.73054680158660901,0.78390725908258019,0.78819658109031621,0.90039078081844581,0.82506801590167755,0.71545725432480978,0.91897617613527827,0.89585605159037784,0.85483969723303632,0.80792267323512557,0.88742372710071327,0.8796877472539163,0.84303589736093809,0.88067719184100102,0.84430289765502275,0.91038388399742298
0.84280767446141147,0.87788902470225794,0.8065356689951293,0.88412941254248634,0.80261693648540011,0.87871116304321073,0.82644452321329887,0.84198122273223264,0.73494572390077795,0.81332560538798515,0.917599829378975,0.82891500011164465,0.84624046218674143,0.86189352426419441,0.79323691481443626,0.84764334728849955,0.86168172579788149,0.89198362450355329,0.80695447711366941,0.85772880481207425,0.92093512309233505,0.87292910552936165,0.87762126187091749,0.87095894321047929,0.795315970525724
0.81848394863749485,0.92823337088537772,0.94301937400817093,0.85870935858303754,0.77161017775506846,0.84901873927250371,0.72892954482477246,0.84378538462846253,0.85572267674545599,0.86235405757649863,0.87798659061568063,0.78718178007944728,0.83989981259396951,0.83824533836021253,0.86793960724071795,0.86249827511560206,0.91141744553729098,0.89340629872855459,0.75517668343152533,0.88817124648694989,0.87704081233162967,0.85394606279546392,0.87374080194346815,0.8837574731611183,0.79644470457367633
0.8795139185610763,0.82660349760671981,0.87373225474418703,0.88335029866515657,0.8228823456761315,0.87168017805082054,0.90646878558636834,0.75716260956024928,0.84573284462418563,0.7891253157128979,0.80842416389868998,0.85291336454533284,0.90157194801442009,0.78219880463085001,0.83556987147742978,0.90411188914077167,0.83402221363893259,0.86477248184363598,0.91418084537920541,0.83779438598030165,0.9802857524310552,0.88282433458779241,0.87336363419997065,0.86066431441109736,0.64743221839507381
0.80169853644466382,0.81646286464158535,0.82046022500007476,0.78924644106784225,0.91010596833259516,0.86657688585880444,0.96176374200711767,0.82342992334001375,0.8271895275052592,0.78294035425417008,0.89472784748215406,0.81848393291949395,0.93928229304145805,0.63506883014617288,0.77736627033528605,0.86452616121947501,0.75178267029013102,0.70404494361001901,0.87599805088004934,0.79587190681787101,0.91550192939147457,0.90034098320071099,0.89777641092800464,0.84720587998661623,0.87581090654738958
0.83864631951380653,0.80574019958176035,0.91727197440109287,0.91577870010646512,0.82061504367905003,0.88460309159614525,0.87384355365074184,0.9566595459544418,0.81951444067856982,0.81988652843057863,0.90219625331830056,0.77726918109091847,0.86694195180387745,0.78531545361160471,0.82472325024108162,0.79936455205723633,0.75071021003637661,0.84725377289297965,0.87585435084221086,0.85057313468640139,0.95388143693395655,0.80668130457582954,0.8287485314033618,0.82000618787667889,0.81563351579371945
0.83959357110102906,0.86876622731601494,0.7827971343585185,0.9092556945451582,0.77658524698774556,0.88259976695368758,0.88969882575497328,0.86679105299700443,0.7824212340415666,0.81474685433277805,0.94497849226735997,0.80411749129008492,0.88112219793621727,0.78435706571935671,0.83984182533930496,0.84946512565431564,0.82479381650737016,0.74154872279357831,0.88558363244082905,0.806277635675406,0.7931560575965626,0.87464125086422506,0.91849313894092144,0.89606418644135644,0.82233226752584121
0.88795697015842967,0.851344045391497,0.82693112114154665,0.84038748306291322,0.84290053496234663,0.89203628615138442,0.91429166052815702,0.93457682449434287,0.86358659101507351,0.82354505353094332,0.9128652020082324,0.92451052697913383,0.86799601793871028,0.8531998333907892,0.84489800145014748,0.79874592693225455,0.83653390716167286,0.84894198597352899,0.84156970410586907,0.85698076166503556,0.82384200081174763,0.90870541219734513,0.8842773768611466,0.87090351651766851,0.85804148019396498
0.88121151693706556,0.83964931988835367,0.87688029033684012,0.88311926452924372,0.84560244903209247,0.86619829324201758,0.96704793999879735,0.87957584287389534,0.83338021654025796,0.76782937707723165,0.83954729012664586,0.88946650939563809,0.88453326195599913,0.84729583001667608,0.76724564942196583,0.83200007122914199,0.84724919737477189,0.88524855947231984,0.84192762744683269,0.89372592546298724,0.81135940897034997,0.88862894541785808,0.85665573490425151,0.87362890103617996,0.79895007154703024
0.81077723661288459,0.81747220958590139,0.86086718648461302,0.86275237400358551,0.81681250133063366,0.92747871414209127,0.8490314321671808,0.81704606891436204,0.91336741426112222,0.76960678107899783,0.89258377147670664,0.83287695216945257,0.82786577816820794,0.93046546505013061,0.85017560465939201,0.82389996593826897,0.82613010056074931,0.87208078635958586,0.83783580695855409,0.9245480230547708,0.84154686871876461,0.98162966152149778,0.76459626923925772,0.8959764536060465,0.81456082596107537
0.8996174568566434,0.86207133346750853,0.85248990887550247,0.79285171328930115,0.79983750872042048,0.91883989414466216,0.85064784215897737,0.84445043527118813,0.82996891158869834,0.74990467399263283,0.91147028916910311,0.85022430455927445,0.87385789730930741,0.86148076733771073,0.85427982092903987,0.86609956639075547,0.81818653243400874,0.87313062243287809,0.83224322426439179,0.93132807106101823,0.89231342049153861,0.83633338297995463,0.81776333605034957,0.93752204652226623,0.87490983001011313
0.80093532696253278,0.78664630759029086,0.83910170154437125,0.84878589185400088,0.8663641447907261,0.89383977559475969,0.89095686006235031,0.81133750529424453,0.87324589412362208,0.88713528479022619,0.84284221191851638,0.92060234131901852,0.87913265221977488,0.86771615722830508,0.8481419893540012,0.80317544381282857,0.8420210297992986,0.83367867266809415,0.77602712683501118,0.89495690497615854,0.93797792694664617,0.90815574303420976,0.85574935789694684,0.94791375996737925,0.82851213395686663
0.8941776388369207,0.92204035801780504,0.91929730668092313,0.89026228767394222,0.8513916690125688,0.90664163484713733,0.90970735711049788,0.82298479298319871,0.78858706834521886,0.86707143558751931,0.82378311445166141,0.87071073673939337,0.8076782031637636,0.89008293834324015,0.83862975472826817,0.86987394879519286,0.83808817426236104,0.81105658528601021,0.83457006992408789,0.82788952307813901,0.90766016128990268,0.82006019455511903,0.80465079647307503,0.95854642126020695,0.82748574571374189
0.91866329363169397,0.94921759568447139,0.82637826438180062,0.84378900090852749,0.90423245020200504,0.86445757104963805,0.87333082959527653,0.80125711147125933,0.72652682672283309,0.82037764535842306,0.8341025013542761,0.95161843097440391,0.8026066221192294,1.0130024139411586,0.93468211295144832,0.81237185589948313,0.88231292922060889,0.89683996020911905,0.87559327015825317,0.82755750138890039,0.87306005139263132,0.9259725668102945,0.87155304011516088,0.92677152185739087,0.85370764543078403
0.8307561188582685,0.84347000027901875,0.82493039359051534,0.85491794438717261,0.86429378768605103,0.8687794212603418,0.83339372872352824,0.86473416686093585,0.76309536752986584,0.8408509908777213,0.77861417612393791,0.88268322103295194,0.91376756784705493,0.86786123715846164,0.76769967108581461,0.74209034215404091,0.89568273932481446,0.81961926294108145,0.73359095652843986,0.8561081205639014,0.88955381288038249,0.82794648055790709,0.79686678807534361,0.95939293357557187,0.8744959443921374
0.85329296062947868,0.90976499583406223,0.82090194319577525,0.82030172899463427,0.86072949850087344,0.8874977007166498,0.80893942600104196,0.81140693996821012,0.78493264375927896,0.91251455889315292,0.93439666545400946,0.88747181615000414,0.89013570779551277,0.90213723911020938,0.81128774146257387,0.77365451236874672,0.83029466737936464,0.79826933412493584,0.7527106580025571,0.85095636421772292,0.85470027551258654,0.9578906960901874,0.88412232980139849,0.89721440732160773,0.84111265118572542
0.83063344855784316,0.86573152524062569,0.84786167415716529,0.84791817058033159,0.95716570683789004,0.84060400519498202,0.88483717680494633,0.86534543415606813,0.87111303248278826,0.85708880685083499,0.84055537339067565,0.93422854602999594,0.87969078907625708,0.81156402226245039,0.8632866296911198,0.8664977995654376,0.90085389463014387,0.80786493422264438,0.8653626268557586,0.68673069809536003,0.9029608991029876,0.93182251027763541,0.89910795414074218,0.77605814233521708,0.8493827383460536
0.84606222225291905,0.89774897137384879,0.870698791585648,0.83175838439275407,0.90239320982050364,0.83868642930020487,0.90348581276590545,0.87186018476845628,0.93416459990620559,0.86670756975676011,0.86863710161670749,0.81550990513286392,0.89031732180832646,0.88427962526417891,0.810557088480233,0.7913005871853781,0.79968827753131089,0.84706084380637259,0.78998339225006076,0.91932630920018532,0.77966707420788461,0.8544560236617269,0.8808860643699461,0.94077924119596479,0.83709979980112936
0.83837474061106887,0.89139256653564303,0.86922628270552071,0.81397758980213208,0.86039044609541926,0.89603171708543417,0.89216786334125131,0.88994487120374643,0.86528591230141938,0.87530838364260644,0.89123325022770328,0.89251402747251041,0.90308819354071057,0.8703379255258632,0.74523824410668682,0.82298110902990518,0.77203266600607079,0.95388313699566141,0.86125220706731576,0.87246885131945007,0.76770313508733479,0.84814468266972021,0.92455653367902368,0.92363867079785744,0.77179880967344383
0.82068704898165012,0.94639135777235273,0.84116693562507783,0.8795372033079164,0.93553479665016881,0.81726408721128962,0.88098976477403546,0.82511479454344117,0.79924308647498765,0.87120388831904139,0.81736421111292445,0.81548583579927136,0.92619894281128423,0.76750763673361488,0.86948811029222717,0.67256169240108554,0.7196671162114392,0.90127300815528832,0.80259084773640821,0.85333710433925858,0.8780991988158896,0.90445882409891376,0.86418412994930194,0.84841523455772194,0.8475416891843941
0.94225909522887119,0.92544941657201685,0.8366936557021708,0.8665950887299495,0.93529589822673742,0.791152318633493,0.85578575282887903,0.91789465685034144,0.90003046870002335,0.88440230013153287,0.79297153327889536,0.84144025694307445,0.91793420238160539,0.78275866740190703,0.91133811355703698,0.65540780841944979,0.84574196393670342,0.86915116318451136,0.7989929687536077,0.8579969525563137,0.88671766806776442,0.89094545260115787,0.85721738606625186,0.8789637318068404,0.86170582732018131
0.91026029672550079,0.90013579766050267,0.82884014380522486,0.78469588728950035,0.8496355487811017,0.86294000663316084,0.88264865032290596,0.80247403967881004,0.88829469927435611,0.90291392456457253,0.81889746745817493,0.93274933232885548,0.91903650943480064,0.82236018599948124,0.83881615235133478,0.84669359364110441,0.88104613461337067,0.89286314841741454,0.85226896155875909,0.86315133477990713,0.82835765440715869,0.85493683271865095,0.82397720360775029,0.8968351887683329,0.84067029594074627
0.83646183157086085,0.95129245469366652,0.87579570938421625,0.88926953951699528,0.89522179607279118,0.89907521846692318,0.82429913431873669,0.90950022510464557,0.78104050900829947,0.87069115574523448,0.87310449250410394,0.84508362841462181,0.81418076487395308,0.8025772767127497,0.81252276500983966,0.81614285158617883,0.88828667060580568,0.89890036028782694,0.90524486540857907,0.8670248291087147,0.86890192246115328,0.8949201447666586,0.84699445820181152,0.84551881427026276,0.84109161760698903
0.86842036754045249,0.971893441392225,0.79810113599360255,0.86556845330149823,1.0304364757385502,0.87748788495647956,0.857421076378724,0.89987195733600334,0.78561454902202221,0.86386803574230708,0.78552866028502677,0.91359048112788976,0.98063191233517999,0.85735989358695985,0.89749117552110391,0.82478144319080049,0.89349252314232386,0.91769258564306166,0.83302915237820974,0.88426917823328943,0.84422796507184406,0.83891163880424191,0.88905974567220647,0.8947551384893927,0.86950895402570827
0.90403843161381159,0.89128353784134207,0.8673392480305665,0.84516233978281741,0.76084076461294259,0.87874378116471608,0.77276212032839309,0.8128507708903574,0.75300705675001067,0.83378004973559838,0.82086046107274302,0.81487842431713475,0.92072530120530471,0.82478635756336516,0.83012817342757095,0.88821193011109323,0.78081786056100644,0.86332360136285402,0.81151807817468891,0.8954982150628602,0.86545516680939327,0.85114734393608182,0.82306339600021494,0.86949837079939196,0.87215216028815779
0.85569703680745635,0.87558645382790445,0.8637885677095789,0.79756333693480097,0.82063864331201297,0.82873787631554763,0.87012445761439594,0.80721466209819515,0.89576704128562512,0.86869181057521516,0.81050562784455937,0.87009043306742695,0.92553619445604118,0.83931007888389764,0.88935685850513813,0.88726859487233267,0.84284994908650357,0.75407012110685845,0.87898388324197607,0.85785639950725256,0.91989543370087845,0.84196726179599579,0.79436279786901742,0.90682945694026573,0.80547577261576431
0.83173002033970078,0.82484318412368285,0.76770553768958849,0.76358160168757816,0.84434510740790658,0.84215440963175592,0.84120591758447993,0.89318201625156346,0.80639395732224661,0.84999243248027312,0.88460636722461539,0.8748171050190362,0.90941627299897188,0.81352725834114248,0.90338523315765706,0.91225960107331439,0.77740388490402612,0.81112441391948464,0.84439201534138075,0.87784670529613418,0.93013420843548578,0.82974459043213655,0.87594311557746862,0.73385911423692896,0.96742101240909351
0.83806133493640944,0.88689415114365378,0.85496309165260542,0.8134687704525061,0.8785646410064557,0.82734682068399534,0.85531990688282677,0.78033564772600117,0.85994570645473978,0.85848651613777083,0.82172437631833362,0.89148765070863578,0.98145714108137239,0.83691334229682179,0.90624746923182886,0.8363323217832026,0.80339899416811433,0.77683752512776849,0.82129798982852853,0.67751436085037053,0.92128814658510416,0.89484010786589452,0.85059942534661348,0.7385966310273091,0.94185614902458714
0.83392360993244563,0.81551903134314274,0.85548506371102861,0.7921222153134686,0.82977912539177923,0.85756420048448712,0.9070411093537406,0.67338364446950427,0.86728021523275545,0.7142992227728705,0.85857096501679886,0.83340257131930151,0.92496238994525104,0.88277656125079063,0.86099227345896845,0.8664167122065124,0.83282907178241727,0.85561885409769578,0.83742112084015252,0.72757367670008777,0.97862866476835331,0.9076089313072504,0.90360721376571085,0.74515250547748368,0.9636325287921863
0.82698052383753562,0.8069813117520408,0.89883182692632824,0.80301218796332829,0.84961188811371702,0.78748480268934007,0.89809830216842335,0.90587406657543701,0.86602526369272259,0.91520871373728008,0.8028063867680606,0.87626684057973669,0.90334634797791435,0.91087488109270909,0.84858659993939756,0.83956326721068142,0.80455898460615538,0.93157884915602407,0.81426073730307047,0.81441551466767692,0.91578257095483284,0.87532095088090178,0.84637606921205399,0.7157652717387476,0.8068417477383899
0.74514968884710653,0.96986614202552612,0.92858997649819552,0.90439478647011962,0.86548004524158706,0.8455936969733846,0.92117368623453755,0.86422409464747452,0.80841218589372532,0.83074792317180712,0.80883736998218236,0.88902571757768412,0.97794462472943333,0.77763914417916791,0.89378766199480753,0.96200556647977398,0.78734028014670032,0.84751027514952626,0.85558530676788913,0.92250111308841154,0.92448783783428312,0.9237401922882208,0.82541151917969158,0.73292086503189902,0.64715398577395156
0.84149018338741588,0.8811376407049808,0.95644391448301946,0.83849335228858279,0.83203948645164094,0.75521115832648,0.84969055631233958,0.86401239435768051,0.85437936711989115,0.80115204946826168,0.79083743909269544,0.87592539967359928,0.9022972515139116,0.82101454842144084,0.8874946776785364,0.884632490985227,0.76224659216625845,0.85695442310466485,0.86251974363274853,0.98559234003722174,0.86280824632629682,0.858896567206201,0.83747652915334247,0.85475008703686373,0.90177929961568692
0.82092992412514898,0.81119323654027586,0.88497125155089118,0.7770213107708428,0.83467615529634276,0.96051390429144767,0.81683285243951509,0.90135603699280431,0.87268508648164922,0.91514766508427825,0.78841783043547731,0.85348337898939708,0.93923837952182754,0.82141384474356571,0.89302705563919105,0.80502679796044041,0.65140316822081734,0.90486076410191585,0.83119893841665193,0.92453407325949111,0.88159149335090581,0.89975368572658065,0.84526237362771661,0.859728053561581,0.92658395777403957
0.84471733505060431,0.85437500835253777,0.97335760739441624,0.79300174591488615,0.82631010154946072,0.86336253996735168,0.79545374287335513,0.89807280205894624,0.8233756568959183,0.93252246240688419,0.79955249051545851,0.88824900439357724,0.94115948150819495,0.825312660474256,0.82962592741077268,0.82867358244807177,0.88743170034699892,0.92386644444751664,0.81128204321787178,0.86458022682160629,0.91410153658213966,0.8401529074412013,0.87113524073235593,0.87484326248789901,0.8722030990068329
0.87553487457950008,0.90823438113369515,0.90731840555478271,0.74131441097091899,0.84511082238551516,0.69356623919780458,0.85506890278531089,0.84441374844224171,0.88773898606916468,0.8763318133103859,0.71224619149898738,0.86567677306835145,0.94674910801567314,0.83185551705082528,0.80161776072716195,0.89778878986242594,0.90340310212637887,0.89139124413323056,0.73153521183897374,0.83509756125562751,0.87573063964439213,0.91527556093589313,0.88312753400845179,0.87390150983776027,0.96912510260573337
0.85648124438002771,0.88926949732343152,0.92882522422869329,0.85588976059467547,0.80399253174089769,0.72301388441069625,0.83192179659515342,0.87527897039024238,0.87836233529898256,0.95085009949570887,0.78829345519128746,0.90149962258790195,0.88663538850235979,0.7983874638371754,0.85699456628647674,0.78729851805088469,0.90556656990126683,0.87566229753534019,0.80815338247260948,0.90522933805030215,0.88732794106982338,0.91148266668430089,0.87321223193449571,0.85780061153401288,0.85260874494382799
0.83945493682768935,0.89146870915893173,0.9619191125261648,0.8848781223176504,0.81063683433517353,0.89097055296928673,0.79175856634357578,0.90753010727188166,0.8226092506203152,0.93189208175007554,0.83713189008124067,0.84891997571145383,0.83364742221160981,0.84348030505584148,0.88913094548690008,0.85233695718318392,0.92309161647331817,0.7997775525103088,0.85524249728729596,0.93060091925628896,0.91297626127812492,0.84689689948834679,0.83442534700806736,0.779184644560725,0.864785781380211
0.88408423813222847,0.96425872902853071,0.86776502254086629,0.80796899075407713,0.84338385087118051,0.90631636246958358,0.86891791665757756,0.8258191729336648,0.92380448410813987,0.84951707174294988,0.87726539314902285,0.87321495526978843,0.90483822502887867,0.83389034905972281,0.90033160156882341,0.83781761574969071,0.89651450688910739,0.87861295106516424,0.86612934725508839,0.92641840939199338,0.8557058875973993,0.91304115375124784,0.80820256992062378,0.77922348762362192,0.90087151573889102
0.85287669425790369,0.90457227783605776,0.90175224122730147,0.84256160089510224,0.89488029343774533,0.92567699167308326,0.91566715412798338,0.91679579219533958,0.83656907286158555,0.91003316284005309,0.90706532277341834,0.80793473577501529,0.95506117100605115,0.91398255334558254,0.88281433396581732,0.77660529412374346,0.87654042134172439,0.83411345749189547,0.88656848075955119,1.0056749197294874,0.87671665721448933,0.84894052329992675,0.786340516750621,0.96207220978477226,0.91185780321242071
0.84302402459890935,0.86532428995344746,0.91321521322118071,0.82117929755713648,0.87511624777199792,0.916650181103144,0.84076102516130602,0.90820229697045163,1.0070979072731323,0.85850684212346218,0.75898908794482456,0.88827817605402815,0.84446816630043486,0.84464007509615435,0.89785129553460419,0.84690186298716608,0.95292125062147515,0.75176950680187371,0.89429929800398134,0.92981877450187211,0.8800596486044191,0.93356281945391562,0.8396180788112737,0.93599802232518725,0.96897188332110618
0.8383076032182557,0.90818003706654371,0.91683111517593885,0.80029913588279433,0.79440573599247333,0.97294570357789478,0.9606424581987062,0.86523575994190227,0.94308972926915868,0.87770799280277667,0.87023988951090536,0.84106912515635179,0.81858344250554826,0.93228655109326419,0.92657989699179966,0.84078795178869492,0.82787505654596738,0.88316578750102925,0.89605426146228173,0.9086639585650822,0.84716103893063233,0.90524851836360276,0.78781960243015581,0.91566626503716197,0.85059008648021817
0.85796693373568389,0.87515890399699181,0.88742980271839556,0.85338895525801872,0.85653891098017076,0.89886457684046261,0.9260655379593431,0.95577931686069473,0.92623097623534778,0.87377051302508402,0.88098795116704798,0.91702268382130192,0.94314446042529743,0.89334235288166963,0.87948615397768393,0.85296971440298608,0.91279170268381715,0.86334419335669499,0.88348471582684052,0.89069038786934418,0.89069167563831786,0.80246187646716893,0.85835024382051739,0.96694724850290481,0.9139648813895711
0.84726184507978686,0.906228347735758,0.88899292155045218,0.91391214291932743,0.94395905057923213,0.83668133958428603,0.90766069639496649,0.86921068621929687,0.81090785566004486,0.86430007652264229,0.91986813149786684,0.89381430868855494,0.9053085309659894,0.87058393915173726,0.86532346537505223,0.85710382073932168,0.85177950618868659,0.84806565822076352,0.84594010470565051,0.88468966634767865,0.7979600585430715,0.91684715351163215,0.89314549060872706,0.95637915100115023,0.99393289633640569
0.80188487527971986,0.86420747414896781,0.78237824746109397,0.8541163231206248,0.87514084944569692,0.80380073540629948,0.86955033499518208,0.92141476228295394,0.84645550233675981,0.85438526158701511,0.83697482839502779,0.89096778800761001,0.8611461695319711,0.9590763664729578,0.85157715418585078,0.83457423905378647,0.85480715884079195,0.82420685099213142,0.83708531526347374,0.92081041195453905,0.81948823756082123,0.83341051127203714,0.89381872372723881,0.89833164001091115,0.91365227599682619
0.63906542575582737,0.89073244743500746,0.84904485219447345,0.91259488486409446,0.82151753162449526,0.79456445592174774,0.8807382124147084,0.85555990524291703,0.89473650334099963,0.86080900177847708,0.82158616327903433,0.89170130089906063,0.8007048192324171,0.89698859237829476,0.89132261915724287,0.83990547767757129,0.82180550572378486,0.83181382432344486,0.83654406558202898,0.94376825545501164,0.84206423160880317,0.85524759337388623,0.82757497530460045,0.83864340358258116,0.84535415593248897
0.86190794258990377,0.88188366206721802,0.90077918924592826,0.85199843478927317,0.86524226624816714,0.75893751710976165,0.86932483904997182,0.88586633628601008,0.8042531613454218,0.85905682302677056,0.88194598836349103,0.95243012821297068,0.83587254881901241,0.8414805719786157,0.85417869158899951,0.81214377699490181,0.89607950006854553,0.94709701580954619,0.83720329673539373,0.83639923627135893,0.87785124400413295,0.93414781282689863,0.77479238822959284,0.83651877732167201,0.89568538558864574
0.81765253263368454,0.86884530541536664,0.84332031312742761,0.89458630141586737,0.82768344328130972,0.84098413846284525,0.85026453557829418,0.90946392476725224,0.91951171883993343,0.87390289870639526,0.89968965707998327,0.90993020088721677,0.85097479343919313,0.91823173599498698,0.90566415215808826,0.88407602161514076,0.87258934929690746,0.85731239331010867,0.87726228430825803,0.92671103330506521,0.84951997564136494,0.82650828813125765,0.82215962735502357,0.79387215515636889,0.88362572803550554
0.91810918117195439,0.79905981598374431,0.7697729017751288,0.88943832285813507,0.86419929659432615,0.8374423088145555,0.86373530457081382,0.91229785541845854,0.91023728826136019,0.90603422557385038,0.91996027076687348,0.8220429375055982,0.8708130911979487,0.87179906487598213,0.92384645680409005,0.84488239360732764,0.91829605329029218,0.81489203732515969,0.8065195348327554,0.914057814256378,0.8175959039278744,0.8347826380720198,0.86278198551208019,0.92062735773970594,0.95827608308599277
0.82647841671626943,0.91607670426758625,0.89608374171973915,0.93557846929752053,0.85003836165322322,0.79625786434356705,0.81398612993944208,0.95127282068254648,0.88334228781958857,0.92860253184612385,0.89499963012770134,0.85843304174883739,0.87361491827589766,0.89938267898923396,0.87462783450654802,0.82858814804434633,0.97064956592625895,0.91162438730701001,0.8705669983548161,0.76284001715934968,0.83845819026740009,0.85399717788446083,0.84215252781399597,0.81859899355106247,0.86184046034709361
0.81229252098658156,0.85130129706170099,0.92015908399347268,0.89391479933877682,0.90541181316117714,0.85804005916262394,0.81228957328120699,0.91854544721956888,0.89439363075244083,0.69855366968603727,0.92670413555934616,0.8766193099484797,0.82709853932407085,0.94199415625976435,0.84035960843796609,0.8647964337473536,0.85530022843069553,0.78741027057258428,0.83061543196635979,0.85517476736840403,0.78022660787355191,0.80394989912160675,0.77779481420088792,0.82517151729810245,0.84503866247738135
0.82598503390073086,0.81908380601814212,0.85018965382887846,0.86448780470841269,0.86352306999479,0.8944446819198284,0.82025442221825073,0.85931682024033962,0.87762715155757343,0.90147305384708065,0.92677579557904699,0.89721639059620717,0.89455979404853259,0.88123462618887305,0.87359913927468535,0.83120038526003426,0.84131019348962344,0.91833912412058294,0.83675885653176985,0.89086080940690993,0.88941160344425241,0.87073314654319467,0.85196080520137452,0.82927593508678488,0.85427582823550852
0.81840317399660345,0.78832990641423728,0.90117362035712556,0.7914861566462541,0.8846400926450253,0.87133763128339059,0.79450763379877953,0.79440270606643881,0.81269621034564332,0.96805264279599434,0.89352554466481515,0.79210828510192599,0.92786879644297571,0.98430345671291408,0.83614063125257843,0.83544122451580183,0.85626906479925069,0.89931918975863834,0.8428376746506524,0.89148152752168441,0.94450183721027337,0.88068440884816157,0.90865976900767897,0.88003149873404418,0.88933041386303568
0.82705646836335711,0.8599801536006072,0.86316172255474943,0.85096193265372244,0.88546822343285014,0.88963887417815357,0.86708943083323298,0.90994382185472145,0.82977524616153042,0.91698663521978918,0.84090027536195966,0.85277411414504711,0.88680837844459404,0.86137507915093803,0.8704045867687924,0.77765022902863123,0.81495603671558126,0.86143557319378716,0.75012871641960599,0.88004521568583405,0.82089870636326245,0.90001482951869838,0.88399404094267553,0.82550813288133451,0.92245165740976121
0.92904856029119987,0.95098068788102663,0.92129782577644348,0.89349220390268569,0.87678494299407794,0.87510055964665068,0.85979116121364052,0.88082417469903651,0.88887625131148473,0.87499304466723515,0.82835970580821461,0.87740995855607729,0.88054480713260186,0.9111473268340281,0.77001267971869658,0.81871236715796236,0.89478984453463284,0.90918450226143221,0.83152480293395836,0.82459872612963558,0.86325121598990151,0.94631750181612462,0.83926841631425597,0.90381282787777173,0.87671852666475669
0.89040732761200481,0.90972094738991427,0.92095419999814221,0.8654843400367096,0.88819853479598265,0.87736757345285066,0.89740233192088759,0.93703489582703892,0.84816309108001764,0.88152571097290244,0.8577956226943626,0.84962651417990176,0.93003019817843058,0.97097410977646836,0.76153883777861042,0.90187190177433696,0.83226736286909808,0.95389234468863515,0.8593235771260701,0.8682677255665896,0.8741130998875758,0.87280794003231099,0.81807661154643374,0.94500044457395416,0.84783360371998728
0.82182231956221641,0.9223354262667498,0.87995366190973057,0.84911200354368876,0.86377451688797935,0.73041381074692247,0.88753770627022888,0.8752915649721662,0.95041336537214272,0.95033226149747185,0.90233826093096159,0.85334000853863234,0.80015255422953357,0.84494349165881821,0.83760668114335413,0.81242704513093345,0.81707884644162254,0.8984297436366645,0.95258682202865574,0.86275389722269658,0.87357577669692044,0.84364612142506978,0.86830480673665811,0.83327111128143783,0.83629778536728694
0.8865281234073441,0.86524772588889931,0.88462621538912922,0.78336268967837708,0.85068779370498815,0.85416351786324296,0.8571064221226774,0.71236258137207353,0.83922222789427792,0.87127853213485118,0.89888834749440139,0.86873294869345541,0.86838030137052724,0.85945505898473762,0.83061757556497928,0.85822116154429551,0.86235735036043937,0.91333687482900983,0.7824379967757813,0.9188389668091711,0.91671915080935251,0.90258582774484242,0.81686310709960064,0.85601786206968766,0.85259415856730059
0.89881315853560506,0.86196825335640492,0.90342430616172498,0.82955999080658971,0.89458989892587337,0.8453620168609034,0.92665976580340237,0.80909763074003982,0.87406443479436391,0.90716076466244677,0.82205738888534163,0.86978868006599386,0.85172708935821762,0.87743309090142152,0.82500946090440741,0.90704170481470192,0.87099246125557095,0.83612488228454973,0.83646036922026068,0.94195175609460391,0.89087492316294936,0.88584988125436415,0.85675425553782147,0.90897723667094432,0.89172058997037673
0.83516160825744246,0.90033716291436228,0.88115154933623763,0.84636504479033459,0.864997421308212,0.91496401179992093,0.9099938581204533,0.8477855140147984,0.84414084376986942,0.84744353482495471,0.82646994861362644,0.85875392158937913,0.85378221815277333,0.91450477513318895,0.88229782873196216,0.87959648653525313,0.91084020537907695,0.89268630704164653,0.82847023097133687,0.84575723891948917,0.83885972682386589,0.95755641586636286,0.82214553678896296,0.90128214124022876,0.83636688274349658
0.81332342685280745,0.96018294097163948,0.85353421834821108,0.86815775184360577,0.83601575769803782,0.9500590302958507,0.84553964996099029,0.84741468364257477,0.85908571694541536,0.86255705902755631,0.86692699070793788,0.85494673657367137,0.88357630700325163,0.9469785851214958,0.78437441277706077,0.86203118312040061,0.98869206988482594,0.86359763331872241,0.86591110175229935,0.9178882493062579,0.87991465964757609,0.8524595261572343,0.84289023328225421,0.78429040926730242,0.8459999884415903
0.86026059537504818,0.93326498826125437,0.82503338917060198,0.88954569919661985,0.8491967609673734,0.92711174144956787,0.89243160200341543,0.89977142868273263,0.82978838887816631,0.82091853719283092,0.9468179559935157,0.84491709837522244,0.86413060043270229,0.8537965894223225,0.79161939640719703,0.85054181304418253,0.84874391067336175,0.89875904841671805,0.86657367394695084,0.88946340472344598,0.86300678648234652,0.89468589496553486,0.85164503445159645,0.79738636195180157,0.84436746456861889
0.870921438093337,0.90256431570337603,0.90477810389873092,0.87109032854477186,0.83127440017118059,0.93286823378698025,0.89055247004039273,0.8446203610029378,0.89027546129569091,0.85815530093572112,0.94148578400048377,0.80603112364903451,0.8527507609544801,0.91201784988888634,0.85034182175383888,0.79150638966617282,0.81895335040647321,0.79520028029317125,0.87212781495837111,0.90626617527188236,0.88722224363865432,0.88392233254877206,0.84428035129407331,0.75959446013000731,0.94318458924485316
0.86896311130957615,0.89857935134942457,0.84989829655446458,0.85007625220534333,0.86853108394545686,0.93244170139053428,0.84861421715333685,0.84719435186362224,0.84147646844579571,0.8773629052384847,0.88115136670249539,0.85109362572810843,0.83491279441986455,0.94392587978776854,0.80968471026760358,0.83639995439222303,0.81027918365800333,0.92924956333591791,0.91347346375843275,0.79016144573833802,0.86418685535226225,0.9648381162020323,0.91058265971624952,0.91986050431179001,0.94281920249769446
0.88102721215401836,0.92269576409069831,0.88796643865872726,0.80233164044667082,0.8365202867045809,0.91189733571833864,0.86608901519463088,0.81176428199348283,0.83447995735416192,0.84502767378800403,0.90956085552171118,0.81592267228967508,0.84980603415366451,0.83266278870562471,0.82625568198268673,0.69306425933096005,0.90531575782523777,0.90153393045634478,0.92973528976014563,0.7643992754157487,0.87260116159106771,0.88535961684484465,0.82189540154399554,0.93472471079847663,0.86996908430702469
0.84113711915611866,0.96780046527835206,0.88190567707347844,0.72918927611312012,0.80937040522099479,0.90913883880174284,0.84481552654488423,0.79598413545432145,0.90292268125895414,0.84682345430281669,0.8845550087996602,0.81358146507060403,0.74671860079143471,0.92746360447458809,0.83156606343175832,0.91767738791835052,0.93203542029708719,0.87059173099034937,0.89056886252970879,0.88298774905055299,0.89653318678956473,0.85465983826039815,0.93307355871752218,0.80934452630873399,0.8216587630187081
0.86217972520222896,0.8726778685488672,0.87593704437148523,0.82814428800506845,0.9181460048527772,0.90123380633505246,0.91138084502619032,0.82025759839292023,0.92195740884792543,0.88628469956192724,0.92259498530197825,0.78548794728159077,0.89071551224617529,0.84856924133736567,0.73242571689856961,0.82994440777915801,0.90065189703936399,0.98873821887879221,0.86791317118387756,0.91081028578463985,0.87331109570856302,0.96177278831954272,0.99534610248817046,0.93959683420363416,0.8025018475524387
0.82340852626836158,0.84615814469943051,0.81552697647996841,0.95022811657196604,0.85467430672822675,0.89476742433195688,0.86826988429354934,0.80752550744472107,0.86601959869784573,0.81125524365144708,0.96099675025845788,0.84395903416678075,0.8664379433527819,0.98923455821423767,0.87550091592603596,0.91496925599737078,0.89034109792673422,0.90929036631056026,0.91303785524730352,0.97765573132876493,0.91419448886142274,0.91197309830553697,0.90760489907285025,0.95593300044819052,0.8709625289466314
0.86603928083896065,0.85758377009108822,0.86571822966568868,0.81172125369714565,0.89770902745613934,0.80443849862452399,0.9431303994181145,0.76843925238752808,0.92456786156240667,0.87793415894088711,0.87451859424548861,0.81088599020819752,0.91570447824270251,0.86954484633035944,0.89163939132013303,0.93892443014635152,0.86882359948430199,0.9095914734363103,0.86852283676763764,0.86355520498028882,0.91910388382626118,0.91707554473203468,0.92934709607923394,0.91588570974594752,0.85186283160809451
0.90724390475751693,0.89455108437920983,0.88300335005064245,0.88675319780310702,0.85760916988418978,0.91359191316654875,0.88926118000995324,0.81415394945792963,0.82562797989480596,0.90458197807367879,0.88794115069530377,0.82320430169024816,0.88560912590886909,0.905246073175902,0.83185476441546191,0.95561145711241735,0.81702289020122043,0.92310892123716015,0.88138890667424707,0.90929140953249765,0.85075154488474802,0.88707134382388886,0.89215264187668408,0.93691402981066785,0.88052767491572459
0.89245477446936194,0.91060968791379615,0.90840438919739286,0.88618090166488095,0.93983596207564257,0.84712831814390366,0.90156657672852614,0.9368567700263648,0.88141645739883256,0.89785797314445415,0.95311505832908838,0.85499893086752665,0.96234330512288746,0.89350852879880993,0.84617897348696736,0.97615931847909065,0.92147844180680061,0.90218309873474722,0.88793613687150963,0.89032349106825004,0.95131523423901077,0.92841851201566783,0.86458777322444413,0.91804941217340219,0.95430028541462497
0.86571996060195755,0.900807162935231,0.81913627652918908,0.85264840390817598,0.85505641434393942,0.87940491047960634,0.83865774638446222,0.98236464690528413,0.85157743188402646,0.89409947238620124,0.93276837032451509,0.90931486332506128,0.89895908046494943,0.83711323906259338,0.83385268575388205,0.90983008030015933,0.88007760277382729,0.86957939849208854,0.74668329953169277,0.83691986357731174,0.94146074268578772,0.96485969067764588,0.86201645456961529,0.86213694211715453,0.87273792578465859
0.77279381168527539,0.871802359656352,0.87321638799257195,0.76695090225453255,0.86373080169350869,0.86959899508156624,0.91479190667601251,0.80815436514897054,0.85570860960215278,0.87799579626911772,0.98421844151267202,0.87876564207897823,0.85608704950054848,0.85438038334949507,0.85959725596016412,0.93120831053950415,0.88671980541252982,0.84809861172179046,0.79024169343668527,0.88946761527349594,0.84979617984407529,0.88876893199235318,0.88877607673779968,0.79956545982575389,0.86209020785777324
0.89323831247826313,0.89106599943880815,0.89070459228588506,0.84669642929341649,0.88023285120367167,0.90592504448571654,0.93992179533696929,0.84815687472613788,0.91056589768220053,0.91360295206395448,0.94718473556673533,0.84832019097099198,0.9413038179171721,0.94807895035681466,0.88783005450705033,0.84630302269418611,0.86240272560707787,0.90774340806079012,0.56928115031289794,0.94318109056701116,0.94338026618627857,0.87381286355413035,0.82354601060002286,0.90403610665047007,0.84610558345537024
0.91581954951072253,0.89676139766124141,0.89795378929174674,0.79285356701148402,0.8465354295453883,0.79914735854068053,0.88266946938777691,0.88274080597687532,0.85476661683238231,0.79905073887345102,0.95698732857047952,0.93333975353452159,0.85863524710987249,0.92949536553596457,0.9493860827946039,0.96180103272205575,0.98134683602722439,0.93576206727192091,0.90223364381918836,0.88170439961044433,0.96407682601542988,0.94154417662010548,0.89110380468647576,0.8411385128741653,0.86113268156875988
0.87735611477292919,1.0087865525062125,0.86512558834520192,0.80680647464986666,0.86084284145847068,0.91426840116323349,0.89455898750131169,0.87336767863169051,0.88102971235440009,0.83813171714682833,0.89028169003003832,0.85990806828593014,0.91537509103217141,0.90808211975020925,0.80237028971614843,0.93214334837327195,0.92246027650585316,0.87909375829212999,0.87199763444407141,0.95254496336452732,0.85020193448014747,0.84769443926655108,0.89276007347951292,0.90249318116085209,0.91850411942308097
0.76195126373793731,0.99199991968328871,0.91293534729361592,0.9504615562703399,0.88348352291817522,0.84810672959292077,0.88326838357547888,0.86017068840213518,0.90564656800861831,0.85265214524831234,0.89463222810749865,0.91792900962502055,0.90332909298130604,0.90777217419186629,0.83905589393475577,0.98365057419770818,0.92174971404054051,0.91339904983227549,0.84232379952607905,0.84967857102852751,0.97326813806521528,0.76000713702768652,0.79169200932226225,0.86209715057945413,0.91825422527174494
0.96446265761559935,0.94443605394323271,0.74500101158995213,0.8376486434609357,0.90466965559618573,0.88639023100679371,0.84050244246164563,0.92893706780493912,0.86126894508570273,0.81872459153659138,0.93271120642432648,0.84445819756925322,0.91706051970578906,0.90992180227941943,0.82141935413332345,0.91555372158694648,0.86742594753684388,0.91730921895730488,0.88039322073295712,0.8870683609074399,0.871185187135182,0.90543835753576929,0.89920572433977808,0.89621815476372957,0.87975708538359132
0.89578173356863455,0.81894377486145331,0.87104204281228936,0.86720816480544227,0.84908500544901488,0.80725707096647559,0.88517652271177294,0.8589479552489131,0.91634451597781907,0.81078295357494201,0.98358974367451069,0.80377822862110726,0.87753105113122198,0.86958045433378517,0.96649476393849632,0.91064333850488155,0.94052530147122848,0.9056981876816349,0.85138063782393392,0.84034819317874099,0.89718321016700409,0.79184554876416435,0.89670357817413782,0.90683402904529775,0.92192106081626601
0.90367699863211204,0.88288595599484132,0.8664600766358701,0.83608341571487266,0.87771011004332478,0.84868174431389642,0.89620358722063365,0.82821703786683787,0.89311500226164142,0.8620103925745819,1.0189313494221663,0.79063356214243807,0.92780782173054843,0.89969806300958599,0.86164662966776362,0.80981638530413702,0.83741242663023518,0.97573879890321891,0.87538055543634707,0.85556622436400742,0.86624500658978976,0.85460218260466458,0.81291339709636801,0.85533163672758317,0.93263547514555245
0.88659582860049901,0.86403893042073809,0.91316365587258364,0.90006258282844376,0.83518244112897033,0.85730233608488193,0.81554271951623536,0.86461374809090108,0.84952388556651004,0.82369105132548703,0.92355821083432621,0.76965362024931794,0.88638579155441044,0.90518199179507042,0.83888241670402408,0.83154835375440794,0.93373078383773578,0.87677505497468555,0.83540178671126819,0.8472887753596331,0.94399882427482518,0.80130746165697653,0.90893249539115128,0.89851616354518793,0.89362488424678033
0.86957328029004055,0.82690525514315383,0.7833449727141284,0.90360137438574362,0.86244956211218815,0.93634222583253457,0.73527540695762317,0.86292157130685909,0.94116142228399335,0.90456175862834687,0.84632875788625872,0.85143189507799977,0.8425354146796501,0.88275225031666715,0.96902008873673762,0.90074827631281229,0.91217532085043773,0.90349374124667103,0.85107980750335011,0.82223512080246297,0.91800848727439655,0.87379141264554827,0.80356717130083899,0.92465993694918525,0.88028328265479228
0.88041086289132353,0.8393259379457243,0.84167093128883275,0.90372153463646654,0.81296174033379764,0.87681005733145645,0.81625141190795825,0.82485855504155059,0.8817656236114243,0.73858907450374323,0.93357206160923545,0.91722960003626697,0.94336402461304369,0.91272087533755131,0.869518889030094,0.87863198064028425,0.88949432191565625,0.96946268981209716,0.89856005055752675,0.85895348911490677,0.97393468340327238,0.89312103965635081,0.758889851390814,0.85020640382172719,0.81865849447630246
0.95522110619927425,0.92412117304844243,0.89798263943637324,0.86790078147999994,0.83423573498191195,0.89701808450244169,0.85517422046486236,0.82326969835543717,0.90896523633157145,0.86446900467100707,0.85666065878569142,0.8640620352383056,1.0312489101295128,0.88784511011119105,0.69038728112008496,0.90243714174830347,0.92192438217114847,0.93061514874059281,0.83785354574220572,0.79689662893105651,0.83074413894069987,0.85135251685551794,0.80178106667134674,0.89785079633962828,0.85905285580672119
0.8428913760997393,0.96066124736328085,0.89818283171274738,0.86977989961318336,0.86875706013199383,0.84043338737907547,0.89838405863853588,0.79687910116669625,0.95015306345565143,0.80796213177608678,0.85561682514513593,0.89322410388400852,0.94869423640236161,0.99346702899986716,0.85297435534720412,0.94649491436216682,0.84037183269811522,0.94877852867461365,0.95048914459106693,0.838396018415417,0.82033225448992619,0.79593220436799006,0.7311150788931331,0.84948086894415287,1.009227291668634
0.85106785425285347,0.87281137870813053,0.87351900676326655,0.86415039657743098,0.83021295629769676,0.86197424773499842,0.80104171430227467,0.77305019236121642,0.93105505020091195,0.89721894144494485,0.8769852827015262,0.91894405438862825,0.96313233485081617,0.91509646136617362,0.79626668229147657,0.93670965615472168,0.8579900040871703,0.87083556380675675,0.8240179891821261,0.85274215905826767,0.93345448561807076,0.85122945895744118,0.81223262146298381,0.92417566434432219,1.0076389289218215
0.90172472265197567,0.90377866992409328,0.91401295596641485,0.92652267190083082,0.93000961874936383,0.85431691637937002,0.88145958415272185,0.747840540463653,0.9169670879920665,0.94928503076991533,0.87111923733067331,0.9933560901788554,0.92927874659788612,0.94364360287068416,0.89635905203141308,0.7762514934949245,0.86030266344879047,0.87629072707533973,0.92587487986174966,0.8898513321649818,0.87350455193917742,0.81372847774773771,0.81862075816543955,0.94820458507316807,0.97578871162714187
0.84959359800247192,0.96708342530602565,0.83986295261583321,0.79799845734442509,0.91741095252820815,0.84051444714578039,0.89535219065821492,0.90718418983080717,0.97879376304802801,0.94952643977900464,0.83094404444505188,0.97550506935511816,0.94239032671680301,0.88001749390666029,0.85921275715500167,0.84917637002381552,0.83061584142575395,0.81369358876042819,0.85384433835288209,0.86037092672585058,0.89420270754456621,0.85999776685766738,0.85152020087501312,0.8723610320251971,0.91106911732126206
0.8377048947707445,0.91521471252557529,0.88332175581288697,0.86886978634144074,0.99411967597090889,0.88580018684205442,0.87048106267746594,0.90725387739818386,0.8950796233281787,0.91681878172648901,0.90552733825775944,0.9600985824753473,0.89585418458784827,0.97178004270698215,0.92593731991779726,0.90013866075502147,0.87951712213793687,0.89753872340584129,0.8367660727976457,0.89859745117427547,0.88886901529716811,0.84849457833322151,0.43064045366835141,0.89664871489123465,0.97385932282185395
0.82726027437942862,0.973906040090328,0.79441237953158783,0.86823702142175407,0.98001968392469152,0.90961189489148753,0.77756567984721792,0.89147276281734023,0.83525995481141935,0.83316537682275082,0.88407001264321861,0.91003723940067294,0.87679427305347524,0.88157379963765603,0.93889536879638158,0.88054643922466724,0.92486227756289185,0.89279188007510901,0.89509268208340464,0.90019085681848798,0.79570846510984494,0.84453368318336197,0.84794000167280381,0.87795839670490383,0.91239555101099057
0.8105581812858681,0.87968702303272084,0.87908578320117903,0.79576890398260935,0.97475194955189182,0.7879323135272267,0.93166088997698859,0.83882593197828081,0.84460949410593678,0.92171889863828227,0.88117777819132304,0.81277215127584523,0.91766873924731829,0.83745125347880622,0.9169033353173025,0.89392103759953423,0.86833773932692027,0.84911080047362086,0.91627247388948019,0.93910762116041013,0.90828659795809519,0.87651562296580332,0.96101255754048276,0.87495497861885163,0.89859271709337696
0.8098856812742129,0.87288404854567347,0.91431289694550277,0.84721347566486682,0.94400027442390744,0.82716950926463628,0.94950667099493335,0.90821032180604977,0.85171936244449575,0.92106409312255011,0.82336419869284228,0.92125950722715777,0.87605857486896699,0.87232325318801718,0.85621339816950204,0.86432160542460834,0.83755915921776636,0.78333824680938369,0.93742301199439104,0.87565677948684684,0.90984325724411386,0.81622366578624739,0.91724995492220351,0.85684403055033465,0.87567889235181073
0.82974053297904959,0.87283304406589335,0.84992494739691171,0.80161280784446998,0.92482353393902217,1.0115208213278428,0.87788135402794043,0.85555513638884828,0.8690877718954434,0.80980603719367061,0.80305654738737142,0.87619096112887596,0.89438520107489861,0.85511349793549662,0.83164503196898742,0.85779294567057163,0.87455242209016382,0.89270840196599321,0.85658592254811461,0.88688523893037274,0.87852574988681142,0.98714081445105373,0.95237979904990278,0.90109646201387317,0.87211290920689899
0.83069430521886312,0.92392457984265763,0.86018072481145502,0.82541868885605996,1.0120812496477456,0.90416457318337307,0.89666009955707104,0.92729248272382658,0.93372094724726373,0.93387545701131591,0.93227977396887551,0.9354222463417543,0.90196316322757664,0.88502620529702958,0.89965107030568914,0.85017370201338582,0.84218803062450998,0.85081806113025227,0.89527634222823693,0.84729574722710621,0.84552345258291861,0.84440347202593302,0.90958482448528899,0.90440815253083628,0.8251306112885074
0.8298166361448458,0.87539549926972282,0.84497981806673128,0.90229017059815819,0.89926639724551571,0.93554237077383662,0.92591246887502487,0.79238224258553813,0.94357626397554761,0.8959791346612912,0.85571335608276411,0.97627978699405493,0.90944787844128616,0.80809623330885938,0.95784826866966233,0.8625118600827929,0.86845147849324167,0.82980952044963041,0.97818460954622444,0.8325408081342347,0.87505254412485145,1.0232531752423162,0.9448212645466797,0.86648869689075392,0.87064008323117603
0.90920579255036105,0.93261970883998124,0.85721705195703568,0.89953853582719523,0.95393365624081217,0.87359307603745096,0.96955848172006331,0.89609110590690244,0.84354690582193248,0.83723778181820996,0.79856322383142053,0.97293831215397997,0.94224601181954737,0.88903450232265169,0.91273002640666279,0.85694843656687392,0.83652381152651512,0.92194299578756489,0.86801003399080567,0.82553296908764018,0.78552717667232708,0.96575526497851893,0.87726104302698116,0.8641196364363104,0.91955806165451293
0.61939281957398407,0.86162644701291513,0.87840707887947611,0.84119682691763265,0.97397211038919074,0.93338280642705351,0.93217336640125048,0.90495492021251578,0.92712492092422216,0.82777427948839277,0.93400837679294468,0.90002079986382078,0.9274827075337142,0.87512048072306137,0.9255958677180206,0.81981888147527071,0.85294719426281762,0.85090818780019239,0.7961126912261115,0.83092926672487466,0.89110179741530549,0.85679566816868225,0.9253220699114989,0.84969230895732695,0.81606512448642354
0.85561978507181136,0.89482689184155328,0.82963895617087402,0.79485793018015682,1.0008008355340596,0.87306650321912216,0.95856746936122128,0.96312293647596414,0.67938830319437349,0.94003915620231171,0.90001441744853972,0.89929169425223343,0.88352799561333728,0.89109340198654918,0.84534633002185666,0.80867183390576292,0.82110703459503998,0.87834381032291631,0.87500567587783307,0.7071548313153817,0.82324384228283876,0.79301962571202111,0.93017906086042856,0.94914907924182101,0.89434978051385228
0.86018778466217083,0.83357564183899335,0.83488003274658507,0.97215054598266326,0.99120948271860843,0.94552085527570007,0.93315166286811069,0.87782393916795898,0.9130688283637699,0.91266845659185214,0.68430047530252824,0.86253142729368648,0.88410094272262252,0.84864382845324238,0.88446337499594785,0.86073849584119955,0.85677704276239219,0.84459900943726152,0.87058971663114504,0.89894397718786512,0.88246565477262107,0.95647163185335327,0.84786181485572731,0.88287320367681632,0.87903564505836285
0.815876583380022,0.85474420570110843,0.843439222124301,0.9019101257979466,0.93714792020066262,0.85421827187369781,0.91328653856812081,0.95083333449238794,0.81828362223597806,0.96228051691365923,0.98050801927228248,0.95500390992979345,0.770880054088108,0.83585436080756592,0.84698797481135335,0.87436725888260025,0.89478244902453274,0.94171368226379237,0.89341129897948512,0.93899496178484398,0.97073132763392511,0.97709635115044469,0.82652743499674475,0.9197641643944019,0.86260790740366877
0.86448331513656063,0.8713437429321903,0.85294036844676924,0.81966303941098728,0.96370566467521368,0.93074674411301783,0.92504472839104102,0.96438766502500284,0.91712168209157408,0.97155875604871933,0.91468041788050292,0.9200628821160689,0.8865960767950285,0.86044896031577467,0.90395757229822105,0.81614430775098179,0.8930970879044321,0.81247301383204729,0.87923165413123372,0.88412260340258686,0.8279113208105775,0.90663482609396107,0.78339200909580442,0.96997986325498053,0.83950051998906505
0.94663317284065673,0.83349100018136923,0.86022963756158299,0.8951155115305004,0.9802306056141713,0.9113866191631973,0.97786580787071176,0.84940833012786265,0.85953776145011229,0.91040393834115607,0.89708007075638707,0.90813830778685922,0.90332611578945698,0.88297792449836832,0.83831333992550117,0.77752541644620266,0.80530579791036594,0.92387740638599614,0.91190966387474437,0.86270458882884637,0.8161681260232353,0.90756693562107915,0.87867124378500427,0.92232531189883038,0.91199267009119245
0.90543941204054834,0.9253438563440779,0.85294781684775867,0.8326553458015068,0.84226000105350385,0.87078921950558774,1.0089429046818634,0.94564698470120934,0.8786990797773846,0.8648114855876804,1.0337673539787235,0.82798330987746704,0.88324295969016542,0.90039085338437364,0.90942903719809354,0.83000801301380511,0.94187873018415957,0.91545737303142882,0.96917848284507468,0.99240338087423074,0.92840812735787381,0.88178787740021258,0.90299059683462402,0.95597894671764427,0.94566788132558677
0.83722236663830762,0.88317262647970496,0.90412832380795649,0.98490135022575021,0.96267715424625055,0.87815987638790061,0.96830947427336533,0.85209829409419857,0.9926341049372055,0.96575904653469624,0.95051604290190017,0.8579353154541397,0.85944793165405731,0.82162841883938065,0.88338136777009835,0.88855596164521244,0.91735297649250147,0.8914880282442128,0.94379310248557002,0.92094538693068062,0.85506413069687226,0.82729183634228365,0.81184022113751531,0.98870499514798604,0.90380808453538142
