-1.785893443808151293e+00,-4.255475915448870272e-01
-3.001024259125950611e-01,-1.000924835988362682e+00
1.283561511013326939e+00,-1.833419398638749254e+00
-7.402287500209598914e-01,7.989171378323464134e-01
5.690520969036801935e-01,1.535843160469325452e+00
1.545241798208139228e+00,-4.985478352391966017e-01
-5.088304440406515861e-01,-3.141520850973735790e-01
-1.714282432699017367e+00,-1.261870478334471413e+00
-5.910255762292350168e-01,2.788354194266864372e-01
2.953761451511898728e-01,8.916587876060362294e-01
-1.138383754988675278e+00,6.803158135691427244e-01
