-1.855648019718165453e-01,6.448283727303146806e-01
4.719035799203924464e-01,7.797635334199571888e-01
3.266288653775647477e-01,3.863320615345510189e-01
-2.804429523591618345e-01,4.976497632530270110e-01
-3.226670146222853086e-01,8.409784483533856714e-02
-9.527714227172195960e-01,2.113804659104385752e-01
-2.094464086744446951e-01,-7.813279971114769351e-01
8.190470955620249294e-01,-1.954501340945625110e+00
1.381750440231951593e+00,1.235133890359689790e+00
1.471785755539512186e+00,5.647288331093326397e-01
-2.373296710219365002e-01,1.909195984002250712e-01
