1.286515142698238412e+00,-8.972574962480661664e-01
1.975598758928829857e-01,-5.085939670838482973e-01
-5.288185362177431070e-01,4.153315858863720345e-01
-3.387117131474852161e-01,8.803080522263762031e-01
1.711601014703090506e-01,6.586382406123325595e-01
-8.381971230445249554e-02,-9.937046099867898885e-01
-5.360724634115761056e-01,-4.432207116114570550e-02
1.919915612960416906e+00,1.849964656205566271e+00
6.534028941341447627e-01,-9.861330191524214639e-01
7.055183859959794912e-01,-1.755866125407980149e+00
-5.266648415639021419e-01,1.118409604594197138e+00
