8.743899806302325717e-02,-1.918625361320305922e+00
-1.254795789385882543e+00,-6.933434556591582254e-01
-6.607938859273930765e-01,1.013454666278261057e-01
-5.393413401856832490e-01,-4.108967960282735588e-01
3.918706880290456218e-01,-9.546731909063800314e-01
4.041955303563878887e-01,2.060522431920051023e+00
6.247494329868816809e-01,-5.231387226557104864e-01
1.140779153723181727e+00,1.521073679122464384e+00
-1.346490055928191154e+00,-9.952016364837527884e-02
8.477790673902422247e-01,8.482249586016545884e-01
-7.912840984175573134e-01,-1.015659909014956064e+00
