-7.125419728794373242e-01,-1.720274208440295327e+00
8.124135609898539001e-02,-2.097844556804549787e-02
1.067720676601268348e+00,3.093918568399375291e-01
-5.414018969566337658e-01,-8.979556787293064835e-01
5.393418074728324463e-01,1.263410224394454717e+00
-8.727554559317269867e-01,-3.322765917591998241e-01
1.372641958818459962e+00,-8.049094747231975155e-01
-1.003423302581342991e-01,3.837094810710907078e-01
-1.026550501592481845e+00,-1.451552783420350545e+00
-3.016358982602097144e-02,3.856480642795362956e-01
5.889756047035044073e-01,-1.321007992469812820e+00
