5.371501493674903926e-01,-1.515350166994087477e-01
5.674113315834269922e-03,-2.272340585270878677e+00
2.423878248861797147e+00,-2.225346370254058126e+00
-3.075125969367913381e-01,-4.323240917270532169e-01
-1.545189785178917141e+00,2.356064922974989262e+00
2.101382409498430803e+00,-3.525409739842817747e-02
3.002541614688953864e-01,3.049860030695484281e-01
-5.630080300546279615e-01,-6.595194521088366679e-01
-9.106194320866495273e-01,1.276522020765044618e-02
1.034684061239925235e-01,-4.941616382836245824e-01
5.508944479118134119e-01,-1.039527694990146633e+00
