-1.026225907855501385e+00,-2.494610761680399191e-01
1.689639224410399265e+00,-7.666755624936031355e-01
7.293287356933148002e-01,1.413817003832143371e+00
5.665129876427908995e-01,2.414182666888573664e-02
-4.220162148689483028e-01,1.240888845901079174e-01
-6.264625126700292812e-01,1.637098759278260873e+00
9.819189060803087954e-02,4.700804966156518216e-01
2.148547378235327598e-01,-1.091611077145449915e+00
2.729527177492016565e-01,1.516852110919057361e+00
-1.452793749473698881e+00,7.136621144082980761e-01
8.516271074728422041e-01,-1.774656078492404532e-01
