-2.002201713836321562e-01,1.448743753882351992e+00
-1.284916973625635839e+00,4.614503795421221466e-01
-1.163522104304642313e-01,4.180064591771344706e-01
4.079461154195284656e-01,-1.045335390646766394e+00
-6.549382768770535268e-01,1.525891714599231452e+00
-1.727617444632257193e+00,-1.518265693619468559e-01
1.375093519585207202e+00,6.931093105744270400e-01
1.197189580148565746e-01,2.995211029066342512e-01
3.346407288026312377e-01,6.116455932883129165e-01
-8.506528109409708382e-02,3.083971409615710590e-01
-5.815227505511835204e-01,-2.582328304029527732e+00
