8.125170097348357601e-01,2.889933847426702784e-01
2.486182851316856457e+00,-3.954425954634824825e-01
-1.490986446706421553e+00,7.596184045003141483e-01
8.835945343199634872e-01,-1.970461666063443973e+00
-1.753098662007065212e+00,-1.165834312958564656e+00
-4.078408349108820552e+00,3.233335782426217886e+00
1.587427271844982224e+00,-2.277241592684374094e+00
2.176062620667372549e+00,2.431392834026343319e+00
-1.061019156015348575e+00,-3.067601077801767051e-01
1.298333286826287125e+00,-1.109504350874164436e+00
8.868524834903386278e-01,-1.682207344840524144e+00
