8.631724611907938272e-01,-1.788965373817053006e-01
-1.877834019649368136e+00,2.597890089633883015e+00
-4.133155441958295540e-01,2.228317228995201571e+00
-2.112913058268677258e+00,1.716972477403406971e+00
-4.075465994306696760e-01,-1.578480263904015413e+00
-9.944601015529425103e-02,1.457108758798378645e+00
-8.103293694964844862e-01,-1.544811475628984132e+00
-1.221402976795255002e+00,-2.335544942601844864e-01
-5.664816140199200323e-01,-2.951430605186930456e-01
-1.809258878122976588e+00,-1.035816482346664902e+00
1.925780833705086348e+00,-2.836768577619515952e+00
