1.562643458413909503e+00,1.688632911678448201e+00
1.325253837412811553e+00,-2.253616635171452887e-01
-2.977941145452727700e-01,-1.567063543139985082e+00
6.875205547861070743e-01,-3.952371402687395591e-02
-1.056179238405468235e+00,-2.142271545618600559e+00
9.244436338506994977e-01,1.479263837720390384e+00
5.449021621858858300e-01,6.129861750618775806e-02
1.033317534422684369e+00,-3.808894941135353429e-01
-6.801390383425184316e-01,-3.251999337004308210e-01
-4.712970294234739010e-01,4.809077436680737894e-02
4.718926432550429317e-01,1.802225474924293580e-01
