4.296907169797913317e-01,2.471174911828196152e-01
-1.345264758070011002e+00,-7.046827469351680806e-01
-7.264641934662190437e-01,-3.394974540434717025e-01
-8.131161767204595492e-01,6.731812718073887369e-01
-1.141152541525079389e+00,-3.466574284916628113e-01
-2.924499181720699448e-01,3.936108485759872710e-01
-7.873437561167377918e-01,-1.272506870108538468e-01
3.292741986521700026e-01,-2.002104631260764211e+00
2.260253450038957612e-01,1.136498265567836841e+00
1.126835436064337781e+00,1.083978407044107195e+00
-5.087531581588006224e-02,-2.214799284093809995e+00
