5.399543398995513277e-01,8.631064981155704974e-01
4.089379631449608921e-01,-1.376953652949665374e-01
1.030659399787200003e+00,7.413370022118799252e-01
-4.779688453450061103e-01,-3.179331374248612896e-01
9.623059841197161290e-01,-2.148333909130861308e+00
9.052741195343775304e-01,-6.221599306216536451e-01
-1.700993532477949044e+00,5.153752151027326533e-01
1.088002900342915913e+00,1.200117740475253658e+00
8.022385970335897953e-01,1.209995494254965553e+00
-1.723233610980398733e+00,8.531625738002400761e-01
-2.135891455953537743e-01,-6.501063886560355387e-01
