9.616912481918599154e-01,-1.527837956654872542e+00
-1.646825373643997503e+00,-4.881100110068655185e-01
-1.651182352386969976e+00,-4.453326619252863661e-01
-2.345330065343246284e-01,-2.295297401843680515e-02
-2.163316929599380378e-01,3.303677836894464703e-01
-1.162032692436745007e+00,-9.038872259984318536e-01
1.481267030040320565e+00,4.934379269739552765e-01
5.850141027742348232e-01,-5.198964899373731408e-01
-7.082599973863866749e-01,-9.577957140002468783e-01
-8.291264891921938940e-01,9.271306612441007067e-01
2.084748253782942595e-01,7.370237612194865395e-01
