-1.657256582493413344e+00,-8.834685374212193354e-01
-2.230172747609979189e-02,-6.324528306703487424e-01
-9.199323503767197208e-01,4.100347026548867291e-01
1.935659408860420372e-01,1.286316730264485120e+00
1.321937368881551944e-01,5.702568099070511876e-01
7.291311618235440939e-01,-9.237803849704609993e-01
7.818542029205668431e-01,4.898113020049159050e-01
7.347832497728892243e-01,1.491524878396412346e+00
2.323860128032253711e-02,-1.346290034349342801e-01
-9.213362240501216105e-01,6.373478281555524649e-01
2.545372754353912303e-01,-5.769491232048084006e-01
