-1.788770411017611472e+00,-1.002884827340810192e+00
-2.089425978926125194e-01,7.330392893581340052e-01
-1.290224859464726981e+00,5.781687330365807842e-01
1.457869373219690345e+00,-5.872884886458556997e-02
-1.993070568071790616e+00,-5.773385472815761865e-01
1.904772342132864615e+00,-1.640515873444984507e+00
1.625329662380373907e+00,-2.255644290296476839e-01
8.946215270111984585e-01,-4.046709948614201635e-01
-2.546856776145120516e-01,-3.936381530717592003e-01
2.116331954591643694e-01,9.901274260266863525e-01
9.028545680092388004e-01,6.300821652161111563e-01
