-2.459342965132403691e+00,9.498278651021252461e-01
1.756229162684427303e-01,1.231339705715490895e+00
1.601750532644831582e+00,-7.919504574001761110e-01
-7.603125759064011113e-01,-3.060932387632989138e-01
8.591288147503195471e-02,1.056753493633716623e+00
2.116428470095748082e+00,-1.283929964678965030e+00
9.613376973969957051e-01,-2.201408940720960827e-01
-1.051159556780268192e-02,-1.565562733867337908e+00
8.471960104011826143e-02,-1.093186428501686569e+00
-1.829512431097161329e+00,1.195803771610588706e+00
1.289766564129617654e+00,7.367673110315245966e-01
