-3.986304899959830506e-01,5.531371978699293201e-01
-1.037383383877435727e-01,-4.117017665508788671e-01
2.290002741006747222e-01,2.777197836859451208e+00
8.715936417872980346e-01,-2.713910660448395351e+00
-2.204382920260710144e+00,-2.710353934865136205e-01
-2.799097675328690582e-01,8.356002619113002128e-01
4.968768797728524422e-01,6.742935529570809328e-01
-8.727108840697063163e-01,-8.520993728879937557e-01
8.406026418281717927e-01,-3.227954164242752277e-02
5.458725597531036144e-02,2.458906512087585483e+00
8.788536581173340967e-02,-8.156209142173034832e-02
