1.938915783347007829e-02,8.606269602212690550e-01
-9.922050212667639091e-01,-1.212734333755025817e+00
1.732123259163354412e+00,-3.250451133251348046e-01
-5.076272564715036406e-01,3.023516940129567995e-02
1.578363211659042475e+00,4.450654597409802182e-01
1.044772050218047310e+00,9.998295793348852545e-01
1.122204269114090769e+00,-5.362329720960906654e-01
-1.448174237533201625e+00,-2.052917591482674720e+00
1.786816506400783489e-01,1.452894011895229820e+00
-3.906970875728462030e-03,2.021304084610730634e+00
-3.072173379870382637e-01,1.887866530530055709e+00
