6.777545485337498343e-01,-9.299315248675688039e-01
-6.139307567960128331e-01,1.010634065841738094e+00
-1.322004511577575328e-02,1.346936333408065511e+00
9.276177167502744347e-03,-8.048871227940357365e-01
7.728903511120440717e-01,5.277246201922942692e-01
-1.529047495832142722e+00,-3.508058443529387671e-01
1.865508099482460880e+00,-3.184355365095793977e-01
-1.527510035575788017e+00,5.185963934003044729e-02
-3.737702472064510784e-01,1.041800071990915066e+00
-1.077892895863090672e+00,4.441978764554349035e-01
-4.819859802266554527e-01,-1.109323202369010053e+00
