1.154044499624113262e+00,4.598876639201348038e-01
-3.122429574268967833e-01,-1.843383032180985426e+00
1.169288886647123382e+00,-8.459923240091404839e-01
-2.754724533863500691e-01,-1.628978188714425235e+00
1.822358970101621845e+00,8.750434405080593780e-01
-2.168309396056196992e+00,9.982703481705607063e-01
-3.676917113229359324e-01,2.480540514299646837e+00
-1.874015978866936938e-01,-1.004135545171628063e+00
-2.766956377184866256e-02,1.612961355625300852e-01
1.155186819345794591e+00,1.031083146104676829e-01
1.243965596871563939e+00,-1.096238620998295943e+00
