1.564826640553958592e+00,-1.326282243257866922e+00
-2.053981744498709183e+00,-5.438946366023392209e-02
-7.163544635038154862e-03,3.036345646980556992e-03
-1.361921229925483479e-01,-2.719050640087755655e-01
1.117590048475434195e+00,7.278272821492004496e-02
2.961607543523774033e-02,-3.110603313293635597e-01
2.979247687392227451e-01,8.391462733806603902e-01
1.071102347776920594e+00,-4.022644567788278280e-01
2.957491278715252747e+00,8.337369491474855288e-01
-1.794943750417786199e-01,-2.251104361034627299e+00
2.739984750026424054e-01,1.617955062303639280e-01
