-1.937780761344146008e+00,-8.744744255314801373e-01
1.958709747069603546e-03,1.926162290531324039e+00
2.913731211798502030e-01,-4.355878595832142208e-01
1.867555393469050862e-01,-1.935194263190293640e+00
1.124966686485552536e+00,-3.820314543646301519e-01
7.734653865100387105e-01,3.238378199660185003e-02
-1.688436550609285991e+00,1.160332180297141580e+00
1.069208932702660375e+00,-1.268898778895167334e+00
-4.356248150665533725e-01,-8.053356228898992386e-01
1.116192212475341838e+00,-8.296513684029365177e-01
-2.020071130814530491e+00,8.439901689087603298e-01
