-1.506243285233798135e-01,3.947666248623642460e-01
-5.344554036026155641e-03,9.659828416573579268e-01
7.198110065198418672e-01,2.939392718865471155e-01
1.948049299576957161e+00,1.367522125307385261e+00
-2.076860290074599991e-01,6.541142617465571796e-01
-1.171039926884852811e+00,1.481980133224382046e+00
-1.418369037310677205e+00,-9.883953770685320883e-01
-1.003521849966173995e+00,-1.910485810988140354e-01
-1.553438987574031982e+00,-1.300692185424800362e+00
-1.488455453466753786e+00,1.497500575144211865e+00
1.248681590275604103e+00,-1.401298206484995035e+00
