3.912684044881554191e-01,1.025139882125951224e-01
-8.929778380842594565e-01,-3.680198375889667806e-01
1.869538843742953593e-01,-8.030506538377023551e-01
-2.738317321882052235e-01,-1.854665657829524861e+00
3.447045376252821924e-01,1.359126949393592909e+00
-6.235803886934867535e-01,9.611846020325126583e-02
1.269794361622238688e+00,3.130300095446100217e-01
1.951543644075369510e+00,-5.674411186860199852e-01
-5.570698565634121802e-02,-2.838447288677761193e-01
-1.374086281065521956e-02,9.007510502666440377e-01
-1.625742756283040213e+00,-2.635942543346811995e-01
