-3.181510468076250570e-02,-1.092881451554073902e+00
2.409139211063998365e-01,9.418686566889240830e-02
-9.120140181993835471e-03,-1.588651431189602059e+00
6.488984235500693254e-01,8.983644266320054417e-01
-1.341828354405987245e+00,1.659883484872658688e+00
-7.072587589381124085e-01,-1.968620334879556788e+00
-1.360847294323641821e+00,-2.099297569775111949e+00
1.064889180325155671e+00,-5.164071696535763589e-01
3.543353230917832275e-01,2.585914201605423735e-01
-6.066183817881106721e-01,-7.706340901597699133e-01
-4.285716796283305929e-01,1.581483602377020459e+00
