7.856255242937886310e-03,-3.524264201406940300e-01
-2.050592872502804420e-01,1.286311165979470594e+00
-5.554189824695989763e-01,-2.669787360793984266e-01
-2.099056826832181866e+00,1.709533211087940430e+00
-2.078557325131775713e+00,3.480193030717756986e-01
5.409761819040896924e-01,1.916938614203738345e+00
-1.675873562044579435e-01,2.969494783363118895e+00
4.667476296016875303e-01,-8.302963213332844594e-01
2.168495463627500452e+00,-7.549378109730168207e-01
1.170605749975423659e+00,1.415205329697872827e+00
1.061766594391146956e+00,-3.505687316858523417e-01
