-1.000482406854878992e-01,-7.602008805376497813e-01
-2.544565621729077076e+00,1.201326481054866502e+00
-4.616597525514530287e-01,8.872371390726097040e-01
-2.132503023744448445e+00,2.171739557498110207e-01
-8.560876536677107795e-01,-1.097611237094586745e-02
3.296049785370378515e-01,2.914853339056364123e-01
-1.348076048939985006e+00,1.768972539323711568e-01
-1.203413097321659020e+00,-8.232416676991337612e-01
6.572831868817027856e-02,-2.832255154759315552e-01
9.945700098124748978e-01,-1.224618483867128793e+00
4.234096070426147107e-01,9.395046351364526593e-01
