1.205815928912294055e+00,7.210658928243790511e-01
-2.222897101346246740e-01,8.831820974174164895e-01
-1.423794320603811059e+00,7.627839233544562170e-01
-1.145282004690562294e+00,4.717488805264962171e-01
-1.769253783816105985e-01,-7.825282468935594871e-01
-4.746830119032399153e-01,-1.691021108609522594e+00
2.799280888399822587e+00,-1.617800470257233503e-01
1.146709559696493130e+00,4.745272842665422819e-01
-1.212013963104804221e-02,1.434137068120180603e+00
-1.071113796614580727e+00,1.311689085562125934e+00
4.957348118379029112e-01,1.456630781052933865e-02
