-3.168071886043832275e-01,-2.214373605075633744e+00
2.408782566184710094e-01,-5.879014701122675657e-01
-1.921640180987233215e+00,8.456760685232567187e-01
3.465559240449472833e-01,-1.065898874942088348e+00
-4.876944105508146943e-01,-2.781205403830078193e+00
1.563939774364615287e+00,3.268686839976481240e-01
5.690453401118616972e-01,-6.974656321867148678e-01
-4.105414157314533075e-01,6.335113356033176268e-01
7.731884709044750670e-02,2.715644575127074134e+00
2.166639369993528588e-02,4.553752510883369853e-01
-1.652397637520922835e+00,1.632464008756547846e-01
