7.272059331377883629e-01,-1.416618503557143527e-01
1.020851603328085444e+00,-6.844264336146671512e-01
9.497427291968993934e-01,3.245569550698904071e-01
-4.255162968885990438e-01,1.156631655244892309e+00
8.172168351588873225e-01,2.069551737087064858e+00
1.110775578323854429e+00,7.285768095615292594e-01
-2.585866673892774359e-01,1.094535642653110097e+00
2.593829702852121777e-01,1.657074159560398829e+00
2.024806252461856193e+00,7.838977619762778071e-01
2.961678363246681434e-01,1.031821318816358080e+00
-7.812165886259664349e-02,5.880171418174816589e-01
