5.924774061059452368e-01,-1.753744778282023020e+00,-7.519826900860667740e-01,-1.300153169334354653e+00
-7.423910130928369489e-01,-4.718329973534162169e-01,-1.680898723960644991e+00,-5.100698587621188551e-01
-1.017474504530780477e+00,-1.746195563336779388e+00,-5.859212652934690790e-02,1.431849327418245110e+00
2.416832972857791556e-02,1.348978068278345877e-01,-1.536568441533241458e+00,7.432950694240793021e-01
-1.994332465034528157e-01,3.679102626936024412e-01,1.609135050422548785e+00,9.776439833248248279e-01
-2.124546755363312389e+00,-2.403010548250460177e-01,2.776038781762677043e+00,-3.876902955496197567e+00
-1.955016929453768260e+00,-2.419679563372608921e+00,1.222653684543275387e+00,5.377260934350719390e-01
3.067014395128300652e+00,-9.045693821993052719e-01,-1.464808250912654541e+00,8.430264118379383609e-01
2.430717313923182743e-01,-8.928708527397714034e-01,-6.547482512064114468e-01,1.678060718722000688e+00
-2.127474685432215740e-01,4.810487533040870844e-01,5.728644314308736218e-01,-6.848884798001899643e-01
4.088932372089131739e+00,-1.239140020062970526e+00,1.896711450712902813e+00,8.138984490923673043e-01
1.265744397594372739e+00,-1.119960780800324462e+00,-1.533554078885920324e+00,-3.654083251968809343e+00
-6.407848029064716622e-02,8.762899673620128116e-01,3.982267028852641833e-01,-5.666299693101166657e-01
