4.420343985886240334e-01,-9.592594233541856807e-01
-1.653561101426771762e-01,-7.005205432294457635e-02
1.495583145441953810e-01,-1.453796531751451404e+00
3.882104423779906277e-01,2.555893642576698710e+00
1.713031274854233676e-01,1.919340298341569495e+00
-1.714409465866800097e+00,3.385672172401970048e-01
-3.492353552325983684e-02,-9.297965721921481741e-01
6.330625682978050506e-01,-1.245762147911142259e+00
-1.179430191706114961e+00,1.278673675765122475e+00
-7.576046961128055091e-02,1.833023055520860201e+00
1.207984294410942017e+00,7.396749486847822297e-01
