2.235914293230591099e+00,2.623736581569751092e-01
8.986894492785132416e-01,2.158414475343106709e+00
-1.682678729778946281e+00,1.138975641865741739e+00
-1.975290169122773110e-01,-5.892439165517621147e-01
-2.835305517357530336e-01,-2.200310330288304528e-01
5.117954169286550448e-01,-3.988857798987830994e-01
-1.146521642406249653e-01,1.032205214782930591e+00
-2.418612539940802053e-01,-1.029228987727621725e-01
4.007466409435567894e-02,-4.640860587926115555e-01
-1.455794825389122193e+00,-1.249860830875633821e+00
-1.448962407454845502e+00,-1.069099868187458835e+00
