5.407617740855311661e-01,1.672748753338634708e+00
-2.049526287497995369e+00,8.689966983124258748e-02
1.311663516333735569e+00,-2.713271010434016306e-01
2.255943913893342923e-01,-7.743229619632427951e-01
6.298099283929061709e-01,1.622345269993746175e+00
-3.857717521692294316e-01,2.722789655754316307e-01
-5.623916176836091241e-01,-1.032703126255963166e+00
4.799793360248885143e-01,-2.216075824179610798e+00
-2.878768570083852785e-01,8.776400525735928992e-01
1.821828214797430956e+00,1.241800795841019045e-01
1.016224554112180600e+00,1.912486468555278485e+00
