-4.440162052726164821e-01,8.508844809633371309e-01
5.192870625469299117e-01,1.574459692678922496e+00
2.071896417736497131e+00,-7.241090924276335494e-01
-1.676128379579739480e+00,2.933699960712399246e-02
5.649052347023479914e-01,3.033597495100045727e+00
1.805463490927784187e-01,-5.724664302035141483e-02
7.078711223666710461e-01,1.260725159843933962e+00
-9.625634094786383876e-01,8.844012637610851879e-01
-2.029778109153562049e+00,-7.233577128808986734e-01
6.799775577305932073e-01,-5.448105462318389991e-01
-1.097332796433123647e+00,5.886507230763833309e-01
