-8.372528453179519659e-01,-1.591199254190596379e+00,2.036794990158939722e+00,-9.022140972050526897e-02
-2.469224747639633843e+00,2.253962302733216738e+00,-2.152389225554080188e+00,-8.589168386446333070e-01
-3.557419493661675980e-01,1.528052878425182559e+00,6.555456346370435172e-01,-6.991620059966836553e-01
2.765719807372543082e-01,1.279161197244281789e-01,-6.864616612221990932e-02,7.077400682696755041e-01
-2.472243898766086634e+00,-8.204394528151212063e-01,2.605144815355380228e-01,-1.523183016748034024e+00
-4.479909445666224177e-01,1.663059367158548074e-01,8.574626237313737187e-01,-2.553186881885392001e-01
-1.679553613380361687e+00,1.825660621010996687e+00,-5.854897457003993555e-01,-2.756681997747464141e+00
1.034755275750718129e+00,-2.367870829764678220e+00,1.878552785832799277e+00,-1.513430659026281822e+00
-6.877678143381911191e-01,-3.865535062611086259e-01,-6.623452003502795504e-01,9.976869557058956062e-01
1.543682331836720545e+00,-2.153228282698614215e+00,1.661759688945104729e+00,-9.281760828244316475e-01
5.906931148255443187e-01,-1.185526177335515907e+00,-8.411404491837419506e-02,-1.098221074731247526e+00
6.686415199134517762e-01,1.118814195091260677e+00,1.314150405226679696e+00,-1.735809127308857835e+00
-1.544984951548344088e-01,1.852318603041049228e+00,7.034731535815351711e-01,-1.510498314776910433e+00
