7.007834547391994517e-01,-7.265994124224784967e-01
8.835893206351763673e-01,3.692045753584056178e-01
1.782369909315232759e+00,-1.104031476052111382e-02
1.914721927536289503e-01,1.967818683804698487e-01
-3.658089018004820336e-02,-9.606571182174068468e-01
-7.131571858556997601e-01,3.644925242097566964e-01
1.199863486695471604e+00,6.975353490351946517e-01
-7.228125391242226638e-02,2.395275636415009402e+00
1.157911318024839709e+00,8.824019744210206406e-01
-1.760297547366266979e+00,-1.954943112819463424e+00
-1.504122810813274258e-03,1.453423137169336465e+00
