-7.648880516565753629e-01,-1.466363233477772532e+00
-8.692533126957472378e-01,7.302935725213314244e-01
-7.812228594414936111e-01,-1.842332709714729511e+00
9.079498249043120861e-01,-5.967369856137301198e-01
2.401816613327246053e+00,-7.552874277975324402e-03
-6.674405457352025062e-01,4.495225864378796232e-01
-4.355980998572064333e-01,3.455078633341301386e-01
-8.690660366137735460e-02,-1.475381045860086004e+00
-1.765520795234399198e+00,1.121223438418817553e+00
2.420726964843410989e-01,-2.546450044872793916e-01
-1.331651993370886800e+00,3.626801191990658424e-03
