-7.568958158666440061e-01,3.402572045720615446e-01,9.192906001578474706e-01,-1.060971636105571658e+00
-6.469651010475979680e-01,-5.769997433948154120e-01,-7.816308832721863276e-02,-1.882522358243716054e+00
-2.022431394203579647e+00,-6.011376521002727014e-01,-7.426235223361511428e-01,7.309904795162967817e-02
3.665029514657670573e-01,-2.480402284988529438e+00,1.126588933194577535e+00,-3.729755332207418395e-02
1.242361240774308984e-01,7.354786063748421920e-01,-1.778985843821013546e+00,1.736106958160730240e-01
-9.821830649728136020e-01,4.299975687491435217e-01,1.100938298224537482e+00,-5.013294497548546058e-01
8.593198348574038192e-01,1.780201414200602628e+00,8.690256704518871667e-01,-3.312086647141057605e-01
2.319122940323953053e+00,-8.573709189272612496e-01,3.453260665308203192e-01,9.178118474639131996e-01
3.851291390330830566e+00,4.957809042964107515e-01,-8.495670338767756791e-01,-9.466321784293439956e-01
1.420535321737294465e+00,9.009867402743335640e-01,-1.571398060114380102e-01,-7.083105520650138098e-01
1.463445024390733096e+00,-5.243002739774408338e-01,1.155785216253535364e+00,1.556654548362745638e+00
1.296937168250115402e+00,1.688911453248775341e-01,6.602131620460343076e-01,8.410659097864252587e-01
-6.754871557833591611e-02,1.995745133346457090e-01,1.569298037550787228e+00,6.281168802439245358e-01
