-8.844450036990843256e-02,-8.713013036523807597e-02
-1.588320417835092258e+00,5.374875331602676359e-02
-2.517522108060840758e+00,3.007853404374402628e-02
-4.953326348977605265e-01,-3.815604812179402283e-01
1.153759411642944155e+00,1.003461654062431263e+00
1.459601868711506434e+00,1.856088234273471471e+00
4.742206017020551001e-01,2.540624434187806813e+00
1.472881075749950530e-01,-1.039701781233104638e+00
-1.409811566603189403e+00,-2.148565132670508859e+00
1.088475689011125125e+00,1.028284325097183760e-01
-4.554143400789509855e-01,3.258676007047951462e-01
