1.015606528454062740e+00,-1.291584857327786828e+00
-1.598924344415503906e+00,-7.025543825228410810e-01
-1.711482290280200713e+00,1.701634822452298579e+00
-9.760104574708004799e-02,-3.147606310815034836e-01
7.667157168744678231e-01,-1.156302746000140491e+00
-3.379057983021509948e+00,2.053376943349692674e+00
-4.259971316266939478e-01,1.558661291928301607e-01
7.998676654045808743e-01,-1.712732696676485089e+00
8.115876860428610229e-01,-5.394422037644543977e-01
-6.866576087957090291e-01,-1.011762189481583585e+00
6.423015536409637516e-01,7.773663031331881079e-01
