-8.123906756678330732e-01,2.728062023130826130e-01
-1.281561349033887964e+00,1.503332826682884704e+00
1.679042622623372616e-01,-8.576723661282910083e-01
5.332782382380197861e-01,-7.602165259482459581e-01
2.878747169040717369e-01,1.907348861376707561e-01
-9.048123830503282949e-01,3.188957667488732106e-01
-1.320296374721280364e+00,7.580169030317929213e-01
-9.084432009658667262e-01,1.148909392120896600e+00
8.475645480625431105e-01,9.764894552057690191e-01
1.215870716935968598e+00,-5.943918195686390682e-01
1.901363180990157220e+00,-1.546037326526169819e-01
