5.582144004813666127e-01,2.531252671704034451e+00,-3.623892305970498828e+00,2.630081980420025722e+00
-2.257268522150336576e+00,2.942714982175170135e+00,-1.908018259040569431e+00,2.878899886906443939e+00
-2.244051111730887893e+00,5.093453319841331428e+00,-3.225761469711469598e+00,-1.095691999589438526e+00
2.199033716116530091e+00,1.017168631758750053e+00,-3.277374120924168466e+00,-4.234530046913471679e+00
1.982357354141328631e-01,4.833936610221505781e+00,4.070054291633436350e+00,1.839629896117732866e+00
-3.950584900889711371e+00,-9.762134232243964149e-01,2.453026267211112721e+00,-1.071040423668099262e+00
-2.943842540672954922e+00,3.566022917653522417e-01,-1.348475148508948340e+00,1.023888287166536459e+00
-3.475912408909809681e+00,-2.771972506424345006e+00,-4.065736582224813711e-01,1.336244832876196886e+00
-1.506542848735030526e+00,-5.541981335753023430e+00,-1.687890145822868559e+00,-1.163945562127787658e+00
2.560476755841955665e+00,3.815840404782351314e-01,-6.611353533248895076e+00,-2.296605093548663157e-01
-1.446844956793950920e-01,-1.781961059792989133e-01,-5.537218437401673299e+00,-8.726785731308465133e-01
6.821902821736001155e-01,-4.977833064759128234e+00,1.176661457282490719e-01,9.424675667828419368e-01
-7.095706624644504412e-01,5.272389250636310143e-01,3.328381072887330649e+00,-6.616507786443499572e-01
