5.059376226982071900e-01,1.617793580102548034e+00
3.423982139879244713e-02,3.174659301476986384e-01
1.581455396582021056e-02,-1.125998801259908921e+00
4.557548596621232573e-01,1.828550361717966866e-01
1.827044249934223208e+00,8.767731638190947585e-01
-1.540203496869468891e-01,-1.626750579810868347e-01
1.622687627354395756e+00,7.230125972439400694e-01
-1.039932234557412016e+00,-3.533711348093895865e-02
1.951176428518199002e-01,-4.785364318567384978e-01
1.096590333092734681e+00,-5.624299184258980677e-01
6.305149085881932292e-02,-2.599118977875655712e-01
