9.518695955779027384e-02,1.342751775116416635e+00
1.759368600907418534e+00,2.147267149142573217e+00
-8.566842361130952432e-02,-2.165803058791153202e+00
1.054034941481420296e+00,5.857821742420037392e-01
9.832967398039678120e-01,-8.404550920937746417e-02
1.942904709741335445e+00,1.614280868723318163e-01
1.237002881858942471e+00,-2.099359596901521907e-01
-1.598489606759875004e-01,-1.563465839809812685e+00
1.441539585590937644e+00,5.468511331275309473e-02
-1.134277231256320517e+00,-1.483801284939989529e+00
1.176545755809754734e+00,-4.309896176020024394e-01
