1.572408371193558363e+00,-1.623277234706636263e-01
-4.297776096149245190e-02,1.163540540008743962e+00
-1.202539001384924422e+00,1.272332381501865006e+00
1.169008782583514483e+00,-1.094030991573920752e-01
6.140845859169020704e-01,3.341790014407594600e-01
7.052021187287691451e-01,-2.201380528909095413e-01
-1.336459537605829251e+00,-2.376734562511303994e-02
-9.492914630597573677e-02,2.255641437438259400e-01
-1.128808551074995670e+00,1.218420036137449536e+00
-5.387611231878706164e-01,1.592740931321684206e-01
-2.864516445803094169e-01,1.042320220018380095e+00
