1.023097930853310022e-01,2.260097733410696197e+00
5.082643486922759635e-02,-1.473910514258723436e+00
4.231776962694608346e-02,1.029071160798167295e+00
-9.570314359013554206e-02,-1.560131007699490535e+00
7.211857350972616931e-02,3.305910224573569423e-01
6.591644504302798246e-01,4.156195134716900164e-01
-8.982197971905578893e-01,-8.697096841505207454e-01
6.631588313633178799e-01,-1.071712638264605166e+00
7.573366077878954661e-01,3.893175548169534872e-02
8.149829928560836656e-02,1.353333515000238130e+00
-3.839693696558644787e-01,7.549960015581478334e-01
