-6.632257619425253603e-01,-7.942406889383324398e-01
6.451178072743068981e-01,-1.379074946205992136e+00
-1.502737960303774378e-01,4.578805404645751587e-01
8.985672272155105222e-01,1.697340324836295322e-01
1.291816596392290961e+00,-2.880372620812175488e-01
9.433947537584026488e-01,2.399706863829588199e-01
1.040967116692508521e+00,-6.653184012855619667e-01
2.032896684489672534e+00,1.868845325699990401e-01
-4.355946606196819393e-01,-1.803677673422396932e+00
-1.222375910158836954e+00,8.991366224814910657e-01
1.603095027941474404e+00,5.930350399916961557e-01
