2.907042637190253020e-01,-1.613779451103317220e+00
4.096038325968854310e-01,1.323801737309047155e+00
-5.355271175611274748e-01,-6.097165975044763209e-02
-1.044100858567676093e+00,-8.213373021193597356e-01
-8.305831355438382246e-01,1.281168239291564426e+00
-6.250999069116416895e-02,-1.612779801325289641e+00
1.582676080581703948e+00,1.562940771728756006e+00
7.301025050954643159e-02,-1.972547987936246194e-02
1.351920719597447640e+00,6.969330251174776780e-01
-1.221142779659946997e+00,1.765926968144915898e+00
1.844921648635099998e-01,-1.245986142285614579e-01
