-1.380906421928124850e+00,-6.351568918106971495e-02
-2.755530078068361977e-02,-7.445791328472405324e-01
-2.393245074020597940e-01,-6.833115989844917859e-01
4.825048816997364737e-02,9.342267720098658135e-01
-6.794026745009041912e-01,-2.484006367580668950e-01
6.868046889938532462e-02,-9.456862063212587710e-01
-7.174204005843132226e-01,-1.811052455389721816e+00
-6.015683473087358735e-01,-4.041963359026294333e-01
8.207806598627875871e-01,-7.550867017931884861e-01
3.290749780991187867e-01,-4.943027807132800988e-01
1.441504207245787761e+00,1.280986005604712319e-01
