3.3143770329565614,3.4663381771398929,3.7541045426406603,3.680418103489989,3.6858806120813146,3.6689248737761093,3.8674728652194186,3.6624669308198823,3.3736830425987812,3.5464057128005066,3.7052302312324281,3.5451616535994539,3.7023852577578138,3.5870243567541449,3.6325951853136504,3.7664123769612452,3.7891334320082626,3.8938017682754054,3.4499496845273425,3.6322028176400134
3.4755087405966232,3.6824070709552239,3.518134522437911,3.6109712049352063,3.658040495986624,3.7031223015465184,3.60584618612768,3.6749291768114496,3.8268694690070797,3.7750346162616597,3.5096473118595921,3.6918980642901307,3.630245211679084,3.6744840598353554,3.4725209907374621,3.5747904378988928,3.6410584826898136,3.6312960093571163,3.6100767838642036,3.8181132506606614
3.6356558060275463,3.7298665505032709,3.6212707072480503,3.7296160985586506,3.6792717645815318,3.6964718585508334,3.816860650048624,3.7604547224191931,3.7778066422379273,3.6377167889773059,3.4865645741733604,3.4886398206237188,3.6646225951094404,3.7169219224236905,3.745372424304827,3.8018084723526266,3.6175017008460455,3.69207088670067,3.7207932654889166,3.7274006436872575
3.6786600442266937,3.693667348962439,3.7736186890951444,3.7977327537565286,3.643785971502584,3.5362530787326962,3.7431251351965371,3.6711230783722471,3.7521094294846695,3.7318038496205075,3.5643476048057723,3.6342682979785765,3.6417102669426904,3.7253496240249695,3.4719180812034223,3.4904099181807244,3.7737870059337379,3.5663032982269196,3.7535727255573836,3.663977863726001
3.5937630352090442,3.7059632188957425,3.8476875621508468,3.5816778502534774,3.8362577878629009,3.903248387848667,3.7954999727760104,3.7900743772955905,3.7799181450882466,3.6286330238320947,3.6939067063360853,3.7434538666053849,3.5584995135617681,3.712263351882517,3.8469842962278755,3.7083220361481115,3.7895593996438888,3.7036755599447146,3.7978905227729451,3.8890097750703077
3.6316025277569102,3.6154315274597861,3.8585257298913311,3.5041160278032359,3.8876476054660829,3.847163988192893,3.7644758228080746,3.6885216543722326,3.8460952226126657,3.9021823438542533,3.7503369151871184,3.7266713859917582,3.6150531556230221,3.6426319915228897,3.735575805650063,3.5215865343758734,3.7241329129206497,3.7971933622877909,3.7810668785568025,3.7351574709991535
3.813446688873809,3.7291331798932763,3.8690008590211606,3.77445671728375,3.7162651625499783,3.8066533429571372,3.7963870467153509,3.7317767709776035,3.612985149314889,3.7789752270839703,3.8157382500854808,3.6501063496063173,3.7747144110771069,3.8350018787319256,3.8121361657522925,3.9354826859797134,3.7196829500124351,3.6732652327824296,3.6269616715763795,3.5692963858049374
3.711462268379853,3.7753713314997586,3.8487600181564945,3.8796990588511102,3.9178883150178048,3.7463412684245978,3.7439041380896763,3.7194852124766253,3.842193053895596,3.886873596734512,3.7298970362795822,3.8531443906621003,3.760118664133564,3.7077143012367344,3.8211940351816835,3.7820450823850313,3.6888883205035876,3.548266453960633,3.6525894291557042,3.6159836471062001
3.7947365677028211,3.6382687102825519,3.6362687934171913,3.7915769528911278,3.8252000653743949,3.8793134802281166,3.7989749382115394,3.8265919690831187,3.8227080608576598,3.883071243149288,3.7299584070088194,3.7204196735019508,3.7392589610501834,3.4677695207323089,3.7413381122833518,3.7023564410618914,3.4998085700266763,3.8563021809787315,3.4366464296655641,3.8595942735541398
3.7632493591874372,3.6957948861766234,3.8386803063072508,3.8874466090046322,3.7993943133156729,3.8489336705129436,3.8864378377251918,3.8703071024758562,3.7808829885228374,3.7955608885559413,3.6144742762063236,3.7713455325175178,3.757660180161122,3.803791857993017,3.8674082869837001,3.8390427200622921,3.8648822161143284,3.8135730180319953,3.8262663047606176,3.8182856160487244
3.7608856084335618,3.8305037894526097,3.7891693596401126,3.9173338169624476,3.8413985478761865,3.8404769646337069,3.8422183382427355,3.7862269366276662,3.9748879681545151,3.911120079019212,3.7125023509566737,3.7289445466749078,3.7272410661017208,3.7413930280592642,3.7050421002372458,3.6775546121610097,3.8056607319713596,3.7242776495497574,3.8974273546014588,3.7545492324628742
3.8334652329720469,3.7710083355259156,3.830421371672784,3.8552060456328556,3.9085806280603923,3.7507561952630941,3.9161012395919736,3.8347651329302792,3.8814032020501297,3.881830256041682,3.6718631555521357,3.7195849628714659,3.6091453762575698,3.8107298133780474,3.6977098961208035,3.8124713767480838,3.7697308408150829,3.8070138118961903,3.6360722931767837,3.6901540277003306
3.4981353676501645,3.8026921952175283,3.9300780355233416,3.8558055110535401,3.9126591295765167,3.8601937771006534,3.9205649156589968,3.9586708448801993,3.6898912821889649,3.8654088348550215,3.7713127076931507,3.8318864610427243,3.8420421410036116,3.8142136876988109,3.7791366921216523,3.7956672285509319,3.7626333293221315,3.6834066241071266,3.6487460608577527,3.807547283175349
3.7972560351910936,3.8522917156862122,3.8513829296450761,3.7614586886795065,3.8711925532413591,3.8661973946690491,3.936561887626512,3.8734881565231123,3.8380718654681454,3.9289270767314828,3.7612206228656238,3.8597902709715473,3.8663980066827577,3.7589965332622697,3.7922707492129519,3.8040096318710348,3.659243523412147,3.8970971111293711,3.7382101963819125,3.8022935654152006
3.7550940493928637,3.7626481310080089,3.825152451797365,3.841739732964887,3.7788157428882938,3.9385347453431576,3.7800580185359651,3.6985476268756385,3.8591877120564777,3.890697371250496,3.7322469029931886,3.8103972184600785,3.7246828800758189,3.8191578869342493,3.7826955346155997,3.8123760057860698,3.6375472555655994,3.6931412235534977,3.5801652352831845,3.7477599011325502
3.8360459249730816,3.742854873708731,3.7123210120130379,3.68461052157839,3.8126851407960678,3.8962181515686138,3.7831387537894043,3.9110820366355918,3.8344863084295251,3.892052538316046,3.8917642883918586,3.7335838611142029,3.7565381439580752,3.8618471026735062,3.735095337564057,3.7282340240444163,3.9298383634922174,3.7920386210836559,3.7531523205345341,3.7571221271066717
3.674854810218017,3.9390428864308515,3.7947596491352433,3.8503656299781506,3.8756202659739283,3.8300466325548914,3.917868149018235,3.6895495334319053,3.8781511128180117,3.9116413041549345,3.7324565862392252,3.8669149171887676,3.7300740666215204,3.7344460191379563,3.7443831064137632,3.6171580257583082,3.7090096660834941,3.6472766150882721,3.8339827286813444,3.8392073945713747
3.7766015944147129,3.774365288814443,3.7489425065125004,3.9075114921076954,3.6513135676670547,3.8897246371569483,3.9144494245948378,3.9416529430145797,3.9459769677885546,3.8012004295581461,3.8039204328234284,3.6716826048000639,3.7642473670199967,3.8548494214082587,3.7158484132658507,3.791065752219664,3.8408815168934609,3.6830236214553591,3.7723560163637924,3.7945822573357644
3.8693295977676421,3.7205549263667583,3.7816479119218789,3.7565295724234224,3.7579402013146392,3.7950967842777734,3.9027298798132528,3.8667121027214328,3.8805376973494661,3.8841012897074583,3.8655933762061889,3.8695500751120271,3.7648376896288891,3.7254681362223154,3.7422421067733174,3.8206685187042608,3.9256536985500454,3.7704898963796638,3.7954685122351153,3.8437524746431482
3.7589589663532563,3.8541796623882023,3.8904560238182642,3.8662636874774416,3.9560805070107561,3.8333249712900632,3.9077775347049681,3.8609724744118132,3.8798073705225371,3.9079100720631055,3.8862218591910231,3.7628757846228242,3.7750209454342283,3.6925926831447438,3.8105923106085329,3.7351825401976164,3.908855710172161,3.7610765588508972,3.7424363171242403,3.4987926257597386
3.6967779734020141,3.9025201908193052,3.9248786715769279,3.8013506730268638,3.8720351810614031,3.7723197568907572,3.9095223512792363,3.883374768843959,3.7100530678975554,3.7518028328623854,3.803225783163001,3.8426733963714432,3.8155022961208194,3.7049080884649017,3.6496797404057277,3.8167949564835562,3.834351883876542,3.6403303748124913,3.8647177904724246,3.8244094713599859
3.7211481420430852,3.7449766224659653,3.7562045281359211,3.8812813530885282,3.7813230663965376,3.7741347070231952,3.8793784429914893,3.8557278275008491,3.8474192818996276,3.8379291345702304,3.6785213385262878,3.56064405474218,3.719851637653008,3.75080770690982,3.609699904031979,3.7441354807465625,3.6155691499021403,3.7884220483216513,3.6851699516797294,3.8367952786719863
3.7403986634625803,3.7830099486666287,3.5261315638141251,3.7514947545410648,3.8506472723532954,3.8280416775159667,3.8963824964200815,3.8971372466959822,3.8670972878538477,3.7946516634103458,3.6320439481150029,3.5583212774072073,3.7356699837913698,3.7904359572463147,3.7294088074496496,3.8378433165562784,3.8043300271836942,3.7310242716916524,3.8023131836105288,3.7519410177387291
3.5636893221513777,3.6294920032165452,3.7581333205151273,3.8404164499049274,3.8598540258343252,3.8986056364236763,3.7701277881335065,3.8126674718674405,3.8546801189763191,3.858488150601123,3.6996807639875073,3.8540039899906886,3.83780006494097,3.8115694644821052,3.7573289755279538,3.7449568991080788,3.8437332943887266,3.8171769376114231,3.7994174282462896,3.7287818055301427
3.8164546784944813,3.7950258456140991,3.8402525335384685,3.8559133785844137,3.8628818083802976,3.7256538233572969,3.8784759519745262,3.8785638322019711,3.9404075432510854,3.8650362549134059,3.5913760380698743,3.7638074306125286,3.7318756623624556,3.7257629638535925,3.8751876268332044,3.8782789327465652,3.5887018874346324,3.8410082042954508,3.8096665120396742,3.8736090146515529
3.8474677096437677,3.7724712419892894,3.7850533867837322,3.7291993724330577,3.8804213636783551,3.6895049263248163,3.7134223955200176,3.9344893089187405,3.8905179627902782,3.8815936319021414,3.723300082194136,3.718515426697496,3.6825134534841055,3.8517037141634827,3.8126737657411049,3.7974501291753735,3.8955298738237967,3.4984679282716482,3.8822027588521451,3.7388479753087225
3.8430306117761175,3.7875519576651908,3.8836224032869531,3.7397128549528089,3.7507409511117973,3.9490400316709113,3.674185922609432,3.9053461953589008,3.8321720034748887,3.9540436032063631,3.6554043990990581,3.7834157927135124,3.7068458647457168,3.7136016469504556,3.7770929562429085,3.805785691983909,3.5795027505345782,3.840142639491368,3.8132994608646205,3.8004714895976557
3.8926121968384071,3.7959768711948469,3.653515790036503,3.7371570276049857,3.7549495022640897,3.9173607819086955,3.8260327366886515,3.8934400498224746,3.8521290671503206,3.9276733021861645,3.6820669698617037,3.7892899272995031,3.6862515023238611,3.6715075427139068,3.5292441846411924,3.7140395301658833,3.7153348147569529,3.6203209061881254,3.6546144720018257,3.7495299688039103
3.7950148949618643,3.7330915947833274,3.6961438348300559,3.8771911432867694,3.9420200804348675,3.8140659896471236,3.8902373010997291,3.8571235430030399,3.8508860760941261,3.8629032742436014,3.7135402987471067,3.7279650722405209,3.7495319452981368,3.801381804018408,3.6417206408708882,3.8725332119688041,3.8214901597192545,3.7899324407930108,3.5726079402700575,3.8575849021612223
3.9708970813458357,3.8220706807830096,3.9050635607875592,3.8038600990787894,3.7923481439609619,3.9156202777114175,3.6996865334414211,3.7612537672628976,3.7783303691686858,3.8581640369287746,3.8013289001102577,3.679299116269203,3.8068976895725823,3.9698737239393522,3.7139747122056472,3.7614819785635283,3.8395928389444047,3.5222063757370075,3.7658596568297646,3.9366590318244992
3.831300519589691,3.6015458174797117,3.8589624655049954,3.8092540954863012,3.7575123882581836,3.8810378063766304,3.8983892850974282,3.8378143651326853,3.8108308302904881,3.872491484626063,3.7764860546267593,3.695603738483034,3.7126315922544402,3.7855374127571997,3.8375188268965372,3.8705626695110489,3.7745217943872973,3.7155886417440969,3.4672947221573134,3.7819882958611415
3.8041403797322419,3.8662122207268124,3.8328876462955441,3.8224118389616368,3.6423800983163779,3.753230685763429,3.7285731732615472,3.9082625181019148,3.8457142044860815,3.8596350801113957,3.8713379358235236,3.6441067649589578,3.5743050039345596,3.7295277053808196,3.7077631551208428,3.8202971559946475,3.6833882783616194,3.8315004912474433,3.6046619943647444,3.8339028822255581
3.682539403793144,3.6982331842573686,3.8943633735054397,3.8881497475941282,3.491506839664595,3.8905921629342317,3.9192425131650799,3.908776780481058,3.7975052422181506,3.9130149653733266,3.5748376952202516,3.6165175905012559,3.8645005632711746,3.7024243891048738,3.7687538028862262,3.8303171273739083,3.6844379144073574,3.7499970407032523,3.8867281073103639,3.6293106779573674
3.8336964457665688,3.7552935292981777,3.8251113868980258,3.7814582973055373,3.8167117684731222,3.8571783088074674,3.916793662905155,3.8516955434966622,3.9011499195898547,3.9095175421184654,3.612725343512889,3.7028374396954002,3.805879739444173,3.8726307381055411,3.5704796782247423,3.7647265562822199,3.8763175454975789,3.8631100006377936,3.8243705230940086,3.7571215377424081
3.7727538402671295,3.7220878700814577,3.857094917211259,3.8472435002364329,3.6959593453288564,3.7774239471445559,3.7210409025548952,3.851049750332304,3.8267593698829683,3.8341771152484236,3.7004394992946712,3.7680166693213684,3.7538653293052948,3.8639462761708216,3.8219880189669095,3.8337504719082536,3.7803372898097516,3.9245459926316082,3.8985444299922776,3.819838289548263
3.8942822113422917,3.8628703254751846,3.7408947572806901,3.8072811664729156,3.831054595018454,3.8946439280387244,3.9493310270048987,3.8884957369024375,3.829842920734214,3.8325972045638084,3.8531862691632295,3.8498331190674278,3.5587527661589835,3.7081957125136142,3.7815224385573201,3.62788720071203,3.3243776688556399,3.6078344720507882,3.7275026771253077,3.7297194821930066
3.7951737510994707,3.7720753175494477,3.7982513450934303,3.9333570415500798,3.8852094105004444,3.8734214791859176,3.8273061161127679,3.8428846952500684,3.8675112059889347,3.8794643875348878,3.8539193183866916,3.6675057037242027,3.8168259718193922,3.8871507932430545,3.7844641156205832,3.8585808243223343,3.8139169865292919,3.7807294004617207,3.8721599597038825,3.6889071069412762
3.7844531427031738,3.879627040663066,3.7822539296469881,3.8522913609174938,3.8800399094156903,3.8836991126773284,3.8882689482050785,3.815322384680222,3.8396995474901376,3.8763467692975042,3.8096008413774149,3.9195250330589868,3.7466962843869234,3.855421770422919,3.7007678173142149,3.9192912554231465,3.7540231454038304,3.8196794141058343,3.6207299093332255,3.6058699037451278
3.9076297590743407,3.9144992225333248,3.7471640343449639,3.8975082066698041,3.7323120696917194,3.933112470841428,3.8162910949637534,3.9178249125971445,3.8888493626848719,3.5534611363384165,3.8695390608470182,3.6326777079974337,3.8825730323293008,3.8231138137808545,3.8052131909716724,3.88676862897369,3.8699813724114462,3.5755445711850915,3.8209295152382108,3.692097378434251
3.8643688238090506,3.851494272688289,3.8075366553465884,3.9304276477271611,3.9432100803030519,3.7975923786487522,3.8272934696603285,3.8529823877448552,3.9630724060181457,3.824484455477581,3.6530628810923242,3.607690391809169,3.757487246893346,3.7725683160138765,3.8821098424950624,3.7976053777069145,3.8839985298130384,3.9187462804603506,3.8134616173996907,3.8134842162255218
3.8591619784775086,3.7829682866205361,3.869985465419127,3.8847464434968382,3.9213777437752966,3.851381954060118,3.8065175741218571,3.9130975582683183,3.949712268917279,3.7613547037694675,3.687245333632708,3.8221232731836601,3.6849821198458459,3.8767177934831407,3.5021906727570036,3.948100311776503,3.7238777989841156,3.8490612318579753,3.8608412896770359,3.7197869175066165
3.8254385886665685,3.934132874373593,3.7287641565746683,3.871327946905236,3.7677525204905757,3.8502590828989964,3.8766144076228648,3.577033073452228,3.9619500494440549,3.9306444321856371,3.78943098030155,3.8250384836866367,3.6405875939284851,3.6802829881680137,3.7820551119734516,3.504028496186125,3.8970426073439262,3.5429164892242495,3.6550799202879998,3.8303675498933196
3.8573942665464322,3.809212189826682,3.9008041006631027,3.7838282274659143,3.8649240904076976,3.7976419373916621,3.7752456794103799,3.9307003238172591,3.8635743798955171,3.881553071234475,3.7317703230505419,3.8327908072583208,3.7987877729780251,3.7360350135031855,3.8403666303546626,3.8297035206711345,3.6399285112171134,3.7997235313274116,3.8785773107717794,3.7769931598877489
3.7908375952704119,3.8475828047312541,3.7333241758077516,3.8810027297876202,3.8558838794838395,3.9050694737956229,3.8372824029576078,3.9153521215588749,3.8167132241702375,3.9293843319750277,3.8964785806486462,3.6846474837321948,3.744128071861998,3.7196612087520133,3.6980868470056469,3.8566358120203601,3.5767209888796287,3.8988857766510323,3.7719818050617748,3.8199520064019028
3.7911217648719671,3.7432976199938106,3.931705576419966,3.9272098495184231,3.9039754589441595,3.6725224281567073,3.8917005430821425,3.9494321439824516,3.8845464126289362,3.9407167497256532,3.7166856367224987,3.7670145421554104,3.6441059976751311,3.7791827353681984,3.8122502611340265,3.5397185137053779,3.7465176636037558,3.7891744885715077,3.8025712291311438,3.7424322585750169
3.8054547313257134,3.8503679241905919,3.6508171902232878,3.9136069388271402,3.801072468910311,3.8299163610060964,3.8554497258429725,3.7793877812967169,3.8797504300140431,3.992198654668532,3.8043179769516429,3.8913292977381371,3.7859542703515654,3.7259479395534454,3.7792878985101797,3.6013726145887284,3.7608304540367055,3.5578098047904523,3.7829813990840875,3.7538425563523621
3.755630003866048,3.7755299142871559,3.815835283166821,3.8973514986357416,3.8173608288707896,3.861728834171644,3.8139459481806863,3.7415019241488277,3.8934665971890192,3.8478735196727447,3.8170357243658688,3.8033213047139136,3.6861965149362925,3.8507202135849532,3.8650414502630506,3.7423272078229202,3.7314992500807675,3.8484394900218852,3.7176351380956216,3.7581321977949722
3.8263784516499473,3.7802467851471806,3.7861079766969832,3.9576528825996045,3.7470906065285821,3.8217623686059521,3.8633257874127418,3.6655989581295736,3.9509311987567735,3.8442876532176329,3.6605892641653006,3.7508126042649335,3.8328823868301392,3.8745116644913922,3.6070775287002119,3.778358906451821,3.6902396571834526,3.7974382336662007,3.8947952752858916,3.71085619128328
3.6451533002244543,3.7365495097707524,3.8445234858577244,3.7574242186518005,3.9096837122328481,3.8782849028163042,3.913598499129749,3.8412466483924024,3.894038885294369,3.8843330839532868,3.5697408989849797,3.8058962733950792,3.7024834772507202,3.7195283146248332,3.8002892835431066,3.8503733333620667,3.7700777023856769,3.700486298667709,3.7793166835983891,3.8509174258926051
3.6921817657418252,3.7485861878005666,3.8613012379353595,3.8120013522655882,3.9182442341950936,3.720821169541126,3.9204530573211711,3.9062807123361014,3.8723183871298135,3.8720000651923145,3.7896289416956108,3.793374253130537,3.9092899444009528,3.7937510694917544,3.7593527450376989,3.7518228662685065,3.7452257202376558,3.8813933485265326,3.742507529381959,3.66382728498689
3.7627251645696687,3.9318453856601807,3.8925224575615589,3.9013008675913015,3.8339244176194218,3.9227085868388225,3.8584974685810907,3.8326021099777856,3.8323626185378696,3.9012694692181391,3.7192338241680574,3.8435817664640486,3.8084940223847465,3.8523798823981594,3.8600531109892642,3.9571986795209555,3.8523755475248218,3.6889556372009347,3.7323124755151817,3.795820334087495
3.6767931518076331,3.8277536372910879,3.9522646779849797,3.7877739532500674,3.7963711954196215,3.8385079125410915,3.8194555577785398,3.7211877200821841,3.9365544962365542,3.84497309329491,3.687893562678501,3.8668073412293738,3.7177797220360258,3.784543105083392,3.6459745996659136,3.8581916894598449,3.7849586478771085,3.7582861072607177,3.9075075949871496,3.704777501849069
3.8231042715834493,3.8489061036769838,3.8089782590175099,3.8757830696434472,3.8936445311997883,3.8373156194635936,3.6666885085392842,3.8162368606604535,3.8316398883133331,3.9266219818033785,3.8833645228274767,3.6915172568960499,3.7519714317204542,3.7173664063924083,3.9113619275300553,3.7517082801614579,3.6733194005145111,3.8648240761209047,3.7756334092409873,3.7133612303270467
3.8363008471426814,3.8774259449968485,3.7101978233187736,3.8324639832010128,3.6698763860329846,3.8343165720147412,3.7862377491387389,3.8128734480251953,3.8704196897390983,3.8213074115537999,3.7136562370559201,3.7684716927844213,3.8448308961470525,3.6554751072221108,3.6734479138231846,3.8208405294745944,3.8711041003972522,3.7945637189787109,3.7865796617181302,3.8498348536282299
3.7564721314029206,3.9278435346478955,3.8872704951939725,3.9627816389072019,3.8908831935740213,3.6773700736866424,3.9121254396997296,3.8781459029631811,3.729091357565137,3.8882576250680563,3.4955051176542025,3.776689457862048,3.7753098316429683,3.7487686818480217,3.6548365450699705,3.7812097808184655,3.8866066739984184,3.6533577767598309,3.797613797166159,3.7495420279738023
3.8518017125221009,3.8069204744136358,3.8340190706320292,3.8720410442718891,3.8087931496060068,3.8625483876388333,3.8737874250932172,3.8766277313931945,3.9831182105981018,3.8559349158563143,3.8482188893076041,3.8520549950798797,3.8039249977889882,3.806705103603413,3.825688052268637,3.6247918987209822,3.949743897029995,3.6383755120107186,3.6799974312022612,3.6876202159368754
3.8086547451493176,3.8539616851158454,3.712319009027599,3.8466618794593095,3.9060782209869096,3.6780342735947404,3.7698928074923623,3.7456975476969103,3.8390469251836477,3.9138337618809236,3.6898496802345093,3.7233725589301452,3.8304334260217678,3.6883094089851514,3.7705642713195302,3.6542115179024885,3.7755500621352702,3.8330619635160024,3.8106619176088841,3.7847142128193085
3.9040072949819713,3.8096219263152222,3.8079916322721887,3.7625291880032523,3.865087889463938,3.801596080007009,3.8108860237445605,3.8635546641907377,3.8212818136539237,3.936273191066904,3.6747291351539841,3.7943210476178137,3.6891684015954636,3.7353603684288852,3.7244170341690452,3.6696794267844948,3.9292256283338198,3.6464406951878319,3.8448933086499415,3.8196623344837839
3.6791055921469105,3.9468063923317782,3.8519438152236187,3.812776949884952,3.8258427046303165,3.8355942867647315,3.8455787881923911,3.8606989988403675,3.8713737637502641,3.9769363411210925,3.8007718491818121,3.8633269024473602,3.7297223929387409,3.7841032615185131,3.7248456432171677,3.7831574186413599,3.7488228686375269,3.6422199102359034,3.6822334750290988,3.8284480132769882
3.8190310932346003,3.7243423873398007,3.7830916223791333,3.7785672235900574,3.8624184857903847,3.8507868162096788,3.8474175608978287,3.7885295405164099,3.9323539200964679,3.9162239203623614,3.8388511381623864,3.7337516493322616,3.7934394853323279,3.619836427652944,3.7580250994230613,3.7659191512372958,3.7272434877372884,3.6695665549992809,3.6058875372646542,3.8091217348966158
3.8268694292082395,3.8316658598049278,3.8685964272368119,3.6959637961628715,3.9041150454822859,3.8636476099702501,3.8066734405883,3.7629822832479749,3.9515188724566874,3.8441234507304625,3.7213695488126626,3.8180314051876061,3.8610135668348859,3.9098347913687128,3.728845425293561,3.6049609059051688,3.8432288370260079,3.6232351291510403,3.8505710040395242,3.8171540971934013
3.7380845255952253,3.6371030797978512,3.7635947627674371,3.7534377907220136,3.7366932250781519,3.7225548097153984,3.8635398514803847,3.8227921847742437,3.9457505943748448,3.943196580836041,3.8060895931453382,3.860460208828782,3.8650221578093018,3.7108983645120612,3.8533853870247543,3.7032369767653242,3.6589498718004942,3.7717917296245611,3.5268642336680474,3.8850909528855619
3.8312607157481131,3.5750126460081715,3.8017655509265063,3.5035163857375031,3.8208588841020856,3.883274133850259,3.8378253008531966,3.8466896388353851,3.9366256297879514,3.8319523154994735,3.748967550912897,3.3096310808096177,3.6888160127016842,3.8487766571675581,3.7308157467615963,3.9248283732457918,3.7562261602203755,3.7913607884171574,3.8164347724561365,3.666832067268821
3.7998634261633986,3.8793922876581375,3.7814561335211549,3.8028198695022311,3.8183061330778298,3.9004164077487058,3.818274800255681,3.879002551980991,3.7635161510025781,3.91730848082251,3.870317567056043,3.5990364259290835,3.7971243948389546,3.843444014428675,3.8907588594463305,3.7927814896837133,3.7416758915217945,3.7906043244967469,3.5384825305170082,3.7251792269319552
3.8634879245972513,3.710232028918766,3.9012828126650105,3.9060820549033393,3.9043133052795569,3.8570617302276884,3.8841874627827631,3.7749261618623038,3.8080742564071115,3.9091132871559493,3.7691675046919593,3.6458322322100525,3.9620287298093313,3.7461123697631349,3.7391293163370669,3.8159869346959026,3.6505303057105047,3.8567841756032366,3.8387944888936794,3.8784735002203066
3.8496486137508228,3.9102486957046017,3.8851304545413687,3.8689178409852714,3.7389055468274268,3.7609035507727855,3.9072180383684039,3.9282066687679476,3.92801402739796,3.8083452035696044,3.7404045912778399,3.819532628457075,3.8304216069540984,3.8258903090767329,3.6326362035528121,3.8792529639887054,3.780809605496628,3.6559715609246544,3.8944241095841878,3.8759500285844122
3.7731221786762101,3.7818240653219002,3.6297201564859636,3.8628257809764119,3.8244994560048364,3.7990711990398411,3.9223759029222487,3.888656082656448,3.9272240894355943,3.8743854553437966,3.8260770195138405,3.9302102557420917,3.8219354325394344,3.8060457570324839,3.68697049505298,3.7590168168856177,3.8546608636666404,3.8187847383737825,3.7927573416477127,3.5325486819770733
3.680997124956467,3.7442672286474941,3.8147893057131896,3.7633046443693234,3.7551865172281587,3.8899597464882398,3.770954570948343,3.6882482752213952,3.9469723827541046,3.9207335849138572,3.7711027557914902,3.5643034485159721,3.7112185778231908,3.4577739026490599,3.7408889339595848,3.8113874842481175,3.8746648231358849,3.6539097205379241,3.6550719857132652,3.661448608661213
3.9247542987327644,3.7730523260276856,3.892693407042644,3.5374794700909122,3.8727000988865119,3.5459056411117413,3.6873790412330916,3.8618404090353704,3.7589540100429799,3.8805639773836216,3.948804824996051,3.5591460442239349,3.6971204385608667,3.5824859599860104,3.9205349634602129,3.8626032541162503,3.7911190126952206,3.4727381783305531,3.6951584001556568,3.818863846026594
3.7616092567968877,3.8907974259162739,3.9398628749206508,3.7495987417082088,3.7647956326332497,3.9234797581292367,3.8823292122513768,3.7105299337059554,3.7303210089026133,3.8288926548374485,3.8058662141920614,3.9165284813521151,3.7582669145682446,3.8871814494905288,3.6205066636324612,3.892520155402091,3.788494969174347,3.6284337863214531,3.7959298039324998,3.8518383918014938
3.7744227964372099,3.8739258960364098,3.7878757416931812,3.8775452874267295,3.7208074628637431,3.8500007536784016,3.9000576825214188,3.8900662848956613,3.9539979100025997,3.8909168370967686,3.7074651640661394,3.803974317303028,3.7814789880036059,3.8486948630991415,3.8137916457368921,3.9002577365342259,3.8691317554786875,3.8168089690391995,3.6563083955643352,3.6086944320261178
3.6798386109971206,3.8072433063559528,3.8869753238252729,3.8960812503136735,3.8699729156111959,3.8589375695581891,3.9113253466831406,3.8674415308165524,3.7369946511422274,3.9704296507977324,3.858934514238324,3.8310464850556434,3.7109905255683788,3.8587923562376165,3.6770361593252394,3.6494330050581363,3.8512577100650738,3.7677154921110545,3.8254522607360339,3.6285138478499208
3.8028299229031499,3.8084699016810437,3.8260174613298163,3.9104731037508671,3.8364871193093735,3.8410529924473358,3.8072467219621418,3.9221072257675953,3.9538639662044512,3.9137678121433841,3.7586428849280065,3.7127086852121529,3.9367301566551909,3.8805379375081768,3.7206367152940443,3.6207137945204937,3.8768353062314596,3.8418986289015966,3.8720995410694865,3.7987166547707192
3.8659899513248837,3.8696046795600618,3.8557383017798328,3.8586322267591679,3.8789363776522658,3.9253926763935625,3.9633215710092249,3.8420231775787905,3.8520602705862226,3.8611133380106244,3.9176112834847578,3.7380056931259507,3.6803535038141875,3.7348648746996962,3.7706076300474209,3.8997447823794475,3.8036760580237421,3.7224263488826916,3.5622609878619671,3.7976393424686088
3.7705311743077754,3.8419595282817611,3.8003338492246335,3.8813705866557386,3.8465553134149411,3.8634684249685343,3.8823044080192881,3.8713054928394115,3.9015275479687661,3.929250144627829,3.6466194901624904,3.8592716606730568,3.7805345892255295,3.8567024692856053,3.7810100076265676,3.8144240519708679,3.7597605307958606,3.9212928027313585,3.8855019004183009,3.797162462806305
3.7983584176785823,3.9757568809159416,3.9080205130040775,3.9280065048633368,3.799516969248883,3.9253369473428403,3.8776375965418706,3.8223796520123283,3.7940841873531674,3.9134230025979311,3.6167828858388043,3.8384686922138611,3.8504507910944912,3.6776292383199842,3.7375046392935429,3.8253405474196689,3.7672292547796973,3.896582846208422,3.7526058982689952,3.8180547526722655
3.8788318078784569,3.9134700506718549,3.8028831553847984,3.8853003558109007,3.8789618947502946,3.8392538116966257,3.9029155377098399,3.8923230407890563,3.8199137948688953,3.8758586869587064,3.8564434744534486,3.771142479213069,3.8209760633472194,3.6240432717538096,3.7368967224317808,3.6976702983295189,3.7446731650299467,3.8333612202752763,3.816964742653719,3.7764978172346311
3.7852994494689742,3.7483902154656068,3.7578840531981323,3.9202345435306136,3.8671219622254531,3.8016472374906147,3.8326177615216146,3.943895088198857,3.9375804545860298,3.7610448475362732,3.6821493810999013,3.7758620107375718,3.8095153407765148,3.9586227790297208,3.6230707830504025,3.8754137682492726,3.8635428456970566,3.9000117463893238,3.8984348748358175,3.8554792209951443
3.8076970947191113,3.8939974410989917,3.9284540993238126,3.8367841265226867,3.8937319716662651,3.780600301155141,3.8857003207047587,3.9768066171307708,3.9376239627328946,3.8721753747280538,3.673998872030074,3.764928335094984,3.7749648745448745,3.7598944092585018,3.8102804064624194,3.7399137337369184,3.9078927832817425,3.7100000748060875,3.9107335970871144,3.842105759782541
3.9698272770009946,3.9121205653394724,3.8666062794493312,3.8076032215568572,3.8573700099605661,3.8609919752706148,3.7780156836434164,3.8204782912248172,3.9714194195751884,3.9546263755397479,3.8166156689925028,3.9000402069544426,3.6057542830419322,3.8967944394842111,3.8406919538820703,3.8989101808068485,3.6410063595153797,3.6697056969734452,3.8460999237174622,3.7167840026830472
3.8776204582133547,3.7986801498167306,3.9277532600416483,3.889733729726927,3.8673901529299934,3.8350289538363556,3.8998717741505926,3.9187506650045432,3.7555132123696042,3.8726722449821294,3.5875141194949745,3.8126198734259171,3.7592416451376942,3.8133680850663687,3.769977620300903,3.7294382050110002,3.8212154321453222,3.9242019795705176,3.8647819091852553,3.8695653998391841
3.8431559316946009,3.90667571393743,3.8253639048233192,3.9123192803128721,3.8634000702204521,3.8068969576073526,3.9706848213038746,3.875422966648479,3.8403372116403216,3.9349939034330026,3.7754390945630614,3.8424069801843612,3.7935499578285583,3.7593004720500769,3.8932328542809644,3.7340765059748922,3.925795130197554,3.7941168682424613,3.619277636907011,3.9240347120362999
3.8578650455840999,3.9388671857248689,3.9022384016497478,3.8904992282225783,3.8462930434290388,3.8468072937849138,3.7745907504646623,3.7824778397981853,3.8488151879058168,3.9360115901700832,3.7622157316694471,3.7745198968105997,3.8105364987558286,3.644724829306063,3.810111456356033,3.8740194687619107,3.8104282149720508,3.5678147833945335,3.8439087874454421,3.8187575631346551
3.7929291887143499,3.828077539420065,3.9239355379129082,3.9082328600761347,3.8031947412575682,3.7810864228219274,3.8880580598789183,3.8773246496613383,3.8073427552961956,3.8210559418716277,3.8494198209818489,3.7591651465292486,3.8131361918646856,3.8470466520633084,3.7528019940159263,3.7908209400129018,3.665680795943647,3.8465391360435492,3.7452636246150375,3.7893666655786142
3.8139001131528554,3.8728900896158378,3.9107564559758732,3.8193153908206816,3.9104347991612394,3.717604975912125,3.9245063584675042,3.8248133225405971,3.792419648258671,3.8776105425741445,3.7518286456089602,3.7515830609483016,3.7748949263487721,3.761182751378362,3.7211651755743538,3.6658951089093756,3.6694567896646295,3.6441006650330707,3.8764055841376783,3.9079284934634995
3.8233149308821961,3.7749345241417767,3.8019719367985134,3.8849375301516509,3.9067720124689629,3.9181405679547812,3.8790521980937998,3.8526009692643095,3.8551825041315544,3.8924280891496572,3.7667579914205707,3.7759452907500393,3.7624502923124665,3.7734214993859636,3.8899704924973881,3.9854435179781684,3.8639815179063852,3.6939836216752786,3.8069575455821938,3.6715625378087307
3.8398772567531525,3.9371129535773384,3.8754398559663428,3.8213386517851453,3.9394856438669867,3.8793820010830515,3.8400618737869801,3.8949025833856195,3.8559248791701708,3.9608659340798509,3.8323038068185231,3.6497206922449057,3.7968356246992254,3.8623925009401425,3.7315910145890392,3.6122676086952739,3.7606507078477405,3.7375492324456423,3.8413654210937866,3.5655987084706662
