0.050808926326468294,0.052129716874730204,0.052930943786719753,0.056658803250838073,0.056931772166592572,0.068244561047415775,0.069193057366482777,0.081664210186210326,0.086474657014947234,0.093968567694655877
0.053894794224913681,0.055063074656547063,0.061418068766619809,0.062294074084373888,0.062710183569656033,0.069366838973889858,0.079122458324126788,0.10122519870918741,0.10338950300778099,0.12364405638511139
0.052039903769228776,0.053917602263035207,0.05441312895028208,0.060604021500012595,0.067510850398945901,0.078964982417105659,0.079438044974746491,0.1017673523708256,0.12061130984462834,0.12074333677659316
0.072023701547770269,0.073901756442545624,0.080626405073085022,0.080773418207542511,0.081958113119246001,0.083509585689989327,0.093362390529204323,0.099097387883702065,0.10906368599852302,0.12883339127082627
0.049924417953537178,0.055363773348408543,0.063767300560964565,0.06859067208438363,0.070287894608495216,0.081766320218396901,0.083063426350979797,0.088700791033581777,0.12154873773192533,0.13970770350686032
0.084803017143337378,0.085232485592265053,0.087232862325075863,0.088302745419714834,0.090614854924959992,0.09232360707199086,0.096702380566516505,0.10187105549784062,0.12163139329873783,0.12256735131549101
0.046021286675068294,0.047290470183278109,0.051765828653860174,0.052365472704263366,0.054621082778132768,0.057336021549613675,0.060442304473228257,0.070672621210056727,0.082108272602817306,0.098356502343620172
0.080665542403995566,0.081751416081857473,0.082444589908476779,0.083731248056946872,0.086219926892497384,0.09209073502490471,0.092396611069941278,0.09743640359790387,0.10690518010835001,0.12202781631734302
0.080975182430724699,0.084814831554092168,0.097651148500780743,0.10714676270509613,0.11029031414754512,0.11061242524133284,0.11633528575702717,0.12015564245684007,0.12631476837583658,0.13371083402012174
0.079338415090410147,0.081857123656707095,0.0832595396284041,0.093480195264411037,0.098846546328277607,0.11206802832754278,0.11773342292749883,0.11921543687920746,0.12036553834227992,0.16032956537451643
0.081208048207394634,0.083401476794383617,0.083953966442374545,0.085525310085629663,0.087053269455388757,0.0878483177518634,0.090636068154194185,0.096584950680112192,0.12078476206466038,0.14264483371564737
0.081163633321045342,0.083660305830546899,0.091102499135791284,0.09204476971570151,0.10238767788068366,0.10343427943471231,0.11216071566898005,0.12184795565054038,0.12306231729400602,0.12418546430611996
0.072282661456313596,0.080580850844722246,0.081053743285016022,0.086691574518971248,0.091293186201543725,0.09291900226041816,0.093514637350377239,0.12055097053774819,0.14458116764999779,0.1639114099740579
0.083303368613394671,0.083633477764146369,0.084218654698331216,0.0855632978180145,0.10041945407943623,0.10244418426077778,0.10609612385821257,0.10806215827451693,0.12131483666422065,0.12410227754693688
0.086404559941289844,0.087524071518283258,0.088818222758972151,0.092095579190236421,0.12049551970776796,0.12059796859974156,0.12410979556917121,0.12497333343696251,0.16012409232060551,0.16436474567782264
0.081307082099878261,0.081631891079197494,0.086987516242418295,0.088321944920525655,0.094241352949647542,0.096939093375575477,0.10159275032758806,0.10812372203922552,0.12443232755327997,0.12843557071777614
0.087655664811479475,0.090295435508754796,0.091924800177714067,0.092829480814192969,0.094481271300169062,0.09663404783116071,0.100436565844085,0.10851350267735818,0.12052836139374493,0.13337605480645232
0.085878277668766018,0.10581998494649811,0.10615736511488841,0.1089893899153595,0.1169324656817132,0.12032147458849493,0.12048350943335528,0.1255266552615133,0.1275731552210288,0.13101125718472209
0.088036254680040296,0.096372535540606374,0.097610088742207973,0.11231345844867879,0.1200909025594929,0.12144889197114764,0.12145374091095232,0.12650144022841536,0.13390873331143482,0.14590933772964901
0.083367408648428815,0.083438670790969088,0.083745329730233742,0.085926852271837148,0.089806701855402501,0.093079118575467523,0.10758560867924825,0.11256963701111947,0.11915188229476747,0.12180143486053704
0.081619996406597561,0.084038309520139964,0.086802739732289427,0.095876038191628501,0.10221048670870694,0.10861144174256682,0.11047096941343094,0.11585720391449664,0.12330319703134002,0.15298999511054118
0.081677523005110678,0.082625749802459902,0.083311298125751068,0.085500926842967215,0.12082464497199272,0.12099038863221738,0.12241999523868199,0.12339391211407466,0.1292372296074481,0.16030410007521773
0.10011495484555451,0.10212545645855209,0.10423109524548296,0.1203990050607342,0.1207752034896015,0.12085825722196483,0.1214274147740582,0.12300395788703197,0.12365118754970271,0.13337160902957587
0.083322039734245582,0.092465060936677071,0.10506637852018433,0.11063044512997672,0.12163638688306806,0.12331155232042013,0.12393890159429889,0.12609002536387146,0.16016427940974909,0.16210774341351986
0.085706083307662051,0.086109015767052377,0.087370836376927372,0.088452976789646476,0.089043006158666935,0.08974671275254878,0.12051416773020823,0.12154610217213643,0.16149965273944805,0.16188485527916049
0.081849353139495262,0.082832350337277469,0.085064229056230928,0.099637678954181075,0.10473280956037942,0.10679312452496052,0.11051032128382982,0.12036937458289475,0.1215091111515732,0.12158266535730142
0.084189239381245021,0.08483066789045382,0.085503335121671728,0.086695876364911412,0.090827873896566935,0.11484534542735741,0.11691761055298949,0.12326397180195499,0.12382639759225855,0.13033582823359391
0.083374097734332367,0.084645368935604079,0.09171967831211926,0.097631901288482981,0.10190168442680307,0.10537406189368598,0.11701052296676512,0.12168541238242149,0.1285407295671549,0.14237014856469923
0.086661374060096219,0.087077885918285691,0.088465063853757547,0.088672687562294975,0.091080132989865115,0.092439450840685139,0.092588921416762837,0.094956630126684066,0.10401910241171239,0.12376811080624911
0.049216692637560989,0.051983747021623887,0.05266900963435385,0.055791656680843855,0.064260808440615297,0.082676482296687656,0.084312286389070235,0.10382678365872576,0.12067651684861529,0.16225115521770472
0.082769410341566901,0.082825667077382203,0.08386402013375073,0.08684699923313105,0.087519644005012262,0.094289547812084179,0.10291660673152903,0.123612592293669,0.16472407304164677,0.1648474621026321
0.081601829060436212,0.081708668487500108,0.082042464702302934,0.083096241200386889,0.086373049829689616,0.086611058626999665,0.094115590835791407,0.094715199970839395,0.12549968223351532,0.16051132552676323
0.084919591999782357,0.087971856268040285,0.090073749293656608,0.09101037898923646,0.091399015103862141,0.093832184005977176,0.10627406058255981,0.12007007860213387,0.12083358186654783,0.12557052959294698
0.080906114945658913,0.081569396341138814,0.082063222354695667,0.083965534181797946,0.086592085917016615,0.090733243732712979,0.097181255707433856,0.097265756565003622,0.12797931318264502,0.13180762049568576
0.083675043369310503,0.08726117871491329,0.090062841271471336,0.10204133472012353,0.12130793721714636,0.12146284902376481,0.13892308528836897,0.15559974090648487,0.16083276413651487,0.16685108407759239
0.046583812095052989,0.052944715179704928,0.062393044514658505,0.080460182264610908,0.094190501598416493,0.12136732754971352,0.12261120069965983,0.1278111919390979,0.16093236861686006,0.16191884584060259
0.059796626142063415,0.060094675219460533,0.061480635097546352,0.066887443053962437,0.072750099053640327,0.080664444482807449,0.083975284045344767,0.087429915037103081,0.089422923197465518,0.1233884286286014
0.081807245707859827,0.082178932610825456,0.082179747297485936,0.082924686054208885,0.092186237789075184,0.092217287528817221,0.093300447429590538,0.11176147928336316,0.12546805026403576,0.12862902812095253
0.082168496333310956,0.08353798860009698,0.088847823482480895,0.093694302014085698,0.10085001975061884,0.10598662218479121,0.11394738352893795,0.12322162933441461,0.1603649018166681,0.16057061881428059
0.082682987285617099,0.083617079443274053,0.086414875871294608,0.091694025629209197,0.096011520538915734,0.096556970664534753,0.099337824705142824,0.10294902449027971,0.12095463387773656,0.20000000000000001
0.083458173238178723,0.086152731492437518,0.08696198637751007,0.091031174667338496,0.10004952914392411,0.11360368925631727,0.12023844164955183,0.12212495555887026,0.12212631845495983,0.12237788055417997
0.080146961967047958,0.080743931008768768,0.085353858243553099,0.08670237621927783,0.088997008809444653,0.099683810361388625,0.10030490452956392,0.1288349977032586,0.13028663647673261,0.15349943097902904
0.068072196620271044,0.081444689453291613,0.086361535497627873,0.093059957463095089,0.093352558841514208,0.096679222851967561,0.10770745811762916,0.12100144123319512,0.1276721835459261,0.12887293851561185
0.08389954687079075,0.10945960833802423,0.1203522339961709,0.12179477458454419,0.12255495618582908,0.12312373456901796,0.12325419908377991,0.12372066867847435,0.12514969295663483,0.14117751190396888
0.072978470118612998,0.07670774852825385,0.083515418889147902,0.084315866805567241,0.091391126857831753,0.12240820301323235,0.12433818441923741,0.12769320640133952,0.13856678582365875,0.15226397155704721
0.081151657475834596,0.081557246231075214,0.081788415649892865,0.083266848729046938,0.086721461414380252,0.09356525737358716,0.097309070835752506,0.12113588153387575,0.12322198217214467,0.12970303361498309
0.057156754735495328,0.066235060033718512,0.081721823173845895,0.081822507558402965,0.082209337273128277,0.086921054303522108,0.087620769613109203,0.091361629888941087,0.10482448466261096,0.11236533896489032
0.081442980716164917,0.081641654130819558,0.082791927146877817,0.090496639017824634,0.092174060791824719,0.094475447219908526,0.099189785636452824,0.10957449949952641,0.11254521408941483,0.13652866377646386
0.085120372285839505,0.085227466067489807,0.093519587554884404,0.10163978165455229,0.10211698701952715,0.10604107004728089,0.12071604783084947,0.13582850612536682,0.14882233455971189,0.15732997109007268
0.087660053274042915,0.089380230034342784,0.098272354371208931,0.1019120390886927,0.11496525628161045,0.11599636389686177,0.12085221775557436,0.12223042228465816,0.14183117423915234,0.15571818690795974
0.080510196519841037,0.081556873466126334,0.085602948210009772,0.092478372375344328,0.095206304792086555,0.098096277258561043,0.10779156894918859,0.12044493209051663,0.12163877165533424,0.13390144283084504
0.085323873743486989,0.086442774092620522,0.090966929173527097,0.094492389985739153,0.094513100310911285,0.10766597914192996,0.1184115057940688,0.1202905836086694,0.14142558771680785,0.15106967326062276
0.081164091171506053,0.081581203046365347,0.082171368414226578,0.082674090701658931,0.084801901716385533,0.087969143816649956,0.092389080805630214,0.10296457087404422,0.1203856111516783,0.12092745394098803
0.056305312838685131,0.076153135214151721,0.079247207906355935,0.08224644528143904,0.085881543813038391,0.08724290427385667,0.091257243415932027,0.091583753081321911,0.099602640917731702,0.12150378764271665
0.083004073582553919,0.084604852664781766,0.086595572641752924,0.088657269114187975,0.093899796369795036,0.094926061749254317,0.096497252679778767,0.10593026787982056,0.11013217936181716,0.15931378776000193
0.081617433037486337,0.082408638357049674,0.084493451763408667,0.088085132136033598,0.092528108698247569,0.092629676278561723,0.096658685121021659,0.1240772667425665,0.1601468376395544,0.20000000000000001
0.054277391100233913,0.05621535492241319,0.086487321229319888,0.087505333462369925,0.096426219871428992,0.10090860740643298,0.1097397674354102,0.1116040499706514,0.11810481998062833,0.12143261719128895
0.083431919419907574,0.083453939472116656,0.084591240442934423,0.086687153630781458,0.086927419485594667,0.087897700134500018,0.088615117814916794,0.089806624652696537,0.09348525192795322,0.11658484049538631
0.083326421577310947,0.086081639558887424,0.093977063021630614,0.10006344340770541,0.10812336059769123,0.11369089474637345,0.12267601994928951,0.12483967508988314,0.12683424502150412,0.13129276106646823
0.081492232255871558,0.083846207816631921,0.084956031540300583,0.085399193720497354,0.087150743180884047,0.092086068490972214,0.093351840371973749,0.11721414729827184,0.12036099772718886,0.19892512512155877
0.072577924338565261,0.08153196986685482,0.085594619700752231,0.089057610389103911,0.097311489705336054,0.12313593823393071,0.12511677493465437,0.1341701233123074,0.13907822783714724,0.20000000000000001
0.073415629943865982,0.078082570521087094,0.082009567503137204,0.084283759706995739,0.086668999092959345,0.10741147297142786,0.1208697947018004,0.13245218581850704,0.13752963708301857,0.16014456886752498
0.083324261034648281,0.085583077111411388,0.085853638212570083,0.087731773391999959,0.092644488336152797,0.0945873719399698,0.10524145385261659,0.12100074271734169,0.12884524778437678,0.17880167908324238
0.075944665815797313,0.078712888238858525,0.090784822966871376,0.097373239880955698,0.12318217006301146,0.12409106164550676,0.12473181747451054,0.12656788288153178,0.1450636042624194,0.19391283012389454
0.067055884249900569,0.067959607311487702,0.069710705240192086,0.086706443622651563,0.093947954816253454,0.12105942353933757,0.12106303272635197,0.1223718053643234,0.14388683199125968,0.16552175590999582
0.082718242545647941,0.083467957705499307,0.085361679739685059,0.10625232104080669,0.12026902146846349,0.12039861145675607,0.12059061101193413,0.12263414467775324,0.12285540762141615,0.13022053984026838
0.081173208367846833,0.081515442160947013,0.083971953682343711,0.087696880955445297,0.08913751939800979,0.093890066778223993,0.10120976105768273,0.12117009221259184,0.12380942747045387,0.14335551114375233
0.081413563726180443,0.082624473875205134,0.085944158500628337,0.087218094394572995,0.087674951829652001,0.093639756294036688,0.12099356574549103,0.12315434304487569,0.13071479182783433,0.13238315225387351
0.090658201797576096,0.091986611560645179,0.097422191740678704,0.10502118443170781,0.12088126738100602,0.12169181356478641,0.12390709053019935,0.12651210484265443,0.12740065169305156,0.1646638538466903
0.082089291218852084,0.085327017857124959,0.098183126730794643,0.10261804161743196,0.11927156596883892,0.12044009196111323,0.12347999813067428,0.12790784092202206,0.13093864786607581,0.20000000000000001
0.094108958657606448,0.096621943728708512,0.12125349130461047,0.12151980122089914,0.12220760334783487,0.12343123581229769,0.12370038735032025,0.14158926562156135,0.1637352836166297,0.20000000000000001
0.082119763730521947,0.082568906589025728,0.082668820849624028,0.08471512041692697,0.09001155539424055,0.094591896900621711,0.095404355851045619,0.10202658491641492,0.10598191741316024,0.12147926081241622
0.082009843716803865,0.08481493837869386,0.086724228779423762,0.091616612603264688,0.10140091451104907,0.12172156569749493,0.12176286528591346,0.12243985024021828,0.14377735973544273,0.15527329321919925
0.081169602501974053,0.081444813591742368,0.082078932024281362,0.085642954321204848,0.088253681026730202,0.10453140372677017,0.10552973838224231,0.11188334905243996,0.13666345801681495,0.15673489362921081
0.083673300404301598,0.08402796316121669,0.085394497695081104,0.086664898241395227,0.093354334455903618,0.093956597547173823,0.11039359805931717,0.11128459769149826,0.12267624918092919,0.1276335247604769
0.085177164925682586,0.086054424078442007,0.093267726862466274,0.093325669472579462,0.097569153737592396,0.10923201704151975,0.11876171676368433,0.12191884287440069,0.12555701374621814,0.13280196091978461
0.090690892385519681,0.10338197774336517,0.10468635138645949,0.10638437635551165,0.11121512265866418,0.1126475345301835,0.12160685416610091,0.12809141460851792,0.13076389339250971,0.13093409926071195
0.085389157457854664,0.089522753815160991,0.090937726888222215,0.092237238535886112,0.10189902143526576,0.12040927500098059,0.12404181756681207,0.12523989206189143,0.13028294526881901,0.1616260603543096
0.081361849711188816,0.085775276793529628,0.086253561716037153,0.090760350253075633,0.10121438417729253,0.11635377252236413,0.12343276971916761,0.12354000658284778,0.12492826295113058,0.13094259191619248
0.052479842934615856,0.054901653536984979,0.077309935278479194,0.087850381024195789,0.093653500271411963,0.093778551785111255,0.098893268683489605,0.12314345608230215,0.12432972611674974,0.1286573491713224
0.05622005868851692,0.060447475834185679,0.072503438894065991,0.081291644719181405,0.084043742773057595,0.087454034356058391,0.089582317140641757,0.12081889071047791,0.12263795181478299,0.15557620936597433
0.087934585702494183,0.088396352497793387,0.09042719576446695,0.10088811551288278,0.10586969226907592,0.11248505807552625,0.12431508193406887,0.12664302607323591,0.1288027806320142,0.13407524154699763
0.080330189890203574,0.082410090975701872,0.082812753787336615,0.084943417949029182,0.085498219975633671,0.10484269001542733,0.11032410228650211,0.11068628014831508,0.13080100261609942,0.13132427119163226
0.081313895571128794,0.083463672158068783,0.085818391925339049,0.088979305311640264,0.092565756971154795,0.11325258682375552,0.12125366998941808,0.12154780096539,0.12230230834452421,0.12518235553673876
0.085601163503707556,0.085691998039071904,0.086436218568468309,0.089656056696063538,0.10076215723075549,0.10297976228316813,0.11742841323557701,0.12368965528272727,0.16022585463917921,0.16155303360338036
0.095471445772370073,0.10182838802668538,0.1044338695118079,0.12048955687720347,0.12083483236806661,0.1214735518835838,0.12207215458024331,0.12426746981724432,0.12963370270461308,0.13028108041220099
0.08137968949629551,0.08421083672495161,0.098998558539244136,0.1007099093316271,0.11016071931173316,0.11050372252605054,0.12071127942461798,0.13476737557942592,0.14763621173457928,0.16784339474046994
0.094819699499706353,0.10475442407778847,0.10651125126590644,0.10806663456475901,0.11901062044302327,0.11995159895913299,0.12022644835123164,0.12341182042306223,0.12636464759395818,0.1331312523813048
0.053732216279741098,0.060565554111123583,0.076547229794911076,0.076694544410776527,0.080174577444249537,0.083064470020024234,0.083518726790013209,0.090656728503753489,0.098996869558699296,0.12122065814032494
0.081873105535872778,0.083646323810573769,0.098615445099690585,0.11255228581320423,0.11906962120501961,0.11966644188413331,0.1207564433896669,0.12077985766624938,0.12747475283447859,0.14524086246655177
0.082135684949135201,0.083307541117846218,0.084259358641435855,0.086569495682201528,0.089493161635841506,0.11853850458138041,0.12336617846619574,0.1251434186086462,0.12564420535546153,0.13197308663310936
0.091183356774124424,0.091892378071533443,0.095771599088575479,0.096390351269048796,0.10657726045433812,0.10962014724713207,0.10966704507418668,0.10996944961493356,0.12651959910690294,0.13857793383449188
0.058800110883320413,0.060199154472986183,0.063839710172692632,0.067394705480020745,0.070257163324816865,0.080563352241639019,0.080895024246342373,0.081738037961103155,0.082902945165903047,0.16026958166806263
0.083866302642028961,0.084248118210999742,0.089214567259225136,0.0910451119711565,0.091818875341214912,0.092232961581661388,0.092675484074230874,0.098129450547588301,0.09944460593189336,0.12709345035915595
0.065786747110390564,0.077643975220362094,0.080523019623201089,0.080765834608211198,0.081825687818375084,0.084334957929649804,0.084658046077239146,0.084847337826801428,0.089741963705651143,0.1215061742541706
0.071135167584713638,0.074944603377226318,0.082544140834353075,0.086667955621129028,0.086898352845736132,0.090896610803927094,0.092785132095271575,0.098271258045910276,0.11614269095326393,0.16039319153397114
0.080734440137514407,0.082939576125842712,0.089651442201804557,0.090382015592138085,0.09176911743618707,0.09530935815970322,0.097420808615153648,0.10712442430909276,0.1202738155386022,0.12781261393971743
0.074414894838476089,0.074498304533640494,0.080915377987127085,0.083635510986637407,0.085941560388987204,0.091964828081660593,0.10856476633800632,0.11142534724391827,0.1160803923451091,0.16008346843905513
0.082748845879653074,0.088578144604903236,0.090071721221569562,0.094147214741003168,0.095909111808692007,0.095911577244171986,0.11222299012723233,0.12255331165428301,0.12754995298924365,0.16018451433423631
0.081779374696691776,0.088940737084744231,0.092222122794917955,0.095528550494224568,0.12085415395694912,0.13129601744823508,0.13671493378420904,0.13938822427022762,0.16095201981977689,0.16184136072354818
