0.6779167664430964,0.84784120225261073,0.81261101373968458,0.8981749336056275,0.73384333048073613,0.85738904339958666,0.73988024017180976,0.8037764185258357,0.701891193476744,0.89160286080349793,0.74508137695244836,0.77476602409913298,0.64606734837061863,0.72388102406826271,0.76626509446329105,0.83569588665736505,0.78069241964799696,0.58359877562638518,0.79473937129300221,0.7610151902032497,0.74501945229142685,0.77771926446845197,0.81765706525541482,0.7926595931509669,0.69901982668347606
0.70896141133732615,0.8422330331836666,0.8578376303041394,0.8467632168202277,0.7452454094745774,0.75774095513376838,0.74610108440331724,0.7787377350846274,0.87864735225484747,0.8530901840290579,0.73994900739442437,0.7641856249343133,0.79065362145809082,0.76549852235849714,0.77700700966812286,0.88361009249807454,0.71798748830565939,0.76327366097469207,0.75609394947883024,0.7239720319255688,0.72980352889879763,0.76143619496666226,0.85690645684750533,0.79261674089919754,0.55298442028674033
0.77541142731525281,0.81781619210016598,0.85714031983394146,0.88955414554432177,0.75539501611778892,0.83387277263265758,0.70639264504441679,0.78087351988086329,0.90257656852499701,0.89496490126592632,0.72184421349130401,0.75086292976864544,0.78855651516589897,0.74609122415779427,0.76511393796795701,0.88077512696195548,0.77612669653120825,0.79928754150266146,0.82118240435591838,0.68258123807865934,0.6201318693093143,0.75914674726568543,0.8356341343497663,0.77596902106733756,0.80039537789395587
0.76079951537808321,0.78924347213523927,0.80708342231538055,0.8819605496397297,0.77086875116828268,0.83100141871450262,0.88354043270762705,0.79213324373460181,0.85835074345893125,0.90164647597148528,0.66721995620101537,0.71450874054198654,0.79008029405653479,0.68313453761946363,0.76942361750444344,0.87596662807752579,0.82213161572322946,0.77547737982551546,0.76542440439719106,0.87778659113680757,0.71581492550994441,0.7464715970424074,0.86220919313652478,0.75931148289777806,0.79106304930186133
0.81655519672785226,0.84926827715504816,0.86847170908786908,0.90245424883004399,0.76094849502625095,0.83964334383252126,0.87087172315010564,0.78292084903511305,0.86476663894401573,0.86389483183576299,0.8432072217021368,0.64745111512723197,0.78599557433612699,0.81343597245006494,0.7777701064599476,0.86055217212410318,0.83469724434178072,0.75733452358878084,0.74701519596270538,0.91731584573880842,0.81791556033564738,0.65945790572690233,0.87500814484710432,0.71497509839579532,0.79565001994656115
0.79634492550491853,0.8288384665494567,0.82131563099329863,0.87188809946314405,0.71613288222016602,0.7476126495717873,0.85497716838026627,0.78257410057905519,0.86317945330958212,0.85773390856374943,0.84340302173881199,0.75185033428490411,0.77763327477019484,0.70474803166516531,0.789028736013901,0.81635067971435837,0.78445390870733278,0.65466950656790579,0.50704368382128373,0.87479961357948866,0.82043591693593321,0.79032283245125212,0.83314777687126973,0.78820461342386572,0.81121974344835646
0.78554786221583917,0.81081295488960847,0.84850415778894872,0.85978485139087213,0.87903672500232122,0.777335314736603,0.90771420313026574,0.79607261279314245,0.87829810379896278,0.86505009922615339,0.82043513435501636,0.66252281348574893,0.77124630698215657,0.78309606007464727,0.76293583511584084,0.8511010282762177,0.78299040154192467,0.89181917307315306,0.73367563346836251,0.88864921506869654,0.82923503920339192,0.80539248375563866,0.85957875775699144,0.76734816516348736,0.76552874386505854
0.79731416827128265,0.831541611135304,0.82300928324204348,0.89217283043611961,0.86976842974493951,0.72189502876124234,0.87977415906600331,0.77023228325065263,0.88446085901066684,0.85170069901178014,0.80683072502483222,0.88401013828085651,0.7803800017483935,0.81541598089499623,0.60598660993680353,0.85511605501464827,0.78064129511813318,0.85590540366328205,0.63175222512940887,0.89670659473115666,0.80215837518536337,0.80167555320511452,0.86859297387232237,0.80081447095716463,0.84028931132669671
0.81779048067804061,0.83840128543693859,0.79371332686131668,0.882750503814973,0.87361638900986494,0.76365069710528266,0.87160141415358028,0.72602565823868748,0.87537567767215452,0.89582778229682636,0.85251836637702449,0.88290200300398602,0.63126464921157299,0.8154556097504474,0.85859138066529883,0.84796653290420443,0.78224862094895442,0.90155119487588187,0.91225551142991212,0.81657421424841869,0.81049972106039547,0.79960500836480586,0.85497830793946494,0.83438104364478738,0.79351373208533516
0.78638037173821207,0.84200516157934402,0.81840712283694095,0.85769516833368142,0.81822375941730163,0.82582073361463604,0.90615374310409502,0.81920396847783339,0.89203526410839584,0.87732102374456145,0.85921889853182554,0.81792565252810379,0.91738760315112566,0.82573939801716967,0.85546419919049399,0.845627926064208,0.59202741313743712,0.88945648316627512,0.87183182997876962,0.89367638013383266,0.78838530107087046,0.79245436033664962,0.84638571889132697,0.81225488447920691,0.76127356521404665
0.88867538189366269,0.83350350567339138,0.81540082900911526,0.9006060637754566,0.8103363251313529,0.79734395983581163,0.88193455951661925,0.79426637848749415,0.9000319407756342,0.88529002311400706,0.80290594174859364,0.89307313934998267,0.92812635067714322,0.80179755236471806,0.78046910486864252,0.84639985117373895,0.66963305281892471,0.91498517022685155,0.87846454567476406,0.83825617758915216,0.77139035346158813,0.65873733524695355,0.84825139206475308,0.82577207170203482,0.63447091431227542
0.87776303858773896,0.85660773255740186,0.82897595033455285,0.86358862613878928,0.82881940187711667,0.79642003555510588,0.91430788996003443,0.78966161794612655,0.90291071256854183,0.8931374252758757,0.82724492471611633,0.87643395092254128,0.93788575375585892,0.81803474079130112,0.72314946981312622,0.89582947417623993,0.8791510144216298,0.91173969841226343,0.85794903070660433,0.91940779380419924,0.80802887375150401,0.9571240244802337,0.84561306421257743,0.84495482411258793,0.84420863187264605
0.874512515386767,0.801191244130943,0.84361203198527579,0.90934095109945645,0.88314334402939865,0.92622806907549204,0.91132813644098831,0.75772014144312394,0.84697997048241636,0.906559114682015,0.78258313899630005,0.82740274967694361,0.93543266570441375,0.77352578244805159,0.78286023462086818,0.87652670326405235,0.84517054042562634,0.85579459800559032,0.89441763970660393,0.92553773521684624,0.87589672545951791,0.95795537357160754,0.83680900166259542,0.84282161292540159,0.8809651865772441
0.89208991200217858,0.76966583787533094,0.85890027556632353,0.86555695395189347,0.87620307730906766,0.90167969084251387,0.90787390930653,0.8359470004853764,0.88736022934271508,0.8469091120473744,0.8591858425079727,0.88051861243615892,0.90520704779126548,0.87907319822447139,0.90529181218088128,0.87580382664509027,0.86527908730408631,0.91307449189992684,0.88875763724703694,0.83448835564112611,0.88283091866685115,0.94355782398015797,0.83766289770484648,0.86724959080591713,0.83679942557702991
0.89761266777086679,0.87535082331161485,0.84901147134584787,0.88992356462032862,0.86534513226861809,0.90032774226332046,0.89216558938776569,0.72801757663548683,0.89650198998575692,0.87751535468058317,0.88005660367196326,0.8506335117038738,0.9213527657301448,0.8339895994100206,0.910774964150878,0.86000150452459934,0.9068116347937808,0.86970936582573011,0.85943512908757735,0.59973574196589574,0.91253214764408352,0.9428206224428668,0.68180170407882035,0.81758740550968179,0.71667491464357913
0.90641867415945898,0.86044671103522696,0.82712881592102749,0.86306898238038243,0.88693002477827287,0.90430592451970038,0.87750694802007956,0.75107582504396564,0.86311741939502817,0.89446354716206533,0.85290736614546547,0.87931803044323076,0.93505724220309649,0.90696909187622154,0.92394377768726454,0.88130995760721342,0.83854335297749205,0.85978421344642419,0.90347794675616522,0.74277961652931546,0.88219640296296553,0.95024160133523805,0.71716448979116243,0.63797956965120783,0.81205490283601767
0.88976403546716054,0.86365976358579566,0.86318543399701908,0.86236265244016874,0.88690179478615738,0.85854943492508584,0.91166486984728246,0.75067826683023731,0.88102829813742445,0.88318138160032789,0.86630065143174351,0.89616173221187656,0.90466880932173943,0.84624372829280914,0.90080998564145653,0.87194730425184463,0.84904064442501892,0.88433892202874909,0.89821809979356082,0.76717059970794732,0.90262214047044143,0.93726743252664491,0.6973289912345032,0.85152156413860602,0.93069015746544548
0.88076756484569674,0.86658884337659314,0.80310379940873988,0.83529782194196589,0.806018230402193,0.91799216331231281,0.87564196374360004,0.84245832261110032,0.88542266128655867,0.8869260378932331,0.87879954326700493,0.84173936113758729,0.94451244350065788,0.86873818487374954,0.93386991038005285,0.87327935303981985,0.86318960697179281,0.85128669271717261,0.89228328305298443,0.89568527469018511,0.88774519979626265,0.9214726701527719,0.83566404398006744,0.85275004940386867,0.89272153409586996
0.88740363994773475,0.87988764129268593,0.93386865872540092,0.75811378522304784,0.84536384614641225,0.90260298692294827,0.87895927250257211,0.87500413087830886,0.86333426594038798,0.89791747473256112,0.85628465903100659,0.68032416290849906,0.92832855119668078,0.90590242948828348,0.91901377492551084,0.85094561229101251,0.78150396436452996,0.89167628675338351,0.8928160540134279,0.93453059389643944,0.88594837162466256,0.9210183399449956,0.82766674176364907,0.82060786883665504,0.90925191214377354
0.89927401225920389,0.8671183325722911,0.93902123448455987,0.79805723461265099,0.82516976378013984,0.90548448035314588,0.8488534011171841,0.909215922788433,0.8875600682580953,0.87525690560386582,0.82827907573852178,0.8007326363053493,0.91125649440785783,0.8574199003607117,0.91636811584083055,0.8572439301833521,0.76828593320813587,0.88664407225061637,0.89053982461179604,0.9168161330278265,0.85474220146372648,0.94040073272718494,0.64149261914722155,0.85154056290268587,0.90850691115482163
0.90299027237916429,0.85075091114389123,0.95736249177740163,0.93131425121496181,0.82404895033097336,0.89790053736226549,0.88741342454069516,0.87560122148842778,0.91047178346891589,0.8754283972208603,0.86284731608948129,0.77278076519890193,0.93213030327538793,0.86450040001718687,0.89756305338265652,0.85076478452073345,0.83412476105067168,0.86014745660152214,0.88932208909776422,0.93471277386936502,0.90679268204888841,0.94203354070391032,0.89639027751494571,0.80332803394038232,0.9025666742664914
0.89781957576348403,0.81780461003573324,0.97075168396565725,0.91007217228643467,0.94320108077435227,0.85381138443616211,0.88400319146395701,0.9044441494641895,0.86624838327850118,0.83836145803448536,0.886920127228644,0.92308082898220678,0.92930783895777935,0.84870148689430291,0.91970852638816114,0.88069784841911503,0.8258049654118621,0.90779512825209807,0.88435647819470442,0.89180474261614096,0.86924712153065964,0.95731027092439425,0.90234332478139867,0.54404182036911342,0.93245229095833482
0.8889053476643558,0.78584343061459583,0.93958684600918974,0.91360720360768255,0.90579891636103282,0.88635791163997335,0.8947767420390681,0.86645312680265363,0.87585507820185649,0.82042970484231803,0.88096702982882602,0.92659007598944143,0.9364509456522796,0.79179968365316489,0.94658778648439335,0.87484844008422447,0.89732933247357261,0.88732294627712038,0.86598661660656351,0.90169870415522513,0.8792504120581468,0.93852606409028261,0.90575176399136725,0.91266919009350289,0.91245952360216109
0.88913345425583556,0.77383667240434051,0.9418080679817713,0.8949955963279137,0.92380275419860425,0.90019492829277503,0.87176567131242821,0.76077918462073013,0.87965428896431919,0.75610145600302303,0.88600747494750476,0.93726734677772761,0.89885295185956482,0.7071322739488578,0.92701835207425864,0.84374146914713444,0.91063754838170219,0.89371256431702573,0.58453973378073198,0.92279446119898012,0.88252304798899839,0.95059524616621649,0.91816591207370002,0.88781514803831441,0.89204279710366285
0.88123770499534981,0.66707827707569978,0.98411977822298791,0.90353267992515096,0.94149171553268818,0.90262692182704396,0.85307778905652765,0.91085115376472048,0.87894664895152919,0.75043463586666204,0.83097750971071604,0.94715927290599755,0.9393259988800936,0.79573496277342348,0.92137341385992166,0.8718902579757708,0.91218902438194271,0.83439397683946059,0.74662580879844398,0.91386503639341665,0.89679964197861517,0.91718942321661512,0.9162513108075403,0.89162025542010559,0.90831254490118529
0.89500912804944466,0.87123275175144765,0.9533824352106135,0.90780323580652811,0.93187169833280936,0.89418064685407761,0.84431220573990207,0.87290060303835038,0.90136124564377829,0.89941872730521732,0.8710125708062566,0.89843977310156298,0.92546909160889601,0.79768750816552081,0.91527789959707895,0.86561221090342233,0.9242342908919865,0.90117250738290233,0.92140331468845038,0.91269387774730248,0.87176735396181093,0.92041811957321362,0.91619946570443633,0.89823978764595802,0.90370493713205391
0.8985676281241769,0.81020008920422137,0.93008027503972057,0.93203801882530957,0.92790655798820421,0.90507716255618487,0.83439754991694137,0.92663990776211436,0.91910566872607657,0.90872556434777274,0.89922711232923214,0.92127040775703872,0.91422357892136585,0.80009961754910697,0.91616076200181906,0.9230643614169719,0.90116964600416283,0.86117682176606569,0.931716996574528,0.91298764783805586,0.89641716560485563,0.92551402924780624,0.90727488006559498,0.88718567047784247,0.890158724645701
0.88375105794536846,0.80589891391948654,0.95473563506024917,0.91514858558640966,0.90528960279004589,0.8837527892875372,0.8132366955270649,0.89019199860541964,0.88190572271138401,0.87972378763290393,0.86242256660804584,0.9759701895777253,0.94073012560909353,0.87105477712412993,0.91294849815587675,0.8957271826248282,0.94755169185648003,0.79991968527716473,0.93063797013823446,0.89343414543575816,0.88559076654695035,0.92561417448235062,0.89039375155146239,0.88779599017566757,0.89129598622471806
0.91602451874932422,0.87399846836056239,0.93548389723019343,0.94236635756403653,0.92457013820793033,0.92607166003537467,0.80092422461834922,0.92992291440146801,0.88316743450389701,0.89196912864032674,0.8617218675925945,0.94726308453046748,0.93306983100921359,0.95760426200109083,0.92530123348285986,0.89735810284831274,0.91076315326880075,0.8599528977050217,0.90201377956915829,0.92620514590051317,0.88745528116873584,0.93869727359774946,0.91347815559140111,0.87495107655336135,0.8711027171432224
0.89393181995849336,0.88946480331945399,0.94366216662860702,0.91358055559068074,0.92534977896591897,0.88001039213670584,0.8941219282139079,0.88968723211264611,0.86281973213953267,0.91659877402827705,0.60844769077521643,0.93695523121145807,0.91898072944939613,0.9576135776613578,0.89083084592388462,0.88055399439179272,0.92197184179934766,0.77772107206480323,0.91860195404628242,0.91789232969297196,0.88292264349446314,0.92183284711186841,0.88262483644414469,0.89730897008290578,0.87598767917825549
0.91229384733279528,0.91017881027491143,0.92289962461979658,0.92203306503654958,0.93261792399420718,0.909076370580708,0.86591774891573259,0.91892662438881778,0.92756605327400921,0.89985195378001293,0.90679156388744286,0.93965278031730082,0.96369465693761014,0.93224472399805081,0.9064573845438002,0.89099798240019179,0.90863152976915129,0.7134683815793974,0.92583449918678495,0.92114946286266719,0.8710219563192283,0.94951382661267436,0.88126568428882546,0.88413661742638627,0.91460432243757761
0.8909389676317514,0.92965075269976993,0.93006693876034052,0.90642039227577942,0.92311649416874308,0.88129787288454464,0.90052279373236077,0.8900385666841617,0.96217408688124839,0.91027698556096914,0.95936704731473621,0.90348940391861443,0.94587795599611135,0.93499800771210195,0.89535850167062214,0.87957504007224496,0.92260746220191958,0.85821283037912999,0.93544793969093321,0.89042827290581272,0.90051531571943821,0.95613943684562908,0.90510055293634262,0.80949000268918991,0.91906977435892523
0.88550162218622164,0.89118560824657356,0.9626185646804134,0.91034335226027618,0.93680690851409221,0.90579956922375715,0.88613252651301222,0.94115074784398922,0.94464883510182185,0.85285829714364148,0.94289704517372142,0.94615750544815225,0.95122879983094133,0.96026312778752621,0.91745669338712088,0.91581363555207185,0.9049623930528633,0.88909958849585524,0.92432518433842592,0.91187205585248876,0.90461245374316979,0.91583885490302763,0.96062155284651884,0.90224764663056967,0.92683677884020421
0.79398447685153772,0.90794296137833697,0.95184895375156586,0.89600797250637565,0.95231443466038235,0.92279387437411908,0.91060441341936438,0.93184149017997142,0.96652610751763324,0.90681523706564204,0.90852175285248804,0.94921062551678292,0.93722056739896653,0.96528790223455141,0.92626754611048179,0.91225850571360323,0.93144495251392811,0.92475024223953273,0.91772879542870855,0.90792079502375223,0.89844527849213895,0.94122888695649642,0.95355403997129873,0.89619085926274455,0.91018346158397678
0.79004011375467664,0.93563053564021348,0.95238899734494709,0.9106707386092483,0.92055893809206857,0.93130278820547518,0.93137415637526511,0.92567502493360265,0.96156213611106256,0.96843489791101234,0.94540778263402525,0.9378370372777991,0.93774919732932449,0.95645398763755196,0.93843011304219359,0.9089722707625647,0.88389551763550567,0.89192741711979007,0.91431752608797479,0.90015454485944146,0.87840152427857898,0.94356430160004257,0.9035391404728873,0.7694502712858311,0.93586327489170107
0.80583569057508897,0.9131044076010062,0.90744425621716829,0.91866984791842421,0.90702648127054353,0.92845009995907324,0.94578651249929035,0.9449894882172496,0.95049779982043381,0.95576203027104811,0.90165156012725278,0.90546288006170295,0.93467551693405815,0.98432563847860677,0.90821128092620051,0.88985012970373556,0.92109121526233639,0.76289382217564616,0.91241231391289246,0.90022884076752807,0.89370482639058968,0.90090997947950269,0.96191208903674497,0.9383044535629439,0.94004200754276035
0.98096153849728196,0.89323286829818416,0.93848637886178854,0.9085104833474078,0.91005783787256023,0.91584269152814157,0.95202114554717421,0.94116346790728744,0.9483379500595821,0.98389443303164592,0.93990767496335126,0.95266998016539794,0.91729415602100284,0.95213589599996817,0.92267336332781469,0.96760941053954286,0.94391468704264103,0.88865740522270964,0.9161599568202512,0.69467552699505564,0.97544085066347497,0.95139211517962563,0.94298060505224035,0.94641737806309612,0.93927356792946148
0.95847643243318059,0.95305719747080708,0.94107273248338874,0.95477951484695633,0.96638311618181116,0.88487891304446087,0.9336205698967045,0.93313396224119904,0.97177772165024223,0.9605472358374294,0.93455939623248008,0.90026743309707902,0.92988663590383824,0.93346029988937596,0.91064803369413694,0.93034578772408039,0.91200490846392901,0.95976964413506727,0.93981343294642239,0.85807561979092795,0.91001532952802533,0.91537240906374873,0.94723725383345425,0.93755338242431108,0.93130286262632
0.9941727250629111,0.94624581875235392,0.95897128562785883,0.96391698974492845,0.95018364494586127,0.95688994259542659,0.94443387540331136,0.91689737514766123,0.94925265694150684,0.97499547709396017,0.89450368075462927,0.93420244383393969,0.94748694328194771,0.9486116958498082,0.8877324250921611,0.92628268840634698,0.94153175250622334,0.97040854126887377,0.91131833713250843,0.97325215976284352,0.93938508721403091,0.92690663771421622,0.9346296344308862,0.90432422376734567,0.95206725391898761
0.94511820571914806,0.94298334581105181,0.94594193715988206,0.93148997703326952,0.9513913287529554,0.9327832555352279,0.94554600616038054,0.96771365674359233,0.96103892485320719,0.9843080233150554,0.9445667894852352,0.90060318460341826,0.94025779381707442,0.96415910372872149,0.9414892637070279,0.94871587607178987,0.9316892676758457,0.93091780245864397,0.97211689867273721,0.9510343072728813,0.94365733917384276,0.94473783228514774,0.96231202575756358,0.96900576989195486,0.9207221976693919
0.94188077505279499,0.93795467135665378,0.95407531772753118,0.96338711987681358,0.97180607085638238,0.9339029970658983,0.92616394975313732,0.9881802933181193,0.9208555183537539,0.96211604766368375,0.92297507741711804,0.9497424887588809,0.88955957081653758,0.94849201514497161,0.91167016173507864,0.94549965910459977,0.90023362480133817,0.96078478632027742,0.95355696584131777,0.92162114784177895,0.95250722645569741,0.93219435536154338,0.94139119211041467,0.94652620559731382,0.98499576443835524
0.97477945640701236,0.96061614030968445,0.9567553663049625,0.9409302658102775,0.9503815458207846,0.93368963293653717,0.94932866369566316,0.94210588990420729,0.87511155409921315,0.96810527606298935,0.92608818306074436,0.93886336820791072,0.92276216549337076,0.96289153075807854,0.95850674113887846,0.97219436441066986,0.86680671392645436,0.96123059693079405,0.96987473549872183,0.90456698823783765,0.94026385156431369,0.91746820875116819,0.91363166224084447,0.98850405423621179,0.97058109487241273
0.99879212995313782,0.93974107581968425,0.95518293780750585,0.96221401012399344,0.9815437805974031,0.93160788014459572,0.90280948607481626,0.95100668646885977,0.89981609067572066,0.95420385589830137,0.9333850383257698,0.93104298662791662,0.91858633078822682,0.93450788475149582,0.94483134926647305,0.95356818431074852,0.93206577905079246,0.92877051791065046,0.94956034324849492,0.97115094520656664,0.95891667448277329,0.92545751450027092,0.93858717180217321,0.94015830507314813,0.96747110826919636
0.97734497955513877,0.95333083185915246,0.91982802359891069,0.91208458474428022,0.9729070479124261,0.91949744576218739,0.93061267464126074,0.97610857371103099,0.89311137542645458,0.96541929909389002,0.91523778005305045,0.908329935614825,0.90376700019049971,0.94046128377321259,0.97612461072608492,0.9228096569055364,0.91942485232250759,0.91457860386602119,0.96688615118735588,0.95873150601242352,0.93859112938910516,0.90564094450208366,0.91703901483970929,0.9629389202406522,0.9476759304194422
0.95879791860660413,0.9318100927138725,0.95743371676538513,0.91091585706927469,0.9540597765700497,0.9311612652047333,0.88779376761113227,0.94462936660081387,0.93217494411078283,0.94790034250716138,0.94428654213854724,0.96443554753569705,0.93447593411752439,0.94791745862648835,0.96699479165690749,0.97425118634516528,0.90880770478842621,0.93530416033009756,0.93345879449658142,0.93629682056198049,0.93504112731113564,0.94568220146249971,0.96814715016811637,0.98345936898258146,0.94197690001166534
0.9728987881646306,0.90146918561229161,0.9374263898720655,0.94859052388286569,0.94847081169598746,0.92315772085678294,0.94211321191463937,0.95347540972135847,0.92022607678592538,0.95625132165025284,0.94443530809300713,0.95034915791241115,0.93360126104211383,0.93945554121804487,0.96571966886333505,0.91653378603243418,0.88727398214053677,0.92936773451346089,0.95381833620324974,0.95658970172821489,0.94961826298506624,0.91209539193941136,0.92792521920344362,0.96396246891766102,0.94036968092976392
0.97042625614642586,0.91024528349210387,0.96806248952915719,0.91807560572100155,0.94451009371449279,0.90981455150658463,0.92856559194325883,0.97029424761615679,0.94220589399657795,0.96936088808773946,0.94900817393736847,0.96073116584281248,0.92182428978664444,0.90477186599305115,0.95732093770138749,0.91912318649045877,0.91355207350770029,0.9251597420725014,0.9639510850597599,0.9713615926564737,0.9667041067643557,0.93909644466300657,0.93303095688534465,0.97089533959839036,0.94954123151810976
0.94901775257781851,0.91690792378621788,0.93250202278500338,0.95397556386871996,0.9446302176639948,0.86580707368398757,0.91310823561820387,0.96390542941664192,0.93690735411291548,0.97026984020468621,0.95572170207825813,0.93834518703145953,0.87664940733414687,0.94155750892731127,0.94258600035084139,0.95020413110568358,0.91104382664745898,0.95068263273045306,0.98221541343287511,0.97503641894705384,0.93648419945756534,0.95010626146725508,0.95354697068166094,0.971123341216793,0.95866381449476268
0.9670295800694807,0.95098165403247059,0.95005902300718992,0.95628047915158676,0.95311293516712137,0.92815183507054122,0.97052371025730244,0.94633562137418825,0.92325927717263356,0.96363086282723065,0.93249306356134198,0.96985885686118134,0.91909133570706858,0.9661497702049745,0.94051232294856746,0.97507346268518724,0.95008054401197739,0.91100596746041307,0.96928782405858771,0.93680964383056808,0.95421628554716287,0.96671667513670578,0.95365542608843168,0.97428600384481501,0.96674082339333411
0.93388394435379563,0.92383709422543425,0.92681158577612466,0.94686095867455911,0.95038929184651955,0.96088315791436596,0.98175621860366125,0.95972813985812677,0.9371024617939423,0.98941209926900675,0.96247754438861421,0.97203223390705296,0.92822632358364809,0.96403809580350219,0.92950040573644677,0.91720364716678693,0.9452356858992903,0.9533998474829527,0.96472479783719189,0.95637753591128516,0.92730389650554257,0.96402599394504551,0.92835997629927458,0.98326796788198656,0.96040929395434693
0.92892957144108868,0.95600607953217021,0.91115579581234285,0.97384563045780292,0.97258879958860533,0.93076409811880201,0.98836307487493569,0.97750747483756528,0.91593943311616599,0.97846811155212421,0.96157934671289025,0.9339350140797702,0.9301180384127834,0.93449767807519479,0.96867425303950405,0.92109824628949777,0.92421401110130563,0.92016951916977108,0.97034996879055424,0.97007899098363326,0.91628494715616926,0.96594975502007019,0.95595232912238493,0.926157832787882,0.94726588750824925
0.95099013370657348,0.95728655031438226,0.93793513480288304,0.95364496999657056,0.9861170726197499,0.96433273738432446,0.96221696173944038,0.93736563773150272,0.89225899329001923,0.9613979181901996,0.98605741116900736,0.94008071337417431,0.92953448113586468,0.94826193479454013,0.97000966623252827,0.98672317431320156,0.95608373907792721,0.92806909862301501,0.95296828309159098,0.96935318004675086,0.93823656670992395,0.94515255520382613,0.95967815510383281,0.96735401767691032,0.94742190485204048
0.97095807840759085,0.95436978814496998,0.95595615436494463,0.95257399127650366,0.93772776824149595,0.94768383132170864,0.98458131308935548,0.95588779337044949,0.93448427802013079,0.96694252230085698,0.98218526501906667,0.93405492310793448,0.92445563423115784,0.94695565090631673,0.93974987088800455,0.95713837222774756,0.92994663530494381,0.91049007134162696,0.94672412199065958,0.94942014197420066,0.98032576664586146,0.94438999674704416,0.91450708452718177,0.94518753797102772,0.94839460065328229
1.0052959906141472,0.91036685890309132,0.97139970093323125,0.96756446015664277,0.92515751762335041,0.9590073790739837,0.94222860320925095,0.96262614286608628,0.9358303018471007,0.96904304195719437,0.96409669011197396,0.94940188314120078,0.93209844849266865,0.96237741205749416,0.93997363525513122,0.9598899822432746,0.94619624535107449,0.94348071824239055,0.95824135786882803,0.95087384020661148,0.97287194246039987,0.97967611664648546,0.90121129479598805,0.95772266914168014,0.96454531035122848
0.95807738761633154,0.91146745013368802,0.97761899684804299,0.96012396388081933,0.93822223057241916,0.96800020035498568,0.96599860949348604,0.96976019685204717,0.96219899761985239,0.96393601402962192,0.97277771902270926,0.9290268617437083,0.99054547403984838,0.92174220307741395,0.96829710301239924,0.96044239836297973,0.93464284770638384,0.93320343623765778,0.96603004638627099,0.96076347832088449,0.97247214885967059,0.99529999916928924,0.95450393112912557,0.96164454686556755,0.96333923298907487
0.93749465313328373,0.96383860109939146,0.96289192457761341,0.99015575947929657,0.91143751457180677,0.9267299920905453,0.93404144796816924,0.98660274435622808,0.92164842167578276,0.97550316848036989,0.96681318429817598,0.93348179674781051,0.93317666952570211,0.91263298012826466,0.9455228373115584,0.99841306660299278,0.90906360196388636,0.93219157715437073,0.95350559069017971,0.95428614166167758,0.97872854318979674,0.96050823236576011,0.95542823838925517,0.95044480956519495,0.96038115272776126
0.97459318392271466,0.92467613955875472,0.95494091071676279,0.94316524488649833,0.94125914493365892,0.9600555126517657,1.0053277986002738,0.96611253047108536,0.94636559588241587,0.98587716961135008,0.95718687741926978,0.93449478873389868,0.97445700525975754,0.95865223632118945,0.98472859172960714,0.95262351782150523,0.92356371453007768,0.92592453056409052,0.96882680071078553,0.96732872908088363,0.9808751599814417,0.9464722014460466,0.97360617064230293,0.96515756488646465,0.94365738872730642
0.95055039267603658,0.92873894708463967,0.95533753792592302,0.92426882164497193,0.91541237093055139,0.9626644653106029,0.99093792235816991,0.93828890441659141,0.90826121465617105,0.94776877090698775,0.96169536324546223,0.93417542877999893,0.95971722926422043,0.90764917390216771,0.97250007800421268,1.0003361839370088,0.9711090335864121,0.96907968083892038,0.99167666377173513,0.93320169059818481,0.97012024636008565,0.95190140555201141,0.95835853374578039,0.94655943961916333,0.92601065557062534
0.96101908101114919,0.93648409961904866,0.94525864710761076,0.93621801625594614,0.9935585087715979,0.96914590142399282,0.96814665490211427,0.96809849700123995,0.94536480462951689,1.0089978516876423,0.99451351342991157,0.9036150217798874,0.96232970485811475,1.0050648640123014,0.94857957387046743,0.9672735209592197,0.97664653627180709,0.92316375236471604,0.97624240036924903,0.95158860313650351,0.98622967662997452,0.96353528073643779,0.94826706647611847,0.94604264314553221,0.92293466487582698
0.94119740750181258,0.94103370728273916,0.95939767864431302,0.93134155931429263,0.98472041481984185,0.93296117150784552,0.9622908235255202,0.95829322962517816,1.0133479364869562,0.97888811547143306,0.96272721460967536,0.96084925910931374,0.96299964254540249,0.98741317004865714,0.95736482435845993,0.97615417717602504,0.97491495679929441,0.93741408421187888,0.92330218124782104,0.9450308171883065,0.98171942192027561,0.96670865730227662,0.98824940394522143,0.96928743805923845,0.9505305599690046
0.9700426305636628,0.86079969086977515,0.94891392988028489,0.92207889638820462,0.98183575977891224,0.94338300346820214,0.91777445112683409,0.99335682524302582,0.97966904104346009,0.97524589054972233,0.95360247269041809,0.9711271650272344,0.96107034494628063,0.9324050996249218,0.95638923923118924,0.97469084403361017,0.94240673452016555,0.92473125429433578,0.99958599486006805,0.95954073822454677,0.96090310258470646,0.96415693575317285,0.94897816865996165,0.97273430014541573,0.94323973355027824
0.94736714347872386,0.91308917233500853,0.94932450800895329,0.94341545639634483,0.97205953493132513,0.98136674985914807,0.93114620019664263,0.95206737567684052,1.0349904580187494,0.96036960249710568,0.97911054640099582,0.94806239982412388,0.9727768505897687,0.91815917112416134,0.95876691050327745,0.9948894532271213,1.0133226082768494,0.97241734115784528,0.96376026941488724,0.97486984923125097,0.96977011878797359,0.97035521827464732,0.94846149990137207,0.94382339115837421,0.93784593472753541
0.97597208744390596,0.9186012530652764,0.95982183751450167,0.97337273791071943,0.95988667653740201,0.91941346216410269,0.96243401582920873,0.94783033185910404,0.97682730653889349,0.95973105579609197,0.9972339736982414,0.96634497457678492,0.99035435366624969,0.94389929224910918,0.95628408728001979,0.95943958250037986,0.97242173428192935,0.93438619633521658,0.90641712997330748,0.9719746246568759,0.98262289918107171,0.94766339084475471,0.96022937912150275,0.98441732953010974,0.91064160368288216
0.95609690876327957,0.97273471904853381,0.94692022806011067,0.98291843245014388,1.0022533136640439,0.95639712509521446,0.94168728729506046,1.0000277280240739,0.99168734769981914,0.97769208601619706,0.95946895679296806,0.95358402511596563,0.95072925081483162,0.9351604818890894,0.93829276612205192,0.99166231739627853,0.9705448551828163,0.99504607391617717,0.97472631574199275,0.92817527789255261,0.96351046512397243,0.9591771193066817,0.96006025966987274,0.97874192289004125,0.94803504987382892
0.94649102221448145,0.91722140644836392,0.96645329289230431,0.9584691110939989,0.99516595776993733,0.97826966535959348,0.98583712169036064,0.99975246394623096,0.96129906593347081,0.93940027029103867,0.96586453586614474,0.96936311030300992,0.95439745290103706,0.92473901194723962,0.94846707547322284,0.96324525989460053,0.9327453395084192,0.93776369762394229,0.9599425743624399,0.96571433286527686,0.95472188091031107,0.95225699734840197,0.96341588897093033,0.99212203678798128,0.94801460569800766
0.93896596121722919,0.94636833766955342,0.91703088386335674,0.96427173205315309,0.9600984947786585,0.90613793950988497,0.93481920832247156,0.96950058225794966,0.97641775108482842,0.99913224579096249,0.98751930060401516,0.95999045862088173,0.95182499740931259,0.88022559227298802,0.94696587200677595,0.97399323784057035,0.97580495463420902,0.97896521971799411,0.96286531315866786,0.97789581218630328,0.96183985982327314,0.93576490985608629,0.93879899273230172,0.9855919112814846,0.96107503170211894
0.94025107267465191,0.97995268217121223,0.96776502145583954,0.97506306078606686,0.95491516061514892,0.98036706817431674,0.92900191868240523,0.94627214688185302,0.96973573988580475,0.99747085140186531,0.98092140819694673,0.93953504557987721,0.98422550892282101,0.95957801515287822,0.96574917074593558,0.99185307176796089,0.94727256903635282,0.97681397926492342,0.97562228750831104,0.96183455318298794,0.98457792803682842,0.9778984229376706,0.94458673010761685,0.95697891706918725,0.9428547828826519
0.97169427647094975,0.95868166667413945,0.95530046751584474,0.99723664538270129,0.95174413872213492,1.0207205804027686,0.93462000392011269,0.97509119813586198,0.99062004559618766,1.0055346573143449,0.9596293932998321,0.94521719766052925,0.95189162666329019,0.97967007099663783,0.92094871100417497,0.97582252350560372,0.90763491453133049,0.96099278013201295,0.92961094919489817,0.92549409044256037,0.94575660521951022,0.96722321984089288,0.96006219761058831,0.97354815834248998,0.94676409271156081
0.95779168822257632,0.96602546976508175,0.92162031376348241,0.98832589554896955,0.94531655305250872,1.008206138819036,0.95256798399412468,0.97570051275264635,0.99836571181618472,0.98986628157651502,0.96098401026058455,0.93924923537845317,0.96128669529680755,0.96044340710549603,0.93816549447194264,0.94172040253463807,0.95599562955682493,0.94197024058160472,0.95360318766380447,0.92199487625646703,0.98040083720963234,0.98708109582191594,0.94516885065873024,0.97175882999337126,0.93918968182754226
0.97967436770356908,0.95645067965121267,0.91891542428803252,0.96771521910221014,0.96093677531685584,0.9569062443121451,0.92648832152297134,0.92482704530659798,0.97163122620780917,0.99430360911329296,0.95727922912146346,1.0053646684790791,0.94621824052718895,0.98065263740413988,0.95172680865201364,1.0003064437761369,0.94170376129504296,0.96922084616865278,0.9571925437837322,0.98838508171689232,0.97734745096799913,0.97540328353152517,0.94947133299840869,0.9533807099056324,0.99573224966692209
0.97106140353684711,0.95062724865430859,0.94907071323400372,0.97103334882532433,0.9479147524596,1.0113490296805427,0.92007366984380046,0.96385225206715797,0.98148464710886929,1.0222258793998751,0.95948600687519392,0.96972307469618724,1.0038416398297301,0.97355244296652788,0.96578158923852897,0.93992180177169715,0.98264256130120431,0.94840756370695867,0.92722783900840355,0.9738900338389973,0.9765849197899934,0.94598804655272295,0.98782182279031883,0.97300165902924074,0.9797650027348952
0.98742860528941812,0.95897164504720189,0.95850480720261111,1.0183362796066657,0.9324578030001579,0.98575541266639621,1.0407747106059291,0.97013378324638877,1.0030613874639869,0.9893803130037766,0.94727318593517884,0.98768257736143039,0.94235443484960413,0.93947774400276929,0.94435019071771054,0.95980363918876443,0.97411818435394815,0.96345561119788181,0.9573292290138079,0.95366701593143233,0.9771479410526891,0.95575985724972778,0.96097419374195514,0.93849206799792728,0.96595144866653448
0.98088738997501568,1.0242588592902411,0.94611310102687396,0.96723531132418661,0.9517376168532683,0.98490300417355137,1.029064445614754,0.95068566423292,1.0191588721508471,1.0095146551030871,0.97623576745668816,0.94545651303205025,0.97473119092322669,0.94506426000924526,0.95847680336564967,0.95469980367757346,0.95013929707809985,0.98247096977922477,0.9498175403098208,0.96901493024280394,0.96154446572235086,0.902632271992445,0.97568862094847031,0.99702446639917719,0.95166140459135606
0.97406057703386739,0.95379123951238576,0.94141214570652887,0.98441668571742291,0.93761154342270847,1.0119521745171836,0.99666546334600292,1.0010226804109366,0.97925658409528782,0.98687017773147112,0.97169194028102102,0.92396307906284392,0.946583398343948,0.94478831013395093,0.9120428779819183,0.99346172891051321,0.93963541898406211,0.99949283540143663,0.97785507598406207,0.9466213725106899,0.99958812202754022,0.87819649649074816,0.99690539165033332,1.0473802727064141,0.95044812383149779
1.0061522046598674,1.0139012796543641,0.94589037794603792,0.99707835721822791,0.96977381481265412,0.99716788658890054,0.98909941741289709,0.95911873306087936,0.99277591452274194,1.0027367405332426,0.98450200770021201,0.97657139283047778,0.96189622832818233,0.953528013569933,0.9716553359903316,0.96912133338858153,0.95720262016638757,0.95846563808769325,0.95823049221484624,0.95291660834509495,0.98828699623886773,1.0000437153391324,0.95129192583072897,1.02999843268163,0.91358565019634985
0.96176106530424699,0.98313890483114319,1.0037891090271542,0.96498596159010985,0.97128640771976527,0.94030309421930514,1.0101057612039499,0.99027140625906585,0.9907537998901933,1.0050232705527948,0.95333722961753675,0.93797561889890158,0.94141300352435431,0.94805238644769352,0.96887501852760149,0.942532761573178,0.95221979453139671,0.97630600712954119,0.96279002882130282,0.94614469638978815,0.9835025317185776,0.96263703475371676,0.98853278203634976,0.9728835899719559,0.96527795692421492
0.96443399500688431,0.963289537923124,0.98585528892857455,0.96738063690540832,0.94356380896102998,0.94599436594453146,1.0035161693924044,0.96550143720666859,1.0109561868048202,0.9927243186501723,0.93279763775945534,0.97285791029738056,0.94775375535271333,0.93892734613080997,0.97763612228470642,0.93216562336144793,0.91401875795953424,0.98336095699987303,0.97943617932486027,0.94540296362782483,0.96173708765529786,0.98612877536698773,1.0372291268604321,0.99472954778137657,0.9720237576162214
0.97484304951061596,0.96512836580551753,0.98746825451706044,0.9713275281669429,0.98531531826002661,0.89611278932282135,0.98001314320364497,0.99390105622165159,1.0003718653741851,1.0087351196282917,0.95244711008163785,0.98210052597304975,0.96739005761439301,0.94146400765823635,0.94992306787021097,0.9568527231612467,0.98156204156379379,0.9090619484733371,0.94445932961655732,0.94267825521992554,0.97390626362562693,0.93839894341275176,0.93766640495850073,0.96675191372979785,0.97552093345896307
0.98105143316581522,0.9528741745189595,0.9480191378357814,0.97080617572474381,0.95145826226137842,0.99689439470648289,0.9163181478595126,0.99838380170878072,1.017904100106676,0.97018589872538397,0.94928277680027606,0.96245209640893392,0.94861579012219133,0.99288565116963268,0.95083533876332249,0.95035651148418199,0.98924503847784173,0.96400704525520353,0.94266127390765642,0.91742744641048124,0.96676268583969949,0.94857856450298128,0.91046635564619804,1.035735813256528,0.96595921281242791
0.97129826334707048,0.99649437817616537,1.0040149011331214,1.0256440312915016,0.91938185352225388,0.96937637927981435,0.93980178134707415,0.97376650932093112,1.0063448152902308,0.96829279874015894,0.97270271339567727,0.93098616832014935,0.95069384385909084,0.92211891061906581,0.97544651980726371,0.94457998029929757,0.98705664199864274,0.96046286868292297,0.98261469170452787,1.0120466611146559,0.93916209403656592,0.94193637635481031,0.95970114774546245,0.97426286692025332,0.97192761547516759
0.97008423790722509,0.95413718925017899,0.98180125819405539,0.95764955819137743,0.94342252598064924,1.0102480291829177,0.94922313344796472,0.94973293343286502,0.96568206673365942,0.98295362916281859,0.94733460394145119,0.91729107969703605,0.94116142510398926,0.9888302141770321,0.95465359377546166,0.97033628426332375,1.0047155041830096,0.95315163552330096,0.97589882466359157,0.9871230496283705,0.91583235774801464,0.90971276433953308,0.98027657703281612,0.9796681998597363,0.97600728811685777
0.9713587140024309,0.95012905848067386,0.98570939158414206,0.98285957552692227,0.96266608606256943,0.99945160046483594,0.96456362279748442,0.94986964662116169,0.95740501546305579,0.97618146973973563,0.91692011846561483,0.96362435532383339,0.92672629112330818,0.97621150291957748,0.97264314694981291,0.95456915370666462,1.000471006485975,0.93634451979958999,0.96747026087544208,1.0025976035137127,0.92152236388895536,0.97911885368858942,0.96800447785626953,0.97634592871740666,0.98794698437662454
0.98050652869955512,1.0033615768309554,0.92912085308066905,1.0131053510860353,0.95069588972692531,0.99362350616937245,0.95684230808015669,0.94121135787806853,0.97831210585868678,0.99304707297156269,0.93402995848532677,0.90906429448955994,0.97363121201920644,0.98236906732208606,0.97652207832685256,0.93631414583934802,0.99737262715643371,0.99284434144073341,0.97639597817692325,0.91986378292811932,0.96656263118988495,1.0046710445013294,0.94281098347830483,1.0002351143772374,0.95504615057302278
0.93576464996908737,0.96690778466593053,0.96559139400052485,0.96309459535162156,0.97232188489406435,1.0123474409561064,0.93186000726545792,0.91600118168772959,0.980249631974354,1.0050607927521318,0.95300675794771961,0.99250585537974478,0.99945443622702201,0.98030342937044279,0.95264882549808905,0.96771803295971637,1.0330401552913004,0.9809974872402043,0.9369167088723116,0.87631536827114043,0.9425496148588236,0.98236648991560394,0.92214046101697855,0.9838608872300606,0.98591002745983758
1.0304312457449427,1.000651903013533,0.96364205024465521,0.97560776655564219,1.0130060946682817,0.99183386683338948,0.95339449598334369,0.95813081084817087,0.99532866872903758,0.99657227305420049,0.97448162947532468,0.98147323240127915,0.96427907312813188,0.91973251639164999,0.95969261644960535,0.98824435670925737,1.0229424492016854,1.0080298588327874,0.9645732464181267,0.8979936750533607,0.96884724353202889,0.98254780597353042,0.94810510260748193,0.9719628785184341,1.0115562951781552
1.0357445938655012,0.95822909076470297,1.0082004977586563,0.98706103221941244,0.93347407516178316,1.020956631408579,0.94365172813891207,0.9294956055205793,0.9927468053107682,0.98342179246338612,0.94164951245648998,0.94841355376300274,1.0183300101346544,0.98243185987497295,0.94005844053919296,1.005416210585901,0.98236656422015256,0.94329569949244596,0.97314292880860143,0.95561192597678601,0.93086581589443607,0.97030170255774972,0.93127526027670171,0.99381810106930235,0.96145061688108246
1.0267740010855748,0.97791086907409341,0.95074606152537822,0.9755781085091485,0.96078086784231065,1.0190414375505996,0.94142964479890545,0.96411718794154744,1.0244095546805234,0.96909849900899081,0.99297002862094752,0.98125375280535965,0.97999234018027015,0.95138224159733575,1.0170427130899864,0.95692611801461613,0.9822034650279885,0.99318338437915099,0.96165792490843716,0.94879484530063385,0.96104226010832117,1.0019353011323868,0.96799268444913034,0.97044982003186075,0.97266919332711288
0.97491099969327544,0.98829447916629942,0.97207606289397996,0.97470632966705206,0.97299094132098385,0.98009412060840739,0.96569608394943607,0.94938171443055508,0.97317178158288531,0.96210383833737634,0.94089040109160271,0.95509575487360243,1.0197286655928877,0.98043724240555119,0.95711841726207081,0.93751132079373989,0.95138340708596625,0.9835694575059738,0.94932103733154594,0.97136893499312904,0.98844239216487872,0.99874327651959049,0.94971379688532576,0.98190215453336349,0.97640615681886878
0.96608675507972053,0.99255034902044226,0.97610437059726451,1.0121005698954288,0.98232884680329513,0.97276322735083642,0.97335958445902893,0.97305049134179933,0.98835628308395174,0.99700308904018042,0.93169271447084612,0.97429334992713412,1.0234734005304782,0.94556677379275023,1.0351118842691946,0.94524811502927297,1.0462715680651669,0.98872727327723731,0.96331185074864456,0.95250130936834332,0.94870461187830979,0.94594943404386878,0.92234301191896795,1.0130777633881272,0.99658592380492816
0.99097097727767358,0.92455202798255509,0.98246314857331252,0.95865061949346608,0.98737960691894688,1.0264274076125486,0.98918377866682961,0.94635964848965026,1.021399544824819,1.0147878535836958,0.98686688697496083,0.93733551977069296,1.007993533547189,0.95028764225235063,0.98505177509141562,0.93890016354542427,1.0155431386218947,0.97939716338879901,0.96351781101767497,0.93381843107073625,0.98159788089820199,0.89856905635791717,0.98978740549700672,0.92629021429955305,0.99018529291248292
0.98171753296621345,0.9594657524556397,0.99186910534903761,0.9958181568141955,0.9882217534409663,1.0184910302558741,1.0110096928563943,0.90471759161466203,0.99275491749955469,0.99325649708702834,0.96493633070818652,0.97757629126272971,0.94560966630945309,0.99645798241542483,0.94592273359333068,0.96237987259291236,0.98862618400507163,1.0083912344314376,0.98403306326607465,0.99042778670597376,0.92272436213282361,0.96529700619770697,0.95105757161287241,0.95982571626999047,0.97497782853574866
1.0443712887550378,0.9864732193532032,0.99018554776241208,0.9895681376989387,0.97575733042198776,0.98564563978334296,0.98760166110891612,1.0118380945781604,0.98983358035037938,0.99331600390824049,0.97019099992417401,0.94633643669707135,0.97031075738948147,0.9946859443721966,0.91271515876847564,0.95485867568322924,0.98195053650631636,1.0052872215949602,1.0074659543050928,0.90608482011246871,0.96464560851941716,0.94827054001959543,0.97843779061935454,0.99638756613929136,1.0005966353643938
1.0063720168866894,0.92191446356427575,0.9616690890494124,0.97375410292977782,0.96927732229034624,1.0058935479049991,0.96635606781894989,1.0249392578798517,1.0026600133935042,0.98981093903111927,0.97343925716165092,1.0214334693729423,0.98586438571978008,0.98330416022743061,1.0258585515206673,0.97717843097292734,0.97956303335482275,0.99406729416263484,0.97916338163888761,0.98796089449046864,0.99199478123855611,0.97000859692064856,0.95371380927383553,1.0049872417439849,0.97460633135133767
0.98283457951810904,0.95600169364090803,0.9242690492216793,0.97429138724047659,0.99876571461866925,1.0076968836841613,0.97686708075407125,1.0246030247921216,0.97719752267144755,0.95808322060862117,0.98714957396703673,1.0276494415206023,0.9814549784967167,0.9724034689825094,0.93708092673428078,1.0330922070629589,0.98198854999667395,1.0154542924068779,0.95201732519252391,0.96270214229465945,0.95417270795828035,1.0307464770546566,0.97862450179301108,0.96528626008063223,0.9878255906602279
1.0412111489495004,1.0147319559413168,0.92292336327084401,0.98736647771771135,0.99092666817209119,0.99943100131982332,0.97034381906299694,1.0104578968426181,0.95861392099170206,1.00702786380235,0.95048425062446873,1.0306359253833983,0.98642512088605083,0.99186109013583745,0.99225842383629803,0.99893451545414036,1.0103104996013597,0.97427265587934697,0.97442968436139965,0.97471101631439194,0.95730837701116378,0.96008055955253424,1.0347914317975715,1.0026467586717787,0.94877847843140162
0.98714838065518085,0.96617487176964967,1.0191207057096081,0.96219584092674559,0.98856167777590742,1.0110352697979021,0.93825331980213922,0.99131333170517244,0.89564500199321784,1.0075504697956077,0.9749975141828241,1.0193638068061814,0.97573340901151284,0.98562006782438849,0.97190424296768829,1.0276402533157274,0.98298621389965901,1.0142976969023889,1.0144778926171754,0.90346245862242036,0.95749957742655334,0.96614888936732035,0.98748015402346712,0.99861184314287477,0.9586399667864095
0.94720051519520432,0.95807810161159457,0.96830537448506282,0.97067875117071412,0.98824558865254009,1.0035588142169516,0.96304976033536471,0.97699681000102112,0.93211957807578827,1.0168410309001918,0.95868172710131538,0.97897018575286676,1.002096062125206,0.97494335403178378,0.9797532039290664,1.0231139115005099,0.99478996960996957,0.96398518414998891,0.97576825742775586,0.95997065752181776,0.91985827271411169,0.97927420635316964,0.93488797133932144,0.97263179720885651,0.95369989351431728
0.97677020229331701,0.94424010088168275,0.98025245395715577,0.99527969737450572,0.98046778668982215,1.018354362657744,0.95011441815197351,0.98709205504855513,0.88399250894864334,1.0071381897825673,0.94672945631302208,0.98851580472973488,0.96470753335194859,0.98623508886423594,0.98079894358102537,1.0017331380207448,1.012625853437604,0.98989951750820526,0.94677266153671324,0.97074034203005799,0.97496651421951552,0.96115736195247181,0.95495979996971314,0.96177415994270998,0.9889774960489347
0.96562154716233706,0.9716717192432871,0.98245531173722012,0.9944900994384448,0.99029030504334037,1.0170856552281753,0.84336346147614938,1.0198920536014457,0.94858924228065633,0.98211758186612219,0.96695303061726057,1.0139250772645121,0.9833992671024393,0.96224292162350789,0.9659189084976304,1.0252693868027025,0.99534304357983672,0.9931162386507475,0.90641166170193044,1.0209435509988221,0.93333788117898075,0.97775200096983161,0.97303199664521489,0.98164165894246735,0.96543449549250215
0.98715515685939037,0.97538396772843161,1.0150327591612498,0.97722515153568568,0.9417025100666212,1.0230183995596842,0.99430380600304369,1.0146159841279867,0.97296091478337232,1.0158492927658302,0.93656236352479916,0.98736322611645799,0.96456462626678874,0.97064952020715078,1.0115181295191846,1.0261488940821197,1.0068183559653101,0.99748586117496518,0.98476783567995319,0.93580169268468083,1.0138952890572421,0.99407155771479772,0.9940625300502588,1.0017975480557366,1.0108208003605206
0.96959020512860183,0.97249028690489125,1.0032305793140099,0.98933364397603296,0.96532246487168583,1.0159838872629718,0.96195281148373324,1.0066743511840957,0.97706020961583673,1.0125704183630784,1.0027221441441005,0.96015980428446168,0.93416217719090167,0.95826041432560283,0.97870399967608357,1.0191776683827547,1.0216977879473548,0.95819784145989639,0.94215339838024237,0.95981860156666376,1.0016875243086159,0.97739522423440017,0.98068970924525356,0.98100426594957679,0.98833487029213607
0.98593775569533293,0.96157602196981007,0.99674932869087207,0.95738717725213585,0.97201746435823333,0.97834190183889636,0.96113301884774294,0.97035792059156889,0.99490369128694378,1.0291716492365655,1.0130513188406243,0.99655653232410168,0.95702378604316185,1.0118383385776997,1.0154142584185675,1.0040081502994223,0.99497848158373681,0.9565396878247947,1.0204730051201505,0.95629314425477008,0.97650136089004569,0.99288256637847982,0.96357958365148189,0.99477730625221994,0.9942563087078079
0.95556039352676536,0.98525972783098636,1.0236678235758181,0.97073966216627738,0.96756393965584631,0.98547146722298073,0.95610190935548045,0.99759517613966586,0.95510198742713615,1.0023674449579323,0.96266959756029347,0.98626737020859623,0.947261844540082,0.97929189760902846,0.99257344844545348,1.0180679568718125,0.9890260379529473,1.0401724878748215,0.98224495048830796,0.96794771797251622,0.97447785248481988,0.95680700329258139,1.0100510048778519,0.95496625940887547,0.98517282025725383
0.94619576542343597,0.90937099037523805,0.99897995088550828,1.0047298219648475,0.96455241204807907,1.0149579955591272,0.99331615846477495,0.9715778088689605,0.97273373623456072,0.99830301859065074,0.97628076213117243,1.0236117005640955,0.94181392026812305,0.9949676536805071,0.98723885738065298,1.0102501957387464,1.0067939488874196,1.0180985353492729,0.95535013776045508,0.96486320680113846,0.97258209735395329,0.98216217298728126,1.0146191932230404,0.9495725324920542,1.0069573622688077
0.99415972238354822,0.9715499481456672,0.96923662346015504,1.0033272338356967,0.93085585808229931,1.0101222933012408,0.99984802606385048,1.0043014940881714,1.016455060631368,1.0136106745102889,1.0107539152992768,1.001995988144244,0.94781495590609,1.0042139647468238,0.99113752554997003,1.0132420438383176,1.0424274677927243,1.0316767677557677,0.94164229386376253,0.97791506762287417,0.96206512744632522,0.99067973406475496,0.97893732172409109,0.9290280986972822,1.0329817356038316
1.0119814231366742,0.94098485307309132,1.0145264253037209,0.96124093075119399,0.95358670362113684,1.0167059033402857,1.0042814587795925,0.98746674080316033,0.98099022405758429,0.98225295673102253,1.0143220309175831,0.99513760133314155,0.92976249609367756,1.0139651225203536,0.98332554033469421,0.98772364236195098,0.96259015692402494,0.98900143167502896,1.0064176552196662,0.96141247747969094,0.9592825348510472,0.9678168574683601,1.0140991550465641,1.0009607017592643,0.95199627020828637
0.94699883631873805,0.98096939064536759,1.010301569674221,0.98700155517043364,0.9937007797830758,1.014178725740803,0.93849604741636272,0.96533978879581994,1.0306518952101198,1.0041120300249047,0.98793626595353878,1.021167505628654,0.94769298235130495,1.0295199017611456,0.98823779112326493,0.98064973684037471,0.99219140982154785,1.0196131436315206,1.0091694651261947,0.97695521917926109,0.96156415370054515,0.97479385242023464,1.016532701228446,0.99616093077617596,1.001814227732122
0.94948858893310994,0.95310233340118244,1.0193200046100976,0.96657747448721154,0.95360386625195026,1.0008245228650861,1.0289478879005169,0.96503333455078599,0.95757602813170184,0.98884286204631011,0.99088367428053781,1.0033096199369078,0.9828009037602996,0.98199630305484009,1.0085681221180258,0.97773997117493261,1.0084683757491635,1.02661227989162,1.0079484748120027,0.97333849869247246,0.98963844298693604,0.9746754031434306,0.99677588494325753,1.0080357811960661,1.0075540249806931
0.96442123607787811,0.95146136027730666,0.99718581071751911,1.003846838128218,1.0170816027165128,0.9741514403700835,0.94036605927148842,0.95825251572426129,0.93862394818084638,0.99077412247623298,1.0200451431800484,0.98675498423310959,0.94306295933502415,0.97590803947137383,0.97158034162246032,0.99900349890219919,0.99046734371540612,1.0328899506959737,0.98333355186508131,0.98292737020432253,0.99618142738871607,0.99147249147427952,1.0045132529079874,0.96591767979436183,0.99800520028771866
1.0307168260622479,0.95868467445546879,1.0221158830687513,0.9934864644061655,0.98576973825777436,0.9734526938307263,0.99552995923424303,1.0299783559422484,1.0270259288810903,0.99863753575465897,1.0066293959370893,1.0220966579311457,0.94512418097911077,1.0057976585781874,0.97754756126151721,1.0227428729501589,0.99039052963792584,0.99581861766901247,0.98243504034268347,0.97772159692409499,1.0043637593059049,0.95206816651797599,1.0010540932225214,0.96865302823950261,0.97752503113502343
1.0215352369959947,1.0282096938101317,1.0174077048355898,0.89291263869039073,0.97104977133445813,0.93169327001130953,0.99214076706207466,1.0351132459348407,0.97732583134928996,0.97601898084466243,0.98832723326683425,1.0265818318150768,0.9605978535618076,1.0045309626200467,1.0070288039831536,0.96465547221026571,0.96752147776744535,1.0216545279866807,1.001356108008546,0.95582675195110522,0.97551399187631382,0.95079998687821143,0.98755726815866385,0.95647313201620898,1.0023444381434081
1.0162453852003484,1.0385101887309283,0.96179193270931918,0.98625793928199967,0.97461620581040698,0.96830659840245281,1.0020777892549417,1.0089500389644195,0.99441409026518746,0.98214241109713218,1.0223244606590005,0.97437636247520476,0.9804628334973633,0.98816740385503865,0.98331616764203511,0.96644451635354767,1.0242834847580593,1.0236068449080362,0.99581256506169236,0.92853529099433663,0.98885518746415646,1.0007005887233231,0.95087597417479475,0.96556391228256988,1.0253545344733022
0.95564421391124121,1.0022695063291185,0.96031028171299004,0.98004506610562292,0.96088272437557221,0.92775672708901413,0.95829818591223415,1.0047244152221533,1.0187775625439437,0.99005538906899604,0.99939927817893226,1.0162922832282699,1.0017358885290419,1.0101056167833387,0.99404639342554491,1.0051226628721388,0.98133486060493214,1.0062062454792622,0.95305246405772648,0.97802978118338635,0.99600708108311997,0.94047943680881552,0.985977052924497,0.95443043750459422,1.0154287342371722
0.94842057714296468,1.0132451847216644,0.99486228393363119,0.99958925754493622,0.97640718721836006,0.97370232018488556,0.96608659992727253,1.024338633972985,1.0099178031131004,0.97102439516165961,1.0160991106112205,1.031408832859074,0.96966931690523905,0.98510588745311212,0.9832694965293689,0.98276046590388477,0.95323702393595355,1.0159645273192457,0.96185323768115139,1.0041361457935931,0.99144399062528432,1.0046619814169486,1.0233319704109034,0.89951878695834331,0.99945325232412541
0.95947819234828635,0.94850254900938313,0.98796763341425653,1.0134002439499095,0.95769268657648199,0.95195935440581048,0.99608788700630591,0.99707163107770114,0.93818099831182233,0.98621596572909342,1.0162424068613225,0.97557123674102642,0.98864573312914772,1.0043590557207234,0.97876037383457481,0.99451374735783027,0.99137779154701644,1.028978528163959,0.91496472703740228,0.95422540546057788,1.0104729735601932,0.9642148267766627,0.99696011506149673,0.99462191306934578,0.98851577847328675
0.9565570381282803,0.93640131165623519,0.97759268411458222,1.0184948789655015,0.93888284980221537,0.97529241012511181,0.96828415314138838,1.0009696234349965,0.98699215274079699,0.98206840943339913,1.0025720858074634,1.0056763829208268,1.0317184598273408,1.0016376966597826,0.99633126314746012,0.95672214963082436,0.97961235916794509,0.9936047806779057,0.96028460610194943,0.96812982472064146,0.96501726534640886,1.0151900873935296,0.99879431047757949,0.97126346605182878,1.0091349331653852
0.99731541359067255,0.9955467096491325,0.99794383380378515,1.0050596245017418,0.99328519745462607,1.0147498925648148,0.95081446840349138,1.025461216435686,0.94692255227767408,1.015056467713602,1.0064225716299908,0.97698481197852194,0.94530770448682044,1.0086733480051659,0.9782788023814587,1.0091600691245262,1.0124677083953684,0.98162814987172176,1.0085792421411703,0.93120686046784595,0.99915505936636428,0.97083058256477706,1.0038627906337034,0.98995035239263074,0.99695078461131037
1.010277196107527,1.0082752165815765,0.96462894182534697,1.0226064838851332,0.98204326503291683,1.0072661036244528,0.96570788246264394,1.0007136435794115,0.98224330333087595,1.0323575277844916,1.0042182356370029,1.0204381209338143,0.97530802075828782,1.0135295964531006,1.000448097054297,0.9993654098069169,0.99591267342049772,1.0193457758585596,0.97166015546433548,0.9921693480074274,0.92956964211290249,0.94826238984589095,0.982716094026725,0.9544935974730917,0.99871239883202689
1.0194968841844541,0.93366770060258664,0.95047688607142899,0.95369877661178448,0.97932196871056665,1.0149863431084294,0.99419294740839526,0.98980186732837994,0.98264913780955954,0.99779073385215977,0.96235270009384022,1.0205992308986078,0.99596224470955141,0.96022749996124623,0.98968363933011594,0.98564310924064436,1.0010007844624655,1.0008669042155693,0.95153862006427459,0.95743848575876955,0.99814701339452105,0.95480281247760113,0.9690678495325864,0.9700865717454793,1.0019050579562518
0.96935346803120648,0.94296094504003047,1.0152785936863067,0.94412862369714357,0.95241466888002557,0.96306018477702726,0.97262250558365693,1.0120976208763908,0.99654893226173336,0.93241121022079465,1.0158006802758568,0.99361902827698445,0.98879669274294513,0.96977320252912003,1.0027648475993616,0.97483362740348167,0.9926097033330038,1.02923953200566,0.9651065133822303,0.99627714272528323,1.0363449374466811,0.98667833124972493,1.0102868052559295,1.0029229888701634,0.98611362206885378
0.97063164783907807,0.99251040521785094,1.010842556735555,0.9663347712945678,0.98639847429544292,0.9538613946611153,0.99620126011319865,1.0212904493776527,1.0190093840828245,0.99487209280057676,1.0129606437900318,0.99400466199070292,0.96133918651562777,0.97749064253204221,1.0028703197821653,0.99111880605388514,0.96870455833830538,1.0106848212675352,0.98822421338971489,1.004673595306,0.97087614243730092,0.94209546397436983,0.98371241328341619,0.96728841777220498,0.99696955296566014
0.98289722114045885,1.0140451990335329,0.96789023187119227,1.005868461243985,0.96954306091620757,0.91283652378240887,0.99675093773455925,1.025629581072296,1.0095088989798977,0.97535943596369146,1.0027459189368559,0.96690294896177564,0.9727608149096616,0.99357007313485446,1.0001896718282928,0.98373107080382627,0.97168578386647508,1.0272757668868513,1.0127648741651984,0.97831022774388132,1.0050600738290592,0.98544524342839213,1.0070253328720271,0.99982719483145144,0.99029898774930847
0.99298899388446726,0.9974845734583685,0.97379032972272261,0.97633657895222226,0.94577259471605379,1.0233011890883226,0.99812042391145761,0.99311197138252216,1.0067278232859782,0.96459326334094087,0.98330111060724745,1.0237031814673667,0.98496822562149899,0.94426667443118539,0.99152616039305441,0.97373056179301032,0.98971210339910209,1.0323070635534464,0.95118230633789225,1.026755870272499,0.99442625661883777,0.98715479592883693,0.9742261988385329,1.0056500490583511,0.99576978276536099
0.96530032393139609,0.99435696439908516,0.99172921870103492,1.0067668671861425,0.94310664720166681,1.0234552226442466,1.0043232236285276,1.0193385562770314,0.95695961658469075,0.96173413538596386,0.99106494267703049,0.95368637107033138,0.99651871458242147,0.93235096752847058,0.9931891394061374,0.98365538657373919,1.0130200007288321,1.0187037201469804,1.0171628105250803,0.96881743594607173,0.98700861172136622,0.98544762728643664,0.96738184038458341,1.0235448017138058,1.0193724862778843
0.99482606011348984,1.0044393105507363,1.0016490379546223,0.97363121878638159,0.99292954945283507,1.0056743780222317,0.97277303499133916,1.0131497055471113,0.99373292899373211,0.92458220208220065,0.97166060003184707,0.9679761025611151,1.0228880577059722,1.00188538978379,0.99655691323280249,0.99275556287521138,0.99784140867492988,1.0026228922218787,0.97409190266799384,1.0165000798838526,0.98510638461447275,0.9933371807598812,0.98324534857030077,0.99127479025325627,0.96784007465837307
0.97331858770848911,1.0146965604404676,0.9668471130496098,0.98881574579126708,0.9927602891424504,0.99958916149114241,0.96414393345064286,0.99055248172586785,0.98537611401158509,0.99644939521862863,0.91075358822676022,1.0053586530609344,1.0281412399311793,1.0001010518987923,1.0197683811301534,0.94636105785931834,1.0141948640793848,1.0465797754416435,1.0255746727058452,0.99313362326285004,0.98591963960484275,0.99732441984658393,0.96257863457294834,0.94618327339864305,1.0227769031156837
0.94371593822718292,0.99101742914247626,0.97285914553673125,0.96960280837904644,0.98501467197336623,1.0485344684202891,1.028806738581767,1.0045893271126287,0.98853914434257917,1.0078736145593195,0.9982866697479934,1.0110429627475723,0.97031199313516303,0.99297713892278983,0.97989909897943583,1.0133528537782315,1.0109271669627049,1.0222655402646452,0.99101620821617753,0.97949285146848031,0.99190418898477095,0.95815580949472379,1.0093522392940841,0.96397350810095128,0.99733540340299309
1.0063805389796914,0.99641154353790651,0.98887633735445235,0.93119572216406765,0.98180418050655083,0.9625231421360213,1.0264695955259462,0.97524595677909265,0.99926596765469311,0.99379415969625351,1.0076727616167351,0.99338419879683204,1.0014278027324965,0.99111150899353451,0.99914840448037279,0.97159666849883686,0.98038079673516521,1.0225526741561644,1.0086995026567473,1.0018185907343069,1.0078401052626347,1.0251135547234416,1.0119161278334279,1.0086720639990052,1.0088218456045464
0.96312568769849571,1.0200451017231023,0.97802261012155634,0.97027438760247287,1.0214767552033235,0.95603964090058724,1.0325007684491239,0.9753374767180526,1.0305217031134193,0.99147321730763371,1.030637658862863,1.0339259592632635,1.0082724580917461,0.98631424681948332,0.9839102973094711,1.010871619468195,1.0151948123883794,1.0004854022259484,0.97602186144559855,0.99434841322201484,0.99832422087667871,1.0099105505999002,0.98086319562755442,0.9913147843813056,0.99163870089193118
0.97100533899163366,1.0015641471472891,0.98437639709162761,0.98014738847234095,1.0222270017767703,0.96036379891808532,1.0602350365949793,0.96038138043728716,0.99455772402284515,0.97294612102326705,1.007666697767069,1.0124238466947044,1.0285194635246246,1.0095313240110146,0.99246024250622999,1.0196472822591378,0.99689084112650395,0.98543661769819624,0.95959187500687759,0.98227269273007123,0.98018212686489103,1.0292441898174973,1.0039474494437211,0.99905296677954847,0.98968630448854422
0.98167518471471171,0.97299459737910265,0.99291176029151329,0.97599240812241661,0.99703958696427075,0.93896921100101083,1.0005638293718147,0.99365952251766632,0.97379785637630878,0.96841910758762639,1.0203472126661985,1.0018563632376827,0.98569809129910624,0.97558015046422453,0.99251375594931501,1.0064827490857504,0.97283748881247112,1.0166024589979468,0.99846002890676666,0.98004629678549393,0.98779592687821405,1.0135134472279415,0.97473294188841941,0.97274579412476769,0.97462015604619134
0.99060638319923866,0.97297553556466765,0.97694756002738192,0.99535639818310551,0.97407987470788848,0.9832107529511146,1.0258735568742554,0.97262394456903667,1.0174711486775612,0.95839060684737587,0.9626194294235394,1.0199849822356033,1.0124220033002997,0.97891172693584394,0.91722385829536157,1.0256442176034766,1.0094403928444133,0.99678639877485553,1.0193494593280878,0.9913449074643389,1.011111523244355,0.97208721987970692,1.0062002177035139,0.98846553019628691,0.98732425553474679
1.0203596554663346,0.96688225556663876,0.99136283284222648,0.98249815775023008,0.96298094177672311,0.97792342166103952,1.0066512249901918,0.95197360447643387,0.95587194375661855,0.96845906011625593,1.0062086612338224,0.99192475176549877,1.0409037835323314,0.96964082904534188,0.97078214410570951,0.99707090185971814,0.99719480186636167,1.0022957340305958,1.0024055988965792,1.0069274814746085,1.0191313929593935,0.95000774855315329,1.003967059388098,0.99679546370357452,1.009196606020792
1.0064025309987936,0.98348568171709339,0.97333245752743669,0.97038443947167341,0.92322389832272078,0.9741495727014774,1.0223701182622495,1.001813254126142,1.0166712634805888,0.95071888697648044,1.024418395882831,0.99071912886197366,1.0255431745415706,0.96769275866203996,1.0013328342779904,1.0147921205060657,0.99244191426159378,1.0264067951315565,0.97727494973239293,0.99798697702689554,0.98749024881812708,0.95096583290681602,0.99569480680874289,1.0167299470706335,0.97876444625783188
0.98735820756411485,1.0086702119227351,0.97832889664911271,1.0247728608915643,0.95533261552180815,0.98058509029913987,1.0329040159735843,1.0193779141543824,1.0438066164684205,1.0184307015496274,1.0268089798437663,1.0009156787370537,1.0365752722891111,0.9472170057566931,1.0236701660045759,1.0145702242625259,0.97894162873896529,0.98577381972687972,1.0004901442829295,1.0155595162392683,0.97933225738351892,1.003816238609204,0.98064069510258911,1.0160103579969773,0.9950404151531882
1.0039844153398825,0.98735091482982318,0.97875013449435555,1.0100909161668048,1.0223087804069759,1.0024418971396838,1.0215476021773808,1.0012000048306424,1.0338301157321959,0.99352383536129263,1.0083126336640209,1.012894145804262,1.0062806410544991,1.0343095662199153,1.0472022359584179,0.9689281602719042,1.0161841953114299,1.0246332721097302,1.0088946918383088,0.98012605523680962,0.9919725667019651,1.0215385703831354,1.0135233173615874,1.0090558981746895,1.0115967110861672
0.99225746872367471,1.0215495240045873,0.93223383852254216,1.0179577183952926,0.9744706420474486,0.94691849538255612,0.99830393185772226,1.0326868573559551,1.0323578170487084,0.98578158070561772,0.95853132968067511,0.99373646343272259,1.0081154701730919,1.032663647291354,1.0354516414864376,0.96489355393424925,0.97746095603168082,1.0111999748919311,1.0267447573428556,0.96704306632956527,1.0098816005674061,0.9744278686657204,0.98148710675416218,0.9804566380354296,0.94176836403535613
0.98147859433604878,1.0158413301570333,1.0224507998159926,1.0261982354451942,1.0174676026246727,1.0380164014790914,1.0180886711541559,1.0194047031021161,1.0344229089951433,1.0271022080050232,0.95751874084007982,0.99673236374898866,1.0400250301326479,1.04847640471209,0.99835916105046529,0.97028473067488508,0.98811794262759667,1.0067027135041333,1.0053217298908861,1.0227290334164569,1.0235678800163206,0.9972675193112821,1.0091398665583631,0.97807878878552701,1.0312935421199845
1.0208554260198635,1.0421353163005187,1.0151548803077981,0.98001825348968219,1.0162326690362262,1.0366140641318882,1.0228554874306985,0.99603360465968072,0.97721565366034524,1.0201167304735166,0.95772025286165208,0.98667177809700779,1.0272595430186229,1.0494232528057741,1.0083947193973464,0.98020762849206211,0.99229027126164493,1.0093562297492116,1.0050095374179295,0.97855207039659287,1.0498110620562806,1.019374860015299,1.0056467470106154,0.95712735903729984,0.99535678669286798
1.0313362242433868,1.0363633121591846,0.99221473837229324,1.0056196590390583,1.0161376099009147,1.0285499201622548,0.99405413759479044,1.0054649580279582,1.0070690005748779,1.0236420087755114,1.0191530489392597,1.0094408498697802,1.0166583029990262,0.97922674610617255,0.99014771671329416,0.97647147196816975,0.96651532506224214,1.0499699927661943,1.0150399210917784,1.0090841644450037,1.0338131270960298,0.99051799891832482,0.97418496426061252,0.99067117692670315,1.0078573850901618
1.0314876509081381,0.94614396040252791,0.97976735488743361,0.99294420397698424,1.0070131968072491,1.0306870448478236,0.98890614089694129,1.0126252606026982,1.0221915441152845,0.99752394617631424,1.0106934556467586,0.99995218442110634,1.0222441977038184,1.0278108913327566,0.98689584863209112,0.98939205353691961,0.99737519834915922,1.0188726169457922,0.99440296682887308,1.0057686650490549,0.96284227091757113,0.99330418293320522,1.0190979529611084,0.99225239389936271,0.98685277099082014
1.0348997348526217,0.97172368418742716,0.9740032300881255,0.94070851229839814,1.0241259317911831,1.0157163623775396,1.0434910317654793,1.0105931335829523,1.0368384618879336,1.0046873462917221,0.98105393312051059,0.98707305775151943,1.0321909230675514,1.0109317697268307,0.95296090639233444,1.0192214840171805,0.92280668076649897,1.0202253804095411,1.0331934238169964,1.0000403240823859,0.97155971788302564,1.0096955253940438,0.99745617131698294,0.99805114498575065,0.97790363981366224
1.0340075043803791,0.97773199398013955,1.0281584909741419,1.0105796196727979,1.0109454425821829,1.0467747508314202,1.0249646954146983,1.006208642130948,0.99476562834854521,0.9910214110594272,1.0263964597124264,1.0132095851395169,1.0048189452275775,0.95281574979941663,0.97752668158102851,1.0058851456823621,0.99674682157283556,1.0147735668126885,0.99345937514306804,1.0356678700222504,1.0049155324207364,0.98330417076097276,1.0146409893069179,0.99192771448973283,0.94154944986770128
1.0496039647641455,0.94205176336461482,0.99850437806108228,1.0205780955464008,1.0019983457415809,1.0254032531484909,1.0290376774032444,0.9857513993639796,1.0106929331993102,0.99752671941850823,1.0072273247747718,0.99841927985628098,1.0191315565557986,1.0267786774178913,1.0003750349344054,1.0149441932118282,0.99696064791249239,1.0132800645546589,1.0138809292777931,1.0216654271944501,1.0150262775745758,0.96408906185347509,1.0123899178484153,1.0321081638607894,0.99025948903427674
1.0627172583796727,1.0046032117840489,0.98765547910553564,1.0287180564597407,1.0024907423868796,0.98702003404307093,1.0463090405467153,0.99064501165596219,1.006809070289576,0.99540700175831565,0.96276202198356875,1.0007783510865971,1.0312433175338045,0.99822153404993552,0.99723965914107404,1.0144473624994037,0.96741234351883199,0.97954493583502933,1.0074706695269278,1.0134490533573655,0.95370046901551431,1.0163425108171573,1.0451832684018785,1.0082645372947887,1.0081843421922285
1.0512079276115374,1.0221522443573308,1.0161282329841737,0.99148737446452972,0.9981524111238701,1.0166028412006451,1.0424260931090075,0.97006048538554079,1.0299681168422417,0.94635535804419757,0.97055361264939699,0.98133565921530741,0.97483245565143029,1.0281306499357481,1.0054242830163316,1.0057308710204671,0.96025966220396786,0.9617052982425438,1.0037439417636698,0.99238720807754521,0.95988400619018199,1.0086365676337119,1.0270345423464202,0.97825346996697604,1.0246019469423222
1.0273265631492476,0.99893947808291961,0.9887054502039424,1.0161985487921994,0.99614541339114049,0.9643309274976809,0.99761790306805354,0.95414645498496353,0.96555748920272066,0.99293937585656589,0.95520999209433133,1.0026299375240346,1.021026263500542,0.95988278590906451,1.005180497866188,0.99493133761340258,1.0066249380841941,1.0200410096373009,0.9661684553003661,1.0163891851475944,1.0003289235039567,1.0271451927293507,1.0179224278587953,0.99229776996465147,1.0130282233195225
0.98017988261446853,0.99540046240346869,0.98445083803193012,1.0113176533822525,1.0233457435494697,1.0070643718939025,1.0173791679472197,0.96252616324471896,0.99677271707888848,1.0033319719589189,0.96451065944389858,0.98180040775240818,1.0299220903861104,0.97997149029290542,0.98924863463695012,0.98644973208867259,1.0037416654739364,1.026556251269622,1.0028118339277263,0.99319489828462715,0.95557459816822099,1.0146612949040976,1.0123040452700733,0.98758767277646875,0.99133988919551486
0.95210161211621513,1.0011446879616017,0.98981816429893799,0.99249310054155238,1.020283213269962,0.96905577152794398,1.0173522191752311,0.98773613389490977,1.0082943856009627,0.99240600251467992,0.99369359819339076,0.99317790130845207,1.0225300179546613,1.01208850895111,0.99786275421333215,1.009069447650667,1.0206271578808743,1.0030641799161319,1.0011637960778919,1.0052233591484543,0.99998063695021322,0.96218582029907018,0.99241322891562,1.0139178221415537,1.031175853376701
0.95764382471888054,0.97041952772076023,0.94208533726616928,1.0056286677178126,0.9765006482720926,0.96227287446055321,1.0198915988843928,0.99005028283429386,0.98881770094308596,1.0138319196551751,1.0207138280570158,0.97392545104064487,1.0254373560919032,1.0152032351990212,1.0181410446243362,1.0018910223097297,0.99108111668522658,0.96524306856209896,0.96657183567446348,1.006540223184665,0.96477963091835095,0.97897727344862728,1.0109368463282133,0.97744436441843963,0.9977155005103131
0.9574991330790017,1.0222572529559162,1.0264537526153645,0.98763096366944381,1.028775149193492,1.0010339067354936,1.0255277457847947,1.0482719910264964,0.99212298920268882,0.98335030586406014,1.0067580149093698,0.99758143367474428,1.037932996899035,1.0019760003162193,0.99924886263989632,1.0052515749323239,1.0153324724205846,0.9507341411155712,1.0359320107665091,1.02257231761491,0.98799643710371032,1.0198881285054342,1.0338320409679189,1.0146626950408484,1.0239239492173804
1.0364529410264012,0.99086729498948256,1.0067778268553449,1.0185183880892572,1.0078377149071902,1.0393749772355576,1.013987033278674,0.99680617207582611,1.0001988921696399,1.0228427070716404,0.99994792336008531,0.97953574319555337,1.0156621586346357,1.004781330237684,0.97841299226771161,1.0151653363072752,0.96596102460254529,1.0220528394011086,1.0027816566489254,0.99627335132683303,1.0460013924139215,0.98080873665633539,1.0300475489666263,1.026135331014761,1.0004136598089344
1.0483775643416287,0.97069753878784781,1.0145411340754429,1.0501042939348397,1.0121217076332476,1.0326991347092374,0.99618460197253977,0.99453113432223872,0.9855783936577569,0.99344092452742039,0.99976661095942809,0.96335191790688834,1.0262053528201429,0.96893089061294857,1.0195457838167561,1.0176431191595758,0.94992332157561732,1.0349334506758703,1.0251443265768903,1.0275399768874593,1.0513640654680059,1.01633697477663,1.0297524388856159,0.98894328916768515,1.0062178621176376
1.0161550721664732,0.95108651422631796,1.0076651754023718,1.0140940191540668,1.0249200202122086,1.0803682910741257,0.99993828589316036,0.98507363097663025,1.006350644071015,1.0096119042007281,1.0096482105763911,1.0058952781989836,1.0266459579186782,1.0184592875594913,1.0112449323727437,0.98438597451454413,0.95509973512180979,0.98978011272392818,1.0213780513515112,1.0175194294944412,1.0129989514418056,0.98127808591977428,1.0084259342367066,1.0132347588291155,0.97206362950363712
1.017466845580292,0.95498437995302565,0.96245737119174379,1.024608555686106,1.0141035104388858,1.0184959991630802,1.0036265132773345,0.97556918714240737,0.96380034827627237,0.99996875532892604,1.0171586814113158,1.0298295595427338,1.0171453338148768,1.0068378660712205,1.0304656352388488,0.99312551331250676,0.98312060558948222,1.0112840803017229,0.95402260612080325,1.0023900372537842,1.040714270457652,0.96014593088148137,0.99971210711946557,1.0094744466963685,0.97674078813099785
0.9922624779890119,0.97927134263026328,1.0513155565325896,1.002376513554837,1.0306225882195401,1.0041253978202844,1.0248975230999937,0.96925401939884981,0.96584897935916669,0.97837520163089686,0.99255687421051075,1.0366257686843652,1.0292686348856444,1.0105262901066652,1.0280466068764513,0.9676004579900237,0.97050557072038712,1.0210650276867856,0.956532996540848,1.0295184549917733,1.0085011184903241,1.0119575589117453,0.99489634221649692,1.0136382900092482,0.9760835660335142
1.0256485769085386,0.97973924497110509,1.0356759337492321,0.99784485807737655,0.99844041226704949,1.0245055015643862,1.021256061060873,0.96129125114608238,1.0243758270236669,0.97474096215920503,0.98113689176957108,1.041608588792166,1.0256630743309125,1.0234689491463673,1.0288806067471017,0.98677986646017801,1.0227541687143666,1.0287750692600834,0.98212038671414781,1.0155934541122127,0.98917017150348674,1.024580984203783,1.0641646429134743,0.97695945658966477,0.97286132171561601
1.0163489321656416,1.018757178195717,1.0074302188488493,1.0309370453658759,1.0327787652095564,1.0208627566509003,1.0328295305950557,0.97081339658840993,0.97125543764264344,1.0163728625753587,1.0265015951003216,1.0101698040318381,1.0552705774958135,1.0272792100797381,1.0435303640388469,1.0038137491932728,1.0054202489663504,1.0283645418832628,0.98710534649732329,1.0145604060192488,1.0289709492167636,0.98175946675826653,1.0148179377193016,0.95476878918788366,1.0267339799399475
1.0214464258832685,1.0348143003255248,1.0463228684444901,1.0338850336152432,1.0067859897455946,1.0246669158468911,0.99955571002969767,1.0045382454642755,1.0320978045247025,0.98250245980140571,1.0024269742377754,1.0273970535642476,1.0335049063113535,1.0275387950512376,0.98494649853498473,1.0019471461428888,1.0034521645591314,0.99903444064303537,0.97183593945793612,1.0131942991212988,1.0313629872101115,0.98536087707537834,1.0141200753113657,1.0401632542772068,1.0031918528037769
0.98862443909076703,1.0119160960245901,1.0257799233509151,1.00141868391344,1.0055148332119035,0.98151163500100025,1.0222532058760132,0.99562247790610614,1.0409233810721257,0.98099409343047028,1.0079745749286479,1.0044368094428242,1.0406865210991991,0.99758980184880808,0.98939369586359172,1.0181690503928158,0.99608305436283673,0.98541780092923859,0.99494096901453388,0.98624432471388734,1.0282535108057174,0.95884897295287153,1.0308406075787278,0.99642828820236096,1.0274414459382331
0.98384435698066797,1.0172222122539998,1.04393000021279,1.0084677246949905,0.99598481603736722,1.0008209887499293,1.0023727391435009,1.0076084042709963,1.018334960003912,1.0236850226247978,1.0112394839303704,0.97360096102790006,1.0125665387864815,0.9786638024881571,1.0328413121417253,1.033602943120721,1.0109992282644722,0.98366238250623883,1.0111753694445356,0.97409661570742578,1.0472141565743627,0.93593507666084297,0.97966971590578777,1.022754011473735,0.98609519089953668
1.0116574942052941,0.99134104800454315,1.0259968967338888,1.0330018165379269,0.98320242889251475,0.96524847161358529,1.0354156306095055,0.98110517156524324,1.0304900712871001,1.0057089211955739,0.98847983717663745,0.9609236000648349,1.0308773854387592,0.91873571635359497,0.974911998512903,0.99273160249798664,1.0033736472332158,0.99868941832530422,0.97993694948457566,0.94882852731700351,1.0459975644886605,0.99814092643561447,0.98080294349271768,1.0223024546081645,0.96533383556044372
1.036951238023037,1.0265551841514111,1.0463707511158655,0.98037107984773686,1.0004376846077234,1.0088755032530441,1.0261474909374626,1.010973449399021,1.0002615438011306,0.99455737869969385,1.0109138461224385,1.0616567331293545,1.0216707658821409,0.99313042153151987,0.99776699691398096,1.0229330851911289,0.97145777260995525,0.95755438059246378,1.0272501175991582,0.98016392065420088,1.0213027452186505,0.98037991340656727,0.95644701839454171,0.96776267931158599,1.0038735320790493
0.98067846953190552,1.0181035252778807,1.0382534569046185,0.97249029443783341,1.0210847692746821,0.9334470172705972,1.0233595931414516,0.96926375104700391,1.0353282145313707,0.98884941882125355,1.0129310137736129,1.0328665952712504,0.9880027048215817,0.97863964174055862,0.95533243993669359,1.0025369157552819,1.0048076912405095,1.0326841226042327,0.99963831139207859,1.0172600159429128,1.0528695775462218,1.0332121250527631,1.0203570426642867,0.97759198854430995,0.97382696396447233
1.0164614734006621,1.0173104778392572,1.0403671555223075,1.0285386015738971,1.0075847669438536,1.0423289339900959,0.98769288619726159,0.98651678084220684,1.0340702677513727,1.0089715292771868,1.0108396896952243,1.0207233868231833,1.0137520576666468,0.93561320048320662,1.0214045317903502,1.0178354261778777,0.98292011557752812,1.0506951646354936,0.97970191073470292,1.0073349375031024,1.0215828463606889,0.97336232259107214,1.0325751172699713,1.0101325064786288,1.0099244072699236
1.0102325888926893,1.0183952650934669,1.0511731926452619,0.97000636899872905,1.0077373089907355,1.0160728118930955,1.050489562995133,1.0023259990094773,1.0192902305706601,1.003618062530957,1.0135172440883387,1.0039703396384614,1.0014440750650042,0.99410544613390295,0.97351968321878601,1.0108711745336816,1.0106882277257874,1.0552364489040797,0.989633494887731,1.0045186966888577,1.0051064171052835,1.0251123368866744,1.0280151453671724,1.008848134536205,1.0199462554665404
1.002330227453182,1.02462428414635,1.0347500917643606,1.033086091867722,1.0064353103402583,1.0353268552775556,1.0055809777656335,1.0047933168164591,1.0171931300339523,0.99084550094172097,0.97264330373247432,1.0366767416119982,1.0234725518675172,1.0046400800791786,1.0258284333333532,1.0282232317730453,0.99682776108718951,1.0304301139295597,1.0118205320458822,1.0145840690452324,1.0191379093340094,1.0138793101538921,1.0070280138523462,1.0011018188623888,0.9958246404496961
1.0425459137828987,0.99940455370585435,1.0154389904161942,1.0266189847387768,1.004869949787611,1.0380845042146178,0.98266734651600329,0.9786753946433111,1.0472922922135399,0.96527308323223071,1.0323127177000415,1.0675066954284131,1.0157247368666842,0.95221860514755818,1.0091001392242744,1.0305694882018668,1.0330680633620604,0.98792528783582023,1.0216085223921354,1.0211136969711998,1.0546051784429988,1.0011297669626082,1.0419275342887493,0.98961251599626121,0.99358404239156928
1.0283621685628805,1.0136297414733504,1.017280100114907,1.0011421501645155,0.99886023697039761,1.0139010680299538,1.0157531485750113,0.98882594987598782,1.0367308162561213,1.0341419982608864,1.0163143578855958,1.0514583449668895,0.99430654618764569,1.0215840703224703,0.95979625030403093,1.0000656209348682,0.98907923297179068,0.95455239299176842,1.0057560164085539,0.96820525117327116,1.0355802736058992,1.0053784422760388,1.0186092813912808,1.0290058435466229,1.0359416176192682
0.9859069191780292,1.0132813614627314,1.0421952650736304,1.0122822767055513,1.0028058275177056,1.0235788108424575,0.99807371739143291,0.95815228818833187,1.0440706675933151,0.99972643447419418,0.98792328514580185,1.0274797495863981,1.0190330638672722,1.0047048665521883,0.95340427611066803,1.0243681265329696,0.99711760654770087,0.94209193247118361,1.0145654734287055,0.98719154944142651,1.0499588762402909,1.0298692044106952,1.0036200789564762,0.95036120773792598,1.0170193865264703
0.97417361458067919,1.0185236520727876,1.0042365436202707,1.0584616807055216,0.99829910772433694,0.98375177891825205,0.98999786095184861,0.93170985080784352,1.0361288225263219,1.0227411564158873,0.99643614206292308,1.0104267138867682,1.0091077324646567,0.97845556848882131,0.91566550037932892,1.0432391281348203,1.0477922249831413,1.0192377469546279,1.0026694073039248,0.93966817909690059,1.0204958390463434,1.0363329218572683,1.0275116139847851,0.97353341064216159,0.97332713037160579
0.99755054700195489,1.0051221614339125,1.0547428822825358,1.0081885962408379,1.0062223901021534,1.0085406973981677,1.0040946930741839,1.0176676728994623,1.0088703748234658,1.0407515645396304,1.0145370474612707,1.0400596414550443,0.96549649100088319,1.0020376482561983,1.0191641112473291,1.0071358136394015,0.99394052168232061,0.98934732567468109,0.98481271701910578,0.9810300815741978,1.013215502753019,1.002722246414818,1.0430493867828197,1.0160138757465502,1.0569482456045538
0.99201659063872794,1.0351801618166989,1.0239989539276446,1.0236983745006041,0.97359290590284397,1.0308532233443679,0.96668666866606745,0.98904559505411027,1.0579552700141164,1.002432231864876,1.0193923334862858,1.0512240601798961,1.0412999649232111,0.97426713939376786,0.97958623036614312,1.0143196562925698,1.0295498926145228,1.0205895098447324,0.88262907586275374,1.0052244216676043,1.0309179795938572,1.0210264200612025,1.0047966763944887,1.0469725361835054,1.0036716384801871
0.96260778659916313,0.99197624697267273,1.0370754895900767,1.0450757545023075,0.96859013468468003,0.99031819505433372,1.0256240082045933,0.95762725559237105,1.0179610765469032,1.0098939194136836,1.0159574226206447,1.0090632561133714,0.99449541627368554,1.0269898126837682,0.99025539346566849,0.99348982424649845,0.996373647039276,0.94963694963671008,1.0031302282407322,0.99735718935386031,1.0542331403053335,0.98855197227292024,1.0137339472414972,1.0144000679605447,1.0074081046732954
0.96737714679019737,1.0251254033649533,1.0280125126301496,1.0401011581260433,0.97866366981496988,0.99355615400676212,1.0050280215094534,0.94301980364481208,1.0546596688616467,1.039218791067914,1.0064146951670414,1.0485666730373571,0.99437881199613209,1.0228403862080833,1.0146593330467151,1.0177511584693808,1.0469809361160316,1.0160980971545275,1.0067179115827587,1.0218710352586819,1.0407875864138938,0.99715149808489045,1.049756150046631,1.0417382190638442,0.99676702152381613
1.029885774490219,1.0336740557247106,1.0558136551150266,1.0341372507054631,0.98240303853837174,1.0188478532455765,0.96780884006412438,1.0326720111673642,1.0423208637116945,1.0159214135271539,1.0052418645589718,1.0388324448458197,1.0303120664645478,0.99022285433424218,0.94647261035985109,0.98678812231304214,0.99300932129004849,0.94416552608918014,0.95789711312827219,1.0002896645558843,1.0348135011593143,1.0301885289792834,1.0361559574885884,1.0048182055324835,0.99599420368521585
1.0160372001614111,1.0236469920661406,1.0312698176144077,0.96345865173290823,1.0251359700646254,0.96651784265206653,0.94237166754722301,0.99163391275554291,1.0200030731306804,1.0437005267827231,1.0046165077521965,1.0511186340876422,0.99888081852068811,1.0270629930289603,0.92264253801403551,1.0092686171443215,0.98793457597616274,0.99585565548375132,0.96339163593775723,1.0222789944704671,1.0174118987650629,0.96367879187820571,1.0332014245029026,1.0245362656355597,0.96172479323941673
1.0367571666825137,1.0269390536847514,1.0194679005035445,0.98179241088242275,1.0101981029889096,0.96695293791452741,1.0063698273368906,0.98329505753883373,1.0409529870186891,1.0224426465815157,1.0117318814034313,1.0206675939489807,0.99174881517457814,0.97032403887611141,1.0023448879306145,1.0348238356960784,1.0456990629067047,1.0195849827433567,1.0203139327267436,1.0292896850558293,0.99956594436865154,1.0108953525168225,1.0188975139785337,0.95790050157141404,1.0068706939620384
1.0149760739599509,1.0293836808476591,1.0405801948644879,0.9708636820687141,1.0767106218457003,1.0123041347603459,1.0120345604482814,0.99280158739236246,1.042948351093878,1.0354769891070363,1.0052599451666795,1.0321283306923958,1.017622906807274,1.0390495008676426,0.9821690904244208,1.0301713578872793,1.0282136383857063,1.0274783588471272,1.0157679739705394,0.98584353244629264,1.0326952651702794,0.99425332447684189,1.0187410029592061,1.0190620955639931,1.0341823017570724
1.0174407613387488,1.0230670240991708,1.0304528369164512,0.99890437239820573,1.041383261006344,1.0005661214265003,1.0241858527900112,0.99893909276143322,1.0004963281482577,1.0398432530055333,1.0154394473520045,1.0394662079409269,1.016866185544242,1.0014261726322664,0.9681928669714559,1.0401535948500007,0.9542066957931693,1.0191095717700445,0.99752897936991192,0.98733401114464225,1.0396991959043349,1.0260849976407145,1.0036882618180143,1.0414850340817197,1.0322489600707536
1.0242274467656147,1.015175452730493,1.0228142258628552,0.98088430301313634,1.0390338917295316,1.0280590683436874,1.0265835266094181,0.99599968544882123,1.0539527460482083,1.0402090456247304,1.0139363834777453,1.043956599336971,1.0208421194706383,1.0084715939103019,1.025461190307186,1.0275070115592777,1.0126249489086807,1.0293980200612254,1.0227608691757257,0.98702243982517246,0.98575853879922182,0.97529985273455866,1.0449229153280197,1.0023154738590849,1.0362980962777104
1.0386413292612033,0.99884863565954407,1.0152842103383053,1.00305896609673,1.0531766681996892,1.0010068969438719,1.0207705626000272,0.99301982723477866,1.0543325641959902,1.0313512666343747,1.0262125367129733,1.0177429263302291,1.0201554585662418,1.0533168557270955,0.99631781060465296,1.0155322286192168,1.036745873644884,0.99559487095088073,1.0087432595259027,0.9796034777690692,0.99233432822865786,0.97113093025030661,1.0270540842258786,1.0368376203580769,1.0242152241562017
1.0170773665752024,1.0223810804207871,0.98618929290691304,1.0512414023107453,1.0375889445059814,1.0168735034619358,1.0328691632153002,1.0347382406680763,1.0169800709125942,1.0090637019013051,1.0028292324028349,1.030028941958063,0.99030441468614339,1.0364107337727588,1.0403217805326868,0.99648391866966202,0.99452327262573459,1.0060956675372938,1.0031040414971408,1.0237994560365524,0.99775107563252963,1.0509878040155434,1.0110603847598716,1.0100806298181044,1.011905264486366
1.0539387738888166,0.99561452247576598,0.96621305146312086,1.0036038321616236,1.0456662945053812,1.0167746184646664,1.0379663151149745,1.0205043394436302,1.0368714518972111,1.0557541395814827,1.0207047399332994,1.028357020204395,1.0718763597076111,1.0097344582314518,1.0417707148619004,0.96707112121659733,1.0221374733919231,1.0294209797357792,1.0252695664862124,1.0316633603089631,1.004446347283215,1.0140215874547656,1.0433576410736438,1.0252231843057786,1.0445689735799135
1.0112167902610039,1.0234615083504701,0.97212615515719814,1.0433058925253655,1.018123530970688,1.0241077793870932,1.0226238004500257,1.0332548884563608,1.0443925182515053,1.0143833206026229,1.0283789945266051,1.0128551751059667,1.0147060694132981,1.0505302289992968,1.0391022547931132,0.99402160757910285,1.0287128640307273,1.0119141489560353,0.99173157249141231,1.0089099057820599,1.015769839579542,1.0151096977807996,1.0232713241629507,1.0142075356116256,0.99698563503891091
1.0233462393987296,1.0131657002958052,1.0011440598366994,1.0382396252845043,1.0503931079104141,1.0165731877061113,1.0231392526869316,0.99919012661233175,1.0263415201788602,1.0102419850764979,1.0082468355674856,1.0280133038173895,1.0466666192788381,1.0092306889833829,1.004777967693292,0.97925294037104205,1.0221443958083309,1.0277384400715164,0.96719150703000056,1.0167316832121001,1.0255529229825593,1.0103819391769437,0.98246739762778779,1.0264100865279118,0.94736906410081079
1.0339950611362683,1.0290458028561109,1.0054197300574641,1.0563825433599177,1.029700049405023,0.98557615940259924,1.0260320485796,0.98817947550734597,1.0413353638993952,1.0231944849581582,1.0210291657322954,1.0461376226205166,1.0403927807532667,1.0401185585416433,1.0069105420734719,1.0391341584187501,1.0357043918465387,1.013049911497266,1.0274438540489648,1.0027134860993694,1.0393091627494251,1.0378657221696665,1.0114121254959614,1.0308961594139057,1.0047292749833636
1.0423374838711224,1.0018004449167046,1.0127213168586888,0.9877681949046776,1.0340296250725907,1.0042938259199614,1.0347794245680555,1.0343814536441314,1.0218373035100199,1.021122767681045,0.99279369462714218,1.0623242314560235,1.0394409881951201,1.0363398869419533,1.0292274636595136,1.0420283488542403,1.0357901182355402,0.99108152029376662,1.0290527989233496,1.0125286719406619,0.98610273316825714,0.96434063071983078,1.0091399534863517,1.0030200259164677,0.99971610673364808
1.0406803157014086,0.99873275168720899,1.0485261073268279,1.0219474092311205,1.0454478416726918,0.99852427342447658,1.0006265955808338,1.0014442199595062,1.061596314181513,0.99750859445323459,0.98643280452473259,1.0055375989481443,1.023312003939256,1.0294433443478939,0.96050173886565693,0.98652163640263568,1.0150817700161487,1.0149673598924505,1.0315249531906077,1.0121032688431382,0.9924839196496521,1.0305065580483297,1.0356534600938987,1.0123568221239387,1.0010401508103668
1.0336431800397512,1.0322879098532833,1.048617452069174,1.0577950092786916,1.0545522091403792,1.0213904887135079,1.0212232641179528,0.97939740215214921,1.0598778395447483,1.0139647194540051,1.0175672991798859,1.0706670735968919,1.0562962111602177,1.0206317984633317,1.0087952562070051,0.9868346926378081,1.0320955414104724,0.98498461913509916,1.0393890643469439,0.98696514460433238,0.99180925460038305,1.0017126833289753,1.0196443461614064,1.01658321839623,1.0122590386414732
1.0186742943774569,1.0314133856604741,1.0619517950673214,1.0261191062799346,1.0255874568520316,1.0164468396240056,1.0138819178770817,0.96849583725327337,1.045513461910033,1.0185489813123487,1.0091838586502369,1.0398079785942802,1.0256652293014372,1.0107906036159386,0.99129259372665635,0.94645503058316038,1.0278847380143818,1.0467814069105461,1.0046835864163264,0.93091735820758126,0.99528519989222963,0.9859646590925063,1.0374333595804115,1.0412344463876808,0.96740603900058675
1.0138796567664252,1.0319006396111809,1.0382104022119059,1.0481763572181293,1.0154834239392485,0.99792583143238522,1.038142300519642,1.0494420815602434,1.0707012894350805,1.0025328415907813,1.0074355500708252,1.0063071690640208,1.0255814323208885,1.005712239335729,1.0256728857637882,1.0147609395128354,1.0199364799940649,1.0335062050887001,1.0259968935315806,1.0318874931080919,1.024781655945739,0.96412103561356277,1.01444801229377,1.0365375050568555,1.0009358587882924
1.0420824522765433,1.0199852526345525,1.0434468781563353,1.0610527602032072,1.0513242663825819,1.0140567498379129,1.0050030889335149,1.0542886842529713,0.99874780297136478,0.97662538321128145,1.0196418784733547,1.0047997853702231,1.017340550914321,1.0221062174507367,1.0255131362103882,1.0153689899538838,1.0428486558470693,1.0150417929124127,1.0111013039281287,0.99159665547857256,0.99051748943944229,1.0131716870121483,1.0210111020210921,1.0168191281522707,0.98914900605303058
1.0036854632784371,0.99570387762893164,1.012338885443488,1.0159402026982203,1.0371268032812266,1.0043032421009668,1.0181374652586979,1.0244650739049987,1.0154769490030466,0.96127800163207378,0.99890463244760042,1.0002719218735694,1.0383439509524941,0.99039686288296958,1.0019961934951032,1.0523550231273822,1.0235440444660893,1.0267975240317344,0.98466230125732723,0.99093580966461114,0.96658124509514687,0.94051074987123773,1.0593023267822606,1.0285621972045222,0.94267407417301541
1.0132997827788643,1.0304903840702773,0.98106959883637579,1.0171145419257266,1.0162437953503058,0.99298061064324117,1.0103376219425033,1.0335109881796558,0.99781762263389062,1.0168040028027847,0.97850664733356907,1.0439842891187665,1.0504796818345461,1.019660821781275,1.0236156438407036,1.0013483699536589,1.0023331050886779,1.0347980267157089,1.0014312705073565,0.96336695236422187,1.0082919364084892,1.0099158876593539,1.0455870246196173,1.0262706526522674,0.94655179539705192
1.0160812879387562,1.0182589000562186,1.0120648129738892,1.0015982134836972,1.0198493529350763,0.99232567019662954,1.0289613341973542,1.0277371867431373,1.0223148576258316,1.0139907390145291,1.0050445529714067,0.98442514141924975,1.0677260264973636,1.0473099650108244,1.0005870285930434,0.99676176388438587,1.0243065973627452,1.0437200034554934,0.98837108863064049,0.98130580977073589,0.99175195672339156,0.9874455887262954,1.0034379221873473,1.0342408661438365,1.0054591286416639
1.0099872421164968,1.0036251317169713,1.0175260561330597,1.0557574093074671,1.030110483596653,0.98842300794302385,1.0020850331251416,1.0273203947806597,1.0322088922386501,1.0640679902649439,1.0247602572754706,0.97129674801854105,1.0600882151133182,0.99087232509498424,1.0006618640212583,1.0072019128867449,1.0014949869317444,0.96338513799583314,1.0242636411400181,1.0367639735981571,1.00820144883441,1.0022686557754839,1.0410347950465417,1.017576241363672,0.99893109865717045
1.0165804146183079,1.0372945847789763,1.0464969789986598,1.0564147201790606,1.0323940491436359,0.98158816793832715,0.99543200242110574,1.0372976063206933,0.99127615880224285,1.0502801223025715,1.0071222577621111,1.0008062235659807,1.0534568750980366,0.99469388608662457,1.0114091390976019,0.99116900931388763,1.0248542517148114,1.0147269545816011,0.97223563643339972,1.0316151561859446,1.0367888696992027,0.99148396113578718,1.0132560098286016,1.0126795935537896,1.0153297828197325
1.009542468400656,0.99614637054001021,1.0424616295667404,1.0493481051055544,1.0557905514199011,1.006475827875098,1.0031207382320699,1.051598773019581,1.0186888725808745,1.0404147103728913,1.0408748944228279,1.0027993990728497,0.9897401502556038,1.0134802580061431,1.0316638656019399,0.97314251722158562,1.0466004099071264,1.0316242042846895,1.0412057123670846,1.0247310494196831,1.0552844263790675,1.0022183450376447,1.0209482835798422,1.0323174601609577,0.95667784279189383
0.99617112949142061,1.003785530904868,1.0136074068429757,1.0495373834430735,1.0542428902833303,0.96489373460562422,1.0172707134042442,1.0580398098267145,1.0127436710723823,1.0398374017746022,1.0076242697074711,1.0145734505791852,1.0164791404361539,0.97202738661358501,1.0473903025401599,1.0157435748795194,1.0387862206261114,1.0291251002679254,0.99363222773194737,1.0427823581806008,1.014047012464071,1.025426804126361,1.0280961908249175,1.0376580547632746,1.0199326139262419
