0.83554066246074621,0.58778860228357943,0.845804008589225,0.60153653344801217,0.74704540384535856,0.72110746647058455,0.63451773059309324,0.67858180789273892,0.76566220795485218,0.67262580330676258,0.69042288991534062,0.67047177263993152,0.67552685137662716,0.72239202500425947,0.61635289756803713,0.78624831731829825,0.81181801458124392,0.77275215839741407,0.71913434613265503,0.78862634636905427,0.70249111632906081,0.90995265034093897,0.88660841066899942,0.74396353083567446,0.68552618004048393
0.82277291329907598,0.72336095267247003,0.85065028162645206,0.79371632506015943,0.78726894220149268,0.73914840449112984,0.7156621165662902,0.66155822754999793,0.75351608311754825,0.70112323141631605,0.70716232493476305,0.73213309126053128,0.67800478648243589,0.702625026476145,0.85041699065370235,0.75939705092404242,0.81416519991593772,0.76891894705770891,0.6930578085428466,0.78039700594423811,0.72274629616576547,0.88283439131017383,0.90547153698369132,0.76778518679297247,0.69718825971673482
0.8013199232204733,0.72944307711760259,0.84276773172928976,0.7872221610903305,0.77409648040782586,0.72554522741566663,0.78353061538001889,0.75101822750285319,0.758002516568274,0.84833813642774192,0.73565590815266624,0.73582614727183404,0.82328861492010474,0.76107506627902455,0.83888469050174508,0.77951082266945426,0.82725868687535853,0.77333752664670008,0.69167907693316744,0.80738182980021833,0.69958548217336824,0.83505984544269263,0.87386336405629728,0.76618302038887331,0.74556289561930156
0.83587820682980796,0.78499982150308911,0.88285623987179374,0.78899685747423487,0.78757128566827506,0.7445733553351197,0.73724453096567699,0.73517873879914342,0.7451233346016336,0.74866325344012707,0.68979221024576742,0.7418269670506652,0.8124310133510475,0.77248999658334006,0.84951806880965219,0.78281887179233467,0.80078854475461791,0.7820941831765954,0.6637610000046581,0.83121859864127945,0.77007815272364111,0.88663187040632829,0.9011077986224193,0.78269248340511599,0.71895240830346052
0.81168580016203529,0.79209085332222062,0.84256538298831718,0.75442886074339244,0.74327150291192667,0.76050573803377908,0.74274239550130827,0.78254755576730284,0.7582839645482643,0.8380279967326143,0.7908656791408698,0.75671043182411146,0.78847543842879542,0.7642133665067713,0.8285161063294072,0.78592395526051606,0.83664666834167789,0.78365325471545866,0.89818429939123523,0.82140832030514233,0.79852765720666963,0.85771230988434277,0.83337271295796622,0.73267449898238557,0.8464331731092356
0.80950211931620331,0.77166251642502404,0.8461857883744266,0.90144041215210602,0.63329779563184574,0.75499401620597861,0.8338076819091389,0.80590041589178496,0.7705810883722457,0.80097535658298791,0.78325498719434405,0.79198040109526502,0.82227284001563794,0.74990924134528281,0.85880499866180371,0.7734854387446003,0.8300359299579303,0.79591208623172072,0.91021874069947939,0.78126946003715869,0.77804014001116573,0.84185762175930035,0.78780060892161741,0.82941509283708514,0.85592278575211811
0.83454059033033001,0.85284107484201777,0.85222200895649114,0.90218656250500828,0.80099728735651643,0.76463073165228534,0.80409857831467035,0.80645984984826868,0.65146094695026069,0.83947553128327057,0.7851026969202789,0.78063151615022675,0.80436576641334634,0.92979801074266177,0.81788473503630943,0.75038876612252792,0.82508579636975554,0.78223279918590127,0.90578995782138905,0.80116238070565982,0.8197855699532508,0.86034363538750513,0.89648338672839745,0.86529664233673365,0.84377976243420127
0.83975106654298126,0.83654786579202578,0.8622514095028323,0.97345153630198678,0.78204414655143384,0.73540231756523022,0.77146042307034157,0.77737122750184862,0.78122705017134719,0.77115703437962646,0.80105702894886199,0.7771317226948945,0.81403554687158275,0.89078188320960805,0.83091677142612941,0.78233070739095623,0.8314069167235727,0.8947879150517386,0.89907111242884907,0.78678388897381002,0.78032365564503536,0.89093962945821192,0.84752878720619007,0.8181675186536066,0.89900953457629984
0.84107395514548999,0.78559371492396757,0.8344032706548995,0.92713370061154887,0.80320671857026482,0.70646769433949019,0.90433666360155551,0.82389059280322052,0.7586437331764232,0.76693941632359042,0.8028620864345194,0.68894734050196804,0.79954837193021144,0.88628809508716089,0.83125706761587459,0.72834935245156762,0.87640802460903688,0.87523234638910818,0.89868424045945161,0.78467508118882012,0.78729279376566152,0.86560896176633595,0.84731952483410444,0.82647798178088649,0.86906392764399809
0.82055110878300241,0.7620630510232117,0.84061501091447266,0.95114430753323764,0.8133910322874337,0.74954997245779786,0.88971224701773888,0.87080853269660263,0.68868812812116098,0.62498601869381976,0.79951713008624226,0.82796628654483517,0.78731404556727191,0.90448679210628358,0.81988758933963468,0.90192889392534104,0.8218626465811647,0.88106193345639738,0.90021884675689823,0.80653361231065035,0.81320045257396933,0.88605864955200908,0.81572116895238911,0.85884753172545392,0.84692793423208423
0.85101807206599211,0.67070600449350237,0.87061797893023884,0.91949895816731098,0.78086832365924819,0.93209592987817713,0.87899351805297554,0.7759120932185436,0.53988024635543241,0.75477566311782573,0.78182347599129476,0.85105947500193557,0.83428626268358597,0.90415192298922586,0.82212552739847644,0.89521837251223646,0.84489388633281803,0.88331096995142466,0.89093623670632494,0.79429372873259596,0.80215862712965236,0.88756522096060431,0.8968163397224449,0.83228551533223738,0.88066476294018259
0.82916075245923515,0.52064785169215533,0.84562494827106027,0.96391034503141149,0.77292989838330162,0.9692069836412105,0.88529781027373233,0.78003359033582065,0.90029039834957791,0.87531077080577302,0.78054351456625759,0.83074247480727437,0.91698432787853956,0.89765295539995282,0.86952843898609966,0.88033003066727888,0.81810709509209945,0.87749519825735645,0.89905709675205003,0.81574328258483364,0.77658672367421866,0.8830861659619702,0.86028907597135318,0.82924597624761043,0.84748265986541882
0.87237231437605933,0.62446768741151037,0.8673923389296454,0.93941037272319738,0.6747131129797459,0.94542612230041712,0.88551206836381491,0.7497518513691328,0.9049150720647795,0.8693766034926883,0.82542871950498919,0.86289598503432441,0.8296296744091759,0.90516046574989917,0.84467326805451426,0.903272328356726,0.83709780520832811,0.88088278335406023,0.8868631258019285,0.78849080686378126,0.81871908777162128,0.88630236112858773,0.8618345034369852,0.81179496747114221,0.86375315330762381
0.84023061176167357,0.86627969445225561,0.85803302162082906,0.91289454788081392,0.69732382519104119,0.94990488741610735,0.88207169265426932,0.6914005131902583,0.87011327923374371,0.87894855782991654,0.83633677637034676,0.86295989839610432,0.90177422088393278,0.90726271268321435,0.83773105238799672,0.88449722331543512,0.81389456187479192,0.89674041494935985,0.86503024869982759,0.84290748356525547,0.83063072965800056,0.8958338951588718,0.88546915029584761,0.7460175527901014,0.8700203805185982
0.84119522239689626,0.90116728445526495,0.86134985294038824,0.91884640493650327,0.86680041544295106,0.92343793180197598,0.90273235030830357,0.70397079000717966,0.8439240783905696,0.87071077503451855,0.80349988045780762,0.83003338820080785,0.857896371436217,0.89318941750790459,0.81941761703343041,0.89014497515331015,0.73482567028202639,0.88383582201423871,0.92216848971248833,0.79602009987082556,0.73740001745908168,0.88261132004658549,0.8561087140694088,0.7812680275498981,0.86223740961160378
0.85297112804569286,0.90264143809645359,0.81936948394012832,0.95764020611290868,0.87665685328735465,0.94403902208430246,0.87965343067607937,0.52765602309865323,0.89348192717516406,0.88456383274062655,0.82667586806634863,0.81484040869784302,0.86938807081437575,0.88319575407419126,0.8217916660937703,0.87950960855779536,0.80926820154941015,0.88688700782450003,0.88281733178642918,0.88446907033687872,0.78383929818003595,0.85282793484042985,0.89031683538050499,0.80469376932044012,0.89027264600744171
0.8146100573687477,0.90447024403462428,0.85075318810858225,0.94248763986883743,0.87108341601238271,0.92632535119192927,0.84571762644503767,0.88937464313061954,0.85057690194642488,0.85947103499621225,0.81000909705488522,0.90062677609940733,0.90184550279289355,0.89215787765695798,0.86969652919582319,0.89167643818253595,0.6991138528862515,0.89429320482203523,0.88684923750999678,0.92116444703065281,0.96341162193679353,0.85650500372898397,0.81760379356403823,0.85158571795502769,0.85055698041540528
0.70545121786934462,0.8728003035153642,0.85669424158423513,0.93795790506415877,0.88723180099597043,0.92137253454935186,0.78368868684641835,0.88645276216650815,0.86519918920295213,0.86675361285499264,0.74105928607084182,0.90967872283143991,0.93668681812861843,0.91939949625787032,0.83313969424721712,0.88833319265591149,0.63017345343392706,0.87009490772499654,0.9231338693313117,0.86721369735175102,0.93847150762744114,0.89823859065653333,0.5827897973963323,0.82572702113308694,0.87955136884194962
0.80766016531596829,0.86153287295216063,0.851254038669227,0.91945866212431038,0.85740644978206093,0.94690629341111299,0.8059266425106173,0.85675909642224024,0.88152759933407721,0.8780043890900513,0.8525015769580695,0.89093809068115914,0.8388441133803588,0.91526595229327556,0.84006756777285352,0.88550981613326174,0.78317214018058645,0.87870319017564591,0.89977878563532643,0.89545269233713953,0.89098024670547926,0.85325896187182981,0.78408333803848562,0.82771217243438078,0.87284858227061268
0.88828924834908984,0.88900039230708472,0.85597643852540328,0.96037385660744146,0.87043353666676737,0.90686674042488957,0.87597163330799854,0.91736161606743361,0.89777811012992181,0.89453160584331015,0.84046631856810494,0.89910123872503112,0.83897154959329634,0.90592460063964553,0.84335294475346867,0.89968351433603111,0.80376036034766973,0.88340254032251087,0.91605464855734098,0.86906370815418643,0.88418276082968272,0.87611837084621136,0.83262957742642052,0.75668190296396209,0.85629639025679938
0.86202430554572096,0.86295902030487137,0.86161156774601844,1.0080917219812753,0.86163138004281681,0.93655117782983055,0.91897609100655753,0.88805219488062204,0.87045185402626502,0.87164659783447462,0.82500570927038852,0.89134143767760921,0.77383801420154075,0.9071554174652724,0.84835021861621107,0.89810973116104464,0.81375481434902075,0.88406577494044691,0.907318935212027,0.89616657273915856,0.87683466667925902,0.89823285937657882,0.83942231159628222,0.78331742834073981,0.84669621537890061
0.89320530151779542,0.88844546725899365,0.83172468940817745,0.9442218734975959,0.86923182923707876,0.93013407184516017,0.8853019466902925,0.89115927350402246,0.88431475795836945,0.87908831753665395,0.6361719829140936,0.91474351132282616,0.8852199682219094,0.90952823181302367,0.84179795853084494,0.88286852868796206,0.64536343826478282,0.88788480508683354,0.88502510607836693,0.91321496383117096,0.89589923185683595,0.893105166635491,0.85717163624448045,0.68411254075666017,0.8568601175093572
0.89883619040200158,0.86164098200381611,0.82282588884675512,0.94487585485392178,0.8749078044623807,0.93653992607962133,0.91698787467683152,0.86537738857806412,0.88359049497560715,0.84851302618506874,0.81469969024151778,0.91001602034386042,0.88073144499038425,0.90400745727842613,0.83846782704946743,0.89810378393657642,0.71111684330539837,0.88060808019809333,0.88128094920155509,0.9064251887784166,0.9299216819677113,0.88695847279677853,0.86587704844370261,0.80504260176015652,0.8499414777826112
0.90627819121232978,0.83347470242265975,0.75929583685061808,0.93299645426165967,0.86198271178616759,0.93535034339466105,0.89436600262165278,0.87047982636972432,0.89719551116438678,0.8585787861310209,0.76893105185909916,0.88058932814413482,0.86638106843911977,0.90531495889691338,0.88266086292440737,0.8832168496168229,0.9203999141623781,0.9121382137472237,0.88740730609035356,0.86103192594535582,0.9298346389331329,0.83667091503057134,0.86645707501315139,0.74914332235855652,0.84354639916861129
0.87864607098747094,0.83282267800139109,0.83360265831885738,0.9346368639203817,0.86654269417182961,0.92611310225763599,0.87862260232277367,0.85308455584564336,0.88316049898949733,0.86495414170634966,0.80107533537445763,0.90294715541043347,0.91148116991217554,0.93253614828001019,0.90510676618222385,0.88966830027533761,0.91283873547897865,0.85528274361526535,0.90409645431566443,0.88254462650097776,0.88259480321874006,0.81542946054994869,0.87802420466876985,0.77407332649666671,0.85128894718197501
0.87241455400245593,0.73972096853286851,0.81302118853863647,0.95856915048978175,0.89476581665652721,0.90014703102363824,0.84155947848731483,0.86113480105219731,0.84322863472095499,0.85017212257212027,0.55899966272814761,0.91671700541555379,0.9460484529875105,0.9115343498427646,0.87369751476003954,0.8945302725531451,0.93235755862055025,0.90715828881435334,0.89355367343680203,0.88871741088701672,0.94480653191981967,0.63844724247192763,0.8456215834071138,0.71988340948660667,0.88169139963088949
0.8803253668952532,0.85482671199222371,0.81807033443465627,0.92064055171133619,0.86240309726734254,0.94568243184812972,0.91272829481748508,0.91913301642435585,0.88143256411489557,0.87270392204537728,0.7996904011521575,0.89916650285584832,0.93538984016489057,0.92353684383907853,0.88215738320961545,0.88411874717629346,0.93246470857138442,0.8967715636913911,0.87982058753051406,0.88426584320762514,0.857606414641093,0.83328138054688583,0.86687884500949264,0.90583998809723387,0.86122768159837815
0.89835606633537179,0.78246568333521338,0.64160893990145429,0.95182646845519236,0.89115236401065168,0.92019286580028636,0.92103743377227087,0.89094586407915188,0.85821317049647838,0.86991744915896463,0.88846564040794396,0.88442033877762649,0.9199957469627279,0.89530551889163423,0.88468341341488965,0.89916034499180064,0.92755564939199409,0.8878486747461638,0.89533978964095806,0.89614821539913647,0.78256415017546388,0.77556862097819768,0.85814098101736669,0.91360008127480741,0.87338508502660461
0.91177296966964738,0.91592735995754992,0.94555537988771232,0.96918996145746661,0.88781684209454492,0.95496029243963243,0.91868461414866187,0.87013813106456384,0.83747875392320237,0.87110085410252824,0.86880090749944172,0.90806253988664176,0.97803469928497122,0.9009196562936771,0.86803652800364428,0.8975986325407409,0.91230850925660445,0.89483109254179527,0.8735977958313802,0.88251987583472524,0.73531079088314488,0.89524228799788841,0.81263546088709426,0.92042624742150991,0.83589074581999356
0.8842771912477615,0.90593530863743488,0.87415443163060913,0.91149569359098237,0.88025383909325283,0.92544152999334472,0.91807569839161152,0.87679894399973635,0.82207884659681418,0.85899595896485648,0.84442573800174359,0.90240885788778757,0.9334893918286532,0.90733486891507742,0.87780132551961521,0.88698926801384426,0.93247455654280542,0.8936350074321755,0.90076973892081635,0.89272950158864106,0.72606960438635026,0.90079721887491537,0.91783501677084289,0.91373154310141025,0.78440530752856996
0.88248358188871201,0.91794801885492883,0.8922513499382897,0.9332761562328955,0.86992138204342195,0.95569495934415871,0.94160077843747225,0.86285148192251626,0.56176429396415795,0.83348724084379477,0.66390711425965676,0.90082560812783019,0.90338900601998084,0.92417837930577074,0.85008087627355566,0.88337665381947372,0.91353864792256656,0.87500172544550936,0.85623336344936929,0.90535726715067766,0.90702656745667731,0.88374499745035939,0.91597117233734082,0.93433407816998593,0.79404428171421026
0.8788514315086462,0.94372447772778756,0.91418198705825826,0.90651226920464656,0.87847592143090802,0.97432174280792883,0.9377899589601808,0.87522508777971375,0.84912741282323001,0.75473068855046554,0.45675763580396894,0.91511685500781792,0.95683920189187155,0.89425385118543321,0.82641884331197291,0.89552180422448935,0.92399181516625806,0.89805997168920082,0.92801844253065235,0.90166817208833583,0.93962028301190281,0.95132610161207642,0.92442914472657767,0.91397651615957698,0.7829589808792039
0.86363888675454248,0.89652483867409272,0.89287093700592457,0.92624410368702237,0.87836678984742766,0.95514083365754399,0.9479822096635907,0.88832691430966337,0.76316058398206499,0.78523527842402674,0.83156797902069224,0.91500304248175646,0.96012995716517946,0.89927693604682701,0.7142721610901005,0.87359414640249278,0.9483559249805511,0.86003487944287527,0.90434804465079111,0.91654497320859973,0.86920627151900376,0.88610232323016114,0.85041629994525991,0.90007637064377577,0.87184127166645542
0.88478984304338693,0.88154523263405671,0.95211502810760895,0.92912931982570435,0.85645780665007021,0.92276541006934099,0.94013904118233416,0.84800604539016655,0.77590929064163749,0.65247990960309787,0.8209500565153931,0.90505335619619121,0.9357817580101605,0.90952250315478367,0.7267753112058396,0.88481377367777303,0.96273505025111816,0.89528458311174086,0.87497004143043289,0.88183830310554479,0.87233628726260293,0.94699175125530233,0.80477893348556506,0.9160526653081501,0.89637384328796177
0.88943217104695815,0.90201841564335283,0.9185984468027576,0.9446256415593417,0.86707321841192986,0.91307026765678312,0.89211942559993684,0.91693730088583958,0.86209649314151304,0.87693825140361492,0.89758095972609642,0.91552912270455789,0.90496390857548148,0.9170216423862475,0.84723177773105285,0.87381656882402359,0.91114004869146792,0.87160764548284098,0.89377757949036063,0.88533620139959535,0.85191547500129527,0.84905361354615316,0.8460516840660629,0.89726222691142143,0.88813406147324581
0.87441847830160702,0.91130341929025749,0.89967378900871653,0.9711938604130006,0.85795198314459986,0.95757637250751138,0.88978197659471192,0.88276817799011498,0.69634000786576644,0.8422120423303826,0.92353224608908602,0.89353994787981827,0.97305278115519434,0.89232978614619574,0.72748328664896622,0.87885617362246182,0.92621368350747035,0.8894744982305387,0.89865937604278123,0.90454790736520518,0.77214249398462098,0.62230550860223555,0.85944769287748868,0.90967908315210044,0.87347646125275191
0.90504481535874559,0.91144432915210205,0.88411041208010777,0.93556082121249295,0.87998036917374534,0.95429103981762864,0.9218633835777249,0.87676154418924146,0.81047705529095715,0.62450289149387817,0.85590103298758491,0.91277642390863556,0.9545347429572536,0.88889784126475813,0.79736378695796251,0.87819778668125315,0.90176349239275855,0.8968045639422707,0.90846190202394417,0.91689827715191174,0.93589729987469761,0.83986138478398487,0.86560758800683546,0.90785883312176596,0.86341628139662252
0.88181328490891941,0.91366333801695454,0.88330320418202701,0.9905886959618746,0.86860623230868761,0.91265310945879086,0.84883995066293805,0.83297548279436318,0.87139161299782453,0.8152606785694797,0.91840736373467458,0.91374631393352101,0.93235224396625338,0.88359259905597554,0.96241912107605487,0.90776298761845275,0.91793277039531063,0.88491129130766455,0.89781797234331906,0.91560446603107504,1.0000013553616436,0.95338360712658898,0.83969488891447652,0.90819343114287432,0.87913314068680137
0.89563064468259168,0.90325641011902602,0.92500514851993054,0.93396393727713278,0.63952240903784563,0.91726389136239506,0.71921126428699145,0.93731492771322311,0.84907735275004603,0.89482868885313449,0.88962601831481913,0.90841929501887875,0.92903758605861997,0.9112125554797017,0.94934430960293215,0.86261847810400993,0.92632288118566586,0.86484540387491027,0.88606840572609225,0.90236364503122757,0.94474427740926925,0.94794336208551055,0.91974173911965107,0.88971585591346192,0.86666402208906734
0.88021303381541616,0.90187483906347421,0.93540667005779221,0.98975499510978493,0.88314049674327044,0.95950154866312787,0.949330114735914,0.95698832374720755,0.86377324011204604,0.94941980088635691,0.89642318047513003,0.8803047578317339,0.96961472273946547,0.9005768425384244,0.94958774253463618,0.71860339060995571,0.90649399986745405,0.81561922584537028,0.88345000852446176,0.88422294410384605,0.94208285293504512,0.96299562597008204,0.88832110338206494,0.85364551312970127,0.91161281436385855
0.92408142426057904,0.89973479298742043,0.92643372265475532,0.95851595908574772,0.91212443031829227,0.95256326607008124,0.89811013335656553,0.93714211380607815,0.87522958438894483,0.91338257302261194,0.92705574124361767,0.91039273519180419,0.92569958203881919,0.91477737910612633,0.94671503650812594,0.68466114732432304,0.90171499256716214,0.78052324858312483,0.87607508167549319,0.90590829004260898,0.96621125648217776,0.93611903142009922,0.8891165899944109,0.83405243595572698,0.86195655001093263
0.99224903605141446,0.89451982226879589,0.91662873368880349,0.92832099652148925,0.86020741167366321,0.93197968722921398,0.92450313010827434,0.98193125546569671,0.80592600643190504,0.95359332037956901,0.90861016797591687,0.87809032368952955,0.92172958635212898,0.89959365605552444,0.93819075432520138,0.85855551235759386,0.90969304517853844,0.87466588275771973,0.89342302104611004,0.9294184721731058,0.93860597562268411,0.93860034137847459,0.88384277453797699,0.7803534676787478,0.75497832565379164
0.93108799864637959,0.91059594780024034,0.82481667345159571,0.91237886736490437,0.90312802441530349,0.92715982412352094,0.91126797641156998,0.9772089541079374,0.83224871868526673,0.9092877515752531,0.90711218704004437,0.92377982007280623,0.9482581760331199,0.89047990203878535,0.97203697176534631,0.73936407711882246,0.91021952460049826,0.84358061744955648,0.88691803294464278,0.89133878970368741,0.9830094336090508,0.90939411568055473,0.88394183001777826,0.76314114095213104,0.81004672292224078
0.93847177448969499,0.92097736786036477,0.78685309381475665,0.92565351116151218,0.89691785858157802,0.96415334735013747,0.9208155842799558,1.0131417036331487,0.85145569538049937,0.9000360558559849,0.91027195134803662,0.92369012994335575,0.93528568328789086,0.90831871698075684,0.95395507244622479,0.91841100400400044,0.9368042039749257,0.8657479489539528,0.8933978617595103,0.8955420412198728,0.93116825133179459,0.9618837285357601,0.89182791238929571,0.93881954939727985,0.85539380603812254
0.92331694430766864,0.88938514206209851,0.71354498952271195,0.88380139002409175,0.88086192698154897,0.89496230042532288,0.90316170213544555,0.97956827677411562,0.7845875480116421,0.93813649312976111,0.92803476621782499,0.89388452247959493,0.89592607082534181,0.88761041209950897,0.96024641582003134,0.91233330283136083,0.91248137848842681,0.77737161245824504,0.90626360935809913,0.92959146295027184,0.91596069666712754,0.92998055584418027,0.92437518070656666,0.96091179903657697,0.89680235740148018
0.92978090275731295,0.92138111048021232,0.89346200990330749,0.87432970800448306,1.006138474393147,0.95402175376085696,0.87600497252638265,0.93382804244056539,0.86929432956998776,0.96017642422377802,0.93180240292144334,0.86973245275510136,0.88776128402915555,0.8812140716336615,0.9344912884583918,0.90490769636358193,0.93688528589725484,0.90143269999394371,0.91994892745469858,0.91763278990387875,0.8979660741952733,0.92188387617200129,0.93867478362225676,0.95931154921230677,0.88506587099651446
0.93386512535560318,0.88828520832390767,0.91945664869622934,0.81384171032398489,0.84181353293533223,0.93500341183191105,0.7593139243853102,0.95860931902428115,0.77900016503994018,0.93597061648433533,0.94121279844458472,0.64187526781759807,0.93652762684083046,0.80767238617998738,0.96179218824005464,0.86960753361847465,0.92937386240157649,0.91917052253600229,0.90521459065998555,0.87888270860868323,0.92172318086595806,0.9407749382605467,0.94236070662413507,0.98919277256776417,0.87192815298825654
0.98531419854961477,0.90572979559722577,0.88269963562599441,0.73819528758568842,1.0150951232560741,0.9542757704668906,0.86229252721002581,0.97991519570997476,0.93516365499226417,0.94369492920273346,0.90625449599074148,0.81868940756001451,0.92450923456868328,0.85727784753109404,0.96282186445708096,0.89273605270375034,0.92280373219747225,0.90746432536951294,0.9299770552590122,0.8902497072939205,0.96558702236371641,0.96427107703979598,0.93256328160257729,0.96040558489229333,0.87065834811704701
0.92607459832424743,0.89115701822925153,0.91118990566205627,0.92993382022367888,0.92538715896349077,0.89834972678758185,0.78102132677434033,0.91850892830706332,0.89927578820854215,0.93213565607085391,0.93058658334250322,0.88496974796780681,0.916014752451346,0.93239713016403003,0.9694865093921422,0.87867240197101537,0.92321722838802311,0.92848392748154662,0.92151896025020219,0.86275246917295167,0.88599155780627192,0.91417177429502094,0.91337897348083674,0.95644383862191473,0.89961504223660893
0.95712818468696137,0.90848114155387028,0.9118396187472082,0.85556577514262777,1.0046561771817355,0.97681898111711962,0.83898884851510491,0.98057261649330996,0.94191539232537147,0.91222344061196003,0.91414177911053451,0.89843340069979616,0.94314351654415263,0.9386584148529763,0.92602959598873136,0.81454188853930676,0.91811763047813888,0.91013898115389336,0.89204158744064266,0.77945203131750784,0.95613976126366285,0.920769547580371,0.91822399197168059,0.97913218893948994,0.8958147972750452
0.9039650886210141,0.93520160604892411,0.90030844075479477,0.92239966765179027,0.96488668568023317,0.96428559144340253,0.88628614716759535,0.94662595144615058,0.9409150307190608,0.90423124482684791,0.89369840649353094,0.8799227293516354,0.91820055337146544,0.90371583961473057,0.93776538504317752,0.89749763700986196,0.94844053650524807,0.91667756999506278,0.76658025625885418,0.86889046973787099,0.94292964707250315,0.94788105519666721,0.9194136115830287,0.97660303359231704,0.87629391874800355
0.92143621938849352,0.87786030013015348,0.92856903411001879,0.9147937552797899,0.91812821576279635,0.96692018027735815,0.86532094768614531,0.93030850930851627,0.95967026735979466,0.94700939427551956,0.95314018855848159,0.84138383004726547,0.92482575737869843,0.906067059572494,0.95596304982397573,0.92627717656456543,0.94930904231973079,0.89621466743173173,0.80718713578499623,0.77521022940201278,0.91733724084122004,0.95004831566550396,0.95086004909233346,0.97863083387086425,0.86235503637764199
0.92644507332228598,0.91120565580180601,0.91483766496415975,0.93912772256899724,0.9117089042223937,0.92146639601661695,0.87023770328233407,0.90997731240803181,0.92123463870627842,0.9245903169315044,0.92613322479231874,0.85793278707681586,0.9563058060425913,0.91713245677028332,0.97052649019267045,0.94020796751341362,0.9190035438137375,0.92360255309134898,0.90835881597643198,0.79567526183807014,0.91719730328106974,0.94970391115620278,0.93473202837004388,0.95622979812686915,0.9628687859824524
0.92509615520272481,0.90374163916214534,0.90015030347167724,0.93185453381541383,0.94961592694131958,0.90209793793605553,0.84906108476579167,0.94606314351031251,0.94321208383184019,0.9399843627031006,0.91274802746826822,0.84457004015303005,0.91164571681023698,0.91436727224448544,0.98564608279681531,0.87795938890310421,0.92045289087275339,0.90159675447050502,0.95351198308058105,0.9712809834740368,0.94741633095981137,0.94892504630971952,0.91942673395396424,0.99269427832641699,0.94202532731658706
0.92539570697154727,0.92529528193390753,0.83451557104752749,0.9574129796800499,0.9510147156293155,0.89009431433318076,0.82477467028017715,0.86672534682189739,0.96472810440406165,0.91705296501234312,0.91716434410270464,0.88409661989021937,0.93385239478965876,0.89890290784273352,0.99630859367580848,0.93857769495554522,0.89911284246348233,0.83905596676122751,0.94964438351000779,0.99199584819457942,0.94556449155765432,0.94386872422671564,0.95028390030727272,0.9030313541745485,0.96799944904234614
0.92892533262944255,0.92588727731472331,0.7376823362852577,0.90655155707656621,0.89219512894762931,0.95005648651220809,0.86299612945989168,0.93788223280673189,0.88035488217855207,0.92139437208595787,0.90359577659559942,0.94174620094006756,0.89636994609849774,0.90951668281044629,0.95275737799477234,0.95069634608157194,0.8743588111732592,0.95178473569977029,0.93656509674269139,0.95281170055687359,0.90776248069855403,0.91972169468385601,0.91907321590183655,0.94149016974591504,0.94436063250792623
0.95174023123459595,0.8817541391590773,0.92244996882276831,0.92028332286090786,0.74753826278399105,0.94351743655260045,0.90365689145863448,0.92367254311335989,1.009016409605213,0.91603698861896721,0.92746342043593633,0.84586243201155131,0.93798302678116097,0.89598180043700004,0.95580996407182339,0.89937499805518972,0.75098922895343101,0.95719189326968057,0.93552475250892209,0.9765074303241057,0.91655202847343598,0.92786649329879745,0.91964704193009872,0.97626184205776778,0.96987042037547688
0.9507971618028066,0.86674574009267646,0.95280453916888508,0.8906956945673643,0.93826915152841628,0.95321819408910891,0.93396495586788353,0.92833548441791736,0.94762955266828941,0.96413254024365125,0.92850455090979533,0.89527417775865825,0.92115610422128691,0.85843713925255549,0.96689149861971513,0.9590069453699841,0.87039190744172146,0.9536651616824029,0.9420504488491146,0.90742944419424776,0.92575451244392559,0.9489475753192983,0.90468456453294732,0.92708651374295226,0.95760690495740775
0.93706713897613791,0.87214764309889858,0.94912697583468753,0.75136036885944413,0.92137668057207989,0.90837349126234079,0.91745894041472364,0.94235487052788602,0.98185841739576363,0.95964392015613875,0.91810233632935934,0.95096694292605655,0.92624204479049499,0.8724075509432081,0.96275517945599665,0.93660538369030955,0.90816863951732307,0.91350641847408309,0.94933605689119727,0.97098907597392836,0.93844984777255014,0.95028038564833472,0.91791060627378485,0.9745922405204982,0.96912962460475827
0.93399127233097756,0.79161631214507255,0.96865981414742364,0.91861335091881025,0.89739973534912787,0.96563816269232106,0.90099057107362623,0.91741285157907437,0.95914504921195753,0.9580401140549244,0.91261852347526728,0.99595585050747759,0.93646115680174424,0.93378238934734337,0.96385387509830234,0.95213069131324091,0.90871842012517556,0.97030555419026188,0.91273200370732632,0.94270434131422254,0.92676634600530938,0.96334629142044292,0.91526466817075536,0.94045601350485586,0.95781798603114365
0.95372732410267314,0.91144744545265177,0.92008393312365377,0.9822657398682475,0.96824930764269213,0.99854864414962607,0.80612114711114891,0.91916352434443582,0.96495342230734904,0.90391616807243624,0.89500907836819255,0.97060437992078863,0.92399230442283597,0.93022274360219381,0.93699031171714997,0.94544375281603799,0.97506143648719412,0.94794590057888206,0.92640954941201659,0.94337271046297888,0.97765099506076736,0.94366782388384429,0.9422419370934878,0.93609814621216458,0.95044345263694363
0.92646371404051664,0.80690394412586575,0.94071855282508265,0.99146645393230537,0.88725636010750142,0.95908421770077135,0.89535229076145861,0.97108667014332506,1.0115392279892812,0.99455755073455698,0.88794198040828343,0.95390112896217694,0.91269130283245625,0.97499055639705678,0.96856261617180217,0.92363914727668506,0.94811882918521662,0.96991966945136854,0.9386563235937726,0.94409567880453793,0.95352393513623124,0.92639606063170032,0.92537582654637551,0.98502493367503263,0.96140964887747649
0.94635838383087867,0.97121484693332627,0.96562759444105795,0.97491462062151257,0.80351097547683425,0.96267719292028486,0.91130861757865633,0.94619708616646003,0.97617269328388856,0.98686323293722644,0.9728162630265389,0.95485502375146281,0.88201895808793507,0.95828815166120673,0.93982860196863371,0.94852243404122083,0.93143599761533979,0.9464126066657218,0.94014729018616072,0.95834515489408101,0.92199867852130246,0.95208475321819008,0.90639215519911076,1.0072506141746882,0.93465778543487765
0.91929375876476571,0.93266903583805594,0.924128748807864,1.0005544233828201,0.87241374074856393,0.92817226882291048,0.83925578634025522,0.97465565188255199,0.98152061187880535,0.97663602863499399,0.95546476020504467,0.94846886784547879,0.94777656722535775,0.94826998875251678,0.98069698829279395,0.91180536586099337,0.94299974708675682,0.96103837093475242,0.91823717032121688,0.96141674435358715,0.83376168878274903,0.92150952270295028,0.92120665924792067,0.97593977408217469,0.96237576274047087
0.91683217876526368,0.94356115342814262,0.97707286946936578,0.92699615603952479,0.89448214958893701,0.95624015417619956,0.88964389207919348,0.94815912209190512,0.9206529148073932,1.000241301265028,0.93123783522569625,0.99409563383917998,0.96039487492031428,0.93218861210190507,0.97302922948811887,0.89216337700932224,0.9496378467912564,0.97721820667428916,0.94620769117291503,0.90595281099866909,0.71161657108619136,0.96207112788988647,0.94310690895726834,1.000338702598879,0.96448791069608608
0.95965131137735205,0.99220990296361122,0.92807252125723971,0.97069157720112054,0.79606885970844254,0.98813126094605475,0.98786761329120987,0.94456948033461952,0.99331043130527852,0.97040149985120883,0.91692904016675048,0.94546203578168619,0.92098157170237149,0.9557573431784453,0.95906336262525671,0.72906408818285162,0.9803512469046568,0.93287595766385933,0.89041200496504735,0.92859410387711638,0.93255438920766354,0.9308285366546537,0.89227202882069923,0.96093396776313045,0.9457533469663626
0.94127813149399808,0.94559521720451123,0.94148425033930705,0.98926142011501517,0.99781992487126137,0.97714783759992763,0.99825125120049063,0.96047175714503907,0.93426193622180365,0.99877622128797117,0.92143988634327501,0.95076045361443406,0.95944777299933071,0.97638398755841449,0.96858414034281426,0.7658879932192455,0.93257579157632098,0.93379623178747428,0.63896719626158505,0.90892415822502215,0.88220038622147823,0.91215304722786417,0.92116058410156154,0.97043011011391822,0.96598655126370714
0.90603784371759577,0.9525670568532334,0.93855091519200207,0.93115818942175665,0.96369321100260652,0.93608660165100854,0.99899282832808012,0.9341278842091183,0.98051088146781029,1.0047406363646583,0.97514005201370557,0.98260205391937694,0.95414146106065545,0.94816440191111806,0.96547233262294274,0.80011223709187484,0.9583788622478091,0.94737374121947193,0.92471690655998262,0.98092781357341396,0.96764755210176823,0.92758691187430597,0.86987744026153646,0.99107104757524966,0.94985445148497227
0.87931354090814939,0.98195077085763527,0.91217668961977716,0.96260398717854068,0.93710873096017799,0.94346138668685042,0.98362734569964028,0.95511318989134197,1.006176706432389,0.99700322974520872,0.91337318173198923,0.97616733035694836,0.92915747585171116,0.95422634450953192,0.95687489492251443,0.90323476288940174,0.92516022983041979,0.94801346371963513,0.83217430593887887,0.98289760862856435,0.9642674027655046,0.97164003540869082,0.91834164248875949,0.95226444428687929,0.95280974780591632
0.90562995047105321,0.95407811960813127,0.89358161601262343,0.9166595624183399,0.94670253273194649,0.93626983170112543,0.98769549930495715,0.98903025947261336,0.94352523473837879,0.95716698851064774,0.85230658582621244,0.9810159553028015,0.95551155957387568,0.92917479565776406,0.94760814999929421,1.0067415333810947,0.95283009259096474,0.95995881310572084,0.81413594048335514,0.99248150267006652,0.96782671334673065,0.98798949519684931,0.9349694513121013,0.89053305405112282,0.94834037980962438
0.98174490383737267,0.93466399712338888,0.9053887256403278,0.91842324782876206,0.95776652736645917,0.96010338092553715,0.98911966349368752,0.94508594945166613,0.94509571986328245,0.9978331346206627,0.87052371469952916,0.93447844945275182,0.95410780428000708,0.94023533212981936,0.92952124815960047,0.94143969627380364,0.93031832117985758,0.93673116845120297,0.85482038665948989,0.98387637023589491,1.0008066930935255,0.97142046832623907,0.90123067753145247,0.90555258857570486,0.9356471548491031
0.9788028381795294,0.96636726727070821,0.97198930154089536,0.93966751582622088,0.98532028332930055,0.95730323115390126,1.0019510245780827,0.99207119991002601,0.98947738220777792,0.96102074638239332,0.94285217255953802,0.92847805398920058,0.96385706403209437,0.96543748569120591,0.96272949980011868,0.9849457064088939,0.93145276781119457,0.93843814862084096,0.88112810917768736,0.94831412547311367,0.94090590940898933,0.94469754072918977,0.77257924470322326,0.8244325886738797,0.95279240439266111
0.9650487903991708,0.97560761388562711,0.9395021606491698,0.96044808407761617,0.95844459968273898,0.95385443000090275,1.0090408277620377,0.93967955585697949,0.9586944724074663,0.98435014862788428,0.96048946868547569,0.80802396708020319,0.94978114297290095,0.97126566399646175,0.97727001531511226,0.9484578129061445,0.9153952956441116,0.96065625258575815,0.94312110678923311,1.0085968602652147,0.96660825275247231,0.9706689695847075,0.93726815666635133,0.79039608439638143,0.97508905305692406
0.98668667200375093,0.91345679648643341,0.90803708136513839,0.95321108115198638,0.95811754701426355,0.98775552311286441,1.0076805112235261,0.91603228125289304,0.97172269275097301,0.99386410421116311,0.96140912180311811,0.89566164086664191,0.96605342281722573,0.93947122933147897,0.94197257119175726,0.99778884625876008,0.77936103656875066,0.94520858324913826,0.90810811573720041,0.991943130713411,0.9569853026758095,0.94585797769454905,0.92997062145054443,0.9520315803623387,0.95224734502965569
0.96871522231376095,0.9433140341326256,0.96268786220807201,0.92675418403471743,0.97652208811800245,0.94334954941782012,1.0024440173215761,0.92089117604332471,0.95360614118778031,0.98265622512116779,0.94721015080265247,0.80027222481672311,0.95618148518551804,0.95705650165834977,0.95139335489469234,0.99182592343806109,0.8282834194686981,0.94892086489188121,0.98051900926532121,0.95987846928715848,0.92945694590282346,0.92948552799982109,0.93198321533933748,0.95143063209205381,0.94064994448297701
0.98494433475387566,0.92162999336043616,0.95023167558046651,0.96442599462686085,0.96630999185735822,0.95620225865121045,0.95971923681756099,0.97528518979555623,0.94372853780649035,0.99396316809810747,0.93759189709903157,0.8865956127111535,0.9689348674478544,0.9494817487122087,0.95536860745403573,0.95872007957705085,0.79863393430270624,0.97137430125052104,0.9919040948656227,0.99958152640048603,0.82905519224758795,0.96325153730386126,0.89714191860974757,0.91637916910590123,0.9638562042353841
0.97246299722704765,0.87774235598200345,0.99112527709455978,0.94980025135785506,0.9567739144063927,0.96329233182595131,0.99587044589569362,0.9223810717132902,1.0039782261121413,0.96427719712663873,0.9208353184289817,0.94533343220818078,0.95214213294814687,0.96199171313390019,0.95576310151684452,0.94906677894578262,0.92750784932229002,0.94221203566279732,0.97441393622257511,0.97261555806785283,0.89480371164574279,0.94597691296073938,0.9167502174313219,0.90918201903895512,0.92706187171566856
0.99563378891773502,0.83527539195394163,0.93703671839729685,0.96915979312451606,0.98080997198381747,0.94254880276739428,0.97938537115567481,0.94165734456003236,0.9681848889318927,0.98127034736274932,0.96137023215042161,0.85617452972961949,0.93192838811157186,0.97963594266858411,0.96792017233526029,0.93132323530247973,0.98486936381189261,0.96442281323908463,0.94347330981252941,0.98956593569818485,0.7577454201073055,0.9681358873919772,0.91989029250715926,0.96230303849721521,0.95005931712218561
0.9979395127744678,0.93626943243490246,0.95971724875975384,0.97663114058611045,0.93102452730440466,0.97519404351206573,1.0028608250851647,0.95369642664769128,0.99793407549900226,0.99406284743832007,0.91453687973389142,0.96159105960898905,0.9438892530550872,0.93132545307254877,0.95127481247879009,0.82416644779217052,0.9143794393889243,0.98280462310547789,0.96365178692534936,1.0124372147073988,0.95462090990347037,0.96197826625808636,0.98083002111830553,0.98143378951348326,0.9462904118231813
0.97745935623397617,0.95935773704211169,0.98369373181352815,0.9542707211205117,0.8979829599696233,0.97636322445062973,0.99242869866684436,0.97823121808328894,1.0036066328331452,0.98315853461667746,0.79958723595310921,0.95211529340408563,0.9249978281759258,0.90562077709745015,0.96745364454302585,0.80770742064267975,0.87263564964999996,0.94978276622925883,0.9628533974581035,0.98638364315328064,0.97239014504343213,0.94627254134580197,0.97937400513707051,1.0045462793965023,0.95559185486962062
0.97558583875493377,0.9065870939307179,1.0140847005131999,0.97062532209423613,0.93337224007265929,0.96743487165496356,1.0033007547289201,0.9178081732962784,0.97998313762491163,0.97942521485539646,0.98421566235209623,0.92716204040318539,0.9470204843456117,0.99449226775332888,0.96093578062576956,0.95545124611888654,0.87228740469763244,0.96693465045447091,0.95932408232538247,1.018199482262987,0.9328876479104139,0.95362825217647329,0.94131728649834856,0.96278041489076494,0.98956068059988056
1.0009496704334331,0.78661623706710859,0.96103798774863203,0.94513431077734888,0.87940447432830493,0.93855968136938683,0.982960015088435,0.99842485250495872,0.95713284347906336,0.98864525821973359,1.0055853773533221,0.91862823441983255,0.95046632724418434,0.95102465475224618,0.96140960900191208,0.97538625167262005,0.98549757135996807,0.97700875953804023,0.97623308519974838,0.99810854390442272,0.89070000881527644,0.98272586786501281,0.99346333713829926,0.95838912924349029,0.95429795686448204
0.99475736079994803,0.93147495157059179,0.97426600807951091,0.93507219740065461,0.92137482794049042,0.95048692585976957,1.0106692907864898,0.98498878396733225,0.94759163229597199,0.98883364994230549,0.97799019930121112,0.89458352455381396,0.97832854840908068,0.98746790790371497,0.95523033242510991,0.94439290737632042,0.95298756426713738,0.95864488560501981,0.98240744710207306,1.0337958817337103,0.89103027211449626,0.98267092132601774,0.96116167175751255,0.96685789091386287,0.96041989553684071
0.99281983670497542,1.0020436406748596,0.98398695897953126,0.72998200855042206,0.87555752352606875,1.0136019792450297,0.98197261652755341,0.99819608957190697,1.0235439150324783,0.98444503742577705,0.98897531450052834,0.88752357867735843,0.93674604305203735,0.94979631258906927,0.95491003617902281,0.93374264983252897,0.97558648598443909,0.95058083948888461,0.98972836304108713,1.0232751862597971,0.95905438872701021,0.94155607493631621,0.98770721890972235,0.94132037921750866,0.96593470123236147
0.99505671035392496,0.98099178516840457,0.96077742153918122,0.97881664925510081,0.74486578843687645,1.0028729966000534,0.99407771090649988,0.9746257288654373,0.98060958146031574,0.95414969643289926,1.0022601131341962,1.026767376699645,0.97488981161862176,0.93875150004434638,0.94661928680074781,0.94728876470223011,0.96289539321730422,0.9684521526848785,1.000139743191391,0.99372338287686079,0.92980682527053982,0.9590611926727689,0.98110027105139608,0.95982879241858621,0.96502969637644553
0.99702322022353751,0.98825658486023571,0.95630210660853898,0.96173400114540109,0.9560348633057224,0.94165844487379846,1.0034049934348388,0.9969238139020975,0.98052735903386889,0.96719411336656258,1.0335006690474466,0.97522174338827361,0.96862803536686137,0.92657226172240559,0.98999236228281362,0.97469772545119482,0.96495032027543926,0.95197586148573987,0.99815970068585214,1.0261576429758592,1.005894348698753,0.94280551349862329,0.99072695684866485,0.97666475819586518,0.92698687211203978
1.0116308153103184,1.0037173102963524,0.97206218737432115,0.9689588035238148,1.00448877412543,0.92575685221469584,0.97207188971215808,0.97699597754843392,0.98269399307560235,0.97364880653124986,0.97850329428079652,0.96135667885470599,0.98409258273806899,0.84196493878058476,0.9802640352716856,0.97950647411365266,0.98167843657359422,0.88566757461237389,0.95079040918728519,0.99625963660660199,0.96542367125275275,0.97136085856664367,1.0064435873992301,0.95196693361098728,0.92433816608658192
0.99955325375139681,0.93532577266137495,0.95001003978276577,0.99479605401525761,0.96566613434794113,0.9818338449201538,1.0048664722629792,0.97219093223512532,0.98008951789792254,1.0020475452836617,0.98404310718520982,0.95268224276674884,0.95872919379559063,0.8933521218090823,0.98167654182139419,0.97682178517289975,0.98147378326891987,0.89635230527588838,0.98928053239727298,1.0194466258980446,0.99843479330808649,0.97085789308959691,0.9983753660037501,1.0071283183782023,0.89923503694690587
0.98184385682441888,0.91508731259450871,0.97863627020325406,0.95743342649628693,0.96472479138901301,0.99729083804646113,0.99085086970302161,0.98428798148083663,1.0075800970165141,0.97687152164212443,0.98349773057206447,0.97485106468107596,0.95226891879946762,0.92900801149993484,0.9943323089486541,0.96805338232097704,0.98594976618437702,0.97753852685718545,0.99933865898729768,1.0116204762810317,0.97532850359009271,0.95607473806984133,0.99105737570616281,0.98962761718294712,0.93222832183726756
1.0128829413373472,0.96438996997047755,1.0005287754941838,0.96486318721400299,0.95797656867199599,0.97073195471133189,0.99292053130313618,0.96737237598230486,0.99780666377820204,0.92850851748761276,0.9812550468881629,0.99290871759689903,0.99684580140317702,0.92317038248881078,0.96860518558237774,0.98149689735294166,0.97983851571630398,0.93287317726497565,0.94888478622531247,1.0216911989003092,0.96862204464505131,0.89641022819102278,0.95091661871417976,0.94529767569354273,0.87382976948751045
0.96164037898624311,0.92500684994610227,0.98579614200170429,0.97329431026610413,0.99982724981963422,0.95866716337756475,0.98993266850035189,0.9862455336055751,0.94807809835794754,0.95128149238695436,0.96543168565849069,0.9470480259301034,1.0216203555631684,0.92533023854815377,1.0029731211509871,0.96082124147279313,0.97298492947909621,0.9172060975915326,0.94260049975232307,0.99448292722450637,0.99860980168957592,0.9422267887860859,0.96501546577587072,0.97347635450040404,0.99753640698970403
0.9533545812154014,0.87320065604350572,1.0188196132067693,0.9502578301584127,0.96090061428189688,1.0013125081727241,0.96233291853528824,1.0417084821026066,0.98922631901333802,0.99489489316321267,0.99415855522809859,0.91747978862824375,1.0196734096769107,0.98513286225980545,1.0315777681165801,0.95953904956791092,0.98011453203016052,0.89699615353497231,0.97498697681953317,0.9879416252147275,0.96322331984190734,0.88324067836386211,0.98710438355249719,0.9625492913337822,0.98731038736558907
0.99887136204285454,0.94335605476247641,0.96920802216156365,0.9152734518294664,0.95470449487680986,0.99075864381777157,1.0125685516398182,1.003685408523789,0.97966156753201428,0.91259292393872649,0.98998008489822442,0.97971081661606685,1.0161247243996583,0.99092620208189719,0.99473407449469153,1.015953618511894,1.0171278591466826,1.0074235368540225,0.95122737845747563,1.002113022864602,0.97916181744075426,0.96091197892401259,0.97299292678553018,0.9609558869657252,1.0206733717177154
0.96894782796358292,0.86933038127850892,0.97414620305223987,0.93734241677827979,0.96798909028250735,0.9863260634143507,0.97601138192810954,0.94609100118329925,0.99028760651974268,0.93378573570286649,1.0116398695220301,0.99834306703064568,1.0047755611496165,0.98258488187319515,0.98795879545106857,1.0136716081322985,0.99659967896753032,1.002493741937813,0.99109334979022523,1.0200004040951582,0.97823256115370061,0.9992169454542239,0.97039555241375963,0.96805281583566172,1.027290760007094
0.99490581154473978,1.0020654554371033,1.0179374812195809,0.98466894358752999,0.95617963417658114,1.0296048132745295,1.0052619844067081,0.85556186191317818,0.93574034836299491,0.97668629870208279,0.99128553067715319,0.98419537421034342,1.0312547334240298,0.96068490258533767,1.0060007765611556,1.0229701328382577,0.98745030556257596,0.9816500821936518,0.96748613712321818,0.96785174285878639,1.023969907230172,0.94819144911946895,0.98313094476526031,0.95690845704603789,0.96667183136844315
0.98321559187100172,0.990980536206306,0.99137787024754687,1.0134896995676916,0.93990758037639666,0.9827804276972637,0.98693733494519953,0.9557261914243067,0.93116465887962985,0.9955707956150962,0.98507209045541377,0.98813460360257177,0.96953453115216481,0.99852553360850083,1.0119042592351146,0.97192358139103108,0.98249051959789147,0.97065825637326009,0.97589928865852726,0.99789924521660744,0.99647663003131803,0.908500599358401,0.95895431635878592,0.90765354049576108,1.0189914574170136
0.93347383422653407,0.97370396050794061,0.96742193547160749,0.92643603743702696,0.96966021112326373,1.0093837366864864,0.99037971474317421,0.98339878066672437,0.90274683196745731,1.0034619176823925,0.96963251938434603,0.99632326688818906,0.98276995583690796,0.97963296303331515,0.99695222340840095,0.99690025205684307,0.97628014451536727,0.98432709718250389,1.0218119818506328,1.0224712922593817,0.96440261877983202,0.91883457626618936,0.97074698269613091,1.0077908144442012,0.97329647108799822
0.95344301036265966,0.99084368890755237,0.97002798042398242,0.92885157607811475,0.96674775977199945,1.0250715630082741,1.0038213365350925,0.94436422549331378,0.87981705824393197,0.96056130005703955,1.0174982884093433,1.0125409651380373,1.0208350332660028,0.98415679071114637,0.99856609341495184,0.96984072104991448,0.98730714905827743,0.93108916649938456,0.96308249833853532,1.0177340292122068,0.97507694157696212,0.94805357465306317,1.0067689736880545,0.97558269689497745,0.98535984470140203
0.96089588739943799,0.96797390738018352,0.99580368130852603,0.93481076379329775,0.95999953816649819,1.0051924747871552,1.0075391114981114,0.92756689198694231,1.0038295608694243,1.0048188268136777,0.97228734720147536,1.0041028352622197,1.0131079016612241,0.98661825984315177,0.97255516777146389,0.98186993271384593,0.98097469045212982,0.97996448012354076,0.98030582741380856,0.98703858497342312,0.99500672081821506,0.86494701400829876,0.99016116485974415,1.0167385764974304,0.99366969113318737
0.97235449455216028,0.98211085060855319,0.9770036987838937,0.94104012846784291,0.86479636215612476,0.98145927128564614,1.0112871727618717,0.91208588307865257,0.94640162069174216,0.96877451585331231,0.99370809480571543,1.0009782774558198,1.0040116574204023,0.96890199061281013,0.99797568108122214,1.0089065556968053,0.96881488631538348,0.93764814819192166,0.99975799748607408,0.96694326993146817,0.97243541915455212,1.0027546312350306,1.021817486465102,0.95212453426070132,0.9826325668119964
0.95450424011955493,1.0007214092950618,0.99414784707624926,0.97362924547686891,0.78912843816825418,1.0167836581517604,1.0169480517245832,0.97024763364791256,0.9452257866331355,0.99604125438625857,0.98128512344519359,0.99638522271105168,1.0311798704087602,0.96637108511426428,1.0124787237281354,0.97307568153141888,0.96308377838861969,0.95512587457443332,0.98741412757232494,1.0092257448192579,0.96696157489311851,0.97474783529709974,0.99657056456546456,0.97096173250698459,0.99829924492111
0.96837724468185249,0.97929693557115782,0.9961337470469056,0.97357834069599503,1.0028864762895255,0.975662721527216,0.97594017285632173,0.95903302048312411,0.94386975580161581,0.96209914872233693,1.0161934880564893,0.99812182507921221,0.98508434401889944,0.93937395644886801,0.98529044214438388,0.98315709572525567,0.94849068824872396,0.94787865092192058,0.97399113292816153,1.0054875097540423,0.96428967932862175,0.95255332134115878,0.96507314660581134,0.95765203932536491,0.96264355022422843
0.96538312996334541,0.96547822640285641,0.98336481671308584,0.92728146901969322,1.0118737722576614,0.98915681043033232,0.98644218069253387,0.96397593253456171,0.97465714776994139,0.97780079330011693,1.0035901043247188,0.98836275665959328,1.0217842743134333,0.9305889439428906,1.0025285036578948,0.96439184067994044,0.98562981696371466,0.97543501257003107,0.9755767711068335,1.0210077782551628,0.98409583202782169,0.98102829853405082,0.95836515738114048,0.96268994787309248,0.99500600992377597
0.97432922002035749,0.99070908429640048,1.0029756070643963,0.99432438556484026,1.0163522091274322,0.98333443808793153,0.95779711740695894,0.94389389307780924,0.95547334010119989,0.9725383518876497,0.98504569067507108,1.0268932351688815,0.99704055111743539,0.9975428822880571,0.99056504208688911,0.98145629853731164,0.99036219732284858,0.96071349089252422,0.97642402618019553,0.99922949335919764,0.93620732069569268,1.0201738861607428,0.97091657834821821,0.9298015055788762,1.0161945668323915
0.93804041731498133,0.95933548969240856,0.97420520515400089,1.018342347374638,1.0114243564082281,1.0109881075404781,0.96510003326208105,0.97406349872392473,1.007714683609807,1.00050408295476,1.0237817484484686,0.95841852655868986,1.0391191304823102,0.99288530957327648,0.9829776945182831,0.96894500755911372,0.97418939391158166,0.9370942249512515,0.97939597524970556,0.96261343891798401,0.97586361815191081,0.9745836146234923,0.91355569370643142,0.93345451229149845,0.99085516678150376
0.91299890420093499,0.98004786608998695,0.98669002070269829,1.0042562162370328,0.98461616306255861,0.97197280815977127,0.96922542998323236,0.97326530934970568,0.99616980285438805,0.97341478509396806,0.98369611111498534,0.93670431882959659,0.98259044249347471,0.98984994215269173,0.99844870151568532,0.9975559717270932,0.98061794101461186,0.99034679398997949,0.99271062314240077,0.99443212700936545,0.9630261654895087,0.98653685010902881,0.92020486145137903,0.98807730567216123,1.0245106926144207
0.95803908153977013,0.96534475979891232,0.9841989519627421,1.0004810325395919,0.96753459659866869,1.0061087269064501,0.95925002877583854,0.9684092410943852,0.93310107151883903,0.95445961402797541,0.98257074052270077,1.0027860558467707,1.0078184564748864,0.99785964821789364,0.97777428788082454,0.98073507351986056,1.0031931596528953,0.96850524970468777,1.0000960140637134,0.98508620849934259,0.95074814060642387,0.99523307259733929,0.96173176711693165,1.0116785311500389,0.9797315315528986
0.93376448954809654,1.0067354925541447,0.96960164655906012,1.0163624546364687,0.96493403408306733,0.99059696215799342,0.9649431561430234,0.97251897182373859,0.96624063802622284,0.96929570845219082,0.99458372649541771,1.0028323851917174,1.0151573577729891,1.0063433074008588,0.99839685705980308,0.93270357149461447,0.98293580124520508,0.97172552196331574,0.97545077909363975,0.99461825982907959,0.95516820203055497,0.99591093542748543,0.93275229736055987,1.0017346226576234,1.0415138742895347
0.95454131770354822,0.9622627273997385,0.99503041479322507,1.0252885418999025,0.96410583107997416,1.0011424960608519,0.91215682142824983,0.96857131188023016,1.0003647712669632,0.9596119443976675,1.0284309420390758,0.98354993746329822,1.0107565410930459,1.0070084021548453,0.99087185382027665,0.91333656371508865,0.97296398780991655,0.95794787649243462,0.97546267806191733,0.99746905314191714,0.96127705202202174,1.0127393932875179,1.0205734827442769,0.99354509438839778,0.95308016843114873
0.9450370839299348,0.99666003224926825,1.016569958589757,0.96194600472992497,0.97087753395489595,1.0121432870913376,0.95441163237535431,0.98195526253144394,0.97793084882954195,0.93376649323812067,0.99780919756669229,0.97010778950468823,0.99530935911235474,0.96991966257030915,0.97463962521521774,0.96934055234286309,0.96256793860617573,0.94694671610157244,0.93775985582146426,0.98656240772232329,0.95181423425055567,1.0003754351656329,1.0084018081554498,1.0002949068839644,0.92060247820812169
0.92781023778331484,0.97989154968016079,0.97859195356589068,0.99613895631747718,0.97728348916471164,1.0227661959667298,0.9903392520790657,0.97016082343938737,0.94597057864508793,0.95385011546738985,0.99145874765701558,1.0148844716106808,0.98966877315060187,0.96946043277963523,1.0074643594162633,0.94226513818236279,0.96645509056246037,0.95951906658542385,0.95487690313829798,0.99704487421187526,0.93691345983643448,0.964418938230865,0.9748964202436643,1.0075434820612124,0.95439842730904367
0.96573708196718155,0.98970278298987868,0.97341399010746787,1.0163878420241925,0.99091370844507687,0.99352670816684074,0.99115287050536749,0.93128757044468269,0.95730431187722065,0.95853109145318982,1.016571277825234,0.97095041863801035,0.98164832851934336,0.94940644081706949,0.95374811291266215,0.94442079365631604,0.96752569605425165,0.96845329019287962,0.94448647976659394,1.0180044479553885,0.97090729627565231,0.98629382631029217,0.99952453834571808,0.97688156039102625,1.0361530483478418
0.94460524306790916,0.97761019072272037,0.99338697139252374,0.96347582058861847,0.97105248617324336,0.97528634378521406,0.96822376106435737,0.88349078836973172,0.96271826489358403,0.93611455786616893,0.99854883808580464,1.0397518519243878,1.0053131804993942,0.93651914495541411,0.97192201267776868,0.96871153987251546,0.99681054048266549,0.89746864214573085,0.96705309818211838,0.99432815339221292,0.97611032088687177,1.0063504606494664,1.0181299010129135,0.95622831462773683,0.98250350297159872
0.96202773190931201,0.98681633086649634,0.9766441570495078,1.0216761299601043,0.99503760941814756,1.0141590434170085,0.97012164143027868,0.94030668915965077,0.95404214494742967,0.96725334853550204,0.96288096987714578,1.0086032095646678,1.0274046387994893,0.94622062997780731,0.93242014005662288,0.92926108364526139,0.9738254002407899,0.98354805712567916,0.99742480371843334,0.98971375454715793,0.96712038516533982,1.0052068433837926,0.97154118358660568,0.97332626733914107,1.0230590411075213
0.94995214824570495,1.0008391647499213,0.98638830996451943,1.031411434144365,0.99496823898816245,1.0062861526943345,0.95011001150637886,0.97407855841613711,0.90949548234999977,0.98828866382425595,1.0132474494135459,0.97008426174229034,1.0147629146744959,0.91606384822778697,0.95488282540023905,1.0023492134510696,0.97010680452212894,0.97620674597415635,0.99495616401800013,0.99316844626329293,0.96009523760006199,0.98288899213504544,1.007399638542424,1.0075633260313392,0.96651670491546693
0.87810430304333198,1.0011746957867931,1.0252919274605716,0.9722282401837733,0.98065273405105102,1.0023019294771816,1.0058465915637194,1.0116971365095373,0.94516455732043247,0.99569849482133677,0.96571935867511083,0.95868836879960473,1.0425378414819499,1.0140075450319392,0.97139374549509183,0.97254166132553654,1.0066803149732351,0.95655832987300637,0.98436716646153322,1.0135546103827509,0.9710946780722487,0.99683832177540621,1.0127019102054031,0.97060091762727341,1.0152211488163321
0.9501036694582301,0.93815461938489264,0.9739107311332259,0.9455470909212329,1.0155257491206107,0.99667411976184028,0.98733497433331396,0.9737251572259078,0.95933647664530231,0.99090153153930349,0.92019290246769814,0.94253451000883348,0.97788323453341808,1.0173327714358369,0.96866029593068215,0.99826684838146196,0.97350299524384132,1.0209868195059679,1.0015688072533944,0.98522747105437458,0.97171831042283385,1.0095625173954477,1.0144842262104656,0.97280367420797131,1.0298737516681287
0.97257021012898026,0.95725569897159613,1.0012690260344139,0.94684525792672591,0.9843895329541823,0.9779315854841808,1.0080064420996713,0.9941784865458192,0.94781811291978513,0.99072462952242957,0.90474449929274925,1.0048514204556127,0.99346122368076584,0.98988633895667044,0.96691421617547513,0.99230337253766654,0.95577640272209785,1.0087466099339044,0.99173521675592868,0.98085107870961308,0.95722960921679057,1.0100247406246801,1.0416391270105514,1.0155099067028159,1.033396618946268
0.94452171907429583,0.95816796914761859,0.97591596251903789,1.0197665891832992,0.99055381469089443,1.0365291288947707,0.97473937668378263,1.0331478587456426,0.93839592781906833,0.98134595602984154,0.95085687849619127,1.0058844368089368,1.0104014402011272,0.98566200892695222,0.98812913467266139,0.99947365433721091,0.97095751784720208,0.9877139863486285,0.98564386542467253,0.99901114510509115,0.99816020331110122,0.98332830016254735,0.97996167608090778,0.9996770585756366,0.97916629104285713
0.91201895700549318,0.99861026268372455,1.0000199496406021,0.99477109211676373,0.94588375602675878,1.0021974318552886,0.95685491196067041,0.97399899712962001,0.94653735650926962,1.0229985473020076,0.93989145665351781,1.0051489452668556,0.95647904192275301,1.0061069500892772,0.97861248748706287,0.99214867915443306,0.95765032005162209,0.99945111132477371,1.0046662480421107,1.0160084836120822,0.98947348116803546,0.99436760995350271,0.94222914248740652,0.97978449843251825,0.97926539463776863
1.0122824959726298,1.000934016340566,1.0110646267337553,0.94464973571428612,0.92564591261237672,1.0238518611810778,0.9645801599500865,0.96877490024217083,0.95037505972075931,1.0088483742735033,0.9771266210756766,0.97875960544898055,0.99089862484822855,1.0077726757498977,0.95942984264745002,1.0184070192821542,0.95074381563751065,0.9906999960252989,1.0294233617720525,0.99292165751741435,0.99268079142061527,0.98596840246740614,0.94429898784692701,0.97856162953526227,1.0007172035324947
1.0281771799452457,0.98876046805333973,0.96765527232633974,0.84575063187801713,0.97483090684375506,1.0168950919241433,0.99604644030071365,0.95771724091601163,0.92333454328829967,0.99158236211911577,0.96531713036313449,0.96410770785463196,0.99314506018185977,1.0166601434807649,0.97039522304612846,1.0167830212080089,0.99335510283356077,0.95021857619993244,0.96837877686464424,1.0164327390018935,1.0188900365399205,0.99382960024499944,0.94798211360126494,0.97576761058533446,0.99340443791465127
1.003446737168785,1.0100110789570467,0.95751093696544665,0.99037950741976455,0.9722043211470196,1.0046853226075698,0.96238513022925753,0.7745887760142468,0.94771128804440652,0.98878054677410276,0.94900606000634968,0.99399716910110536,0.98420010162991567,0.98749411170485324,0.96035397345415496,0.98697202593227673,1.0143436312371139,0.92889739699211415,0.98590427470313835,1.0393159367954621,0.97918293997742478,0.98690355197722823,0.92711317841480534,1.0004897044181458,1.0215213283869431
0.98100011927351638,1.0046846091362591,0.98285417042498491,0.98385094567118136,0.95982433762507202,1.0041763222990878,1.0160157239995786,0.88414964067096602,0.93231624648403522,0.97083341182623772,1.0214173913974567,1.016824519301752,1.0155605560097669,1.0294259711444504,0.97972080206261003,1.0119120750456154,0.97052822502396752,0.92345041905476977,0.99044082732083871,0.98523624672276944,1.0068957199902355,0.98429726130207729,0.95235517110360479,0.99488509080535281,1.0127334952561609
1.0155889425588147,1.000325084774129,0.96692458900770462,1.0042394764498435,0.95272782300624081,0.9886690893826271,0.97301108500999234,0.95272052400502338,0.94934678056741484,0.96571552984704601,1.0164344328845056,0.97857003349626315,1.0165880132716461,1.0176102253764521,0.99216352229360849,0.94775595583695571,1.0129729670910257,0.96913621759808077,0.97474914529518464,0.98819717221253123,0.98651944153109827,1.0030649298993251,0.98858416888841594,1.0221921244778103,0.98203746979645057
0.96962759377245322,0.97755678551350644,1.0303995280758056,0.97126668838798758,0.97816859565146408,0.99798429041241143,0.98623828524298895,0.93472635315426145,1.0248919529213105,0.94633159847351889,0.99072630448061605,1.0105067540020545,0.99527678939345998,0.9865972864178616,0.98207585217375104,0.9659115540127553,0.97713703263405061,1.0009744035810699,0.98766660952843688,1.0178100381841826,1.0025141959745141,1.0078805704551494,0.98772813626452427,0.99196129714874026,0.98689688635877615
0.9451436890475633,0.98727418466103556,0.98316780463943898,0.99339505886321378,0.91620946294466143,0.9941404975449416,0.95623578377517349,0.93596849784285385,1.0251650495863185,0.94719673839296847,1.0139141503353706,1.0184249849227618,0.97690577960062597,1.016829477427295,0.97751546812731316,0.99713510837125074,0.97742440526284524,0.98385987169063605,0.95788275844648785,0.94748545534897655,0.99542276227502136,0.99535461859850993,0.98058215542327698,0.99410191286084626,1.0016654093930286
1.001290798632001,0.98224572642841967,0.98326479653158516,0.97571699030970671,0.96409014375644642,0.98759377895294176,0.99320687732287638,1.0058614383984019,1.0260523442461773,0.96699209965491273,1.0066588795401115,0.96354531235827978,0.98475728425961218,0.94908560168029854,0.95057740758739118,0.99530500205031591,0.98315885160785155,0.98261566737072781,0.96788096989548811,0.97257004266005276,1.0049799217871385,1.0003396559375775,1.0055584021034039,1.0015269721386935,1.0035145425500542
0.97932179216748561,1.0127353693522643,0.9996455444672796,0.97039153706780734,0.89720504188244676,0.99652236591144483,0.98346476272242789,0.97645846493381905,1.0338369280300792,0.94940556731511361,1.0179021414669491,0.94808799488851925,0.98392623198459772,1.0112706831287179,0.95584846579411498,0.98119917560992076,0.96890137957857747,0.97602996819834176,0.97956797170172083,0.9725116649782457,1.0251353428852708,0.99045323235868021,0.99632916065915322,0.99874442744174929,0.988408843618098
0.97172688524800621,0.9878517871429574,0.99072788674471379,0.96505500588372162,0.96345738450203566,0.95836007620706065,0.95864122221329062,0.98959089762368879,1.0308965739079927,0.9753158997895981,1.0243336253636501,0.97111094605687998,1.053424224917882,1.0205709314081302,0.92958004376502001,1.0015191194804616,0.96300006402957106,0.95113695528917874,1.027132714958102,0.9648307411050161,1.0073940167715816,0.99885221902033605,1.0194264291377473,0.9791673319375741,0.97549930808149032
0.98761030600485156,0.95187467516266766,0.97790604979284834,1.0179494881765119,0.9391768262445469,1.0214208715672382,0.99512020658060873,0.98697360867848893,1.0209014941404058,0.99813958836609129,1.0370188892112846,0.99141700000123023,1.0322783166226632,0.99804994076875453,0.93355976970372367,0.98330908274400486,0.96677484462108476,0.99144360307953283,0.97430876635947006,0.97737994516819426,0.98736191898647618,0.97949426563671771,0.98989145996370909,0.98311194567680293,1.0609792816721051
0.96486484741172329,1.0385960822214941,1.0074200849963111,0.99715151634175103,1.033347370895189,0.95910108767538038,0.99033221025691898,1.0240574207599284,1.0175770515448419,0.90782121952038453,1.021602552132665,0.95942218914054245,1.0160462125808729,1.0316607281619039,0.95234221690815635,0.96886368138504131,0.9257375238078529,1.035397440196518,0.98783819400460848,0.96394090692557455,1.0049035778568043,0.99808420598462744,1.0308351949823968,0.99099471514525839,1.0128828599582076
0.98721540281319919,0.98569282828084126,1.0344816967792538,0.99120816927940336,1.0325586363010095,0.96125265853450492,0.97715409247332474,1.0144656748052368,1.0211659205154966,0.97734135032899228,1.0300849090454323,0.94113583659323041,0.95750289824820212,1.0171810883798911,0.9337106573571049,1.0116119908521171,0.9401002107511951,1.0108076893270832,1.0115968376064317,0.962565176456883,0.97620277798950106,0.99690386655743524,1.008725360547799,0.98538107543749254,0.99429852785797168
0.98957884233097104,0.96225472508820997,0.99135083409004043,0.95150710221769186,1.0424856130608997,0.93703774823286867,0.97139511108208876,1.0016250691143034,0.9999818023188034,0.96789317960436572,1.0308596793902283,1.0308714331608881,0.92096949901509473,1.0500696093584612,0.97314170671426559,0.9918404544010504,1.0008378991156144,1.0231449295016839,1.0090875266863897,0.97444069625999308,0.96289941110904853,0.98157986806177155,1.0234734840617152,0.96458176983865007,1.0140435366189291
0.97677227482701467,0.90056844138204739,1.0125795627348577,0.97516728940162289,0.99985609396291364,0.98338261781779679,1.019503009311078,0.99452347867020907,1.0253958038058031,0.99597182303164433,0.99709500620059222,1.0420253459171254,0.98163951055270959,0.979915282872313,0.98543990710133877,1.0026682719718651,0.97132818152192724,1.0131111589959971,1.0124033907309387,0.97605648436282499,0.95579233452724499,0.98325389385794681,1.0091214591063822,1.0092128819491153,1.0136678510746087
1.0084920544349516,0.96140716068480248,0.96094236868068128,0.98292540830128228,1.0417905748803247,0.94914045867714369,0.99466803618397437,0.98958757623217886,0.99532676103447515,0.99928574162656114,1.0114841918033053,1.0099964367775049,0.93294059004446783,0.98329072238151516,0.98391772057016724,0.97845585486889997,1.0217546617165636,1.0423663562464627,1.0279055221813125,0.96178534564540608,0.99066872340114842,0.97260314468281006,1.0020079978419607,0.9897360044687038,0.99596624567434
0.99267529180423808,1.0030485308262829,0.9778101839235841,0.97381278636114199,1.0194395012562085,0.99529447543223892,0.9692209712481813,0.97583533027034708,1.0184279080609704,0.97986513412410881,0.98023903825319125,0.96571380515747696,0.99995380392677247,0.98084479220827103,0.94394805826196382,0.99865127961626921,0.99713312244661645,1.0135232367931519,0.99804057632222654,0.95065279857881457,0.9850711770267605,0.9859831552712397,0.99574826608287437,0.98303252028511634,0.9938611459101574
0.97977833521456947,1.0116473552417602,0.96486271253160338,0.97209984926771531,0.98850035750626086,0.95903813919868097,0.98339716785431786,0.99483174537607877,1.0451324219074314,0.94695422853552813,1.0289454392127386,0.98925254662086592,1.0215005295362201,1.0059356878539816,0.99488020316307146,0.96742102923002882,0.976297859620609,1.0185101701014496,1.0142478825538386,0.94558773431576304,0.99111594586748608,0.99460576876225038,1.0089833657742586,1.0184346215335522,1.0381283502496892
0.97875325511872913,0.97972608866416599,0.97887386633682871,0.98185724038160727,1.0043125152876189,0.96097383676107562,0.94423642527671769,0.98435401068250372,1.0305305308465613,0.98097581528630096,1.0383733266512436,1.0329245227146517,0.96436253153338503,0.95404724307379563,0.9797638212463996,0.99883783406449489,0.98403504323428947,1.0005714934431036,1.0135913596339574,1.0350308432808781,0.94625607084096997,0.99827591987607867,0.99013398148978593,0.98674598760260401,1.0058788945373618
0.96555030009661713,1.0200386244356285,0.99237511521509769,0.95104356520164501,1.0260165449506862,0.94464778901562141,0.88462876337000118,1.0221086672187252,1.0225781803271374,0.9705823880701715,1.0144109773808907,0.9775209695770577,0.91399135974652546,0.9619008668484087,0.98308911215968997,0.99942654939104614,0.93267623069722017,0.98534736941537848,1.0220761576048758,0.96496225775222955,0.98096651371583354,0.97322928175887835,0.99278187283702524,0.9914577395875448,0.99602653475552905
0.97769076500549856,1.0097085982015381,0.9699024697573585,1.0025015334479725,1.0083895303785848,0.89790555807433603,0.99088477544434006,0.97147906989084098,1.0459937720130055,0.95200514183883822,0.99669254629637194,1.0188559483292712,0.94895044678476048,0.95749575485212612,0.99738684982526593,1.0053365591129384,0.99660730556275889,0.97196451122668515,0.96137648310498158,1.0042576440471975,1.0304913638437936,0.99724688497716363,1.0194081061805926,0.96802472475822121,0.99876611015042616
0.9641093858666504,0.99627296688875355,0.97186728275423018,0.98466565641435022,1.0360865806640005,0.90696137635345664,0.96221205218635875,0.98183089161169712,1.0129036600969747,0.98451800782593368,1.022415921026941,1.0202436953524103,0.98959949789831603,0.97367770678892662,0.9831812694637535,1.0237679404908213,0.97702553642485568,1.024104124028107,0.97588826538049434,0.98327414905108967,1.0058179081990208,1.0048149165946993,0.98961442860384941,1.0098822725425667,1.0050497074696096
0.93389270644425704,0.98116264738766801,0.9540874933329222,1.0189638611489646,1.0219949439584395,0.98230833351374602,0.86676901373512194,0.96233922664128502,1.0659163493912125,0.95422012943772516,1.0118395240813365,1.0075137034511032,0.97991803103127617,0.95317096737616913,1.000209575356805,1.0197758621558082,1.0061287778413288,0.97090787632847564,0.95266838201141169,0.95062792897167459,0.977060414307793,1.0079974550640527,1.0083026193098392,0.98752788466498176,0.96812746226619395
0.99244514722707056,1.0235266472201867,0.96785171975516104,1.0293929527103789,1.0125158849032836,1.0245023183420288,0.97362736107976811,0.99907261856528828,1.0237366444359561,0.99430966288246891,1.0025354163541851,1.0005259599983565,0.93137519480148656,0.98308478812823208,1.0125770171259625,0.99188669347752989,0.97773425641998879,0.99133604606770953,0.98711767852587151,0.94676772117816088,1.0142606454757852,0.99966863891292479,0.99049581796056452,0.99597843841935929,0.96434058342351903
0.97813277018261924,1.0134991106850479,0.97168715773633862,1.0364654063506109,1.0336498020759231,0.97994490469148754,0.98732756277370848,0.9648634006192276,1.0117603487099305,1.0014274137773667,0.98758832146939501,1.0174946281541331,1.0148751230791395,0.99598600313508756,1.0049530395661883,1.0097552656588065,0.96185683636494079,0.99702152764077889,1.0093044999502996,0.95883200727693207,1.0348763308630311,0.9597345120520866,1.0189504288506572,1.0009937241072888,0.96909326068512314
0.98391708399401479,0.98403892067397047,0.96409941492638973,1.0196629293456447,0.99496953688090306,0.94302893744411143,0.94931780666660281,1.053310499889919,0.99338915334634859,0.92812310690289535,1.026433921585254,0.9948498182829647,1.0168021801710654,0.96750933403140638,1.0030403514377233,0.98284991017799295,0.98956309828456424,1.0052204197443102,0.94835283164806572,0.96475316760905261,0.99464902408653155,1.030950808431812,0.97154770074027175,0.99453212259959356,0.97988039454930598
1.0099620598804009,0.98510805113228639,0.97614768524962447,1.0064916341063144,1.0158807292736556,0.8079518482425313,0.9896932654783992,1.0479261035342942,1.0176215900884509,0.982147853816698,0.97807121150092968,1.0019520502756831,1.0184310137806463,1.0034091478763061,0.99223764768872591,0.96955480474312872,0.87106776642984007,0.99741120088361945,0.94692949267231252,0.9787998939750262,1.0499212672005738,1.0295752539075378,0.96767148982914575,1.0091434529182781,0.98189494639303221
1.0088721734920083,1.067481280865153,0.98265617307206821,0.99117568726030225,1.0033570010754971,1.0588606397231008,0.99958149588265022,0.99949696916991793,1.0021945762732951,0.97499271670031951,1.0145779051131674,1.0152479931799163,1.0172149001397737,1.0471080363408993,0.94836226008766489,0.98892900976008913,0.98100677656800361,1.0139298752192176,0.98994737597594518,0.99828399111939403,0.98631112952396049,1.0379763362300984,0.983411371731854,0.98581273205492703,0.98247511345520078
0.98602120018847539,1.0373847632568884,0.99831676192365748,1.0113537423592005,0.98702531247498881,1.0037844923482311,0.99470991883194748,1.0378380612428981,1.0148029207932521,0.98970351301035742,1.0096603510672097,1.0050446511878179,1.0240731426335508,1.0402882554225799,0.99177718241259027,1.0427030526975689,0.86012826292281508,1.027420092064345,0.99854186414151835,0.97378806863674194,1.0263860964317439,1.0533996832692782,0.93634966467205361,0.96688783320833294,1.0230924160508326
0.94869104611015098,0.99318312882892246,0.97800776626561181,1.012491304331006,1.0273444337796409,1.0322803555216862,0.97330279209721804,1.0351198522170268,1.0259184161657213,0.98955325079655498,1.0342356088589457,1.0206110666492443,0.99922451222744335,0.9939047091653449,0.98879671831417859,1.0269975601795687,0.88773509807298534,1.0170926155752442,0.98257520615825755,0.99180109635818547,1.008485019238496,1.022274245933076,0.96729292307659875,0.94738326724032429,0.97976077785815507
0.89491185688559927,1.0316781342420387,0.97455592420617476,1.0270627982011316,1.0240705604254174,0.98424147975656184,0.99276553627957209,1.0407913730852871,0.99354958607397958,0.98840200685360058,1.001949463408756,0.99431113507008795,1.0344619465291283,1.0348406913585901,0.99013352255288256,1.0084088099172075,0.93598373203885199,1.0165987313647948,0.97467800067925303,0.96740061469829208,1.0211848094684457,1.0059289275901635,1.0014878311978208,0.94172604206131227,0.9918480881950914
0.98255944288700725,1.0010447871843884,0.97752472986279781,1.0197484708908544,1.002043039831928,1.0019894554630691,0.96905401299256577,1.049798247945114,1.0163090952307308,1.0097835244561064,1.0282239870367171,1.028499380952713,0.98665247745856777,1.0033796860700108,1.0046428915895795,1.0291099566128135,0.95895418726409754,1.0297276899496663,1.0016686376186184,0.92624362229991342,0.97793635881506713,1.0042711341683046,0.96254341537990928,0.9871124104805501,0.92614196899791301
0.95878116797962332,1.0072280756766392,0.99575295307672407,1.0235236548972897,1.0479235769037387,1.0059784448042086,0.99365090467171624,1.0558217500796852,1.0088948914590983,0.99065372906246141,1.047427713721689,1.0173804726537183,1.0208172648895775,1.034256605502941,1.0011028497731516,1.0411702244910657,0.82524554989074705,1.0191102856053968,1.0067353251916598,0.92366261629595736,1.0251621619607647,1.0499539404442308,0.95828522268469307,0.98004367958767657,1.0105749504464445
1.0263602951458131,0.99464244321747586,1.0067414927172611,0.99487600150406408,1.0013061260092895,0.95871215189688708,0.96124710562907223,1.0119371171425766,1.0323140408644589,0.97540779672810385,1.0198299189486799,1.0138997425768492,1.0018476166460626,1.0388680902913345,1.0007125701594226,1.0027944320913293,0.95578889024008451,0.97641769791668476,0.96718248713277455,1.0352830654812928,1.0180995088992726,1.0076386428770032,0.96921852837802802,0.92198112501402152,1.0210059575099799
1.0004930378800672,0.9818788100840552,0.95374225701137816,1.0234350749378027,1.0177041690080726,0.91914336056113288,0.9936893540017846,1.0146899637657349,1.058780820098514,0.99231575879195344,1.0052870567302854,1.0132025783854877,0.9986574364966686,1.0014368808390512,1.0102978052175164,1.0547072225229159,0.96502073363569973,1.0034424287708523,0.97134843497838996,0.99943602282102739,0.98157165477564212,1.0104121617688895,0.99041046603684335,0.92264864018912041,1.0065716476607089
1.0162890180841921,0.99216736650894677,0.91176441609967573,0.99973926822082226,1.0058705229211644,1.0097037220712484,0.9947141644499351,1.0466475967437412,1.0207447641045373,0.98299292856613296,1.0150506976448188,0.97642616650272041,1.0453242665396443,1.0272818227755387,1.0085097786133581,1.0323203037728732,0.96657696159111361,0.99454047046390848,0.88336105598441605,1.010678731392086,0.9966356546292956,1.0155806935391301,0.94962439126905807,0.95019309159996035,0.99348355214829009
0.99234090929392493,1.0233913198331797,0.9982523473613435,1.0401065307913266,1.0408350919732561,0.98910653735799803,0.98789775566862659,1.010662603545877,0.99051787778712508,1.0105967190302412,1.0018553476198369,1.0109235793561975,1.0468279613802478,1.0284645992598709,1.0165499592986409,1.059617682703039,0.96747998049569617,0.98648391933808699,1.0200789955928542,0.9359736850816216,0.9723559048103827,1.0435065231286795,1.0204616476072805,0.99936790531738506,1.0133921881097525
1.0266232903004109,0.97108260679647085,1.0167522831791416,1.0310412134747842,1.0211794281278779,0.97617778774441166,0.99189957629472092,1.0194833471907658,0.98868363504449241,1.0026131067801143,1.0270178474877809,0.99217348490144641,1.042724372727228,1.000390107619292,0.9826709394883737,1.0029539053755729,0.94059395038196114,0.92895601879989265,0.99903492491835311,1.0229516572730377,0.95407721770018694,1.0323097846175764,1.0041676561225461,0.99490299892329737,1.0152008169112234
0.99171389908095142,0.94531506302163404,1.0079071644877311,1.0122499323049496,1.0266967917127341,0.98700855005652433,1.0039441298108116,1.0126099367508947,1.0048789246323346,0.99375969559749922,1.0180027244339793,1.0178222044667438,1.0063221511902252,1.0192330078746112,0.99962182446017989,0.99616129235706841,0.96570766184455703,0.92062267190080072,0.98844652493513185,1.0493453801232708,0.95152474427349143,1.0458512779838931,1.0089402314650342,0.98773101721096779,0.99787636099434873
1.0077875943627583,0.97137611679783642,0.99434431470491158,1.0064708324835649,0.98845845107784724,0.99108602690744518,0.99090638845523082,1.0409766839999657,1.0173954849507794,1.016544406112122,1.0084398654879061,1.0060947396900555,1.0267541805916836,1.035341900582875,0.99522664665469918,1.0322035591198007,0.95862920443967981,0.9708449112620301,0.98603893496878281,1.0003291263022498,0.97784628163962783,1.0139473190343435,0.98649336279568667,0.98800470852788891,0.96748084094840603
0.99801595579835178,0.97722440315824255,1.0199402209309074,1.0378499842633702,1.0538773391675773,0.95263382727211343,0.96552915151257535,1.0077063216524915,1.0632993654454848,0.97135834366588902,1.023782330182283,1.0124604488328983,1.0292848265558421,1.0096737057218483,1.0225375368535463,1.0427576608035687,1.0148527169767367,0.94855191788062621,1.0086708407578453,1.0057165175743192,0.9713326823907994,1.0415570482234802,1.0008833986123828,1.0141299153769383,0.99605311586143208
1.0090609680572891,0.97292045004210881,0.98577567886408624,1.0431513731968014,1.0352329102917504,0.88882303736048962,1.009953356446706,1.031417066060172,1.017899523649241,0.98211384863391149,1.0524147844171685,1.0120500709389471,1.0248656936332039,1.0054317841044664,0.98642013265380291,1.0432712986380683,1.0032980181679791,0.97651369418462952,0.96337388086465381,1.0025224210655967,0.91848635279201229,1.0138162280320053,1.0380075602824077,0.98627187960458862,0.98031477298276226
0.99081553249686471,0.95798246133351073,1.016406027483171,1.0097560135941215,0.9808684850885423,0.97178242162296891,1.0043577657727425,1.0423173655580815,1.0399062497984217,0.9771505753526728,0.99861830558195064,0.96671008652608514,1.0044995538173698,1.0275615327158509,1.0045873640134666,1.0119308674623104,1.0195058971790958,1.0011741520050201,0.99611663395970418,1.0022774465110984,0.9874487369301973,1.057094563409523,0.99751258050950664,0.98549789582259339,1.0132281492849189
0.99823464086061386,0.97436580231895709,1.0128269368026421,1.0213295528626145,0.98394095290037986,0.89816762832785757,1.0170034821045424,1.0317505305252654,1.0383681106474048,0.97484280659993661,0.98870821538699705,0.94028496092629787,1.0150174107149843,1.0001058031303287,0.98361921899521776,0.93315644030714173,1.0152569762469261,0.99486458591690263,0.96958165091829063,0.99594437632757782,0.98130855831245012,1.0294747100348072,1.0142203158901875,1.0046794781934349,0.98754467563557535
0.98663051852517913,0.95878845112213262,0.97439483005461869,1.00319836408328,0.94737623668872928,0.95368329942532137,1.0017401530762422,1.0436143567479692,1.022915763553659,1.0360925664942791,1.0318649565244487,0.96520285894670299,0.98230698024302598,1.0264984805563477,0.98328233265440035,0.98487823507149919,1.0147835380547148,0.94004462854295567,1.0324451285800105,0.91752509948837879,0.95334722986265608,1.0292015884755352,1.034795755761583,0.99972494202409623,0.99830192505809934
1.0342589896463508,0.9633693848921342,0.95577368963959242,1.0253115761867166,0.92910331242925714,1.0046949870060091,1.0159084503387315,1.0398822585428604,1.0473820231170055,0.95742686907772312,0.99856346675372687,0.97977616074088258,1.0175559063552928,1.0059601409836751,0.96783905413961935,0.96046805546370395,0.96102942152451742,0.96567431873300402,0.97761901168353116,0.96886599929692252,0.98457707202410916,1.03044890965342,1.0212119511594993,0.98381126418498921,0.99819484939333369
0.99103337542904268,0.97574848218143095,0.92943224641419253,0.98270355364351791,0.94423204642883241,0.99481785810994405,1.0021142091444513,1.0232817587468739,1.0227935675934452,1.002120456964039,1.0047099032694806,0.95070707823717848,0.99369836609374962,0.99668067454245812,1.0267298183382139,0.93549727370449254,0.98390961948194833,0.98170797273988608,0.99290412358129809,1.0189869178707978,0.94159667250768897,1.0188660770657263,1.0189823663184678,0.99596893460051383,0.97893107465411577
0.9831821070668626,0.93928794740274002,0.98453589102211536,1.0148350387299194,0.95396681094132241,0.97131218585674062,0.9877114486041183,1.0412919224843495,1.0213837395923893,1.0326969153875556,1.0148873436987804,0.99247307406690255,1.0289648949629713,0.99676903266447603,1.0030183842506379,1.0026170920912039,1.0126458162189056,0.9913972532066917,1.034401689611075,0.94448408019044672,0.96832391766248405,1.0410288791869455,1.032052456724901,0.99053274506073208,0.98972069040916766
1.0321455658670033,0.96859079733198994,0.9585604244883662,0.99036841312673585,0.98441293467792712,0.90667021206314269,1.0075152729013797,1.0558349758724013,1.015217466670316,1.0139619271617055,0.98600771297536427,1.0135017789331311,1.0133048371507296,1.0435499989943247,0.98980192486446283,0.98303347538997432,0.9815466062725311,0.95829522929756483,1.0306006536120296,0.97943168827353555,0.92531180277177061,1.0222156229708059,1.0324546140858601,1.0122927885654351,1.007600694271493
1.0179468713925608,0.87794009139177454,0.99049709975083289,1.0027218534439115,0.97387767694168781,0.94855895693434911,1.0000101167854505,1.0275460703336354,1.0182931681161409,0.98615216271213268,1.0376737988669353,1.0045172278325842,1.0293602606753482,1.0430559294532522,0.99206792725153259,0.97593007377849461,1.0037166003781119,0.97642985938124482,0.9202984456506661,0.96996840994978328,0.93323304743117108,0.99746210880569297,1.0020996352362705,0.97704471172686824,1.000108777364447
1.0101766353338266,0.96917204062970019,0.97900250756104357,0.990096889774841,0.96889740718291173,0.96355180002403518,1.0004489487810577,1.023676914752899,1.0297319983593851,1.0122252543440988,1.0065204864284552,1.0231718169882507,1.0103378496575612,1.0373609339514194,0.98920361068289664,0.98177200567928125,1.0001255831847879,0.98650618656910183,0.94696477394694367,0.98094686487621696,1.0502197992445534,1.0152042752763593,1.0016142963911039,0.98256682068797607,0.98168255046190078
1.0095763743715385,0.95758678948418563,0.95167998010453758,1.0044740610016698,0.9632146970790646,0.95805561199509071,0.9894229101081915,1.0474153033980536,1.0180967311792917,1.034668551496126,0.97784988710721965,0.97827764072834356,1.0048111108502567,0.9870793698936674,1.0154839813773699,0.92541221993545342,0.99753709689687031,0.96087518170050013,0.93825877005081604,0.95746007346693152,0.98835577959394028,1.0281441759364829,0.99165936463295745,0.99237217712143055,0.99865574199664997
1.0050365030693607,0.92919521399203275,1.0012812735559602,0.99760786553257552,0.94190387678583676,0.99656359529570115,1.0035746616279908,1.0279760651148806,1.0153432053712805,1.0217992076286619,0.9912368190814459,0.96585055155544874,0.9860668870271373,1.0320231406659413,1.0035053434053096,0.97611386296751224,0.98225500277229683,0.98516310800666973,0.97246525316538768,0.9887653358831231,1.0165016877555593,1.0324326565681512,1.0196269847883275,0.98271639310353454,0.98517449416461322
1.0115867377181851,0.97529363303826577,0.99507118333228983,0.95861765614639516,0.94801315865171554,1.0011818328363302,0.98325157041953082,1.0290838882526865,1.0179885791673,1.0348417024864822,1.0150197888029944,0.96161838519672149,1.0295681511793917,1.035467468361928,0.99238130835617311,0.99930954466911492,0.99723708917194276,0.9929869935389638,0.96201338252008284,1.0413704302741935,1.0021985219481542,1.0181865534211987,1.0129995623771506,1.0048110654923734,1.001390926973637
1.0239514844108191,0.97542492806506909,0.98121164828955698,0.92991794387148197,0.97066414871249285,1.0029430447961996,1.0146585394952765,1.0563264795325393,1.0012167967648937,1.0222474741291145,1.0075336598654212,0.99141343842725727,1.0281728766462501,1.0148515585989284,1.002401668622515,0.97829788296024189,1.0004108550840183,0.98335768179171512,0.95239324497969247,0.98435867037925395,1.010187657947875,1.0491248724175135,1.0151767170390171,0.97981608481584792,1.0028475984632719
1.0093590136545454,0.96044454298224913,1.0115593835633294,1.0378011856187772,0.98603416324867499,0.99379842200957202,1.0201646181123196,1.0028188802547588,1.0466913168904848,1.0106094934761469,0.99566296433320545,0.98702724670586706,1.0103564541106442,1.0249637441716237,0.96345743155534203,0.98823965150221849,0.99958313998463943,0.9757199759558125,0.9398148045811725,1.021948775719179,1.0111267826352006,1.0127287226771255,0.97965129087008174,0.9813138093124123,0.99529217454763264
1.030340988958242,0.99645527427122882,0.98204183825331803,1.0231437178229006,0.96416684242383321,0.98108627813618887,1.0046681553569323,1.015435621688519,1.0224320034240955,0.94324033749307923,0.97927220959859174,0.93144869136880581,1.0143420588009453,1.0276260278990459,0.94750593503650826,0.97219612101195485,0.94403613383096052,0.99811550115141356,0.98389589182977888,1.0031463767328719,1.00827716811529,0.98361160221565869,0.98095824877642235,0.9833877226467016,0.97796153101931038
0.9883660432786201,0.96335187277222822,0.97548339081499402,1.0271236486881874,0.96924530410350962,0.98979651961387327,0.99689151226835693,1.010735782052063,1.0087791669386184,1.0011934928974295,1.0395632007072249,0.97554046042744913,1.00924714082713,1.0285664516053372,0.89432336279726454,0.95976251965231141,0.96989860557513652,1.0139784094590798,0.98984450156715131,0.97642951976102399,0.99562646655609377,1.0081896920573907,0.98840747070239654,0.96465445921217485,0.99223980920066701
1.0138378834261679,1.0211841365567917,0.97891647931385917,1.0236054983990517,0.97359074123928624,1.022946338906787,1.0228731683753325,0.98613546135357721,1.040672772401104,0.98668114588720257,1.0273977165455876,1.0134900222538912,1.0429934180716156,1.0467626805161769,0.9469887826798371,1.0039112825701206,1.0066644239013622,0.98481389100408423,0.98025032666815226,1.045247359732876,1.0508216954817335,1.0573657147675177,0.97457155643565707,0.97689374391201023,0.98025174759849631
1.0016513364729274,1.0428167839448017,0.97370019917085537,1.0146949773944183,0.99634038091078048,0.99324534939388776,0.99718781195854245,1.0603112587737644,0.99280822034197846,1.0082709275442441,1.0230531539939973,1.00435343340159,0.95224465573238926,1.0158513258993715,1.0089174181833664,0.95585346244945968,0.98725211896238307,1.0036848377929741,0.97984633787975561,0.96707944630547904,1.0037612558205853,1.0171834032644336,1.0095365788533808,1.0155037248480869,1.0110503260631862
1.0110202807425508,0.9916061813698861,1.0054087494198052,1.0285190870020671,0.95741073800916165,1.0395968934651558,0.99776758372990471,1.0267632039955799,1.0145487254465919,0.97921077226205766,1.0078869691599259,0.99342299790778443,0.96035761056381674,1.0074153820928042,0.99334001216370305,0.86683670069872643,0.98513102519853246,0.98546712657592428,0.92681027433429575,0.94100249684771342,1.0148048106050296,1.0226176707595502,0.98812328956263973,0.97914209696272503,0.98535789295265541
1.0145302419153479,1.0193559601591315,1.0103971587724172,0.97801313123378253,0.98802502987766661,0.97368582852987962,1.0140440849985464,1.0206931085519177,1.0284424750469969,0.9551028964695687,1.0104709766495703,0.96951557958513601,0.90506539354890614,1.0240319599296392,0.98182710780051996,0.8720714670236438,1.0153120077213733,0.99436494546625165,0.98187902658265136,0.99073251113765359,0.99403032746451314,1.0442170457130495,0.93404177418975476,1.0107735333677228,1.0091314389198545
0.98639541243901618,1.0235133795795797,1.0301344523801557,1.0082750851096502,0.99472208540612828,0.99288977816054258,0.97638487516182548,1.0641129504990585,1.0191716833443198,1.0183991291293908,1.0206657646200286,0.95904702117984442,0.9622281689583414,1.023466363364095,1.0197272587018889,0.85879201938478378,0.9769591459692033,1.0167865044068853,0.94970193667085867,0.97686517719785593,1.0067845511996141,1.030489756629541,0.99267656550129124,1.023197349140577,0.97758948157994308
1.0151680045548857,1.0158623441035344,1.0068250267746963,1.0005853018133519,0.96106291915372677,0.98544238139530715,0.97126350646893134,1.0447234529357781,1.0121706730179127,1.0079695648327571,1.0389254847644813,0.95431584053708207,1.0267335271866702,1.0022851776154371,0.97430915425746567,0.98621699716912625,0.93244054433606172,0.98111190079105093,0.95402942346726882,1.0026473140113594,1.0075641171252596,1.0265387826244983,0.9785259927384361,0.97698227694938689,0.98541128331867933
1.0154492028936042,0.99950342437401807,0.99914103956221112,0.98317903893805336,0.98027195475504048,0.99804348558993938,0.95036082233829722,1.0226978683529722,1.0364026634205576,0.9969038403644177,0.97362751930449931,0.95791762453404461,0.99315382385311402,0.98777333451172022,0.99880344490120954,1.0014130398929886,0.98211731918227674,0.97109814075168643,1.0102669207738908,1.0065718762911873,1.0250987531488809,1.0220134171225352,0.99022918260459059,1.0115322562533131,0.98384872257824107
1.0257596198206744,0.99187505576517432,1.0158466458417179,0.97122516699135197,1.0510121044486516,1.0222050463984189,0.90626821613160491,1.019919359352639,1.0501094264382838,0.91386834614514045,0.95449024583930375,0.94560540445544883,0.99556002360225737,1.030186188402185,0.94187354768863896,0.96877013642459431,0.99813554837334728,0.98293236959611352,1.0047976150709077,0.97834455153240529,0.98871420894126305,1.0305670250398715,1.0098444819276666,0.97684453544443572,1.0042153606831163
1.0210346636909047,0.99771117502351558,1.0043999566060953,1.0107529987651509,1.0474443507061177,0.98945607109120726,0.89860112784672275,1.0112693019125396,0.9922976191594316,1.0034957926854511,0.98860614713650408,1.005500321529329,0.9750340537905009,1.0408233385963537,0.98323073023473273,0.99337304750171518,0.99944346822568053,0.99291056974524061,1.0056606110612676,1.0168687497973228,1.0399838057498851,1.0349611813353568,0.97255717925737328,0.97509045401401828,0.97988198776444224
1.0104159799865509,0.99503617036556657,1.0317764676923824,0.99939564600506303,1.0737398580733544,1.0328704207814619,0.99978594541935384,0.98781433846942135,0.99768199577229599,0.97219480537364811,1.0187128516676642,1.0508834199280856,0.98532093215389271,0.98459232764678883,0.95672316658264611,0.98952483845700745,1.0324063969515047,0.98141353562027756,1.0413138453417981,0.98276134109707458,1.0248008840529836,1.0193788026434583,0.95283595731330606,0.98660977315796294,0.9318589913074824
1.0025843475789682,0.97400836325979634,0.99905992451961867,1.0089181324662326,1.0548430782519373,0.99463530893381291,1.0035868309517086,1.0339805041178221,0.99140079778312939,1.0015056869982282,0.98658334453796592,1.0363285695883442,1.0050004799788024,0.98208514076941011,0.96533221177878137,1.0132068817380058,0.9719816184129686,0.93542628752256873,1.0115676155065627,0.99658358607816455,1.0535694803639861,1.0166447497918691,1.0012928949256525,1.0276565452579853,0.95557580094889971
0.98731962241367999,0.98646838446347018,0.98868038612557907,1.0204568571122927,0.99891124766974826,1.0161458428230732,1.0059042713445356,1.0084589086115936,1.0245439259703708,0.99350975346996429,0.99194652877422429,1.0274593579691234,0.99583947326781874,1.0407159700612512,0.8309001502714779,1.0157191362268774,0.9338116753724468,0.84528992337777487,0.97835202536329446,1.004150500937357,0.95955857448931281,1.0477096647725455,0.98307914292388465,1.024001549627636,0.92398195326483001
1.0004566131952302,0.98440399579235816,1.0262727559565004,1.0256419637539067,1.0422400010416561,0.98585224711384545,1.006513676491944,1.026868564807123,1.0118309510920191,0.99818997112592889,0.99742144370600716,1.0480018967469888,0.94721044551258948,1.0160283137407475,0.92822417242141619,0.98905331243482986,0.90634325263972337,0.97893417119316972,0.9954730348736236,0.9754655019439129,0.98516160486042104,1.0565728044536973,0.97370051429379378,1.0226575067353973,0.98018067901420669
1.0041481062384774,1.0056479359657355,1.0367959372440885,0.9982716167444895,1.0252074344494966,1.0029792615151247,0.99157798513617879,1.0486297905509279,1.0163573431765589,0.94258172513753713,0.98050496163380152,1.0228954782292261,0.95468645448872924,1.0441791022331344,1.0045509931109908,0.98793967821633133,0.9490006255491269,0.98394113229479097,0.99204046687596392,0.97101627048790118,0.95865672262120483,1.0302109902508096,0.94200507217635776,1.0011926667482252,0.96720405966177403
1.0065111432305569,1.0031921435177795,1.0036110443447424,1.0100489049848178,1.0273886877699867,0.97303109005739763,0.98494109096838867,1.0318640911796659,1.034207051774259,1.0049529581914387,0.98316880316007049,1.0566604130166075,1.0294976261059121,1.0316917126704803,1.0391767551110387,0.99197575439103969,0.94593425693386146,0.96397735032836207,1.0075044330624061,0.93781393994802353,0.95034573216972851,0.99519017319556424,0.98905943624834669,0.99947044735031632,0.92146947676982649
0.98003898123392996,0.98597201254793898,1.0090474859348226,1.0460988109613742,1.0468040385400006,1.0030758397440067,0.97326826250598197,1.0223425818747354,1.0528652640570921,1.0113098019852849,0.95873951508947175,1.0177590538967851,0.99380537271951774,1.0433777422290826,0.96835599727956023,1.0352737506905834,0.97431181169526659,0.90899384783456172,1.0204405517939588,0.97092182335652844,1.0312314797128403,1.0507529296053413,0.97241575033936156,1.0413529909935826,0.99447213819964531
1.0077885517175798,1.0164059304194495,1.0173062131993207,0.98798485705845107,1.0302162888602162,0.99714866438379135,0.96704133184640895,1.0341876256001621,1.0025314603140347,1.0170195895405292,0.94618835519442113,1.0786344040196987,1.0425325468826432,0.9828521369276243,1.0104945137275083,0.97503015707082152,0.99715232115830577,0.93777898016705752,0.9893161712926809,0.98740338666429539,1.0244334456821362,1.0314084803170043,0.97814060491705312,1.0053473125760797,1.0031015006151336
1.0166364429213872,0.89158491315105048,1.0109540214422499,1.0040449129184872,1.0425794402693296,0.97237698091483493,0.867418483103922,1.0646046722306597,1.0228080983402861,1.00789904576768,0.95610995606363336,1.043518292282378,0.98808020533136587,1.0136738859740546,1.0223710102025099,0.99731621255998681,0.96857123027642966,0.94738324278287489,0.98107298142729216,1.000973531449024,1.0058354026249881,1.0402340715136766,0.98194257601806101,1.0064610563057341,0.99116160689462496
1.0299246060870391,0.98192450009416288,0.99124377979701783,1.0088254441657643,1.03818899189858,1.0096062243896771,0.99237881067149791,1.053322264421529,1.0123327032737972,0.97384412035336299,0.94791944454219335,1.0589561997186505,1.0061704399600451,1.0374504041642094,1.0563589287840467,0.92994414091157118,1.0238097546450873,0.9647640022819236,1.0183131461067116,0.96599698690024827,1.0026615191747574,1.0078382266145489,0.98834006469143909,0.98289160945802956,0.98292027810835148
0.9936978195496563,1.0144856086639364,0.97576717060490958,0.97740200176939318,1.0279244731963388,1.008754581855859,0.96223682767470731,0.99525259119682941,1.0310182313194953,0.98564827039709624,0.96087919088923734,1.0111440844821276,1.0434181749072777,1.0539585974834655,0.99996817437687457,0.9672891899352456,1.0136694008003564,0.95305126324926293,0.9602233496982584,0.93283715537380663,0.99579844134072826,1.0493873879679667,0.99446122463523312,1.0299331550457538,1.018783874280031
1.0250350300766518,0.99952782655851846,0.97854489443004811,1.008228685367379,1.0230346411132385,1.0340806068128736,0.98960195180133592,0.99813149580265503,1.0227764520482048,0.99288305223534146,1.00745124574775,1.0280014497330208,0.99474354741085413,1.036947990415098,1.0289635316901973,0.98653542269226169,0.9950096916363077,0.97456570834276024,1.0000622281164004,0.98398522492103102,0.99313506144941321,1.0330570237004868,0.99596977260288422,1.038447732384093,0.9914380033564274
1.0409924444127054,0.97272852419897859,0.98604478749265478,1.006902913310358,1.0539709637407673,1.0159087686981063,1.0129618107331915,1.0569140457306732,1.0236343692735046,0.97194799715534441,0.99239499183717861,1.0508337160547292,1.0504368902673658,0.99511497375965319,1.0296420424528403,0.95647215230075322,1.009491337537008,0.9309710185455361,1.0063685086473928,1.0279464687426221,0.99992888225364573,1.0250035086274787,1.0204124546217248,1.0305608659545782,0.98878157256998267
