0.74510169106672097,0.735131463785346,0.7891546930254445,0.82778108865357691,0.78373102436600173,0.68958489146462154,0.9340028938772803,0.8346928175348004,0.74689544700674182,0.75541191171519584,0.89582912042934726,0.69360083867585953,0.78466225878109341,0.58044727703019672,0.7048253444583169,0.82094644721265486,0.7721399485615783,0.62477491205794844,0.69244789920139016,0.73429018142643321,0.88031775681927704,0.76773097104542976,0.7896468403236484,0.81287576370045667,0.68305032650781772
0.73877061199598149,0.73830110461644016,0.79093665928607571,0.77312227315712778,0.78678513034755682,0.89853662076143981,0.91270773848702613,0.84290610891905426,0.77114697993483305,0.73593412632318067,0.80970170354241422,0.66608685552373992,0.73863402415622914,0.80942615467656098,0.72277262696649258,0.84601117929618785,0.79241505143564173,0.76441170294226157,0.72776114333364528,0.88568044016095238,0.86739217315470352,0.77215034711876274,0.78657721809586811,0.86983802827761192,0.90721694969285882
0.80399916463780063,0.64324162378474725,0.80275081771984103,0.81047257971692221,0.79088448173861403,0.88944155065392694,0.87573610258102608,0.82986200323979231,0.7469707671285547,0.80010787538167993,0.83635010441578084,0.71899745276096694,0.76456877783987931,0.79592266790881216,0.79898681813497108,0.84079300674087165,0.7786992580283757,0.78531560233453468,0.7903193780690948,0.73840775676916115,0.88716262903995469,0.76573647354120122,0.74811174972995087,0.87381734449845794,0.86904418560932861
0.82238221335932737,0.76707301750949186,0.76774440681432832,0.79679383829105632,0.7954586270480335,0.88027061296833575,0.90037647387324327,0.85007849114791556,0.72340947373166786,0.81007391316883492,0.82784105463206192,0.75538102451634559,0.80901088223982487,0.76776604702570528,0.79903155219480948,0.8484020414637431,0.75898995436649441,0.75620917716941305,0.7816979420918746,0.91962741605405041,0.87232044997386859,0.76660731923702496,0.86046321302307394,0.83250682358305184,0.90870638609411047
0.71567506815338944,0.73013739378796771,0.78241614200145948,0.80497802989612421,0.80905044206922538,0.86040527936777444,0.91613836702312046,0.79749642663272435,0.80074733865495595,0.8004426310304289,0.85268324312649735,0.76407483093030393,0.78339005206197143,0.76677381212522266,0.7986274890459818,0.83582217273720527,0.79781824706093463,0.77670412975613545,0.76307522291361585,0.88935542015100733,0.90733214013311514,0.66997130930946147,0.94020985143845048,0.77608523165308352,0.89977935591824465
0.84540416234377735,0.81586463376918672,0.77294891713793024,0.81464383962955278,0.79014428150069693,0.82287820989383065,0.8988501893524603,0.83521177508591715,0.80292108414132968,0.76437413646995378,0.78626459223536083,0.83362586543260631,0.78092067589892988,0.78653624792954158,0.74781318049254009,0.81993439747234054,0.75259875888030914,0.71566669044262599,0.82238580438488285,0.91036327668702732,0.85750168589501852,0.87661893872110286,0.92610898980647238,0.8792029588440663,0.87589710289025935
0.84249452567306471,0.84593116775934274,0.71086532014017978,0.81601782280361668,0.78415210865263862,0.86219396981719654,0.93261073113425941,0.83181426102662315,0.82322255245651788,0.81134912734150377,0.75450198511778055,0.84773307942701537,0.77746767245170778,0.76003430974389175,0.77026554984780093,0.84565926563300964,0.76668660624367746,0.66064493622076048,0.82615657236807094,0.86846778376738976,0.8807779185373904,0.85959804578513488,0.91346169595575932,0.85721455552051085,0.90982036365050167
0.8688278559485747,0.78902235032636181,0.8103395142630323,0.79580400968114151,0.76331497939485793,0.80014471955551547,0.94979471307087227,0.84328773482910757,0.80955967406118823,0.82106385158920958,0.80151926499160109,0.85265523032374102,0.79359799683702037,0.65265779533925561,0.70287530071573301,0.83501245128825086,0.78486373197790726,0.74436636437439396,0.82437003786467011,0.93218546457751872,0.88139823773327353,0.87202583851532001,0.946726169110507,0.87904236670941649,0.88717696148782377
0.84542823227933439,0.80969618119201636,0.82144346433812865,0.82162045768049841,0.84456330407822788,0.89839961967772008,0.88194474540286882,0.81796790561431676,0.80558581479112101,0.80497049599383652,0.8077278812223837,0.87185679063860433,0.77542775999025293,0.87471712708478977,0.75828258349496147,0.85968884050577243,0.72126632750656983,0.76696976586261911,0.85066203259686357,0.90876388504205552,0.8779141876289871,0.88413964765848985,0.86166526841695379,0.83059598411405666,0.85978988086007924
0.83531157833424829,0.84466783370728749,0.83466717005013291,0.80291520715633613,0.84566941133505757,0.8493717376514569,0.88062129187082927,0.82363763505739696,0.80830929890912373,0.80168961940134575,0.79120375905382911,0.85595113780274656,0.73874604540622379,0.87872879936049308,0.76187868099235123,0.83144087625061558,0.77381543961069332,0.69520048406098545,0.78697822853362198,0.88476981002029409,0.86874447364678642,0.88872350046189919,0.88562440364655826,0.87555500153535171,0.89515956552476761
0.85667347866702459,0.79841339724291094,0.83622732200788985,0.78465980460322671,0.83436495507986908,0.90064909949262639,0.91968517965125396,0.84057219020483176,0.81280772038975568,0.79608571009609008,0.8549312362828615,0.82312886699691834,0.74662952478398659,0.86535077659751802,0.74543560343607085,0.81647479030635528,0.6705400838597857,0.76763724986852389,0.64191974834784427,0.86819769672674385,0.88369098416305558,0.86262430725720252,0.86317418454879924,0.86255598534934597,0.88542100812899838
0.85260641422680938,0.75189698920450809,0.88019069903816816,0.7924011275054621,0.86565311943879542,0.86811824363486656,0.92809912997669242,0.8228664448433145,0.82557199416523408,0.80192511303044434,0.68719217926522302,0.86220057235658687,0.82726069945172476,0.88285003673786011,0.84732716789982365,0.84645941513901946,0.77267274362340876,0.68011253201348865,0.83234283651249275,0.87771448134937913,0.87047889846200199,0.89902704731568883,0.92266381947417297,0.86536700469063688,0.8729130444091816
0.84192159297408653,0.78152092306869814,0.86683653328243626,0.72794804083057019,0.8256214127937952,0.83309271556331999,0.96724631588389542,0.82239945274642878,0.83304299843912177,0.78275058996390745,0.79066864054145558,0.82914700919859163,0.75307297027235698,0.89624781145384758,0.84077898113628047,0.85777760614899357,0.81379517858628958,0.88745695940798197,0.79974385961460925,0.90273078167520759,0.87772540657015297,0.86328802627031465,0.89490675594118407,0.86143635230328419,0.87317307272275346
0.839834534066077,0.65027303459616626,0.83145325597597219,0.91655568532556853,0.83743157555679348,0.87781851387306187,0.9143843748050936,0.83208511368729121,0.78785152252555057,0.6634461305289997,0.61231470267940769,0.80770922274571966,0.87385786921780462,0.8793698618511161,0.84062897008763626,0.86100947081412371,0.80765793845431666,0.87113923138719873,0.82122105222278807,0.89353371968915407,0.88190178980237077,0.91040365545393842,0.95299584647341895,0.87727255707087981,0.88029236915443443
0.83665596956134292,0.79590268628486882,0.90332178486044157,0.89395354510691827,0.86623826972886253,0.83745546211707667,0.89382824261730298,0.8642995877388121,0.83065723396188595,0.68238460301086257,0.90435333634351789,0.84461448561438257,0.88205122957302773,0.87495036278620575,0.77642432176694098,0.85436891609708476,0.67552609905556282,0.88325387382033016,0.81118469879036492,0.91996361299027685,0.9015599349594744,0.87237613329481034,0.88475559611649002,0.86150392035024115,0.87435088760712876
0.8309055066925144,0.84783030408104132,0.85203333247175583,0.89165692551089992,0.8715745914929347,0.8586019288669382,0.90869714545424229,0.85163320818960342,0.85897371699401215,0.7641403959293771,0.89388291106829942,0.80739584276695553,0.88494344599093333,0.8737597290063146,0.82891938307896718,0.80558803721308259,0.87828033513356696,0.88331182709632039,0.78974712451396734,0.93039038850017375,0.87647454986951512,0.87514258788492771,0.94215708028412182,0.88194957028286902,0.90200532418238877
0.868227660642927,0.85309610447241213,0.83273319282922409,0.89722544501325163,0.85440825542124843,0.81503850773631936,0.92121989876169241,0.85602655816052919,0.83172611783575778,0.72624372597186193,0.878733416922171,0.77774359274939797,0.86874245089547031,0.92720848658413946,0.84682806480662032,0.82135174845887782,0.94679809247825475,0.86591588989264157,0.69474737676399989,0.88489214556497364,0.88051458242443448,0.86193485195537911,0.919333318706271,0.89831323665418072,0.89564180357855705
0.85683243299936351,0.88349389694635561,0.80232800622373091,0.89046410051400138,0.82716780011000224,0.67747447497387647,0.94651104399039288,0.82218750436254218,0.8835498781120289,0.73324140659824733,0.90849170465098406,0.84329667870111436,0.85203758903517357,0.90405554763217588,0.85686962827571844,0.62998570909353035,0.88808467707800898,0.8640208173045536,0.85204447059969046,0.88694242096319964,0.88929384906289766,0.8974103271698276,0.88407034505163917,0.87246291578034962,0.87054365650880805
0.84512280166565101,0.86083542113193334,0.82612604214347951,0.89435264606874187,0.87745280161358186,0.59501782536025916,0.91543337570067118,0.93639107455359172,0.84064472675501656,0.76258210117627712,0.92845761478061639,0.84858114829751463,0.86729867465997268,0.90482286707555248,0.84727719618709363,0.83729230900969986,0.92472125401383676,0.88095436526639692,0.86494753579016259,0.86757500136861621,0.87581760575848522,0.86076323774363728,0.9098353969666102,0.86223507540517907,0.86720093492517669
0.8472556408181251,0.87676409515194798,0.91609375413751715,0.92010072312892788,0.84298582522009968,0.89120833099789809,0.87231937169623763,0.96999545234302931,0.76787536741368367,0.79555179885752836,0.87651110317064118,0.82873806708648778,0.84308639947207809,0.8602463422785569,0.76775695306013447,0.66625285259933154,0.87230659523334775,0.87719622101612782,0.82006311131728227,0.8798192180620984,0.87399956948873792,0.86507242824307595,0.94324191430590409,0.86956574645382445,0.87713138639516308
0.83330759814890532,0.86060909716990019,0.9448231059462604,0.91327036485204172,0.86831866012271497,0.83412436793880396,0.90810419180561175,0.95524225213984759,0.77065182984608016,0.69485497540170027,0.91101122469762863,0.7204670703189251,0.87833086645023772,0.91337247130135979,0.70396084052622998,0.72442703031567746,0.91666394051200828,0.88754797918142159,0.79084169590854492,0.88343069368050786,0.86844207503404502,0.8503651812146229,0.87365279713473809,0.85506474175501535,0.8949364272848378
0.85546421232207059,0.86878480701464134,0.88566184277644622,0.90084028022044471,0.83280364000551677,0.86484113181208666,0.9054007893517092,0.94650820129548696,0.80120853231228761,0.6634459530245026,0.90920499826640067,0.84061934438170172,0.87522383344289623,0.9082590926041928,0.85538404961304348,0.82570967780268045,0.87098154733813982,0.86445422432473096,0.78581367838856575,0.85549468804985629,0.88469423570082806,0.88676843258899463,0.91437918201004509,0.87091459885143108,0.88618955283567269
0.85649337713470408,0.87136443995774049,0.89995806376591581,0.88965734438459443,0.86986060005823518,0.81270644395814318,0.88801797577495123,0.97304746588301594,0.66823876464326137,0.67614971740019603,0.90195904120300952,0.85535275509795361,0.87024810982096767,0.8652629905442053,0.80888033611704346,0.63697906973687812,0.91681089414276618,0.85292499747799611,0.84316166835224671,0.89037006119590378,0.87506488667428295,0.84713573924727892,0.83524822825761569,0.84373844164892398,0.89236425792773799
0.86480460664353287,0.8545394742846506,0.88799244075164752,0.91667020544934796,0.87163291100955653,0.79411088327785018,0.91041620915234123,0.96253791588425452,0.66857943028496303,0.86445810874302409,0.89600498520754535,0.83740028447012071,0.88210966844129135,0.89011992862755995,0.81617985523070513,0.8196797021580301,0.94644415229267886,0.86717179138192091,0.88025341055892381,0.87347066402702289,0.86984342200947695,0.84854130989525323,0.85405133715948334,0.86217286590243281,0.90569351212637605
0.84151004867483425,0.84582379731034596,0.90235043161595319,0.87781824776535822,0.86970896560341215,0.81910823476167405,0.91214956212342224,0.98364225811749173,0.88021381122789788,0.87555933051477264,0.88716263629386682,0.91079399012190787,0.87241034711169541,0.87686677575363059,0.78782147807743197,0.85652831953776765,0.88934228936223525,0.87806563696274487,0.86858938125710394,0.82043025006017922,0.9130801873770682,0.87768776741868293,0.87075683715168861,0.88439517635301523,0.86562032696379254
0.81824215600321137,0.7559958504919736,0.90817951355105164,0.88819732054070388,0.84822812482512711,0.72913904405007524,0.93890568987141187,0.95302385026716574,0.89094061677961656,0.89205625805940714,0.87992150561619731,0.89106025395252642,0.8713862865848151,0.90000187771301399,0.90181739740904909,0.86749537140192123,0.88179750088585129,0.88563609878445759,0.89163003064226709,0.88727805489246958,0.87086875387708773,0.89009949686681311,0.94534478902762287,0.87897003376339689,0.85879913642882488
0.72222562159375292,0.83167733646718611,0.9309715455613401,0.90278039551160394,0.69232644289460632,0.86374269336752552,0.89707834627770588,0.95977810341036918,0.86900980750566736,0.86864262655059388,0.93046715363958021,0.90428191650020906,0.86627081289195818,0.9154389222499496,0.86569294646653683,0.75975984859500822,0.90855188734625691,0.87174958731858132,0.89109956356564868,0.95739854148215175,0.87346381019856523,0.8768736495832703,0.82255457497338602,0.89035743560805147,0.79033946084900408
0.73461202148840776,0.80426102970190616,0.92340768937326057,0.90791902920982515,0.69401165082839122,0.86853439698121759,0.92476364183807325,0.94277261465047801,0.88440722575606212,0.86037954744673606,0.91195367044053921,0.9281580581961939,0.85690665519822695,0.87965474557437706,0.85574365576821276,0.85241996894232053,0.86775517295402482,0.85204928076625819,0.78158442404952533,0.92739298072074083,0.87745605191807219,0.86161808860466182,0.70951815062399526,0.87462465318128924,0.87537707796750275
0.76396681621193507,0.82400601338822155,0.90386898206070243,0.90927358599759567,0.86793604050271478,0.82742433298109164,0.93919923756488388,0.95177128444113002,0.89201683603167403,0.88908189245516889,0.90431695721395644,0.88602600095526207,0.86036788920815854,0.89433803953466884,0.91018006733374268,0.85729230067871165,0.87350604843875701,0.86603021851571171,0.8096637976792771,0.92209213197960216,0.89620040033546733,0.85998997193365123,0.80295979167429354,0.89529057678731461,0.84583832710361817
0.81791652522813918,0.76857852525973935,0.93740484528522183,0.89898750811512051,0.80797305591487656,0.81080739886512732,0.92136055084837398,0.94582362679891741,0.88639115795627421,0.87437547878897592,0.89468552673476376,0.92011937554653056,0.84136908125126719,0.8759169038068112,0.87405371137370169,0.84868542469941688,0.87006776103310779,0.89772868676456974,0.82461193785693243,0.91327209606103588,0.88237314579516712,0.88163134095221685,0.92118509858138131,0.86920757932988846,0.84837702648860502
0.76891416504015586,0.90266375483635564,0.90394073621676996,0.92884530321650649,0.87903663717268965,0.81455009294208813,0.91180547972465009,0.96980256613942817,0.89333025393828758,0.86595535002503898,0.91762355627527081,0.88778209322849944,0.87738381950916211,0.87892393752785014,0.86689857735645226,0.84517418950230605,0.91781306729830248,0.85718955352614101,0.9468116623023779,0.88649831149846647,0.85960311288087854,0.87780257124515493,0.94278209827770421,0.88256670795806103,0.87797492016599576
0.9057501671174113,0.87861764621807292,0.9261633389548064,0.93331888393278672,0.9237665505104129,0.84240507569326839,0.91230436648427993,0.96023691171561243,0.88568824931703616,0.86636260359194439,0.91105623038502603,0.90480489025675703,0.87315567451939469,0.87547623041023592,0.87695400481694918,0.89275403171443946,0.9255768047731745,0.75192352094748072,0.9527685472409344,0.91827400861019381,0.92899305564070978,0.87885667426298963,0.98490932153843436,0.87520086651559392,0.83425015067111441
0.88121299872166836,0.89590403199720015,0.88845107253723643,0.89832049413531656,0.92017228826350062,0.75158953580152876,0.90637240177398504,0.98208608207494952,0.86874070936942427,0.82630485887467942,0.88160221882351508,0.89854870265589215,0.72038150837761605,0.88178985797005605,0.85151940058348574,0.87647577697424861,0.91794814494038002,0.85569439165539629,0.86350922303750866,0.90725787374409406,0.95055704602545654,0.84592182286041218,0.94918081572312973,0.8730567236079626,0.96112823752191223
0.89063422128364,0.91407886188872478,0.9490834471470454,0.92970080595041849,0.88579833270744268,0.81974554980277647,0.92436578372620304,0.89938738678461838,0.88979003532427503,0.9110615018157866,0.91393581285994929,0.92098869646570747,0.86408117907755466,0.88352241963333733,0.83835149001504261,0.86915518601473174,0.94869875461394626,0.92634041278699475,0.92556421691240098,0.90656657308060995,0.90136292802747553,0.95022219926584151,0.96354386800087621,0.89705693650971996,0.92360689552717512
0.88610390513706205,0.88327935062851348,0.92908934963538947,0.90730665166142555,0.92021474810467885,0.78149196522443465,0.8985885411112895,0.99187560804189867,0.88571267406789844,0.92147254120990996,0.88221110157420901,0.88674503264450977,0.59762781535688014,0.87495271743769165,0.82345538602911916,0.80993085553054756,0.88882384321856756,0.91530892508781792,0.8492742215295026,0.88091494988186092,0.81134458208622262,0.92318578287741238,0.90509329878861067,0.88452919045732326,0.91654411332258612
0.90943594349417312,0.88359086108042761,0.93685050650051782,0.9258699421282548,0.92630878926266491,0.91908858969172447,0.88184709887319401,0.96220700894908784,0.89169072982707376,0.89344556620920634,0.87179675740562679,0.91774693361402682,0.85930452540877889,0.8768692870656063,0.93798947474369243,0.84798138574489801,0.86699808652236288,0.89760242608968732,0.85849147684382898,0.90031681112786255,0.72218727999289234,0.94621444092139995,0.92223684862796818,0.85345361267194542,0.92854770171842571
0.86457311382254054,0.85553279073144972,0.90476060287062798,0.90250865644212741,0.9013153758046113,0.93103585920384713,0.92967451558273051,0.94941437309832299,0.88779640359610934,0.90415321328023202,0.86746189650867933,0.93147765698847773,0.80635995533492588,0.89935962338596553,0.90227294174434003,0.76323422252888873,0.90179816668071611,0.91121928352788462,0.7108278062975556,0.89806782795804974,0.86768813712310389,0.93308789773107748,0.85976836880914043,0.93197155091094441,0.91276257807740968
0.92421804269232288,0.81914550530607388,0.92806572040810631,0.91465580193217477,0.91096174411827535,0.90501574181673872,0.93243471868228944,0.95755165613085347,0.86460518631011285,0.92060922741594897,0.90896659858240447,0.92189325041566461,0.70965682136346364,0.88256100338850296,0.95405390947576663,0.85481815579935072,0.91286860104270418,0.89642619035623061,0.90624573921278029,0.91493814706488674,0.87400573429243511,0.97446158421713713,0.96150945877769989,0.96987122416682092,0.92254107284332643
0.89681702888806503,0.76685594412720026,0.89231948970352892,0.89585929320087132,0.93021056428670101,0.91792890742421041,0.93555068745272463,0.95721386432268041,0.95362219186808339,0.90538682928594938,0.90686958708567944,0.9104439833417064,0.77523834828797089,0.8637210396290711,0.89091242093666378,0.89439501130848098,0.92460318976940792,0.91248217268921283,0.91634131514340866,0.8982146534234553,0.92237234119768019,0.94366812969047376,0.93887242888841449,0.9845602258622137,0.93155871017443981
0.88119936411169697,0.79733542181964745,0.96439013967718301,0.90034831189583497,0.83345058385954818,0.93247042704590921,0.92435193336689558,0.98840383136461274,0.94348624055430863,0.89521990509381377,0.9095123796401684,0.90038793121335781,0.91584927496187762,0.83134430734346787,0.73050864546956118,0.89983610252944501,0.93039684918898713,0.89703149056548903,0.9105016898993995,0.90338924603159987,0.91823813271345422,0.92148643384831919,0.9538351655524685,0.9499817008553566,0.88909982303537971
0.91811394519359768,0.89265316281788332,0.9548307887555284,0.91519162995860193,0.8474237986338985,0.91515407079419309,0.92419702232685474,1.0145107553363601,0.97317571134654179,0.91951180901680463,0.90999510638049952,0.87445376542359532,0.93501961605238626,0.8245218678688877,0.89975193406526643,0.88729207060592752,0.87534752756154899,0.8910173370464658,0.93265584614812103,0.91823231817843576,0.91402751647890434,0.92577357733304289,0.95250216304441959,0.96269814706930201,0.90452160054909581
0.92197614649755388,0.86650144235630566,0.94190002782987958,0.92160266046082373,0.91844132940460421,0.90070557097696036,0.93128561580418856,0.96544884935993847,0.92358942495919294,0.90708178223167968,0.9105144455786276,0.77619983559966266,0.91242493361438404,0.8397471624631585,0.91657316761859053,0.84151301331989581,0.79052933858862307,0.93247864256725588,0.90548165746519582,0.91314827011483779,0.91440185707100896,0.94538605304920931,0.95745162459932065,0.96171889572219427,0.94028398748039965
0.93059661242163505,0.84172966138697936,0.976218104164427,0.88064431531402376,0.893921379116427,0.92015667233909004,0.93052074014699704,0.96833663336319031,0.95027671367939592,0.91910556039277358,0.88686917409256905,0.73368218948149144,0.93893019705818637,0.78102950769903046,0.91546674525276184,0.89930725752153384,0.65331830497759003,0.90926390414664238,0.91473140347889415,0.90524328371566687,0.91864760323181116,0.93341466580651289,0.94498725518998805,0.95728560239134242,0.92611761436156559
0.91936311030473905,0.81657340438972503,0.93702269839875418,0.81245009586619044,0.89275858947116093,0.91388010086983706,0.9112857811221815,0.96205827089003659,0.95990940364551214,0.92952730444050535,0.90285705432900887,0.94085786052621356,0.9330153826723776,0.80214029098085571,0.91380544431037669,0.88881985529169616,0.91896481558000009,0.88255929435876901,0.90862561486272297,0.8849961292755828,0.91327584255083782,0.93402709493923475,0.96105144029140022,0.94757717061466873,0.9250908043386773
0.90588505273733999,0.79546823141205825,0.91409014373549513,0.83393463440961813,0.90620999498381216,0.92803214633064912,0.93157776240333368,0.97492582582233323,0.94694157905385534,0.92378858590280843,0.90243418064664249,0.93148722450199084,0.95299064510870524,0.90229136701575841,0.88040123298929662,0.92008239899592015,0.93350399177770682,0.88164971504121736,0.91400049915483506,0.93767963381657038,0.92273009931447125,0.92004390372612044,0.93547526422155181,0.98974346793773205,0.89971193905313973
0.91390627219420439,0.90441889251611884,0.94498039445555104,0.92474099790282305,0.90685566589093536,0.90424725982912624,0.90295835295718996,0.93640408417481968,0.98334480209198494,0.91216539927937335,0.88015531871406305,0.93515625335699759,0.93916775641186601,0.88882882943979336,0.92966799266513145,0.8847353129580301,0.90912466060648611,0.81126158773002455,0.93372703893078235,0.91036759592522065,0.91320743685165351,0.97032529536746714,0.93219921414103524,0.95335346047642144,0.82873434619520792
0.92821766434487196,0.89857866071252412,0.94966800218197245,0.93197544537054078,0.89582014926414688,0.90888958665872244,0.92452367571753435,0.9934982470626933,0.9708365780190481,0.93086112309528823,0.89135913716230919,0.95080237453726513,0.9325927290336179,0.94659534378537136,0.8879648675470263,0.86209468782891729,0.9082698522568633,0.88817925556143995,0.91741747529944262,0.92624309954923234,0.91982918534199931,0.9389666715455568,0.92625603812171631,0.99606495383283022,0.9067135641464622
0.86943266272267361,0.91919135511674066,0.93382236715186173,0.95716720885793105,0.96681712547310406,0.87919609209309957,0.91367748371711355,0.95474173304589705,0.98165854255417506,0.90708214898020278,0.89336456265315378,0.9103204850248835,0.93121627274426411,0.9582572439296474,0.8810525251537783,0.85480021485823321,0.88805956855024071,0.83314949712846798,0.91205447801086059,0.9054842206824526,0.90491824655971775,0.95010377788067879,0.95066015145227956,0.97335312714463784,0.85181559413269969
0.85572069515107307,0.90988822791448687,0.96651571971924388,0.95259547205367423,0.946712429891027,0.88129551860703359,0.89216576346566645,0.95379708780011108,0.95214821003310857,0.90873483658691967,0.91095419385175858,0.93482486164886036,0.9349321769939789,0.96554270154977173,0.91567102695677016,0.88421783768516804,0.95368877698022547,0.88157478065929551,0.92318313480932235,0.91235554955469123,0.93880867863128092,0.93976055366907718,0.95885947575150265,0.95777238295530187,0.87671999492641706
0.84101620330642357,0.87708561984398248,0.95111658039598679,0.93800100385006446,0.94085200725641038,0.86692458505465964,0.92889428045085243,0.94393455916530267,0.95527314789551543,0.90363378634814162,0.95174385734691369,0.93511960155622686,0.94244851078220426,0.96633016565617447,0.88256606533581816,0.87295561775229158,0.89870894458797423,0.83472404198662242,0.91150857976709732,0.92593299529709638,0.9161260239712562,0.95241340365667204,0.96465632354141206,0.95479157811361637,0.85648877881914653
0.93324616399517357,0.89273407575566588,0.91861838402110241,0.94567916909972127,0.96633337581983703,0.85221864910289635,0.93070108500011461,0.95450811676473879,0.93712752961334944,0.90283483144402366,0.87930099216093605,0.956999723773023,0.90676163788061248,0.96270124948996738,0.91975724512954815,0.92414599074264603,0.91527899539788882,0.76463341139503338,0.90470145654035028,0.92233439510752802,0.91828377366295855,0.93749208004605322,0.94260819989425293,0.96528395584460258,0.83101444310600636
0.87437731870167834,0.87514295746031989,0.94888355073667829,0.95359650165107024,0.93947335176457225,0.88629384690018231,0.89443011730455724,0.97736612058509831,0.93704150716766221,0.9229575994855671,0.95921419172320099,0.94236487220868048,0.93686730939128682,0.94657054639778571,0.89808437590174151,0.89624016516375404,0.92319645492297286,0.90476380383726795,0.89300815577825798,0.90522824565840454,0.91878351033727068,0.95364422943571381,0.94781494294262225,0.96975812127098804,0.93275099373690817
0.84292423120254045,0.86319854536803153,0.96909598130758468,0.95619138106114232,0.96102653512621339,0.90025014835190653,0.88967717342626418,0.99293278299412013,0.98017349882331817,0.90545311958112262,0.93313811948291059,0.95533088385508746,0.93430865963982968,0.95118131008742712,0.89745485078059317,0.9099064354315245,0.91475688748950212,0.90805751935860601,0.96742479105432111,0.92224059795010771,0.91419635536777544,0.97484117477282528,0.96859194310460817,0.93614297363468912,0.95631199510967158
0.87562532461475584,0.87904226963279997,0.93045932080250071,0.96189771572306959,0.9769373147646544,0.82828063760465076,0.88135134273795535,0.98998512286193652,0.95973427804460343,0.9061340701002879,0.95357314339537835,0.94245851376120182,0.92960536452894016,0.97363775339904124,0.91429662184757432,0.90190575980085541,0.91660505981801099,0.96150083429763733,0.88310446672882215,0.91135874820471541,0.9214861876662187,0.94218828335704907,0.95934290443673287,0.99704348542951027,0.92301557975376236
0.95797321659663814,0.84369023719713876,0.9656653378650325,0.96422693722678143,0.96330422072340327,0.88185527548398079,0.99272905248512644,0.98989565209424712,0.96294459578711367,0.9003255530018931,0.95862410494600303,0.9673896040115898,0.9199215934804188,0.97192052500744042,0.94272314924913514,0.88304524604009926,0.8843707460421818,0.9114288125747696,0.83989705036856277,0.9013588372833975,0.92857528215278062,0.91293414143473905,0.95048445410242655,0.95418660322457649,0.92797394319295212
0.92564842563911953,0.8961042972537282,0.9497885526486376,0.93447947078957516,0.9570544819708009,0.84326746665518981,0.97561190765311767,0.99010215627219744,0.95885819353795387,0.92613012080260282,0.94785839477201828,0.94971799334919371,0.90626314856875723,0.94325341153931241,0.94653871663984912,0.90531320499627066,0.95876798096879035,0.89060102206287295,0.85572567231957208,0.87414961835715965,0.9384951300510781,0.98479007423540987,1.0020689482033038,0.96106384843324044,0.93642355957958545
0.91334022859888231,0.92114897364840309,0.94527348719089577,0.92877942818766535,0.96623845443492618,0.98120938774167477,0.96807260629044456,0.96594546749811272,0.96967417684805424,0.90494666630995024,0.94262500673588501,0.95434691666414062,0.95210676705552899,0.97916642249473185,0.92974672272559866,0.90952010207097944,0.96335294010421813,0.80075100416636991,0.86601145191582096,0.88694721429913803,0.92914310618504325,0.95907275619326959,0.95564981968081164,0.96405969336760022,0.95748336308005977
0.97368027642992816,0.93850572472251392,0.94154532429115767,0.94297871335919137,0.90817500051229161,0.97524446723216651,0.97379305938904359,0.93137863760319817,0.99187830913126951,0.94970631617430246,0.92549517125943093,0.92907083547482527,0.96502627868742885,0.94098362468577179,0.92113225133852783,0.91046105218485684,0.95138476752319179,0.89705591214877256,0.90266476606298984,0.92641845674294399,0.91520660218469174,0.9359741668197632,0.95256687266453666,0.98135622569246184,0.93267014633891254
0.93570068683560315,0.9451894242650325,0.93344178451140236,0.93672848986028467,0.93263361656491794,0.97990368352421697,0.95745384736797623,0.98279546549261798,0.97541713689720377,0.96563845639109558,0.91563183697866857,0.90573219800373217,0.94939333339887799,0.96675705363177789,0.92273248269633024,0.95612348846339901,0.97124173659242252,0.82597373729717527,0.93938782579730884,0.95094358421930936,0.84159593110954289,0.97364080476486026,0.93439586193578172,0.98074010684032187,0.97707619957386804
0.95274173075164381,0.9048182455817565,0.94617868238328318,0.96832044204043255,0.9372627152044043,0.97683546897862006,0.95821835260848887,0.97503593172663161,0.96503734093109128,0.90869329406802635,0.92079710036653062,0.91526384770893976,0.94085376521606967,0.961684983782777,0.91048148772464743,0.99122866032049683,0.98101704442355542,0.90837086507055675,0.93704059487697544,0.94762529604426282,0.93748165459809263,0.93675633940774361,0.97222861348391265,0.96573950699155131,0.95873367411110166
0.9082333538154711,0.88038009346174195,0.95102933668551837,0.95107648407199408,0.91894255900501542,0.97902094738469947,1.0029082261632867,0.99612134125327934,0.93728377947493291,0.98864895124720586,0.90532801298646948,0.89005417760270189,0.8943037457818328,0.93772096755874657,0.97025368747191931,0.95049786347485388,0.94665076437867002,0.7928432400922325,0.89860497708585407,0.93717908474248302,0.95655834398588679,0.93673225432221319,0.97627511227775865,0.95464676362124046,0.93089724495325521
0.97288759621404985,0.83536242305058128,0.93832945453555938,0.95463018477019079,0.93751123821575644,0.95118982826416076,0.97339395833689391,0.97131054968435049,0.96024092561655339,1.0001461994747916,0.89886343856452289,0.88797307869034103,0.84218474393074949,0.9808943053726441,0.98206302006268964,0.99387914202285943,0.97600046113244932,0.90741629084016318,0.95772931764900693,0.93397946371780538,0.96851795786208017,0.95443975241637646,0.94595566393649044,1.0155919447349713,0.9167277972833453
0.97566360511624595,0.91916633923128299,0.91334254411345395,0.954572147630802,0.95787013674516908,0.96330192981649054,0.98404883516643171,0.98477694069570354,0.95271069771050809,0.9700233900345363,0.98084436321973723,0.92392097415352614,0.95907917136127596,0.94869199175990349,0.98031612002744728,0.96486763276144449,0.95506246379955451,0.87702961043752758,0.96942015021934491,0.97863708291975648,0.94732751914142999,0.91584566135448831,0.9691418987441407,0.93950021530906358,0.93146224559464341
0.9340835419353426,0.96699143154564093,0.95364216303420446,0.94451642012792247,0.93189318185260195,0.98632447905289811,0.96130559670889526,0.98200013362933603,0.96832345750646887,0.95826149241776304,0.96153946097676357,0.85889617979141164,0.92803116638877525,0.95262587238005014,0.96178860041720116,0.96905642810474679,0.96122224024064318,0.96263817478711367,0.96166062273993469,0.9546387521036418,0.97020007895890326,0.93318200572104593,0.94984840819370953,0.96279433720517205,0.94073918465140394
0.90617532901214226,0.98466975831334413,0.92579714739736307,0.9347665416444132,0.82728894895470206,0.96903912211127496,0.96899421500021843,0.97866642008950389,0.96490346073048749,1.0017343463345352,0.98318653721714966,0.92850461537473428,0.9639717425554778,0.96394698625948028,1.0229984534190923,0.96986257575152768,0.95535832468090787,0.98591945409297521,0.96536839898854288,0.92009604617393903,0.945956003059924,0.96063110344687597,0.94335897227219412,0.95165007569948801,0.95886817500541655
0.94211131644643586,0.97386176697737659,0.95546257733866802,0.9269821654263275,0.92008451431150617,0.96079105569365053,0.9531504620984349,0.96275421350782797,0.98454242326278241,0.9917061293997057,0.96317964170640813,0.93019440878403559,0.9590752392306412,0.93669643836739769,0.91186810130332774,0.9462725657119988,0.96217849725933857,0.9823861467943853,0.95988444515586924,0.95223084771751698,0.93028678609312854,0.9146651574561494,0.93699110322744994,0.95007374857517746,0.944825477877549
0.94298063758616646,0.97626343732649312,0.93015260762575513,0.9038058185418455,0.96036808942962648,0.97446011452506875,0.98513111117573515,0.95420300842015948,0.94128978506567551,0.98251231998643929,0.95890395915871407,0.9369582784547108,0.94075145381837844,0.94446384325945709,0.93222918812001498,0.94103265559125104,0.99249167747816591,0.9775222559818032,0.95590860746628648,0.94929810471353515,0.93275701926469923,0.94413965602155192,0.97794085084065452,0.94390627107887515,0.92607333212850962
0.93198028264809762,0.96662158772273843,0.95484643077826392,0.92230846985568116,0.95449976152508698,0.95505171493968077,0.96888842910008344,0.95617470310491692,0.96216567811591336,0.98213767886690473,0.97390672990408789,0.93455084220765372,0.9575823911865321,0.97331883376481121,0.93039196496368171,0.96986691430605276,0.95274686580902967,1.0077342283567035,0.96846665288752043,0.96504581057798799,0.90935864696415991,0.95066228401515729,0.93980777814888428,0.96504748188857503,0.98780027654478486
0.9214725482538334,0.93981752100267357,0.97797154780809448,0.95212522199151006,0.97404323299807682,0.98822453314597514,0.96581024481687516,0.94686035210692709,0.95445323121924475,0.99089568163686503,0.98135685108400528,0.93796052121796358,0.95762977983378073,0.94461888973270314,0.82201280250475373,0.97803219238173655,0.97744622074831289,1.0044934565130577,0.96909001048891308,0.95410308817534561,0.94195787537564579,0.97818104208954815,0.93891667874691054,0.93212248164775791,0.91811967341959
1.0148995741116591,0.92650198320365051,0.95751315999231024,0.93789558347863744,0.96825087952239675,0.97887420549097526,0.97557957337948664,1.0162201551151306,0.97500195995582051,0.99269314961193389,0.96272722136120814,0.90110998219486171,0.98867944496483862,0.92769785787603376,0.99629889607221056,0.93246014366899754,0.96106799143303401,0.99086515772148276,0.94826261772687082,0.95050354707000217,0.93319328651174527,0.96779939158033024,0.96778204366327647,0.92615289359139474,0.9238100591188777
1.0070343686872831,0.94080379746247011,0.97193326542962677,0.94909751090184868,0.9527601727496301,0.9821614313315663,0.99312361270279581,0.93833203266836485,0.94238218282226682,0.94916153455321772,0.932971787036742,0.95760247996990355,0.97096017369456722,0.95234044878848068,0.95395179424347443,0.94640490185253023,0.96517254649138262,0.98130700071034915,0.96554566289161081,0.9522349606107412,0.93258914448729302,0.94328867466870137,0.96401968024782492,0.99895491634067468,0.92220996588609538
1.0023570069705867,0.97357290196984236,0.98043172275439361,0.98057207395102475,0.96994313487792949,0.90928018238661057,0.96774535901261594,0.89969480067597463,0.95758060936500544,0.97995073201040528,0.96786562270201137,0.96034929314336626,0.97115934336333121,0.92300027745546565,0.91846560978174019,0.94228833937033529,0.969454721308599,0.9952606033681497,0.96818797767467235,0.95373823690098369,0.94925828418243485,0.94732005735124702,0.95923482161458484,1.0394952969986508,0.95391419890862894
1.0081831367572673,1.0078843010325376,0.97373363701941351,0.95077711945605192,0.98355818690861507,0.91494089990541705,0.96394977429692097,0.9159048233202487,0.95692427921920753,0.97069231748798113,0.96026747304086324,0.95379507411178366,0.94543808722074363,0.9744116975105811,0.98131415649110199,0.94678319235066433,0.98877709385584667,0.91924795161013817,0.96240917028966688,0.92557602716658671,0.95706588349354038,0.96591388712230075,0.95254951514668196,0.9651757128356615,0.91373526210975498
0.93313156593527058,0.96443287045368964,0.98966214323914981,0.95863235260293889,0.96820301408411535,0.91720565282861144,0.98916033275373827,0.85695281245319532,0.96936952295757151,0.96687795188694858,0.98618077024159967,0.96978038204522732,0.99234382813185373,0.99026160867683155,0.98450376812829166,0.9449963655106266,0.9671009591065739,0.94514940244944645,0.95044496931101008,0.93095606037734557,0.95224159543460463,0.98103625324762389,0.93656056175880775,0.9552950195718517,0.94923258065459537
0.87322843858516619,0.9509470465290224,0.98693808920882908,0.94117935648814421,0.98451291221568127,0.94291267731690864,0.9892763291575577,0.94432609514203369,0.94233479847958945,0.98666544297569569,0.95533927603098834,0.96484041991535574,0.95285457671254259,0.94846014829810754,0.97516633695383814,0.96432481767943534,0.95163831646986419,0.94703706304268165,0.98441991922818428,0.89881734542876446,0.98988434151432769,0.95693707433523068,0.96818754413789454,0.97874711633682543,0.9345137495922643
0.85222545041504483,0.93926831781663944,0.96816161713461768,0.96286925445148952,0.99871389621968376,0.96436198105983229,0.97098132077988208,0.94750986212696853,0.97896511859157875,1.0094438825945931,0.98392028961685762,0.96112026340552659,0.95612914017319228,0.9742437663610507,0.986646042713205,0.90969238763137683,0.95154187651847955,0.94744161724333964,0.96281609123214085,0.98656781608466793,0.92699700455494694,0.96171355352676358,0.95250654648870892,1.0038640205205571,0.93506453558697977
0.96698858540055566,0.86243548922156754,0.98324006950957576,0.97798369397252816,0.98675843478118097,0.97624380421524093,0.96294240826125987,0.99100970257159393,1.0188327268013422,0.90802942427572342,0.96479313920729304,0.97582388626856753,0.94612791185137535,0.9835213412525935,1.0038087586447195,0.93286337579181844,0.96316291431063195,0.92688736171360619,0.96157110031469961,0.96065225795325959,0.9686505196009807,0.97282023223982195,0.96670388974844834,0.97902597897317889,0.99975990844489504
0.96150666595520018,0.98380206285072891,0.96641206802040369,1.0287699123247227,0.98305331205458701,0.94189805046988739,0.96857349804612891,0.97945255821958188,0.96710881854385389,0.98584808442495375,0.98970420663906211,0.9619369490481855,0.94250820162894822,0.97783058626376096,0.99287145377708164,0.9072576652233294,0.97657347054858179,0.9791850930862559,0.97434241401520738,1.0000737655075744,0.98361378635242003,0.9581971873592745,0.96842662710944805,1.025917158092176,0.96605001158361548
0.97031598614706394,0.99195847496073253,0.94451168372831729,0.95435008756878681,0.9734327494902778,0.90054436001968319,0.96310690530452214,0.94170186294577529,0.99167817677727998,0.87422597975758365,0.97097960505525305,0.98020177093955119,0.92511949525233417,0.96039539093582471,0.98588567841791819,0.9575657174621528,0.94904748284433504,0.94939096338662909,0.95935493366253588,0.97000869030948789,0.96867592240899869,0.88330842500211004,0.94414646135706626,1.0066546141199584,0.95714495271985012
0.95087099279976073,1.0062162687280241,0.97555163522151678,0.98267284901803331,0.97858405335241305,0.90417285740617948,0.96792618216049842,0.89403957446195859,0.95295643725369328,0.97037435845558773,0.97607717849347686,0.93714568246813768,0.93554043982955792,0.96902667868528614,0.96653756159625093,0.95092626558781679,0.95478851927416197,0.94854763622854132,0.94513145199308068,0.97176685694413145,0.98337055177937371,0.96113234930403046,0.92788839274245671,0.97831120737803667,0.9686707581127989
0.89062155445517788,0.9158150034407635,0.97871345678980559,0.95679263303784123,0.97849992407000219,0.94629729535276386,0.96531245913129671,0.94322942099928642,0.99704799197114813,0.98114313619163762,0.98786515272214392,0.92436559704106913,0.78428797095318659,0.9714676594026449,0.9585640691857501,0.93908841867213322,0.97263763277027326,0.96760549934112228,0.98452570049017329,0.94951369127582852,0.96218993372663153,0.96230084104855773,0.98485215652489067,0.96793959862073686,0.96001013551470871
0.93598477595556007,0.9216944921868917,0.94851248348631123,1.0134686817918555,0.96685068641726335,0.95665556694311649,0.95234214461407385,0.97574243506920832,0.97122760603788072,0.95417808960171868,0.98152518377810749,1.0107722729259778,0.95361116309497651,0.96349190095974246,0.95302336610293981,0.95093636494697931,0.94777035713555779,0.97236501420241628,0.97099090720870429,0.97305167424014372,0.96601802151532201,0.94921587007925623,0.9858671566628523,0.97475487807244554,0.96621022461863759
0.93894211083705448,0.93264569500487693,0.94276002832698191,0.98590942726165187,0.97321006768820528,0.94980321291665804,0.96423275129468133,0.94840043849141331,0.98261837353350068,0.96020382436605023,0.94178703065433,0.94631988662817002,0.97795700012516651,0.93640456370433844,0.97419657416365335,0.91762896566420615,0.98738095530645753,0.96376274617576851,0.98080168917355293,0.96090193492992493,0.99181567090984935,0.92028782953063382,0.98514265442915916,0.98652074235580423,0.98149800602085802
0.94366616325251818,0.92700099800403346,0.96685366968035202,0.95193053666616667,0.98398694736569303,0.96219842276191991,0.94783037687517224,0.99816504888912849,0.98782910920351041,0.94671212151625839,0.96668288578850048,0.96917336400562337,0.95145011826181947,0.96322914072425825,0.99598876157700411,0.98602539605090778,0.9611134700502536,0.95026564827129856,0.97026648414685768,0.95588439568883332,0.96317433838307009,0.82558309642174821,0.97818125240282128,1.0025238209796126,0.96903427427883437
0.92932100280752072,0.97003880500243245,0.98107605711185863,0.95161794376086928,0.97639001058475228,0.96533089352720247,0.92737077397698231,1.0087135808845349,0.98492364271409016,0.95915649505329337,0.96364319370882068,0.96188573075055661,0.94212710694069002,0.93385006131009984,0.99317213292205997,0.95677514711159439,1.0089702868505896,0.97743925258000852,0.94857549535421348,0.97400735574607056,0.97595185397573891,0.96960589130882868,0.97585406575779332,0.99158205273351063,0.96103337549699341
0.92480160565984049,0.98871297860709006,0.97672955843717901,0.98220493129749276,0.97538635647525018,0.91371163420463231,0.94829174696656204,0.96899144396241899,0.96166809958096822,0.93154814840713185,0.96540105004814736,0.98073695452289855,1.0044502710486234,0.93972304914932991,0.97009204943464544,0.98916072602705751,0.97955579268004456,0.95192458936926083,0.9477416800992704,0.95110309885638611,1.0020420460107222,0.95263964864621598,0.99083760085355921,1.0050591355555019,0.98198365379161889
0.98421649860672833,0.95195713856457043,0.93917757839908977,0.96336248096196153,0.99513815112396742,0.95182883001909702,0.9216701823911595,0.9444230355813743,0.97802789744547458,0.78385836863719138,0.96385430864248045,0.99488944074394292,0.98235314111156025,0.94003576744085549,0.97766792393319846,0.96385600253026071,0.95714843782545078,0.96980427997066554,0.92477381735856545,0.95367007360620404,0.98823550750588696,0.9732157989554,0.97457943550509718,0.98376552226627179,0.98190651248409111
0.99337920555749681,0.95112020228676308,1.0071368946355352,0.95907293710251773,0.96727103046858087,0.94461360490683521,0.98922677096329348,0.98332882104231034,0.97564123633845679,0.9759024622617285,0.97681067048201642,0.97389671284835111,0.99981747645081154,0.89783259218792832,1.0096719817132453,0.93265214797792018,0.92062334844803684,0.96336669978802525,0.91664170148578517,0.95122894913285583,0.99273273802746043,0.99875952286957181,0.99503987317554732,0.98341491232339207,0.97726578956003018
1.0086273879395322,0.96954843978671146,0.97441159876984529,0.94409814519560498,0.97552806077659016,0.95302201902986972,1.0025515656128623,0.97857600640924314,0.98821669572082138,0.96039160722689276,0.98871565348894053,1.0000557433957005,0.96429238585112409,0.92728848624488647,0.97526288569010477,0.90919862861843714,0.94974669334095507,0.96840604828832988,0.97874991662856703,0.97754808013563521,0.96728964617572288,0.98034146711648884,0.99241659415996342,0.97791914549150927,0.99321351498243371
0.94606041247047945,0.94181961711414652,1.001980485625533,0.99143847017334963,1.0028644092855095,0.95368866844164824,0.97647108779085734,0.99204203389809364,0.98333127047826563,0.95918069536666783,0.95689673674875741,0.98073503230504888,0.99136823872941882,0.94862388603901904,0.99494218010922331,0.94963634842720435,0.96339840632590323,0.96427408978445062,0.97290606724998507,0.95003296950138361,0.9831447210501274,0.96734100320745531,0.95199458552477079,0.98540946921071293,0.95653728432915219
0.89228200290466397,0.99542248544821521,0.9530135428518034,0.99651417614680149,0.97951342025811716,0.96133663136554615,0.96517869675426504,0.97351287554309252,0.99374047470750315,0.96714249674385711,0.99734122518094215,0.96875726967237319,0.96286207391079748,0.96745895317929897,0.94228639158017891,0.97151902018769398,0.94749535462059964,0.97615133020831102,0.98811196129578949,0.95230383967538179,0.98245797636689258,0.9707087344646872,0.99033414434478528,0.98666801017863603,0.98652332183319114
0.94554458505080707,0.93575137341619818,0.9659462524331428,0.96394838858391696,0.96952421243740061,0.90339462219650812,0.97076686747644059,0.90773856851240198,0.98939589577478626,0.92842453234528877,0.96004263118718469,0.97861855396118003,0.95800926652101503,0.92159301271329752,0.95917599740069071,0.97057689840074113,0.97716008709010305,0.97034632249828501,0.96868561025961153,0.94108802890487897,0.9808454938054656,0.98458861895086947,0.97298994303168707,0.98000015155974074,0.95982703998073926
0.95945945436798996,0.99009932894782993,0.92132271323052084,0.98805203633123828,0.97810480022894164,0.98640846641054802,0.99135146857758771,0.97970362049074677,0.98487943043447757,0.85810784266130502,0.98690014470431331,0.98544179880724647,0.99427315114531956,0.8919690609377191,1.0002735605643855,0.97546967616474711,0.97848340440348536,0.95867324238526752,0.99241055533334865,0.94510401476203021,0.96801831238710501,0.985667469416318,0.97244755415003381,0.98124629727071566,0.94728608597387742
0.94939462751577863,0.96223559531697633,0.96116240853389523,1.0010226049527915,0.96998875260875628,0.98083592850348489,0.99046377623783977,0.93112155484366477,1.0038554492180329,0.98865548415886895,0.96090909594716756,0.9348285710994223,0.93235130032211611,0.92587398203161564,0.96311535770355083,0.98397105921258787,0.99674439955769945,0.96043173532564852,0.95692886864451987,0.94320658554854642,0.99021358824222183,1.0103050363245007,0.97474147231000907,1.0129213424292873,0.95824899202252989
0.91730155079052589,0.99064384472078093,0.95815618415833448,0.95587759356579116,0.98289151105062089,0.96085962866139507,0.96012292032007618,0.98577387118823168,0.98196191379716447,0.92460869381953681,0.98690056681486305,0.93373703261028851,0.9781992445070864,0.99404360955719562,0.94473185448942265,0.92915097789951706,0.99311878613762761,0.9817607907548126,0.98604401837096289,0.84395345431534818,0.99304194624038511,0.98765175588007625,0.97966754760468988,0.99123064700196928,0.96176802393003991
0.99962842756152748,0.98063801926838901,0.93943164615141361,1.007754881351093,0.94812381754874775,0.9300602267835496,0.99398571530295254,0.9032566918892132,1.0069605951202278,0.96791169035995406,0.95968762212162562,0.99068917078194307,0.98424516264830186,0.96398242688626179,0.9581667309082802,0.93823085775360526,0.9720775139234672,0.99106726999809647,0.98929130000509335,0.92460687567715238,0.99310531312287464,0.99272742643382095,0.97975502783367829,1.0077754431836088,0.96630010161524371
0.95971433885451196,1.0072143120485144,0.8911970078709176,0.97344079926557925,0.96605669962592788,0.96799691301631052,0.96680683526766975,0.94657406870602367,0.99234469880434317,1.0377296364714144,0.93764626422479092,1.000237985040199,0.96820752530958998,0.96974072027600711,1.0036413299469953,0.84588711797087535,0.96630503135185919,0.94397725521260378,0.94163904179386071,1.0086123513185286,0.96248205763923955,0.96082805265359772,0.97137165771336575,0.99307050583320644,0.9505613111038248
0.93723393555076628,0.97636009916451594,0.96648020892484654,0.99549040121801746,0.96483711756222179,0.9699567703951919,0.99908951969019211,0.94257228880379906,0.9939615388489903,0.99254759722583097,0.9530112926750004,0.99540153753864868,0.98452470640676404,0.97868697646242331,0.95217269273969485,0.98781688800829615,0.93774741649072257,0.88578458293195017,0.92101831528087474,0.9554959550519565,0.98639376059047645,0.94763083518934088,0.99142123515185498,0.9932524444704397,0.92838049268538481
0.92888039085283425,0.99054937612494709,0.94912636286118779,0.94385629756564116,0.95164955169039256,1.0007822473274193,0.97394276451483075,0.83182264393582028,0.98585726503538107,0.98407286512926606,0.92499405395811507,0.99701926775190775,0.991862418620445,0.94922259048264246,0.978493241487145,0.97923134816560087,0.94792362915247397,0.93810547173122405,0.97138535563099793,1.0100578394012694,0.98059612913236849,0.98936722898870066,0.97540018328045863,1.0015122637226732,0.93893929405709642
0.8873073216175198,0.98638663121755077,0.9857234653145408,0.98188180374737977,0.94160956750139535,0.9716521033204607,0.97611382095486332,0.96859928643647619,0.96557468895802179,1.0144999486254478,0.96750211403280661,0.98734892117271622,0.9454635112896137,0.94466334889105374,0.95221136166936693,0.98355246374851313,0.93628962111546721,0.95338215839103713,0.95068378478912396,0.9420832583108425,0.97896965747870257,0.98332139157134124,0.97490850334149637,1.0066177133458096,0.91060782447956767
0.91003109176993124,0.94798144023177711,0.95568017092707813,0.97383926523318998,0.92441530079858736,0.9908837498531613,0.98098365599952131,0.95305561805536831,1.0055357194461996,0.96764569058304728,0.96352676382559654,0.97050070650474529,0.95208896228721729,0.98781025859826321,0.94136269264439976,0.9885768772728597,0.876938816178361,0.95060446991061098,0.95579054448890266,0.95433433863015915,0.97065490370849139,0.99899566668467354,0.9660951476250943,0.98010587182405162,0.97667240386719689
0.95210070151196813,0.96292802418961188,0.94417484724200362,1.0048399950350677,0.8632871334147505,0.99734226390992675,1.0211013377133447,0.93407959883847103,1.0114828799075541,0.99693194891400849,0.94018332329308674,0.95150101007937715,0.95516497858441007,0.98304945741259009,0.90682764397040261,0.96826047475487032,0.89528388481350607,0.94367240225829718,0.95381279163568378,0.91030063833255037,0.97288926294712197,0.95775674794968746,0.95208625930085611,0.97000880329448713,0.91779948002596046
0.94350538189340571,0.98446669187150282,0.96799576463184334,0.95743533810262627,0.95489299040025211,1.0028886978666063,0.96783016761732032,0.94136905917294023,0.98654165615775047,1.0020002521609381,0.98055558454258518,1.0013362058865742,0.98534394513341639,0.99652755828174333,0.90835947877162637,0.9563640306559742,0.98691434795605426,0.95533934336170068,0.96731016817109272,0.96733576369350693,0.97583562321367867,0.94173226582038505,0.98411272126443561,0.97150561946867708,0.94194635636489177
1.0027543048695038,0.95864169854073478,0.97741214568359835,1.0081932470707007,0.97478936783410419,0.99831190482801557,0.95624535250246701,0.95810469707113521,0.97264611028658365,0.9435928044039914,0.99468745570658557,0.9620162442227137,0.95188094433491643,0.99087657973245824,0.97568084659939913,0.93591749047412454,0.98105909088706944,0.9212768234926102,0.93573719348916617,0.97554347717309076,0.96864121078736409,0.98874254916499615,0.97225967260484558,0.98505064643869367,0.89114960967550594
1.0082173383451485,0.98601447308731072,0.95826850203068248,1.00340192819633,0.9782580523788611,0.96938405842777642,0.99766964780238376,0.97484000083212496,0.99631004056948591,0.9893737706090745,0.94809783587949148,0.9900261102214154,0.99300127422537809,0.99894989895623065,0.96656239443442149,0.97516995908247128,0.99714406152729407,0.84848107392527394,0.99922863890945468,0.9969058870953752,0.9787584172659558,0.9932836541115948,0.9805026094793311,0.98034397007947915,0.94517399124804291
0.97768533867243734,0.98338775767804243,0.92460632355150507,0.96766674696125243,0.97331710649382475,1.0054263875288951,1.0197415531267593,0.94507037934252935,1.0072122429210968,0.98386512096384204,0.97375809634191646,1.0070235406453978,0.97978464879759197,1.018413878694715,0.94651536740616382,0.97863869520470437,0.97434715498338831,0.88146994484055097,0.9671961111918258,0.97037483032491301,0.98673009173008575,1.00910590574387,0.96493267581480635,0.9934508376838147,0.98437293465598363
0.97707169988312315,1.0008637987392941,0.99382189839214052,1.0126651226585257,0.94890463752386933,0.96513914640680132,0.97424101317176393,0.94447774991793909,0.97813260774453459,0.98042772919222809,0.95092292876561546,0.96807663729006355,0.97390519099602468,0.99122279420100745,0.91867381280913374,0.98698164782850495,1.0015468683886404,0.9625588778838724,0.9794996684446523,0.93783492399686674,0.96537538404418011,0.96889961387383561,0.90910939598993157,0.99178476209473709,1.0039333534957786
1.0096310823363635,1.0012856576938813,0.9628844197014238,0.98270001194588363,0.92565996543459783,0.9994672228728998,0.97057799389514665,0.90273794466717805,0.98072685151531402,1.010150733988151,0.97873403137659898,0.95606255086484349,1.0058326483401709,0.99016413634174616,0.96435330260703189,0.95864659418515286,0.97253731725300741,0.95021714039601279,0.96297460802727497,1.0046368916694279,0.95931912354018367,0.98636093744435061,0.92476414386232519,0.96493403938932065,1.0012145959874128
1.0154202470301321,1.0180207842924192,0.98931996252676624,0.96613348667398713,0.95626969450256383,0.96702953145487969,0.99079574697944006,0.9726260431657151,0.99071761755094456,0.96943266423461327,0.95194545228250382,0.92118692112836664,0.9963265355789328,0.98210303634684815,1.0009794284913374,0.95641642711091557,0.97630609707269767,0.96843791164815884,0.97680012477372424,0.97113417994367035,0.97665031448619821,1.0180206359716248,0.97669438264711617,1.0023991968264394,1.0142960979423208
0.99869226365318442,0.98665551209812541,0.93898554547323276,0.98101513067470536,0.95858094926315895,0.99282791110118918,1.0116197663483781,1.0060490421092114,0.98443704744193039,0.96357693115545995,1.0244298512340211,0.95844776497409478,0.99048078074501511,0.9369499849391163,0.93244698170803542,0.87543793482430698,0.98264008699557304,0.93116454723885389,0.95850127566023413,1.0087223499560338,0.97311082384349779,0.99188419142749695,0.98597646641787506,0.97142958503480159,0.97926925271684828
0.99545779105393917,1.0030133381904094,0.9572018370521318,0.98358018244761436,0.91586270048502716,0.96449966739382942,0.99450967095882026,0.97513744519523116,0.97072282300542245,0.96009034025716022,0.98771236007285146,0.94810394397038267,0.98976304089454226,0.91706938813148997,0.9644178497262057,0.96013347377734881,0.99229624970215213,0.99060441123036036,1.0175410775998237,0.98245617659996809,0.96650443970561273,1.0044415427586488,0.93913253791185025,0.9864896563370833,1.0184425515912257
0.96555133232208445,1.0081591157812384,0.93548241921370445,0.95528243284362002,0.98615172615496305,0.96667122916145565,0.96695383403117829,0.99787508524432122,1.0002765447885409,0.97414700332279414,1.0137315463753906,0.92396890731526804,0.96920145235395172,0.91489926056846071,0.96790538192711473,0.96355303948234339,0.97318014164000699,0.98901838589770252,0.96945273575375657,1.0020718797756232,0.98393613181689854,0.98021281306955799,0.94118607786667652,1.0095174360282726,1.0013396180835741
0.97950654110358093,0.98293617931444532,0.88144867766373358,1.004675627278067,1.0080478785020157,0.97904502220819434,0.98767860545870689,0.99724623755123376,0.98189468995338847,0.98231047356591716,0.9935082845691865,0.95882860458858032,0.96827195093630902,0.98197932935896071,0.93926444032829659,0.9546229608982677,0.97961591231887868,1.0014304474343176,1.0133798009883659,0.99586557332879988,0.95771357912874211,1.0022292521696232,0.96721925825828303,0.97861928385784802,0.99782929713592194
0.98763245787198017,1.0047212635975438,1.0385181092454083,1.0473835899327668,0.95753223155860923,0.9827319994964695,0.97941986768201261,0.94374824936383039,0.98157668333389492,0.95454921388332425,0.99468567714870848,0.91936949523289813,0.98033072313808678,0.98407455249175235,0.94583986363420869,0.95406078656161419,0.96399493742257403,0.95453364749865233,0.952000138127433,0.95268973547735858,0.9372713701291755,1.0103815791954085,0.97207136641607361,1.0040325726515111,0.97758806486640348
0.99132344897106972,0.96046320290586173,1.0181523212552586,0.9945393885796856,0.99645660743741338,0.96845431078418875,0.97691238139789827,0.95269855015172789,0.95682260755134529,0.99242618332116916,1.0150705033441823,0.96160911330947452,0.98715468323368383,0.97740613683496891,0.95288965911119261,0.93954353954586756,0.97819690855909236,0.96188650649802365,0.90308677915965996,1.0074695244513876,0.9402075192876429,0.97066216933989347,0.96946931288769245,0.97853203505967101,1.0072099724784995
0.95824148116401631,0.99012583621002304,1.0168546109887249,1.0048341658059139,1.0132415626024669,0.964608259678849,1.008960900058806,0.92928444425369461,0.99047021169681715,0.95777726649237904,0.96983776877490468,0.94840700621829299,0.97018065214479654,0.95163986493656427,0.95302230671538146,0.96117993536088264,0.9957998035712976,0.95754251161914161,0.94058073744909443,0.98061764882902835,0.95937244397431065,0.97318427958574483,0.94833930019492685,0.9835815471745224,0.97412007556654667
1.0011701616055588,0.97971912495944791,1.0181237472932314,1.0283889924369976,0.97616862470654575,0.98162247415271497,0.97500207990727061,1.0127603790518969,0.9371220597535368,0.94684593144396556,0.97435932496251765,0.86887139257819701,0.98610008780697322,1.0074589186433887,0.95607586963951208,0.8899621132586335,0.96826636305268132,1.0155782678675391,0.9224637659260041,0.9548873275616464,1.0138355246694684,0.96261378973536094,1.0025315114430784,0.98795442585808479,0.97617903234182379
0.9956298896766026,0.96959019186158024,1.0244516657189342,1.0390723116033458,0.99449027312542282,0.97588831123956654,0.99749954688145448,0.95696289633752996,0.9183387194220799,1.0102767077901216,1.0192218802200883,0.94596923557023604,0.97670390200938395,0.97574353548275672,0.97721992426103776,0.9749419898277254,0.99437976582414289,0.96618091452948807,0.88051879296616875,0.96915467041007231,0.96160850589904834,0.99650357697495962,0.96921506150590075,0.99516697260971276,0.95737555838059996
1.0025163550358562,0.96481465175826586,1.0710773345272526,1.0132686318150388,0.94560927527137018,0.99939954975080114,0.99827278388467633,0.98867788109123267,0.92618795494789519,0.99787265395839586,1.002200405425751,0.95866155337997871,0.99781514254098058,0.97998094600686747,0.94090061966236083,0.96089323158568007,0.95629176379801173,0.98814819656573227,0.94439370778769527,0.97197319776102853,0.93081866561411108,0.98028051106057057,0.95468865873929509,0.96698039912622302,0.91316763353408559
0.9908242676720429,0.95439850389791003,1.0020299336895282,1.014852254566402,0.97498578284390858,0.98106866947167548,0.9831695520930851,0.9684990891697598,0.80648279044967797,0.99673805690297923,1.0256340592899755,0.96339971549902748,0.98316551838862032,0.99652606444507807,0.9956682067194218,0.98527418529237354,0.9799118968526952,0.97279021951596156,0.99261807043192418,1.0137086900369696,0.9694569179733179,0.98072598094792396,0.98114263239622757,1.0036008219731851,0.94390752615037066
0.98340319890981176,0.83974940798241293,1.0057881133518785,1.0179180134960559,0.96904183411763134,0.98139060841008585,0.9756575660347695,0.98414882182115671,0.94139721749364802,1.0117747960545287,0.96987210651081524,1.0298728806288826,0.96243199771344579,0.97061639195433858,1.0110306594669971,0.96938160151224351,0.99660046214127129,0.97645844377831614,0.99888977214779739,0.99584031284205743,0.95865896324339261,0.99890306014249075,0.95298430620753971,0.96954627282686368,0.99549806584079326
0.99070722760177066,0.96796960241071162,1.0589652704270425,1.0220729323237097,0.96127897458807687,0.96535273714811798,0.92296157027178716,1.0100692036441974,0.97517267921078965,0.9676184497151965,1.0018470803902999,1.02010449525869,0.8714567035117583,0.98463752012601591,0.9784538237989463,0.98478283553841461,0.96979104891485823,0.99723672124119078,0.96244394054021487,1.0003057432622615,0.97591437810846426,0.97597478661511416,0.96615427543237598,0.99112444397000055,0.99934550788629428
0.9737658458395928,0.95844205019511208,0.97465191784937466,1.0275524398420186,0.97351328217163591,0.94115334939685824,0.93791658644710707,1.02107148903241,0.98457656359728407,0.96289790918854201,0.9790843784041483,0.99985693637989415,0.95829382695057042,0.98923776799427665,0.99033747809103168,0.99215354812883361,0.97586757980714267,0.97981353902564339,1.0010020698114726,0.99110028533550965,0.97058220547182028,0.96831781693213392,0.97304573854560883,0.96307584155293824,0.94180647408907603
0.9793720035136122,0.94933085753066093,0.980839469413195,0.97333165645678321,0.92147020900653942,0.99570120201726631,0.9736285146881275,0.98905257454925399,1.0040114083296112,1.0031293545536351,0.96601597326252064,1.010322664346831,0.9265134630457581,0.97021722934574672,0.99406049504482674,0.95590633338950437,0.95767950569781346,0.95271586138647835,0.98182864926480518,0.956086656588647,0.99124693226398808,0.96114316058671478,0.96496590492567669,1.0048088130080537,0.98214770150602693
0.9424283728529993,0.99362726209696939,1.0153896179373014,1.0063039547634831,0.89738241233340421,1.006615043259981,0.98794471854029531,0.98487260300795743,0.96271532732744003,0.98286085516670607,1.0323254795404828,1.0174715332707733,0.9720519071321978,1.0163193810829387,0.97048914660226826,0.93252073250425638,1.0033882484777732,0.89423023757377318,0.99823650069985626,1.0091667244243303,0.98275172745276462,1.006525562047746,0.95640276187364637,0.95864908632309664,0.97396788195862838
0.93361739007868993,0.97489798707082653,0.96723719873686331,1.0053442903731327,0.9690888243530722,0.9935394928482526,0.96622880225067698,0.9629547239340801,0.95066508325625509,1.0175577822391733,1.0209784474354366,0.98907699928078907,0.99282204084240644,1.0004744682096689,0.96801670124345551,0.96947625875230581,0.94942690007915298,0.95524247670766738,0.9900736565796856,1.0005463899142186,0.97835122964715537,0.98480433114873056,0.97912093222655627,0.98899375187207017,0.93979214202695149
0.98336082854296003,0.99319482516556878,1.0343075770200556,0.96504625935929889,0.97793519750671265,0.99830069456562787,0.96518360852583707,0.9972973565414156,1.0119025511767874,1.022754995270585,1.0122258041410119,0.99624326534416163,1.0197445063820858,1.0013990394299743,0.98115626026077285,0.99477797874350937,0.97822743354406194,0.88296304260163072,0.99837404816520636,0.97849929184775464,0.99339948204798856,1.0144450815400563,0.94268872113048208,0.985085867211276,0.94529135134306208
0.97443206477432787,0.95306685590541107,1.0008773234001438,0.98253979443928996,0.95590407285296641,0.97399448050431459,0.97343857347205642,1.0041773115458215,0.88746502874793143,1.0399791701826937,0.98870545715119917,0.99552228553622224,0.95912963732160095,0.96205945731727871,0.97962343305067967,1.024211813716835,0.94832433450506914,0.93867587844045197,0.9924579650669797,1.0086798919602435,0.99025025849007098,1.0083321691374452,1.0090022240552414,0.99461263759423502,0.97100788083135814
0.9972980319351884,0.89671153179702634,1.0327460398703763,0.97078879309601351,0.96090800993932513,0.99878727247903887,0.97188679454688098,0.97790676668832566,0.85296925742707641,0.99969679455333615,0.97393816563601732,1.0375824315294708,1.0125109691928342,0.99720565279941353,0.96823085035147693,0.98035162091058614,0.83179446404218593,0.9413656437952409,0.97603178711827721,1.0088503353244336,1.0048935545921385,0.95934951709895289,1.0006253628341584,0.97647084283975849,0.95814642594870691
0.9601948402652849,0.9852985353173741,1.0243171244875455,0.96300417669037064,0.94224712885251438,1.0012595939165161,1.014089452373502,0.9687590164865465,1.0270147038524897,1.0105495144338639,1.0206981627051916,0.97908377806213653,0.99645574998790687,0.96726435005344702,0.9202509566374365,0.9700454427962848,0.98156935945007429,0.95967613723987555,0.98985164253167079,1.0011889369240812,1.0118934606687533,0.96788203014335328,1.0132024227645173,0.99604800470813581,1.0186890075350246
1.0083153070532578,0.97378381775303557,0.95490380632487681,0.96771044445871501,0.92527590093126943,0.99248844593188712,0.99158509559305519,0.97382135412031579,0.88237176509704918,1.005774978138541,1.0146285836999807,1.0308563212336714,0.96011060944131787,1.0054368350621334,0.91391801282851748,0.97950315379546238,0.96953041878572854,0.89444262586888723,1.0106500701104273,0.98302206734445874,1.0161040942994188,0.97115042846221111,0.99439676256627929,0.97492387555085558,0.90228841998676845
1.0238954540587915,0.97443585309717151,1.0344361806900868,0.94086544969168306,0.98790111646261847,0.98795420126339251,0.84702952006825771,0.97718721007701104,0.95069215023570108,1.0234979051299973,0.99422088179187817,1.0013220222628556,0.95918626006215324,0.98793586856833859,0.95909230382057531,0.95797919679606325,0.95369808743470186,1.0070841987647627,0.98198467761410224,1.0047106748283123,0.99782863861291804,0.99316954137594549,0.99801971531126465,0.97654725017666477,0.96806984685170827
0.98980069960888217,0.98274354160371769,1.0360273975582819,0.95535152247345834,0.96127323150175259,1.0072799995230268,0.96220399387160493,0.97281769822811393,1.018516952694688,1.0168639573627831,1.0060752631363381,1.03899822897045,0.96547471245856809,0.98640229108206678,0.97887358858765106,0.96593595482371664,0.84620152913495239,0.95341993313611606,0.99926608727304422,0.99780912205396544,0.99910457152237842,1.0049311453605336,0.93639940196550908,0.96090380058661173,0.94689803012919116
0.98188979426668266,0.93224243479067759,0.99769634497508686,0.97807537583391502,1.0043252013989945,0.99177588287924034,1.0348280754049537,0.9589508923574952,0.9364130868430296,1.0310504480835052,0.99888352675494252,1.0127136262483232,0.94091563853945992,1.0190427787660823,0.9666379047608602,0.95129858009239765,0.94371619972111742,0.95130385030959907,0.95799087196237753,0.98258187281242992,0.97591661284006415,0.99397298542915713,0.99365750077485138,1.0041963629534743,0.97494253426233479
1.0020658966685927,0.87155656996169084,1.0415817985320033,0.9482584920982291,0.95591856339375192,1.0011107648960027,0.95288437881426169,0.99071846290288312,1.0090510727921995,0.95671601466154477,1.0062429393041608,1.0459085596357285,0.98906587426763903,0.97431649615708216,0.93974730626314074,0.88804662949676783,0.90995123693074864,0.98225981461855205,1.0013404685192748,1.0123562418222252,0.96691216262755253,0.99066639423060476,0.92210358011304105,0.98409851701251094,0.99289447946581344
0.96873155597785132,1.0243622228922751,0.99086431628436267,0.95927728740093909,0.98655103731477478,0.99814628687128548,0.96315455312049714,1.0280751301943454,0.98969226925857035,1.0005933879523981,1.0299057381735288,1.0269963510301812,0.95786473060848476,0.99319649589491465,0.99456900824387806,0.92156810100538766,0.9333252218524194,0.99586981511367012,0.98178756950092028,0.98444642765659518,0.99169278422338947,0.97726914369977447,1.0125984930438336,0.97924990975951598,0.94560908840702218
0.97361806237536241,1.0022915293646233,1.0362054536684988,0.9037929360733753,1.0020831755672412,0.99586474760022059,0.88809689835368144,0.99438053187850151,0.99314091162332685,1.0205009361195618,0.9585699336369119,1.0245768468878353,0.91935912120960928,1.0162108976311828,1.0046642156241812,0.95952162695605803,0.96269427137190733,0.96746971811048577,1.0194094872878348,1.0025855382562763,0.98556144716596461,0.99623845264991429,0.9911598396064526,0.97885999820146063,0.9473654729898352
1.019688464915756,0.99187542000837403,0.98812900943012216,1.0180547801016349,0.95852260903421538,1.0018093600271798,0.91393717641248939,1.0045240550736985,1.0359292767600992,1.0156723962411922,0.91587890840689634,1.025837768930006,0.92949803629880079,0.95841843243511826,0.99003929219377751,0.95841308563001437,0.9669507011538383,0.92637733507018094,1.005526588892838,0.99058499960625757,0.98972723547394137,0.98579009826435404,0.99499177953320161,0.99108195985812297,0.95701062047079655
1.0088546742825049,0.99846114124890184,0.96597384109549023,0.97945556630112141,0.92543323688731649,0.97685417056355606,0.94732699053859115,0.96994906469694464,0.95374304704788027,0.99322028972541787,0.90491906129806954,1.0404696211946289,0.96210297108526677,0.97095533508645837,1.0304841819134085,0.96409984346424438,1.0060937452838741,0.92765797905073921,0.95222980105581811,0.99255116994569215,0.96785621460846827,0.94285244751066255,0.97255708471815361,1.0029811597866436,0.89813228784729771
1.0226054427849587,0.964750146702123,1.0374374894224121,0.99486364349256151,0.86153633165472809,1.0011265686133233,0.92309004637579783,0.96687581481933771,1.0051039433756914,1.0183568651462169,0.95010975688848909,1.0234298574318026,0.96985935482488494,1.0169617236473802,1.015973928604468,0.97888908580915868,1.0033633497178795,0.96558838816488468,1.001010244466678,0.98217039244839266,0.96911170448518646,0.93522336127647077,1.0113974250078748,0.97546595712230133,0.97521892092893148
0.97812620468861333,0.93975913774447206,0.99354791463414016,1.0201047263541569,1.0346838543710375,1.0038936017880113,0.96972698622935882,1.0037580360586669,0.93921967735076195,0.99966718549551592,0.95777514461569246,1.0339479550544273,0.93185686194209627,0.94272627667056785,1.0005583264839026,0.95240891486210177,0.99575211403007802,0.95968042769672812,0.97658753536021803,1.0019971358083206,0.9938625138533137,0.98185407093879917,0.96053123306950017,0.99086894148857296,0.93798248104266735
0.99758486384452083,0.99314236059065164,1.0361032001377461,1.0117531025706272,0.97100606037895276,0.9885857231869688,0.90686325130850098,0.9940973726650314,0.96676472134909885,1.0187332255962347,0.92853071649758701,0.99618570307601284,0.97626129235151027,0.95705723870021142,0.9931838427707631,0.95228178590722279,0.98002879891793837,0.95886891536575336,1.0204055819377849,0.9886733466051123,0.96741951683958571,0.94614514098704616,1.0185986220257357,0.98406908399108095,1.0237853375962143
1.0175929362503551,1.0081282867068058,0.97960613305014932,0.97827581035231514,0.99960826205955899,0.98837068616385526,0.99955085899591956,0.99157901070124421,0.97947411795478334,0.99628676614053602,0.89199955720475721,1.0182717960185659,0.89880169523543385,0.94004319528765179,0.99707996845240765,0.98770790093602168,1.0117077430447732,0.95807757023967266,0.96686776899526161,0.99206026380231893,0.9912462526053949,1.0234109722876861,0.97195896035029961,0.98961263961096124,1.0114130614832268
1.0319169111346536,0.96742512630922495,1.0009985844105596,1.0102064331957288,1.0255859099983531,1.0089215384154895,0.95866254591208455,0.99589593476218896,0.98764170230316217,1.0254980428207798,0.91762702822418529,0.98770794450132882,1.0207869337370103,0.92213290116879032,0.98942498821715019,0.95830563288337989,1.0108759250844694,0.92490139487561074,0.99120763869499573,0.99625112739508259,0.99476200529031211,0.99019316795155432,0.99262571866852167,0.99126235894427384,1.02900432622942
1.0079420507778123,1.0407133672918725,1.0143701254396267,0.99739281477620378,1.0079719297500578,0.98176123977766994,0.95249723527499186,0.99065669416702185,0.9999850530241372,1.0040026931116135,0.96515726090394582,1.0062046287030597,1.0571546743564029,1.0034180750642197,1.0021718158202702,0.98358434742896417,0.98983946100196119,0.9575724363717053,0.98396381912608177,1.0235900052762321,1.0118073103874272,1.0123321388886362,1.0582387180048984,0.97394603195173945,1.0071514906603249
0.98389432572141144,1.025563364222503,1.0303056821036785,0.98247001384313459,0.97217228361280428,0.88598791353754847,0.98720855367920501,0.96616659667537341,0.94620930437987771,1.012562355915767,0.92966576113374577,1.0215543632315278,0.92056801639619934,0.95633003495169522,1.0179745234601916,0.95575479105516636,1.0039529571866799,0.977907118368462,0.91984786460493206,0.98437392219342323,1.0088433254527092,1.0163492052405205,1.0328124654055832,0.98366563094210124,1.029375335260831
0.98427943661929618,0.95896500618629976,1.0348288140209512,0.94368737562109772,0.98313289631125189,0.9629647218980173,0.94032495287953588,0.99987477695339666,1.0165030821777066,1.0054386139395102,0.96364420455612643,1.0028393187255724,0.90656855875952169,0.96638340863142935,0.99559860976663583,0.97197620299350374,1.0027629033436127,0.94379954429657542,0.96968871180620708,0.98858241103645617,1.0030440567575032,1.0257220138429128,0.99072221326555332,0.97824754210459219,1.0294728167522293
0.99917175311802953,0.99376695787823188,1.0065466618622725,0.92003293741226166,1.0258725119195555,0.9435877166422133,0.94613206289432661,0.9976401321381716,1.0160717496128682,0.98440305663591743,0.93594135985617155,1.014039325570514,0.96577863547027432,0.95088013948612182,0.97557461193047756,0.91299023953544167,0.99016852977836955,0.95595323089136208,0.95912054697857441,1.0117860631260915,0.99507698320243665,0.98887951157268783,1.0103069970821945,0.98184193564099675,0.99766286662611769
0.99863470796516707,0.99949967023504838,0.97965229610011739,0.95962241550757998,1.0145495988406612,0.96274939726391684,0.93384412031163666,1.0083553223637689,0.99506347911121074,1.0063752644364565,0.97595984845775718,1.0101478201780032,0.96632196196957354,0.96131786857111001,1.0101041088055085,0.9603543130328035,0.99385338097041753,0.96647796702972821,0.98254102027425416,1.0018342468942776,0.99979524774252748,0.97994793979583006,0.98324792414031359,0.99068486297623015,0.98170508473633322
0.98769656879132284,0.96601329072572328,1.0538194131461731,0.99055439588101857,1.0185991915092949,0.90716684120883773,0.88829818964237706,0.97886621237764937,0.92802469328154158,1.0075339080018302,0.97356569113947944,1.0022304867439453,0.95836614602659576,0.92372774355064025,0.98584584976877587,0.99333214021639349,1.0041209260847317,0.97793021596685792,0.97233796608018574,0.95000906094843862,0.99626979352041367,0.98517267137189168,1.0321809384978258,0.98184296028788554,1.0129358283774277
1.0102410433800824,0.99168242421439834,0.94415704917484522,0.99962216655957747,0.98347072591509188,0.87683908906490826,1.0117194489480501,0.94225452413244593,0.93906422464235462,0.99800019044926302,0.94867518064396994,0.99761416193396235,0.96749130303538555,0.97634127688564243,0.99300133851196049,1.0035334186509774,0.99052111482248184,0.96969533151569742,0.97933522838648668,0.95348129170455542,1.0007170108223136,0.99495449003708269,1.0216752271685909,0.97841372130722204,1.0410571776468518
1.0047150619323499,0.95710497372231484,0.92643490330221046,0.97883308233832911,1.0233082476711943,0.9556469009982983,0.99222687163374157,0.89441339266380071,0.96427186094502015,1.0120013845906148,0.90849708246982275,1.0338190685850011,0.96758153612128517,0.95769785471797131,1.0091795322425292,0.86806242242556364,0.97405693608739874,0.95722269173825081,1.003384266646316,0.96166797065060039,1.0176354711500784,1.0158403398901381,0.99534073516627564,0.98923624060108306,1.0114029344429092
1.0029846976554408,0.94955962530390159,0.98846720203605853,0.98798851513133135,1.0346309526972379,0.93356524746533731,1.04063602886009,0.97895607523186767,0.9385955391043912,1.0178731365600104,0.95703465458952719,0.97460233327392287,0.94316336798004141,0.95911226486301349,0.97550002143883241,0.91302290761562288,0.97984061505353681,0.94645883203850711,0.96126973464605503,0.93203813893809095,1.0126459671459376,1.0044166415403664,0.95825607212158426,0.97506326003211063,1.0256714806510541
1.0041985349538258,0.95190391006846453,0.9948740333216175,0.96375947906121961,0.96949128500477322,0.9943364972288552,0.99385087875380251,0.91967536554195639,0.91883977622663038,0.99486014450144167,0.95203806292486781,1.0209325821840627,0.97732982214863662,0.97584852366397667,1.0217657933647992,0.92246393334864341,0.99590849263752501,0.95601452270152787,0.9814274527194925,0.9473569912093871,1.0194657697182814,0.96289044366709653,1.0119516582883226,0.99119485103339655,0.98827760103943063
1.0059161318830043,0.97923229198402528,0.9540100506718614,0.98385349783484821,1.0075058495137201,0.96099873798539392,1.012291282732356,0.93625857453228567,0.93437792233334571,0.97766025174915139,0.9674813303860279,1.0049586135053248,0.96330802945102301,0.95006397758970462,1.0138706699255351,0.98939383668059633,0.98866911917436406,0.95219951938251424,0.97828898903256489,0.97466539586412249,0.99655586501063531,1.0147538807848209,1.0208628759370302,0.9698516417584937,1.0136525123871833
0.98387045749659785,0.98086942923038556,0.88215134754230673,0.96383891688596979,1.0170356482064604,0.94439913603838554,0.98470270374141655,1.0181834343676119,0.94106277713158382,1.0065442008464649,0.92518316596950134,1.048437743714703,0.94948873564414915,0.90995526702155805,0.95189758521146217,0.89734441730592762,1.0163363757748867,1.013100259070675,0.97172097537125157,0.95833203851994109,0.98951281364723764,1.0317627273475198,0.93482329544263143,0.91402756095894877,1.002951222455656
0.96130932307598427,0.9548438164530314,0.97986439522000202,0.9790032414072668,1.0223570222081284,0.98793018386436238,1.0118691627108352,0.9031715802259852,0.97401795356615328,1.0141570044561747,0.99798782184689427,1.0295439172423482,0.97964455127897998,0.9527084336668189,1.0040900745313326,0.97055160689389186,0.98006752070641678,0.98511566376646753,1.0114855647714136,0.981645770205819,0.97598275313677585,0.96938582394477402,0.99853413473716379,0.93254357399375098,1.0180719152763054
0.93661614727951881,0.99316276730239716,1.0026426867365528,1.0174873334061276,0.97307898514163516,0.97666565700028374,1.0235483666198915,1.0022688741903405,0.9593894850296838,1.0094331998506647,1.0539371190007432,0.99232371367837857,0.91460821953714411,0.96071876032947157,0.99683506965127888,0.93408508776145294,1.001542098530841,0.9980613462880672,0.97528070510664999,1.0309773921154541,0.97285056770222267,0.98717624667858095,0.97834648387006129,0.9139356775184031,1.0157204842064587
0.95153029703514846,0.97278528155519128,1.0035147623531937,1.0091922430443041,0.98590694771477705,0.96322694847466894,1.0138065056513912,0.97686421192144379,0.96157076464093527,0.99099311044337146,1.0363946667697062,1.0227614722538609,0.97444463887806498,0.8934421471519991,1.0407969559753825,0.97160034217856339,0.97999077957402536,0.9781717773763775,0.9987139869843713,1.0229039241136417,0.97954879123564509,0.98049305073177928,0.96355172815131929,0.96458213646581858,1.0003306058433805
0.9579979695091263,0.99325907352951104,1.0039629369587655,1.0029037319275254,0.99835908150308239,0.93459618040525105,1.0199290827958609,0.95883716882400039,0.99199726341818373,0.99495282933968499,1.0440331452414107,0.99588443379089286,0.97964314116955276,0.94895088035551112,0.98272354483035984,0.9202211695439334,0.99526899364673238,1.0148878268564623,0.97665589634220706,1.0239008065048159,1.0277690871097143,0.99205663449360715,0.99940240216608911,0.99924858660120541,0.98938996619678021
0.97901632307623843,0.98170922092379687,0.96597291479306657,0.98438400156540529,0.95872453201106356,0.93490450155743554,1.0143102066436009,0.99793928035088297,0.98626916084552441,1.0145554597354742,1.0127211312130413,0.99975294935352743,0.9642959141024412,0.98691799944854652,1.0128070063608952,0.94168149673410118,0.99315194558153785,1.0131081684716134,0.96272124444023444,1.0055185098422486,0.99251150032282565,0.97444410405452941,0.93758277117007582,0.98971104450845093,0.98954556880396838
0.96910777346433841,0.93475902809347922,0.98672841420686652,0.95996686261443764,0.90602420237281145,0.99950482421120412,1.0225021589934011,1.0036229853247718,1.0203923176436562,0.98544147264100346,0.99194140609477321,0.9737936006418787,0.96337075694453222,0.96529056978796723,1.004109193281808,0.98304889628858327,0.99726153407684481,0.96468995948066172,0.97523021234166418,0.98522123539845885,0.98017225168467392,1.0118618071090797,0.98395525337718426,0.97868127718592279,1.0184617950382171
0.98821230473500732,0.9836852618484091,0.98354214264791695,0.94726701824622062,0.99292761945539132,0.98837250994274073,1.0242550177575314,0.97316339914653016,0.95836229667607309,1.0101102137966074,1.0208617446439623,1.0193430041938301,0.98812094087517266,0.95548804667857645,1.0055231403566398,0.95585438298290715,0.99577212791817094,0.91068470847081662,0.98857604377850372,1.0148812082691456,0.99757616231253254,0.95747253829054191,0.96779345757331103,0.91413585745127957,1.0187270206437438
1.0098452519807726,0.97629063463447407,1.0005209138735043,0.92200617426080211,0.99483869869345698,0.96977629884362138,1.0510575581858586,0.99594117559363582,0.99509920501212756,1.0140526691681158,1.0376707224838049,1.0222679259714329,0.97042845486437046,0.95441607410706186,0.99812084082315056,0.86271506169389733,0.97765410514302276,0.9863088835641437,0.94864982545810506,0.97411161668608048,0.97950041409428179,1.0101323687668713,0.94754980214160334,1.0008480805319322,1.0526361567813829
0.98634474124217508,0.98445283748941759,0.99491743131561228,0.97342752900827811,0.97059814041903836,1.0001005598188086,1.027006982107769,0.99900417347295034,1.0044173703552304,1.0182624666145212,1.0212058802616917,0.96716822298689953,0.92293861702517888,0.97294067667096296,1.0076866809649085,0.86721114050058778,0.99908735460593934,0.96064258896496479,0.96105955806273191,0.95727813139003004,0.97747152228245282,0.98303071957113053,1.0211474467488997,1.0156753446504776,1.0232910332304805
0.97344089833405367,0.95765741334309695,0.97165895147169601,0.99666552477895742,0.98839727543834976,0.96701949775525819,1.0047918288277686,0.99805028565034337,1.0080996211024316,1.015220296391464,1.0454231659574971,1.0373585036588724,0.97885820757917874,1.0195538218793374,1.0075432063968999,0.98803584693265278,0.97902460916535683,1.0161409458721393,1.0000164896667696,0.99167054950725064,0.97205356109286623,1.0245605545023724,0.97651173141700653,1.0176486777883573,1.0353694105588713
0.96108702051157469,0.95920687713342478,0.9511369848591279,0.97109393103380948,0.97657590552352258,0.96521772104315662,1.0219522043662721,0.98390774636242329,1.0033174844938768,0.99562999649465267,1.0240511135461432,1.0427633248504282,0.97493398253558106,0.99812503543453468,1.0251603065711468,0.97858852706312738,0.99512805212344391,0.99492458985597143,0.99210171960504911,0.98702403654816873,0.92317198476766549,0.99221840461405242,0.94238047779241496,1.0030478498784063,1.0090180029318618
0.93726557930116994,0.98404249467329308,0.97971435235054516,0.96584250633017166,0.99744304235892045,0.96939038095531704,1.0222065572592653,1.0069191991207738,1.0067108309299933,1.0371928483690154,1.0414098854669456,0.9849106440562293,0.95649234915727943,0.96361577591786585,0.98180396639847867,0.97770173874845501,0.98170707264936075,0.98020022938813023,0.99748673119943976,1.0058882351109202,0.94754429515818284,1.0231498030674868,0.96243657028440088,0.98551581045711911,1.0401346526503616
0.94921822912709664,0.91951225212262766,0.9620933922759235,0.98996427420797239,0.97500693801560889,1.0441587138643313,1.0198591018682728,0.97372659662683825,0.95805482149035615,0.99839510799782061,1.0068469971074046,1.0137613361525681,1.021583311764851,0.96697988125192791,1.0067386396428559,0.94274275087384296,0.96546993146532922,0.94942762490742172,1.0261932414067187,1.0060946565893172,0.96080016471004914,0.99772134600349249,0.97040426086746434,1.017918988490937,1.0327818168964364
0.9140261908867322,0.98555168225844636,0.89811334208643312,0.97263208946683177,0.97783238922062388,1.009292467978953,0.99966787531648227,0.994082622941865,0.97134365571365344,1.019435115400356,0.99574076517329613,0.99010474098410595,1.022050390676885,0.96066545430839911,1.0216004680225108,0.99968070106185991,1.0051721992892995,1.0322872932853353,1.0193794348369325,0.9780854304723865,0.96473864580215996,0.98167799493349039,0.97916231768840301,1.0134152749852243,0.98794054453528957
0.97784434434133538,0.91115141945453293,0.9593985392842117,0.97686398113346695,0.97409572833620517,1.0005310002122818,1.0232038641861811,1.0070855059016079,1.0629389540387073,1.0129673687157152,0.99935438867465121,1.0134028739794083,0.97871443488744647,0.94082460653357503,1.0168073555906589,0.97545402910573775,0.97822455624071747,0.98637125277426441,1.0148182345334473,0.9914406363864311,0.98323578418838364,1.0127592031977424,0.96180153176704619,0.97915619105938645,1.0470937876476472
1.0019284168696554,0.89789555668245058,0.95602598405486305,1.0030714179618776,0.97011643815403525,0.96015639372284378,1.0331774464475207,1.004549508119736,1.032402865447718,1.0262135901420801,1.0055421878191155,0.97934695907121727,1.0297565906940094,0.94484037348750893,0.97597338637046782,0.97267859892088859,1.0123466058833297,1.0235956583201589,0.98703048700899521,0.99470058500808589,0.96214390423937901,0.99341684917261053,0.95470038131385937,1.030786481440783,1.0219657034657343
0.95228793214021423,0.96907212759877459,1.0208602469301362,0.97327842179902069,0.95757571533864738,1.0084219296501671,1.0203172941934706,0.99541911624723922,1.0542579026938033,0.97365338095636789,1.0039797344347685,1.0332817859756716,0.98558919427693159,0.99173168597940464,0.98203714014236121,1.005047726249783,1.0015656093260754,1.0072999194100269,1.0152917132766981,0.98043870653487442,0.95531551361524425,1.0049720491114205,0.96476892499263656,1.0109159211848249,1.0291268103563529
1.0169957807129135,0.99184752122027331,0.9802079805762316,1.011048691339238,0.94034229724396878,0.99257401591909877,1.0284413337536158,0.9891493915283831,1.0370384532360224,0.99986110894158831,1.0150300551849998,1.0119809467683305,1.0042681982949213,0.96652539201989274,0.97840981931327009,0.98594296789834313,0.96599992196792039,0.97422886791493102,0.97776377857162255,0.98866605010592634,0.9575244931395035,0.99156529423331896,0.95975912248821926,1.0044843402646362,0.9714316526979232
1.0087433706340492,0.95598318155935857,0.95702203237656436,0.98572308239091644,0.9896213931633564,1.0182238306858942,1.0321535902433254,0.99902651750714955,1.0458053866159234,1.0198146508411225,0.99748609904611307,1.0314248033352804,1.0035759619169378,1.0016165898786524,1.0155283842279266,1.0200744549317295,0.95386549338757853,1.0337387327073573,1.02484641460915,0.99907715470869873,0.91845341942397396,1.0075588885294164,0.96513765558589115,0.99278389216866136,0.98978164298283189
0.98045002848039386,0.944038991750769,0.95134495514199602,0.98252362582795505,1.0388927234491911,0.97384763334752455,1.0282137365574107,1.002317001622419,1.056527314447165,1.017160752900534,0.99041982161218844,0.99314560741446267,1.0159418238144409,0.9984506109547886,1.0176668103379585,0.9399948197371959,1.0168846183113063,1.0184484130360594,0.99272567242948406,0.9956446148954099,0.99047935484265248,1.0201145290749896,1.0056237891355706,0.98869140803447442,1.0054168367919796
0.9105438154856863,0.96633887450271139,0.96255774877031097,1.0058945783632942,1.0302149645428977,0.96480520946427417,1.0114591050547823,0.96984295418298316,1.021273538190264,1.0005586340863086,1.0407510284624497,1.0311045999334241,0.96996281203861079,0.97151522638087884,0.97497820368136334,0.94719128835154864,0.9898221656416798,1.0016597193458596,0.99663408015539035,1.0160013819464344,0.94306861589798163,0.98362687105535296,0.97795133429137826,1.0245854609793494,1.0055182485957306
1.0152248253933538,0.91904280487660561,0.89318295056541108,0.98875843950224818,1.0249906781608877,0.94180634460778234,1.0187371705166115,0.99032502458068961,1.0460192078018238,1.0163077209642064,1.0376033063546315,1.028105729236376,1.0023419361844275,0.97444239161391621,1.0082271467552946,0.83891456610570814,0.9746861167374955,1.0243166097507423,0.95288199783007355,0.99617966681401549,0.94787242457553589,1.037246112100765,0.95710374178641344,0.90418953127496859,0.98578737339408662
0.99730829791430986,0.99209989328022896,0.97297013768206175,0.95534283062299041,1.0444517164217442,0.96029669930366324,1.0008024803195885,1.0008611167958137,1.0027924282970211,1.0169295842894535,1.0154859967747361,0.98786177345163062,0.99782866663672776,1.0162884714427491,1.0172140189526688,0.99978082189018136,1.0326331349871161,0.98058033753966278,1.0221261289420747,1.0012072257527127,0.95421025922494729,0.98640460622125492,0.98806431726514776,0.87803632501693418,0.9898980731115119
1.0120018878868069,1.0025874428240331,1.0040026962663517,1.0107412051941969,1.0533039085013503,0.97617880983477667,1.014450912388364,0.98445192255989644,1.0455231792206083,0.99863507403193985,0.98798108964008624,0.99549129749747134,1.0199762252507663,1.0107007157303998,0.98073903409986696,0.94579726903749739,1.0382844066482262,1.0066075450255301,0.97153750196325972,1.0023024388217348,0.94148496649872426,0.97766366320768983,0.95922164041795488,0.92157363485497301,1.0008372606736167
0.98512770012642215,0.99917416632928657,0.94277517174359537,1.0185536007464708,0.9957740572095074,0.9767420059826788,1.0002651439516073,0.98829891013203253,1.026017588664472,1.004443394954238,1.0065661112059925,0.98332221350353299,1.0052257026791505,0.98015524195239923,1.0145143750889416,0.94980550348268244,0.99308425146007995,0.99958501802742106,0.9109394988471633,1.0057663303761486,1.0022060204211247,1.0010849149658503,0.98288198926833326,0.92955950528999376,0.97095260172679665
1.0118475579793074,0.99253388670104037,0.99697692735220012,1.0210973394183844,0.97416256158352232,0.94436211738304721,0.99111679583042134,0.99371323750197038,1.0153540925044433,1.0159469482423098,1.0390408410094023,1.0184174256141838,0.98412989321576272,0.98543933569809627,1.0276709656173451,0.93615726662287224,1.0215608184814133,1.0078926621891362,0.95870444265470445,0.9979407544368154,0.98703992634626436,0.98831632731379482,0.99400351816804855,0.94873366207245091,0.9365053521038128
0.98927882795778244,0.96269706405258859,1.0059660617877775,1.0177555377258467,1.0146870098271863,1.0081014536939916,1.0127560678448531,0.9982730014915111,1.0222815130396352,0.99562692674914599,1.0197601039193942,1.0212844763784099,0.98672174226489251,0.97788220745298338,0.98082451757232492,0.9239560256893643,1.0616860014697869,1.0462055602860592,0.8357105130904473,1.0128365044071213,1.0065414408841489,0.98697146872604269,0.95647354879074575,0.96860541308541237,0.97137746492713894
0.98604511356332325,0.94322416730192393,1.01629433152604,1.0083195582394575,1.0249511984376567,0.89799830840056949,0.99651516151048536,0.99650794603381865,1.042277826135386,0.99265153032403419,1.0334074013284076,1.0055912354465044,0.94346005460987314,0.94394916413721064,0.99124955716446439,0.9889620207065577,0.97786032261474065,1.0228905857535833,0.89503576279481201,1.0210220542550401,0.9764495896600901,0.97661042372587936,1.0522948728654926,0.94964020601849342,0.96694767281323402
0.9727411425587863,0.97093706442342842,1.0150105308384438,1.0298020781020176,1.0075609056843093,0.99202068511956365,0.99414302832557178,1.002616918771392,1.0401811220009407,1.0142397031464077,1.0088129239814803,1.0197087762768151,0.96517872515156378,1.0152377961753283,1.0072977705003598,1.0090639258118028,0.96235548429326967,1.0044886806233155,1.0047134437681553,0.99099273028940293,0.9674741812907951,0.97803509400885269,1.0587053032213922,0.94706997782697444,0.95825897991808795
1.0121155152569619,1.0012958917058377,1.0261129994867964,1.0204607235137437,1.0252254003912167,0.93411427368783451,1.0040880553384786,1.0040008477206999,1.0413007352425752,1.0140934579541709,1.012687413524668,1.0109929683109287,0.99281066269380447,1.0183596742218695,1.0003852431531686,1.0074339373570735,0.83496606291119779,1.0414113728783985,0.98380693393663232,1.0053445232221323,1.0095011380584968,0.98863773836634872,1.0145253938862866,0.98744870721239597,1.0057165146803915
1.0142126419818249,0.93737447981544242,1.0338099052017413,1.0139645844177663,1.0296618773818329,0.90581884973191507,1.0292042797412393,1.0079346667739888,1.0273538683006238,0.9843620776369284,1.0186717069719733,1.0036285256659905,0.9962401453432046,0.9724167618086359,1.0162426104137516,0.98387518247375372,0.96161321392525712,0.94809941133978992,0.9749320392583275,0.99764833333229708,1.0027851075068397,1.0145559216251581,1.0491303042634776,0.95717327849752853,1.0331266048489536
1.0101001983227829,1.0086022390619576,1.0211351673717868,1.0200981631644663,1.0286580913612526,0.96587122408572623,1.0254936117467728,0.99467377047656003,1.0406832500320058,1.0059909207120821,1.0321153556899243,1.0126777933450299,0.97183471149781275,0.99586221742840164,1.0029939169873121,0.96565349697282299,0.98567641051968446,0.99010646496797772,1.0074770037922198,1.0044411576621726,1.0105732076464213,0.98731770600791102,1.0688939876937287,0.95468981066787828,0.96198549918270793
0.98823224380995955,1.0127024681425396,0.97444455326951396,1.019258322061771,1.0300917958818911,0.95823111695978902,1.0158995546832996,0.99250443903529506,1.040234041673382,1.0244233118155208,1.0406870304062186,1.0236323643528242,0.95390693698561813,0.99212532056214342,0.9974747599884749,0.91991881036997214,0.93094818159619885,0.93628689147782318,0.99196695775907162,0.99685658139222899,0.99170555019281226,1.0029873551262871,1.0033716944687916,1.017359417781919,0.90772889832209924
1.0142016618242975,0.98787253432024746,1.0212869225704582,1.0083348657486197,1.0008029123843627,0.99553037845961345,1.0012750120291782,1.0006651451557267,1.0486449170066292,0.98083370052210439,1.0357008515346413,1.0176466631156902,0.92158939529009154,0.953692220924795,0.99018839512601431,0.99151432195382228,0.92753923533089733,0.94858524916028197,0.99317682215841041,1.0020100341531448,0.96674865090167439,0.99590130883288697,1.0271778926915081,1.0408966216351394,1.0341668983855625
0.98160260280901701,1.0207332958793938,1.036351444997069,1.0500128493658731,0.99736991336147995,0.98589652825896068,1.0090280295970078,0.99545059350740184,1.0425868235686979,1.0040413852136127,1.0118052309595804,0.95332592814173533,0.96020387466285839,1.0022440071634171,0.99835015639771552,0.96644607223487811,0.94698337386994791,1.0232839237849125,0.95369472813778089,0.98295160912318491,0.98662628302395439,1.0066561231227489,1.0489689697872644,0.97881480367871621,1.0326761216530682
0.97761073496543949,0.99090744078862791,0.99178489549127369,1.0235262789501669,0.99542526930265951,0.98629689262373865,1.0216822843909481,0.9684236533899887,1.0232653123530406,1.004692382989461,1.0280761120545092,0.95731316062581662,0.98379969670227763,1.0009495254230298,1.0079604595551126,0.93564487734853974,0.99876237264838463,0.99966789761608066,1.0011300242320347,1.0029234175389077,1.0087535802628758,0.99577372919501372,1.0346484121288675,1.029153521589969,1.0068513847240961
0.93613935214481059,1.0489675572183066,0.97224140896774069,1.0202741050666113,1.0223051738018991,0.97508662820055214,1.0316829532134772,1.0336457101914007,1.0209550490249448,1.0241623800424313,1.0247117505857006,0.97938429830337681,1.0004771322904615,1.0261524570496776,1.0092258665833966,0.96817354306638093,1.0046556551388661,0.99269404935902295,0.99750363216282445,1.0002728577180313,1.0082194644001174,0.97577415969945647,1.0578210796712313,1.0177827390003416,0.97919972076346284
0.91365198395402647,1.0007397576326713,0.96622407051931847,1.0355582642697265,0.98148179502918642,1.0075700879732379,1.0183771484700597,1.0439526967353994,1.0285064007624745,0.97638559319661822,0.98639239876141349,1.0134080904153928,0.97177984761970981,0.99128649834171223,0.98508220942769464,0.98784738704065245,0.99571655064751086,1.0298347717076914,1.001272059966454,1.0003923853479144,1.0047880012463377,0.9629186655230908,1.0530615846015572,1.0298207557479484,1.0103328830906062
0.97421814271063589,1.0191427846667296,0.97497859209352156,1.0172670122524441,1.0130746343404067,1.0037605756293311,1.0190909823519494,1.0321327868524701,1.0487989511268971,0.98659485393444601,1.0051761488719007,1.0072807635293475,0.91934741342768922,1.0348683536695784,1.002988166490012,0.93357240586662016,0.98689974745791198,1.012682181679829,1.0003738458890525,0.992112607827078,1.0155062441217069,0.94418755820404954,1.0451879746713943,1.0093004398601484,0.99321694049401976
0.97057197934215211,1.0056810794137538,0.94594639259353142,1.000269684274159,1.0109289330279279,1.0220083673932316,1.0029565404531358,0.99893350948972048,1.0175044164372897,0.99182998240353315,0.98566947019475837,1.051758973523149,1.0043956786832402,0.98648861156633771,0.99676839631645986,0.96258986240105482,0.95233875831468495,1.0351690491764347,0.98888618922038274,0.9850773365063753,0.96130773941481718,0.88360394047656199,1.0386989764275603,1.0387527609679887,1.0069007267026768
0.98473533076342035,0.96973255303785266,0.93613808809908328,0.98986292468769022,1.0101418350545113,1.0149005722701014,1.0278679304084808,1.0374477878054955,1.0387217794019086,0.97085620220117053,1.0131775510761085,1.0622305451752243,0.95698601952802087,1.0603843268268365,1.0061944457322212,1.0090127728870346,0.96263888453343827,0.9961875297720264,0.9951379569807538,0.97669266684073019,0.92581856952744845,0.99714576791336063,1.0091787071289986,1.0056933915349278,1.0116418025661869
0.96913799044726179,0.99998792764984501,0.96493570625437697,1.0057921955284383,1.0359435698451358,0.97540091577323262,1.018883920785441,1.0417448985371327,1.0089824284298754,0.99233635365806772,1.0127979746326776,1.018466900331477,0.95696641072022226,1.0406779081920863,1.0295192933859532,1.0039433128446542,0.93520685808520077,1.0436937728231999,0.97617155509220099,1.0011645211236506,1.007742903460062,0.93898443688632416,1.0102087799446782,1.0002255299879423,1.0304686297681898
1.0143328852551894,1.0032451639067237,0.87007735608094361,1.0199515292457679,1.0011013604965504,0.98976690235415044,1.0142805971777578,1.0491845833468152,1.0304293420805963,0.98373580282697637,1.0206873590907979,1.0051689460932718,0.98026968548342175,1.0296759007111513,0.9901907371143559,1.011601227078891,0.93176455254725554,1.0137556471512661,0.97064000301308517,0.97677470035406455,0.9785354488077449,1.0129974070127161,1.0356465883177071,0.99063582352766499,1.0443593854019366
0.99740034350313556,0.99152795453875398,0.98283002545332288,1.0338252194612285,1.0325372725856912,1.0341026381080125,1.0154530711176841,1.070143412292986,1.0214747264476529,0.99283564010866421,1.0035376036167365,1.0309210100225836,0.96678495374413376,1.0200489139660727,0.99236927504637684,1.0162598350254892,0.9070363208368033,1.0122412796686142,0.92895017561039472,1.0476611453845917,0.97595183514738804,0.98584476258653708,1.0297219752021365,1.0344432747662413,0.99759779282152217
