0.66700929528626018,0.84775104442860627,0.81338102977077176,0.64125325774033881,0.69746207206194499,0.90563543721272666,0.73278738134572863,0.67849861586342131,0.76324770409289699,0.835852270110232,0.61317483802134076,0.75652359469860553,0.8121857930963744,0.83968596803621387,0.78311923768125113,0.81583405796658881,0.78202819543608371,0.83074860786665228,0.81582727415065759,0.90130514324535838,0.81486627394946209,0.68962188671475688,0.72733156453421077,0.87868013943213796,0.76117410336382585
0.67607956686787873,0.83200750487618436,0.81975456939468971,0.83254503107713951,0.76591790020767703,0.89533541631066282,0.80527119195370955,0.84526662438053679,0.75403643995126013,0.79746587769356148,0.60370939802285528,0.78281239353903875,0.82791042527701098,0.79946180790717236,0.82241055909224481,0.7736853665762129,0.71243232668935963,0.81866415301578632,0.82112180865013995,0.89420011968360091,0.82353992188305813,0.6956295755092653,0.70826594446696001,0.86794263406217365,0.73143184709762843
0.87033080994288403,0.87236017134989718,0.79087037051710196,0.87982247870830033,0.70189365068843523,0.89975102284848074,0.71420760883397338,0.84835279784977313,0.78913838633183653,0.83015567741776763,0.8559287396379448,0.79475493972815736,0.80854032346094262,0.83767339875375779,0.81602754144046596,0.82335458699270736,0.81675520750347352,0.82703324775519349,0.82839401130490631,0.86484096743300065,0.8323729226843336,0.62949119414371013,0.62500594537736143,0.85808625174922182,0.75458226855951771
0.85465422308803674,0.79771663407132032,0.84419532952057841,0.80549928165649465,0.89285031102833856,0.8811672372693774,0.82682470784932283,0.8494803028976019,0.73907754065373765,0.82216338383865106,0.81652565940607602,0.83552973630026384,0.78760785940524802,0.77579063503933088,0.77007551652244721,0.80568250276725317,0.85995351267012565,0.80171897803880965,0.81933984783347535,0.89976863418728015,0.76138300302248618,0.75308728332587183,0.72961177729252036,0.88086547846053898,0.76710427992586494
0.89267437631374724,0.77160235526712095,0.78810653975867617,0.82319277053081985,0.85454080623735817,0.90597205059094044,0.82949620630610832,0.84146122548788005,0.79722920603008829,0.83244177479229675,0.8364865478483513,0.71967755900076691,0.78470694214120085,0.80425404447270299,0.77390850018163815,0.7870087795568379,0.84265160906843295,0.79753597749141381,0.83607375220784086,0.90132066836193636,0.69086825844315314,0.69514560979866002,0.87159788275986105,0.85166823401167835,0.71454986374030294
0.87585545648881324,0.7308248986139666,0.78738477343050506,0.87662828872414722,0.81659656342768094,0.88904369604313849,0.82843145650350314,0.8447423426736419,0.74163237687295658,0.80115161625904141,0.85025737815827829,0.67547018029743855,0.7709643006111806,0.76502008828811341,0.81515396150739239,0.83294034906169301,0.90088129984776766,0.80345643406838341,0.81977074425495089,0.89258318984213614,0.60683792449219021,0.70608593869475955,0.8443752929931071,0.84863080089265053,0.68732753756684462
0.87252051318364399,0.81268034122715338,0.81656623338676948,0.82799625799389387,0.8516447474433797,0.88792624420196897,0.85990472775156579,0.82754050763241183,0.76181060710070947,0.78111452840166284,0.83407106303226608,0.83101199909561319,0.80939871407113562,0.78893730897613357,0.80193216777563125,0.83975974352143246,0.80593569371925922,0.81677511880814491,0.80016602732656961,0.89720652869889883,0.72320312259076991,0.78558514474235475,0.85101947849223436,0.84675568075562291,0.74779934764081679
0.85195561586250756,0.80189585538469188,0.82190312929116005,0.81032342315826822,0.89541130263631985,0.90756697415602361,0.77999220912650236,0.82522482627380223,0.89286896573442853,0.81361845485680462,0.8690569403781836,0.849695252176634,0.8095845357126541,0.77682956364519951,0.80283013710249307,0.76366466109016151,0.81901891024830209,0.82035934199461569,0.80438898923542834,0.91226341247693732,0.89550443916123534,0.77280987661516476,0.86604895863419351,0.82125795597093965,0.74078632887262463
0.83826361326626708,0.79435094724495636,0.7697548892775723,0.8862634491535355,0.8547448198837454,0.87145292035024979,0.76332338369471109,0.86905365146657998,0.86830572176961029,0.81464433266246705,0.8436039925638289,0.87826157659851301,0.80815083466927318,0.77124869851704714,0.81750849477178322,0.66067296247883622,0.83955584804494199,0.82316490281377197,0.84751957742619355,0.91832954886342832,0.8871250464707231,0.73235709120114367,0.85872134642955633,0.86011453451409514,0.87528247097040401
0.86051212917777853,0.82150394287849082,0.73083553215991415,0.83887549881226975,0.86450283830871666,0.91168096065291404,0.83896839597243045,0.84214063749698043,0.89376617002716607,0.77969595468835373,0.83370649726561308,0.83488878802833322,0.78165258749858124,0.70583588365131344,0.82756165140090543,0.84267330494130555,0.84112186442002013,0.81716413759675877,0.83904666649437609,0.90396073094053897,0.87105941474674664,0.74130961133892137,0.84190042690865596,0.8720688151284639,0.86962690980333657
0.88294635827564916,0.81756144740380965,0.74805580522995108,0.82711247557566736,0.89309213891427031,0.88756355781768725,0.88068313314505364,0.82486728924937336,0.86299580010062082,0.82264313762489272,0.88838145299022186,0.86379781604144368,0.67247996270212085,0.5793646911526239,0.80006109941388748,0.9131720159608061,0.82920765242564953,0.82863495422600209,0.8365014720617,0.87773986291937323,0.91334970510351288,0.87533511596656477,0.8619173510173932,0.8160944853037404,0.86461661057578976
0.88840568465995562,0.81123228544549708,0.79828754331102114,0.84502336291830471,0.87662032612012131,0.8846652240769195,0.858970721668186,0.89175087623945237,0.87347620450091668,0.84073931779014688,0.81488052459258609,0.74832484646473496,0.70102674438633095,0.75002948550231263,0.82075524071347739,0.83041574517540262,0.76785151448736155,0.84294945385056963,0.82618707781297507,0.92543058980892767,0.85254364710306085,0.79152054914933967,0.85254026591126997,0.81513864624124766,0.86769436850256199
0.89179444657433604,0.82160799872052903,0.77435625726707125,0.85472919903287192,0.88605383954479788,0.90156564835639763,0.89049783436387542,0.80956002077134082,0.88525944953095526,0.84157102049556654,0.8545746272413407,0.85888451799814014,0.76732267467321447,0.86111052882986172,0.68985420530293229,0.89008290959406744,0.70112346786252944,0.8083901276097919,0.82513407379018833,0.91808586417123272,0.90453948975423737,0.6541319453720843,0.84914420931413404,0.75357220101463707,0.91419549661069277
0.85321028237891361,0.79426467780167598,0.75159299458132733,0.91374160575714514,0.83209817180074785,0.86937581996101876,0.85786745848993395,0.8023993272177361,0.85051923490532122,0.75945416722823722,0.86434173677614323,0.87391138421332415,0.85194381611586045,0.83739334253673947,0.76533718592939959,0.87673822673509272,0.85213476393670695,0.79720822339693964,0.80386285450652328,0.88058374163874753,0.88080686057259139,0.87167869337555026,0.86535073355849856,0.87092114009247279,0.80768411143042074
0.82402134133478233,0.7902912920367986,0.68963113870593795,0.82811151075736822,0.88048338289637695,0.8998898663324153,0.89295432865291491,0.80666690722296985,0.87038810503243869,0.85492614339600514,0.81432079576027094,0.86440780889084035,0.75559694861087368,0.85951997527375379,0.58263403116888823,0.89448065658861142,0.81184935331484243,0.77791669489796567,0.85850283781215464,0.87982579343355749,0.8233699596710462,0.84581554436840056,0.83951787589082505,0.87473206359365041,0.84971889490543018
0.84540540408892262,0.80631435497575832,0.91885659385042295,0.82103082427897112,0.82898987245699052,0.87578814269746708,0.89225268487239173,0.86165264191930901,0.87959724782511262,0.84939069189379668,0.85837539707109967,0.86099126413609373,0.84094584801395433,0.87215067198440088,0.77881815224255868,0.79979721964747008,0.86342681211950867,0.78879279101370103,0.86421458988122268,0.89363194554261072,0.83445867468676993,0.85394101198267169,0.85330001902618902,0.88863147722310787,0.83642207341498176
0.86647770352318942,0.82499684731679523,0.92769856472013079,0.79607990315639576,0.8887541092793213,0.89784257353389174,0.88063980191116631,0.83812106817822984,0.8806817162270737,0.8325975842944594,0.84965739507649585,0.8530446901684724,0.89348227533687996,0.87249719912901658,0.80662943041012947,0.91734608995289835,0.84682082995974151,0.86588732474662167,0.82652532035840975,0.92652525847793088,0.85061462539159838,0.85301999547901908,0.89231237400291763,0.89934704699481671,0.84052341351045501
0.81628590125807465,0.83363263292413059,0.94568846068030255,0.78801739879934174,0.86405908243427587,0.88610119188714398,0.854849828422094,0.8922095461228281,0.9184922669815303,0.68470701569056258,0.8418578573657528,0.88307711437333036,0.8419573848384202,0.86823876454267845,0.76433249848853635,0.87028679251540753,0.83751287021350329,0.81214790362282441,0.77475571504346497,0.85313323375760663,0.87741233835536325,0.85110969671940762,0.83686456684695487,0.89977021392913714,0.78235387333793405
0.86488515842012925,0.84002850222529513,0.91551943625133958,0.664464527213662,0.85858007900856526,0.88000379327069422,0.84846179506952479,0.82225484724047659,0.86101113521182526,0.69707546291489553,0.85368989433278597,0.87340024688120588,0.88043878418207444,0.8149894020855224,0.88407309579644955,0.89520978105772064,0.81766362120609115,0.81231148674613629,0.77408670438028915,0.91339532930681289,0.80563642064457464,0.85149997510550524,0.83864296284658146,0.87274939527938489,0.82632157680630824
0.84469274216923351,0.84077880932293925,0.95159430434336512,0.75528275788060006,0.87832957466341621,0.86280048420096056,0.87429251481804537,0.80431420349647365,0.89978196261428867,0.84498789054359347,0.82040806948808231,0.87174119851441034,0.86256382449736169,0.85411412807446341,0.87721699515079798,0.85218207377319721,0.8424841791272123,0.85822669140777008,0.7180183262178006,0.91224898050993874,0.79445228230584564,0.83559732643717766,0.86034236682244203,0.90364281607155961,0.85574754598416558
0.84727666635331345,0.82983158339355112,0.96804799227186822,0.91423072450803666,0.90752137299264113,0.8982163854843902,0.88616746419842374,0.7784735462557385,0.87799166972040643,0.85280603545415024,0.79262384073935666,0.87566593165946938,0.85070051389696566,0.85519885740698698,0.86313289346471023,0.88274852639631107,0.83900427298989577,0.80514669930313498,0.71557020195397814,0.8857882340876515,0.70971923902216028,0.84137886984823751,0.8502155156479182,0.93928649580491697,0.83794101671054022
0.89220870590845514,0.84619028672029539,0.95532255181869552,0.89583382867726935,0.88892608830497477,0.88760804026871321,0.86739164548865333,0.69563976601467825,0.88694707692231212,0.81278990272567142,0.86402998367468598,0.85665836928430505,0.85792241338593667,0.84931738325060346,0.89776128766595487,0.8781950097801231,0.87477572818033777,0.62654662754234047,0.84456972886919335,0.90573335103882402,0.84347229320492356,0.83675673400408657,0.88291116832156191,0.91854899354460318,0.82506587803622078
0.89287893549510799,0.84104718994157646,0.94342620132174648,0.90507255899288952,0.91961981465440856,0.91293721881319589,0.8573966603339751,0.86199767054747256,0.90381789927643896,0.88033268632223471,0.87734929707303677,0.88560269901673117,0.85576477890820291,0.83495895745369764,0.88898697853346098,0.87283794199702225,0.83022542094150464,0.80822802742232547,0.85489807035622056,0.88867281794481934,0.85232907949661141,0.78485604617543459,0.88318880604130301,0.89906017551499273,0.90657779093201285
0.86352839175454521,0.65001404326773848,0.91862809380762944,0.89002019482818751,0.85033614889653519,0.88337698560640709,0.84096341419163889,0.8541683115447487,0.86768737387697381,0.88831275701621037,0.86783990500031749,0.86319495283051551,0.85380659872938258,0.85929264578952014,0.87487822014366823,0.85803711731453747,0.78040809514361509,0.90405947824640465,0.86092592104571375,0.89465778947948249,0.84737982033396919,0.60465933118305559,0.85637170477087854,0.87487316695269379,0.81844744820627691
0.82507592037982458,0.84185739098839507,0.91639605235390231,0.89338454416551749,0.87246661882027887,0.83878490726743504,0.7645762358922924,0.88752202092981169,0.8945535578731606,0.90562329839670552,0.82204243971429858,0.85681492277848803,0.86052805878193361,0.82658287355478466,0.87234160904312585,0.90664694583782557,0.73149086359457638,0.86808625194757028,0.86542885022303262,0.90255538079188069,0.83167792456903766,0.75816977505405359,0.86092804887934871,0.89790227372094134,0.76211684238003841
0.91286383027044848,0.87151015278863819,0.92452248046633112,0.90894728391455948,0.85133345629085411,0.88634211112308425,0.76340963655481953,0.87264732701204695,0.88959839897629234,0.89020841345094204,0.88438627847887119,0.86905162058616958,0.86754328629429178,0.86956111800683067,0.87880161903448717,0.91635109431334616,0.82232727848458576,0.87706859682146088,0.874222704878023,0.8845719880537225,0.84644041662077985,0.92275841661852742,0.87822522138096037,0.86158393458463245,0.66157942148153792
0.84055837602380135,0.89301433399554708,0.93838667779064477,0.92853788336423126,0.60033663591236541,0.88928551696645974,0.66503882075721066,0.86700948282028112,0.87969465826344551,0.91036912654584012,0.86279135966951914,0.87385883797495056,0.86289289522555634,0.83075341426196814,0.8566198158616033,0.89670135061357281,0.76474821709889185,0.89197770915419294,0.8541770559170756,0.86990582651519355,0.87813646867542627,0.90202930788919833,0.86966334096867293,0.89569207861917144,0.82321416980872186
0.83602137819128552,0.83925926904097814,0.89419941814980786,0.90424113971212294,0.7387282804937777,0.90025020802851441,0.65677591227995569,0.88241663479356747,0.90238235888069795,0.9133118001705991,0.84827019130353631,0.87968324527090624,0.8763001452616821,0.86016741610315695,0.90988862920758518,0.91017061181329784,0.86952039492911415,0.89737080859316476,0.85513590967695052,0.88329603403466128,0.88233586143055664,0.90049507463115563,0.91360317521498946,0.90667732378933286,0.8976285019985224
0.71021644668160866,0.93049469359894543,0.92873274981251575,0.92257971639953162,0.70804530180921621,0.8918362212149944,0.79449335412824529,0.86857288305961633,0.86833000151919759,0.92824604591361393,0.80386145376735585,0.8668461233276763,0.84446437950180386,0.85490985991540203,0.89347026162666698,0.86963351166510017,0.83189992246310429,0.87132350461086583,0.85764798498580375,0.84157514141790579,0.87920900196191476,0.94826260000998419,0.86285030201428425,0.86262311295493144,0.90643020651221884
0.75602808005722444,0.87646456426811503,0.9657823805221637,0.91346757706205084,0.80819967923721203,0.89647044438582346,0.73352786435872797,0.88031023265770958,0.90069705800780753,0.91636050589712148,0.73843284172013668,0.87949498541159443,0.84407839030243703,0.84163245009714782,0.88540538619408871,0.94866941185090858,0.78853438782056562,0.875144824030892,0.86079170528066873,0.89894825662995248,0.87577086130162207,0.91289399295447182,0.84757230019448471,0.87514737216221339,0.85530454245524179
0.79787136578268691,0.87888875002156497,0.91977946400241661,0.92470685696295474,0.74326063170038881,0.88763897994093632,0.74397412582001754,0.85931617830407947,0.87784760164810538,0.89646053868838871,0.83864595122775509,0.87469417932784699,0.90494939171990774,0.85326853939270664,0.90741637671036901,0.89138521634310408,0.73994700834334692,0.9281307640450861,0.87220946668694099,0.89968559328986486,0.88398257941541047,0.91055561129317952,0.86247537067816904,0.88968820136228055,0.91843535942814414
0.81134171075807038,0.87603533956974922,0.89967758713006785,0.89426905819924563,0.76336802126872527,0.90304928321922595,0.81860546732046935,0.88237982120681901,0.85669095783842297,0.90050119965981557,0.89109272824984431,0.84423578875740579,0.88040480674678179,0.86923658572958951,0.88086177189000625,0.93215110848678639,0.79524712973023504,0.97097400204170647,0.85547210117164829,0.90578642787780439,0.86931030989461955,0.89157713853269227,0.84558556999802348,0.90725499967854195,0.92398318175856653
0.87144986764130772,0.88775623060558051,0.94864482338045231,0.93684089521351777,0.73431695532260965,0.89773729398401869,0.62867926263173435,0.86170991044678213,0.88207837466022809,0.93523083568330079,0.90921161303417397,0.71835851642533732,0.86608986244085528,0.86471204002242319,0.83725817772188127,0.85645393556689819,0.74075639375816804,0.92552162326647858,0.85887382563828141,0.88857567587504915,0.9051488674034891,0.87748816063952495,0.83974787660700045,0.87401567773073741,0.89531025095967187
0.866287545494002,0.86644546842884762,0.95698625174446583,0.91430047699698036,0.76154450319465372,0.90927455246893663,0.95103099591983886,0.85851671809987407,0.87855801959927315,0.91897698983124376,0.90331726393163259,0.67289478018967552,0.92215025078008939,0.8569656301912435,0.91234311051064876,0.8641237811945518,0.85283039646903569,0.91693030913842555,0.84471764951827188,0.9060542612426874,0.89965258406363491,0.90535767591209648,0.84267471203291,0.88196605644392678,0.91838380667619135
0.8398096176467218,0.91492048508073798,0.91319866504938707,0.9340884348440045,0.75982343295485266,0.89308240343262202,0.96610024485921764,0.87633128219239087,0.8642061899391339,0.94419701901916719,0.88160100007523989,0.75755470754634524,0.88379163847217368,0.87997096893949356,0.86593772646806944,0.90430112709659627,0.69877420436662874,0.91368026515196499,0.72104365121723446,0.84845431671704552,0.89133897482666691,0.92415494117381858,0.80179683453921669,0.90276970611325935,0.90835461516739002
0.83446396861023409,0.91911637566708271,0.92331797039927066,0.92880575811742472,0.85980908757326091,0.92369595982718544,0.9550711518399666,0.86064227897707568,0.88562497603210133,0.86503072724939434,0.91164454178050824,0.86434884453284067,0.87479929207881613,0.8611581252343683,0.87839598111647366,0.90203754852755991,0.80999710974285088,0.94435962111283467,0.89941532692445036,0.84822782011655518,0.88604668450612778,0.92592211576542449,0.74751046265881538,0.88970212416238159,0.81011907990430609
0.70566686873868523,0.87519983165186033,0.92607613323735827,0.92361060679353046,0.83734818961672253,0.91255241353717198,0.95459740446883767,0.88267708854084725,0.88150603123218785,0.85985069286812899,0.87355782375051527,0.86815589894713596,0.87829688180091925,0.85137704103985334,0.90782481785208291,0.89351797016690471,0.88296976893177892,0.95768115033062329,0.89487996696414895,0.73065629483875116,0.90240216988987465,0.9262871668885736,0.62981409554985046,0.89812377664532705,0.77362618964433583
0.88946822915574075,0.90510185376261765,0.92206742502787176,0.93600536499950659,0.78004797060783804,0.89922812864980006,0.94444641180776423,0.89955842592648338,0.88122865596726951,0.89954284447126176,0.9196853952785633,0.87376432337649002,0.87068536631508675,0.85445591285693256,0.86262261601358459,0.90045361952995984,0.87387548589767594,0.87490864995510798,0.92978177672058404,0.83091958523859966,0.91310670480698064,0.91737035268319811,0.74013968063540414,0.89594440015059107,0.82300118588128857
0.9121551954837348,0.89862567323617493,0.90684577621639129,0.92939890221996713,0.89088761065490463,0.89997860255094797,0.94450967921688567,0.86083075437858347,0.86645924670266128,0.88665226190282698,0.86331535509506085,0.87239168732027783,0.85567375922806976,0.75636940759203142,0.88228721457155057,0.85181327865246403,0.91323658313788036,0.91547684870935508,0.86697817215556949,0.86081868162208153,0.91051987488871133,0.88526780797627058,0.85291916230645337,0.88284928987443978,0.76185564315434895
0.89696490368641113,0.8684377001883109,0.89261281496797606,0.9036406562474486,0.84870403719960386,0.8986621422518164,0.95896019890713546,0.87622543144363441,0.89070775074781328,0.91243713546691596,0.88749748516858007,0.87169634531087625,0.70695585140210859,0.74279794812006839,0.91894274299446987,0.85816620291814516,0.91324835272863669,0.8422276950999309,0.91241858435949685,0.86881434485518494,0.91255606134848422,0.92260320205978663,0.8813013316677577,0.8814679232004774,0.89171823235134096
0.90285242873962801,0.87113510316527987,0.92663497363924463,0.91178800066001653,0.71885150555066379,0.86483925479983892,0.93180902916891406,0.86138792392059604,0.86843850790251342,0.90529622986101355,0.93726908063050685,0.80395809229791793,0.63664985025588861,0.84232878784397502,0.87950037941007508,0.85086807362827921,0.89290848320140892,0.87875913860151977,0.89466459589090153,0.86115281630998342,0.91028296719312796,0.87435337193965301,0.81919102650318343,0.88438076035954905,0.87064040294936162
0.92755601071074856,0.9074128254732815,0.95524310646660149,0.93053883841365348,0.64642107317613984,0.89264068103763705,0.92874900591570797,0.86533913045046851,0.87430378749056825,0.92028001456942765,0.92748274030284872,0.905098870600199,0.74136443941618901,0.84503682385690759,0.90015291151347399,0.79630361118533344,0.90145613085914544,0.90235528890830863,0.89786531263341207,0.8668648667604002,0.91050001771293687,0.84969719743528715,0.78720084249719235,0.95065033447398972,0.88712910328683026
0.86284430646277699,0.87621753473794239,0.88915894643175764,0.94007193344512285,0.79039163985046013,0.90099344509602175,0.94798371268630044,0.88206462538498154,0.83631643008552947,0.92374616336436322,0.90968668235771544,0.8702384715042577,0.73714761714217225,0.8154665100827615,0.90312535472749134,0.91635239120224721,0.90337843193868039,0.85961963478401693,0.93582231801583804,0.84906124032050401,0.89860711636032975,0.91615071417976823,0.67816793716306856,0.89552360453905322,0.8667405733212058
0.96108818273681607,0.91388212563090132,0.92458848780730085,0.91788038247357739,0.89185181897693244,0.90461568507796253,0.9275023081025453,0.86799435691986138,0.71923330721543366,0.87919418628514445,0.85859742330100641,0.89448436238458995,0.79764922283931883,0.67184270667986012,0.86314204763668778,0.88572557572515553,0.9231524465968195,0.86756950837442104,0.92330819942580544,0.8792957424701322,0.89577309079285217,0.90694001183657735,0.92982308589320994,0.91633487343553732,0.85488676044913614
0.90310158049328304,0.91755405679966717,0.87209263728244402,0.91636642042234484,0.86248994697245907,0.89988061427044719,0.93998588031245034,0.86664210578841649,0.94028241505616672,0.87943117990434838,0.83865759457234501,0.8910365506225677,0.78771955137346539,0.834017882728461,0.86458369669330803,0.89798625271745469,0.90547525908527293,0.84911711846013171,0.92739054341486438,0.88147676096537964,0.92969141253752796,0.85125647373512947,0.96226607001807107,0.95300569396099166,0.86983451817609891
0.93415374887012304,0.89822726361593452,0.95254084699822761,0.92028213262838043,0.9213120454709659,0.88675340613863762,0.90894603998550805,0.88390087785745641,0.93505724567180537,0.88883880019741701,0.7680204252020334,0.94789256841166314,0.75967734614375038,0.92424648704133838,0.85251994694142852,0.86290549077341627,0.89925364927156337,0.79475929518627442,0.91446195383008599,0.88730281182264115,0.88896573776608434,0.80808131393831462,0.99099285961608952,0.90244714976663276,0.87840218151522453
0.9371471206009615,0.90700052482022941,0.94591242847976031,0.92379312944640568,0.86062311863545726,0.90058896663143595,0.92317646741750936,0.8703359570666569,0.88293258021400423,0.91535577947986269,0.82651651374058388,0.85350104435125351,0.76158945909773257,0.90420044293192814,0.90730314140256119,0.88953677199368397,0.89849147504534277,0.79004311135893834,0.88968354179169507,0.8615242395189141,0.9264677044995836,0.83108247193647733,0.95574970733312359,0.90493698583938542,0.86516646220352222
0.89765008611308983,0.91812405075921888,0.95945849640469727,0.89233132537555582,0.89102785995080469,0.91044986502178671,0.93687127436607598,0.87421367536028738,0.89130083032557428,0.84177547362610083,0.86688444644972984,0.77653512786467993,0.90863422811581152,0.95201458566701669,0.89773480407083728,0.83597102836874737,0.90933220247197755,0.73301980002378553,0.92297090593825815,0.89995045941341822,0.8944641476563262,0.80186253470136681,0.92880245911564563,0.90752412185125875,0.88570345972577991
0.9336941405753475,0.92786109613170087,0.924365805423081,0.91371328275660424,0.90074278777094108,0.88419808337898065,0.93761946427760612,0.90242783728585774,0.912957537263406,0.70793960902444752,0.84188978190400887,0.85896744066677799,0.89713102640716214,0.89706270411796118,0.80888337875761396,0.66612423362652917,0.90252584191546104,0.73962345504813931,0.93981934982917814,0.84858605275976473,0.88436500814388064,0.82295224379018606,0.93010190457863251,0.87185580602419344,0.82949286840321301
0.93086231835317079,0.83268760588620405,0.9412886539585259,0.90583440777851076,0.8837129418122337,0.90733004677297002,0.92924240358488985,0.87473605400358023,0.89055021315067961,0.60850793267631542,0.89492953018088794,0.88344732123684666,0.89590408891450701,0.92638117209797166,0.64989390283586279,0.86765458715962107,0.93480594770195335,0.76948963404573845,0.92446574837160411,0.87690179602604956,0.87630362599448552,0.80122357211721507,0.91585544848450962,0.90913965667446495,0.87347608746960215
0.93863187925682012,0.79070755682688088,0.95178003108388098,0.91290783977546208,0.92041157097369009,0.90405811470216768,0.92108272107651146,0.88433987559211491,0.93082411258839526,0.68398085549827914,0.86889585797549318,0.90869066044407087,0.87291894133685666,0.91503259687248217,0.90823142531461731,0.87388951616334409,0.89884734895169782,0.89165370634384933,0.89619818683040597,0.85900988414655577,0.91558833909122628,0.807651075098058,0.94860915481945074,0.88795600154403698,0.88011050364567622
0.86519325079628806,0.91163527925892218,0.95591737893132001,0.9313337818906301,0.90126629192801444,0.86488029571761127,0.95234492669348492,0.88304178208089867,0.92452999545416981,0.87769772101005916,0.8879874802871538,0.92276953021829045,0.86029241487546315,0.88381952754471504,0.89926480559552535,0.87026028734204663,0.88546953217180402,0.85175049251869051,0.92887409717559744,0.86930511414120293,0.89018304165669848,0.89623701326632721,0.95499737620037339,0.86637974296344444,0.84968454111733682
0.85498475807522134,0.92729138834747105,0.93694505839134046,0.91180054046620373,0.87361309646939334,0.9005162203273549,0.92603435118588484,0.86497578003629116,0.9197491815542308,0.86840217768297845,0.85882256493343667,0.87265337645925323,0.90400383947442287,0.92885430069123798,0.89032040824764824,0.86676275100171674,0.90655493179501945,0.80447486911458388,0.89532082444231409,0.89113148208685566,0.92020949740134717,0.83839975137478417,0.95323804602885742,0.884840324753985,0.83265585497170214
0.74906310537876819,0.86349276990997303,0.89829475979323903,0.89715889373248914,0.90593270747111809,0.89823327933495545,0.93771131340995617,0.87416907728025717,0.93014011937781826,0.88572864346836033,0.88810648181684348,0.86653814394236883,0.907849405401156,0.9343614344348945,0.864403968972281,0.8730808349192184,0.91672594093359561,0.92704525431100693,0.9003596628304934,0.87477118578833368,0.8633140599174941,0.87757538107607047,0.97323001589543467,0.91517509904011063,0.80716336345646333
0.84429694440224601,0.93250531131642322,0.95316744787548269,0.92946357756977782,0.85510510541081131,0.8466605303018514,0.94609694307241565,0.85482611017314647,0.91113841234586546,0.84254324299179839,0.89349653739199675,0.82548588557951641,0.87467903661100455,0.9020627838416061,0.85633085489511285,0.86264060515532692,0.92443265684704723,0.94112430899205146,0.93257237108290081,0.88517860258908587,0.69130405274903595,0.83695681858488769,0.97057715478689233,0.88185256943211909,0.8055188572671258
0.88746002539762314,0.87829287861426875,0.93721815618832927,0.87944149840312635,0.86263359824662156,0.85322757317759002,0.94307351363526881,0.87866994862065806,0.88365737787034215,0.73802420720930917,0.88522901556630429,0.86545977601963819,0.87796830964224526,0.9255240709874154,0.76977324554610371,0.87655937917347349,0.9259186301169644,0.94275581316506107,0.93498624287074861,0.89184056729672234,0.85628189855464765,0.69206135370136312,0.96700902195059257,0.85819043568125419,0.90928917911991136
0.85522430229126178,0.88739884664441526,0.96492689467900139,0.90765232658496486,0.88621286594201965,0.72303585997877329,0.93749423817800492,0.87890748821048381,0.86743369957158156,0.70635746608043293,0.90577588111461793,0.89440426540103934,0.92395287976880669,0.88142073383379638,0.84651057587402034,0.87435239932376518,0.90587137605543189,0.91140238725464651,0.89575031819293882,0.88699008745458108,0.85915029364533479,0.91964497086943242,0.9756025917011546,0.88336310639557936,0.92968189971267834
0.88625343420505154,0.91384719761837641,0.90291024835890576,0.90863131576932255,0.90033033883104174,0.86141012209773349,0.91815936752725613,0.87759471495995567,0.90489375908556047,0.77300414014225072,0.89040897805359931,0.84532042308997413,0.88509833409810301,0.93723214645182307,0.91386809361845744,0.88276295203919686,0.892793500582859,0.90606565215531198,0.90242194581303548,0.88928868620128698,0.82709117010306366,0.89182777974693095,0.94383082841134125,0.90275724336603047,0.91980011004196394
0.8933938883435909,0.88057466520168948,0.89386934048540356,0.92565686238107359,0.90322312035428876,0.7348406852105055,0.96412347957374378,0.86456329153580613,0.89163438389852234,0.90512116952779786,0.91460006558012241,0.95867743279508488,0.90585913046508204,0.90021244846152482,0.88078375661889252,0.86252902901476802,0.93053476913263777,0.95284634505754207,0.92330850018975896,0.87238493701907727,0.7087141753182572,0.90148671357745624,0.9529704756997226,0.88374054343482755,0.94848228444000704
0.89560224372327357,0.89405924107660895,0.89203128347917082,0.92317393761752953,0.89455955272444487,0.81799297516766545,0.92696056146605477,0.93383970870464372,0.88695597686591376,0.91984356704664227,0.86482109514581806,0.96355561004897783,0.91169421037076526,0.90024063126828258,0.87778404596215687,0.71581712433987055,0.90676394072966071,0.95445501028669144,0.9178346655472106,0.8479576316373808,0.69870935096349307,0.91809873388898011,0.99504025027253429,0.90144542903418068,0.93119420521122931
0.85451403006203897,0.85694143504205389,0.88187912067031649,0.9097646330971958,0.9248140513184786,0.87736078107187609,0.91919755563692496,0.91158910106722701,0.88016307943173988,0.90885029753647495,0.85058588760163811,0.95173424527138717,0.88539351722453719,0.89157417030171415,0.92246481514831336,0.74563157607038666,0.91302961104051883,0.90413454510666225,0.91919639239607842,0.76831311690210913,0.82548199047019499,0.88616212515212134,0.94267432073203539,0.87650497831635921,0.94808973975836752
0.91512229823311886,0.86194756626318936,0.92905476651186369,0.8981341609986524,0.90841317863945337,0.90735592516406438,0.92884346103034832,0.87547514227738221,0.9098289653942172,0.8900789715649593,0.79149018244033498,0.99444726436968256,0.90631780861605726,0.90884922318139139,0.88206213084008878,0.94205535623624692,0.91296986548388692,0.91430542043220597,0.90638076898177256,0.91705800401740989,0.67060120325284478,0.88703300370763483,0.96437854809102252,0.89998248049038976,0.91732448268859967
0.91261970444664486,0.93075787500903229,0.89482434013511147,0.89278211680198549,0.86666921224017668,0.84965499558266055,0.9343658275706187,0.90316072005451165,0.9045862307568745,0.90258720296081807,0.79631379176714723,0.96903013735323296,0.8522510803510267,0.88942962152867622,0.7290690829977855,0.96234977946509559,0.92012230597953837,0.91167921910816341,0.93811698355289119,0.89583064204941887,0.90091124089915953,0.90511660670346572,0.96362122132890382,0.87717829502952105,0.94748679793105151
0.88102507105228789,0.89219712491833691,0.8972224636937165,0.9087115042837306,0.60526736641879331,0.86711964566468336,0.93242313392559029,0.86806632689017627,0.85353624964211583,0.87393614095772743,0.77291607273453067,0.92147694361764165,0.77724194856751605,0.94045676997321836,0.83689242869119229,0.94344253253805821,0.89936591515772113,0.92962710524925729,0.92962942595341103,0.87979395764045498,0.91701375567411469,0.94277936933395867,0.99087036075986501,0.90447435280955402,0.90359122010559856
0.91082957761351124,0.93699721487993437,0.83276123583347217,0.93908183409511581,0.74835260737199372,0.85198599670256014,0.95248211104931091,0.90232095592617201,0.91656140049657431,0.92559605264916101,0.84182623139743218,0.96399489445927333,0.85038894096626083,0.92410756488016288,0.88054971905083979,0.94079161355697338,0.89611219739281811,0.93984102761269661,0.90138084253971995,0.87976046101665495,0.8715212926360183,0.8970426862355193,0.97838472475940441,0.88326000214649347,0.92562319231736989
0.92560312191483407,0.89118965806872386,0.81153244445057038,0.87270747436279228,0.91234858343941105,0.93081890390607569,0.9236104256622959,0.94512231520744838,0.94183004504341905,0.89878785505717029,0.9013543056983504,0.97243314945824011,0.84232468128433668,0.90093989875731861,0.86766314362543973,0.94826207913687621,0.89521301639118445,0.92880677369427811,0.90964352068912235,0.90619435896102596,0.87933038969471278,0.89411359856720529,0.96592914284117448,0.90563009428637287,0.90786940165640551
0.90659862832648541,0.93128101389051055,0.93341691922048664,0.88245905796721291,0.97496641606190937,0.93942917102022028,0.91861665771854806,0.89132813487501739,0.90028512519810855,0.90606136630950029,0.89136189059630133,0.98278379328595789,0.88074776304006086,0.89586226186761708,0.81494337393716143,0.96138065276234785,0.90895956549885337,0.95620662332268425,0.94766460678074482,0.87197474990186319,0.73452074188061534,0.93085037478923027,0.91060392360551867,0.89061323796551262,0.92324617087379968
0.9143790217890877,0.89302338058045627,0.95820597291552678,0.92781559933457625,0.94128935850497886,0.94164170291205496,0.93221662239701408,0.87984305054579404,0.89998788607482438,0.89679362597779821,0.91388158730562785,1.0005347129301347,0.85448186517676528,0.88812544037672259,0.79007244119522868,0.95441992345204107,0.90038489141482925,0.93934245213854994,0.926983087904519,0.67565924805470245,0.76359778842331405,0.91210216675789579,0.96810878118387367,0.91907636155212336,0.91527378658236169
0.92057630719743655,0.88920540159146333,0.9607717908608836,0.92117605119963353,0.93590338310297605,0.93481376172796782,0.9482489166433925,0.86242109126913225,0.87447535522150388,0.9209409093791916,0.9316729345604492,0.97281522269434995,0.83796219869967581,0.93396742119507903,0.87228141341587551,0.94291219313206143,0.87291188008401566,0.91464712792541125,0.91284558757041701,0.95750633504240057,0.88125196604009637,0.92095150831382244,0.98944823945284577,0.89541972570975459,0.91758817765206302
0.93618225206254913,0.89256018147943839,0.94588457063688614,0.97754875186527035,0.92737136657070396,0.94016341365702616,0.92922793475599663,0.89790776677675577,0.92221386887221635,0.90024905339531247,0.89509937284712138,0.96326105620613878,0.8241142568115466,0.91011673169244434,0.89309015747838727,0.97247993323172488,0.85432676911439565,0.90261425731025258,0.91121375860627885,0.98781389440047396,0.88912920707426535,0.90131918671168654,0.9352002281809495,0.87871284389799342,0.93531333022663588
0.91497284937139844,0.95994648598266508,0.95779918381795026,0.94710968257110384,0.94503230536251381,0.91283018531847204,0.91681912868832205,0.84571866309775723,0.92105035350201014,0.88318409368024009,0.90695951285490628,0.94826753543623898,0.77077537261309259,0.92822807390536011,0.87113105336522623,0.9314938797536042,0.685964230625566,0.92338423076333453,0.91302385598888758,0.96826611893980719,0.90814102003800135,0.86541566244782353,0.95665200650511295,0.91688045275999319,0.93116824259600905
0.91385087918419694,0.92076060027453066,0.93574833766464804,0.93695578430849757,0.94513516885096016,0.929824771664579,0.93615099905278754,0.92333850033894416,0.93163127686501368,0.90729172387691559,0.93117915001213025,0.95531663017664814,0.90908467538571047,0.90783635477661551,0.9501778674388367,0.96372870374058917,0.93088455748867494,0.87486151207483431,0.92924490731824472,0.97457948248278692,0.92538520206746189,0.87853236008312174,0.93947861493126106,0.90564027721148688,0.91334282329538963
0.93208629716815239,0.94092039611507416,0.92780270867732195,0.95080880343475127,0.92517378398940364,0.89848996345972454,0.94282762695559241,0.94472742872267434,0.90435632815295008,0.87907972707718618,0.92937680235438846,0.94428639758754873,0.90021038470189152,0.89179073670622466,0.97041217606208274,0.92470755231481372,0.89756988917640546,0.90530689434442713,0.89427037834177092,0.96689640752908323,0.91937454806103258,0.95083302641648648,0.97700724051904642,0.87221802100808909,0.91164347406758517
0.91932566208176847,0.94512773290144014,0.94851486414370667,0.93307239006463094,0.96092715142717633,0.9058745491669985,0.93286499693420177,0.90550399720978447,0.91250446229924786,0.84097306754880996,0.9066606649113147,0.95260283870084062,0.89716273724440476,0.92966260969321768,0.93213221993263984,0.92119141308999108,0.95602058131650147,0.95785861929927396,0.92649534276634704,0.97780970685323576,0.94931737327928978,0.93687272909670571,0.97172927122799868,0.80148868167781562,0.93295851431257104
0.9259528191317149,0.92500800848119613,0.93987676260979247,0.90895954538622936,0.91394849145421231,0.81238642355088475,0.93511920824015138,0.98746008095939131,0.94419141912020821,0.92975241457557101,0.91020090319544944,0.94544711871067533,0.80965179729301928,0.93386333192235915,0.93627291199433327,0.9485887900743164,0.92850225399895814,0.90906050063560406,0.93896899235179443,0.96071700299479978,0.94722601529646222,0.93870485060796949,0.98840748912576104,0.90144853491066612,0.93411367028207459
0.91078090989999594,0.93981668504630955,0.96167233526246965,0.86401159496535196,0.95877385762359324,0.75706286592814009,0.93862983604944583,0.9811465456888987,0.92103062235335853,0.89767241878441084,0.91206198270797989,0.96264886516552073,0.91757725592334216,0.93110445551260146,0.93395640913851685,0.93046707804571382,0.95696684063907,0.8353662942763852,0.93878865041366866,0.92361496834202239,0.9271107597539533,0.94238455281038758,0.91566117407723369,0.88648451962226782,0.92510760045218665
0.94136111305700687,0.94006206542042881,0.95930285260232451,0.80726968296028012,0.93756919874848976,0.92312201493637125,0.92455458797866585,0.93628967959672282,0.92470344717653119,0.89281506547021638,0.90805457315649429,0.94674710271132922,0.92163339692765589,0.9077183640517078,0.91940187867381518,0.9309779447376203,0.94925613618380544,0.87879872580595342,0.94770870606776914,0.99425892368029256,0.93237568405899884,0.97061781757747045,0.93593752612171499,0.69642720246827128,0.90367031064547665
0.94302477920472361,0.95189213100642578,0.93484291951265663,0.96491106540961591,0.92939266313246871,0.91780350776169672,0.93528054024299245,0.94937991668146093,0.94031709496104543,0.90127380030653037,0.9070795043338864,0.92306211709821984,0.93480280607285993,0.91091230577197546,0.94555542191398412,0.92599324243125547,0.96318841133834632,0.8043012247133744,0.90645870998377764,0.9701595280188503,0.95267859286654499,0.94030318128597878,0.96684731503350496,0.96343942268358174,0.89395886263589674
0.91445386960473263,0.97549090747668732,0.96640967771560338,0.93038440531250499,0.9155378480184968,0.90090712560601494,0.92552082539958824,0.9339168212024388,0.90234644465927982,0.84556198101647695,0.91259618246826923,0.9826159689417413,0.95932597509646467,0.93400563704731687,0.91723030351065238,0.96917287908782601,0.94667038566351669,0.876619506360381,0.83921912540008403,0.94877051012329428,0.91437183208390493,0.97139646762559229,0.96811718790292112,0.9417021091451746,0.90950720639403582
0.93297887351866959,0.93296110900994067,0.93453060715597724,0.9608858475590405,0.93566036282502274,0.97496416752529591,0.93139899442320928,0.91024898353730688,0.96378639726642445,0.9451896515528565,0.91351120425347976,0.9907892306114966,0.92600346839530412,0.92354519436260007,0.94593943312792617,0.9545018752062786,0.93207286668135647,0.91474525257100725,0.89185582040574285,0.96686273138182255,0.91730464551481306,0.95050271344047521,0.95456328877571095,0.98550886321531395,0.91217172416770365
0.91168534603583706,0.95467610009123072,0.94408912723436511,0.9823967420814842,0.92731796045088999,0.96680758716687798,0.93827736521454708,0.8868595533957162,0.93504361707122485,0.95041106295860134,0.92366344026833636,0.96148917622253649,0.95546581914860584,0.92905388881876194,0.93803574947843915,0.94672796376100665,0.92139974131765612,0.85466623355799876,0.94136668466834783,0.96109600250418969,0.93921103637532288,0.94911228731706365,0.95999317714138188,0.98842498522693667,0.92695228246720063
0.93466686680471833,0.92406821513887016,0.93344679660075358,0.95554275624639984,0.93911938798982886,0.97010635945432189,0.93631865366467104,0.9464415887660298,0.93317329039339003,0.94214167133536031,0.87491170420252085,0.96107957346864326,0.92100877340197307,0.89876841557798637,0.97559482703316347,0.95671082444486821,0.86504456117584616,0.72791611905342646,0.95868971651500789,0.95601993042985633,0.9440525705942272,0.94520358104714752,0.93937234336644004,0.97806652203159838,0.98344678333989566
0.946939471355708,0.93978201633886671,0.96202129509395617,0.95773073011185428,0.94887562264946756,0.9674986936861677,0.91525935914717094,0.99865546998539989,0.94325082308323749,0.94802199776740614,0.90331317994901683,0.97641817961474953,0.90993116358523729,0.97281534717437823,0.95620805218211102,0.95174406917933041,0.88209051973383112,0.95181332073573643,0.95866036042848002,0.94396956983387903,0.92830072196362257,0.96214185417280451,0.99586249664201165,0.94806835292106895,0.93149226854154321
0.94665848120242091,0.97930134721945372,0.95600012488851827,0.9429249470402965,0.94336007399017552,0.94732474566746994,0.90825914204861768,0.99245745038529676,0.91948231155955451,0.93611622619526724,0.92297318737903311,0.96496741901881045,0.95748484998732897,0.97545718184739416,0.93379285591121919,0.94859050310632931,0.88983931523075321,0.96226816592850084,0.98456429713437688,1.0143794348859034,0.96585840203760354,0.9384450897347707,0.96307912430176179,0.95973716536118869,0.97071700570932362
0.93688928436572594,0.91780642759135644,0.95045213801006379,0.9595229867098396,0.94807175827643309,0.96605532527247773,0.94306115539567481,0.96951950567646783,0.9670518973025779,0.9619054616162398,0.97649547951729321,0.98084371074506504,0.97173632866771809,0.9180909360465338,1.0002172322546439,0.94790500103736375,0.74343901789025002,0.95750955678732985,0.95312542698832581,0.96486087316272018,0.95633701189668896,0.94988373452234631,0.95316367320100093,0.94575707577919077,0.9241844353526576
0.89045235307469206,0.89603247275817899,0.95701733150919377,0.95658222373945223,0.93869169479430004,0.98301849917412865,0.91684952247850637,0.96795014098746401,0.96434812763888322,0.89442940251582137,0.95002921488382386,0.97990300578171585,0.93663633609321839,0.94404750247566294,0.98709933114516635,0.94730708629563787,0.94775677367952005,0.917010163894318,0.95140943490786489,0.9543761479867624,0.96668238696093689,0.909097495997651,0.96090074632773925,0.94651739532600865,0.92596166146867576
0.92842859310804293,0.94610202981919256,0.91746408760720732,0.95369747427282447,0.92727426252542644,0.95979021797320763,0.96998659909083618,0.9568989251267257,0.94863056379383937,0.91893436833837938,0.99439765247251877,0.97254044015906427,0.94483577088040305,0.94794873077557229,1.0107609730772515,0.95712431053973734,0.92678417818466929,0.93160606203303076,0.95673264189642326,0.98168467402025961,0.96410364691028982,0.93843511988163808,0.92771277537751817,0.96506182064972745,0.94019394311696869
0.90548356042139599,0.91260649537406213,0.97599122936566896,0.98206883543710866,0.85950873036236519,0.97427449629243779,0.94848048958848941,0.95267190111151245,0.97695862935184774,0.87095847517886948,0.95776171783245989,0.96727171659333055,0.93353142619945662,0.97385813701120072,0.96831884035299376,0.93763824633572079,0.93893255120505348,0.95039882022149658,0.92551324550746938,0.96489300405998479,0.98024125636140313,0.88586001794720193,0.91775279579885516,0.99048710049471789,0.89424441336759863
0.89334730999106526,0.92810048255121202,0.93852434443285715,0.9677536272588001,0.93064890022906377,0.9972079870824454,0.96913244187211889,0.98621024545708447,0.96193151200704108,0.96933836123613948,0.97344692905107555,0.97894821317818259,0.94279884123316737,0.94730536886852257,0.95358686283802996,0.9549951582218561,0.92648955946675049,0.9191648383074188,0.97103699839730695,0.96864710889493577,0.96252110804726942,0.95062613932993822,0.90738601445982681,0.98353881020251499,0.91079239799998934
0.87401467625506346,0.93513340083151864,0.95089917443205718,0.92555619682541856,0.95777553424595996,0.99348656023566684,0.94040378362616495,0.93636414343395946,0.91583808288448065,0.95682060995783502,0.99086296672276108,0.97751533504912891,0.97948705669460867,0.93927333542152858,0.97496832891240837,0.95444105684240954,0.86923743121932562,0.98023614469887077,0.93268816808308908,0.99795395503196738,0.95770032583698683,0.93251149100994635,0.98249652499014506,0.97675452933406048,1.037646300292036
0.94823360295082426,0.92486096061069933,0.98556468668128583,0.93744290206166314,0.89609202964627144,0.94413735861600967,0.95164032951513522,0.96356318045631395,0.92697071870270864,0.97140205557355808,0.99481767512828945,0.94332320603761366,0.98226350289622411,0.95840361777697425,0.98993265159433619,0.95857960002023312,0.90047159337027671,0.9417942846602676,0.98602831924678136,0.97111617026690844,0.95967915160473427,0.88717479979914349,0.99761823912160186,0.97946209206934998,1.0105403779280875
0.9802728510966825,0.96673012786490164,0.93659036263621687,0.93304741585846307,1.0010671305719983,0.9769108376699579,0.93659018799938087,0.97776819795655878,0.96608405666260655,0.92303479233734398,0.95197948808306043,0.95767288276357099,0.97936834012644169,0.95131600676374084,0.97552077264491077,0.94724425006751911,0.98500286237007817,0.95405169047249705,0.98050781463937731,0.96121646598195931,0.9604666831305132,0.95839285968350951,1.0038955890641015,0.97213988771497806,0.98985142291862116
0.99279182572509916,0.95611668629351554,0.95945229576189761,0.90438849568147517,1.0140137340943309,0.96630213347840266,0.92401574352538063,0.96834290899675757,0.98605084440785074,0.80827171597412684,0.92383614465482644,0.94765471199351947,0.98161484314420788,0.9460101493642048,0.95344466544435291,0.949669314784095,0.88136076675426489,0.9264402606881933,0.95830749685504768,0.99342572745672475,0.95638094509797755,0.97551214004764775,0.95952137508889257,0.96279998950831291,0.98250681553872199
1.0022463913286341,0.947697325166453,0.99133122921060401,0.9878518535586811,0.99139332796025892,0.98068907047703457,0.94603934191959549,0.96159835450903985,0.93638446493084171,0.97012376830023817,0.98601217408720021,0.95139939780934513,0.96890553983263383,0.91967869139235447,0.98660487127386542,0.96055518697765918,0.93747652589090724,0.97322827795525868,0.96837978777587685,0.96452858779612216,0.97211105372094186,0.9790248986665876,0.97099396725332632,0.97951187833649001,1.0078617454626175
0.97814709785752085,0.97280665686545387,0.99170431433434381,0.99758733470631822,0.98246418424423709,0.95436078915992439,0.97339885706915774,0.97439664562942496,0.92092834462260642,0.98813260476022502,0.94731680419328879,0.97007528679749289,0.89421047096224016,0.85027150870855273,0.96826773998597937,0.9498992061317526,0.85938640406398459,0.95857340570779959,0.93293740282336457,0.96640731716743211,0.98434435618944693,0.94506842647857192,1.005802845505172,0.96230125371779807,0.96531385983035356
0.96058358737264271,0.95730361755243654,0.97310632807198805,0.94308952267229784,1.0253285366286349,0.96716631124599717,0.93469136034785294,0.94181084077571686,0.97276461181603779,0.96436731677329413,0.95252620974124569,0.96897950141875078,0.84280936088240888,0.99640212544101714,0.96420433256350424,0.98373338671115174,0.92005542694817588,0.96498572045902509,0.91027779241152307,0.96290803800259017,0.97620273070641272,0.958475918568507,0.98746504994918938,0.98390127550986783,1.0038437117549524
0.95162027970359886,0.98642864567901711,0.96966554944657068,0.96651678408318953,0.95495508233312043,0.9670441260627628,1.0080330601912133,0.96553353251319096,0.98159663289220933,0.94375199385972697,0.97436532327928493,0.99210566115969323,1.0156558408249565,0.97140262167724356,0.98260962693318599,0.9970461572561673,0.92270116195425522,0.95576865326452098,0.87746245922283483,0.93712116912811749,0.95912157988442726,0.97053018008364833,0.9725208113291931,0.99203045519834976,1.0064089288537748
0.97027163404100802,0.94144165941913482,0.9521757233670457,0.97657661753463976,1.0040634203241596,0.99817091652170731,1.0141962140785166,0.9878998836183589,0.98087002840659732,0.98791237157484957,0.95369250480776557,0.94782756061872397,0.98833197531050865,0.97970500975992247,0.96594256164300285,0.97706652457911469,0.96449854139671454,0.93649664647433739,0.89067815888571189,0.93166163955897852,0.95561814667628542,0.96954119886931645,0.96131935079239572,0.96178262436177131,1.015828360133076
0.9454923399289723,0.95912638924961191,0.96694661007323768,0.9674423847371435,0.99141005908626501,0.99309986458258093,1.00860064662347,0.98363410728584655,0.96601155258029503,0.95523904644490132,0.93964572844364069,0.94756321990618797,1.0145752395562817,0.98754247068705825,0.98197330050854936,0.98092829514833968,0.92169719773106051,1.0139794584289343,0.91733742522573924,1.0096197062101533,0.97108016598195335,0.98891020744639369,1.0128056529721137,0.94618286133625784,0.98312011365101459
0.94714574841415167,0.91658120677587285,0.97721233114270678,0.96332732995842252,0.985666076006254,0.97545835087661903,1.0127400831872939,0.9757659503188465,0.98965031578082119,1.0045204736675881,0.94964460241032334,0.97203409407651709,1.001919560669396,0.98518457799233805,0.96908798293499443,0.95927798757287874,0.93212138111356613,1.0177621475308527,1.0136125634910562,0.98714331831317403,0.94769557605004784,0.94867203995617244,0.97160785020642637,0.92295802522572545,0.96407068148816188
0.92621489345271513,0.94517241154817344,1.0459340309132081,0.94314145144313422,0.99963087404559525,0.97627936862069731,0.98299161610206387,0.95228174363681628,0.93892742263404483,0.99628649160241822,0.91286372670782534,0.94913381459661561,1.0104683814402105,0.98400397419408625,0.96581237017375199,0.98923292986509015,0.99365106136637005,0.98034345569172876,0.99539475276974976,0.97811370421935684,0.97355674311421259,0.97380386225795157,0.97752058615286641,0.94012780037023802,0.97445098059406943
0.96743521772098107,0.97228393574112681,0.99174204665040333,1.0184901337742771,0.9628479713585939,0.96480612202580041,0.99484032851685256,0.95832058172324408,0.9774629285705172,0.98917253129911531,0.95723184931260585,0.99095922121901825,0.99963436018319607,0.99293925644705616,0.98064594175030895,0.98506981192514198,0.99534088949096233,1.0138622916921045,1.003863071121301,0.97642651851135509,1.0240160365771025,0.95732410853245398,0.95547286359219596,0.86561509868213027,1.0079015215344997
0.97790053512864994,0.98944884245113818,0.95233379336540858,0.9736870390370379,1.0134811155562968,0.96136586235554145,1.0036688551481183,0.99397531003434636,0.957620314181307,0.97061570278843678,0.9074004687737578,0.95674947074682071,1.0132726863651447,1.0019035692928708,0.97679197655522343,1.0058295770937129,0.9744738725100679,1.0167981622679931,0.98548564006261652,0.94973551380175436,0.99197046966651814,0.96219757810138984,0.94765382711750779,0.93873383634498653,0.9898067916861536
0.96783241053153224,0.95664965864851415,0.99389454567950308,1.0091913630334557,0.99903375685455376,0.95994548793578127,0.98440475432631136,1.0032096322786381,0.97165327829697401,1.0159014592915876,0.90342906058024253,0.99198946010201461,1.0005639088499583,0.95336064994191805,0.97770516149285924,1.0094813059214092,1.015887509459467,1.010907067621748,1.0008125881266812,0.97048361323369248,1.0048213943005264,0.98651505476482637,0.98646895715484473,0.95020514147475643,0.99286547973742734
0.95079317725590617,0.95603605430286054,0.99160515785271053,0.93442834670332853,0.98479684444466242,0.92872746279183938,0.99290867756178947,0.98697596837885249,0.90670816761051476,1.0158570037161412,0.94344962732339199,0.99369363296605084,1.007362995566341,0.96929188874716821,0.96045911787435634,0.97380612359914509,1.0231920179588703,0.99589273674505141,1.017196189244413,0.98049116412183701,0.98737646933771084,0.9696774017184977,0.94976571423501088,0.87082124976510467,1.0019888523605989
0.97915331292634922,0.96640419821646362,0.98365969499886796,0.94347937821694139,1.0125988749258859,1.0024195958888105,1.0121044754125306,0.96738838699326468,0.94857141295313097,1.0026569976661537,0.95522609468570174,0.96183134915242186,0.99105012803146331,0.96470725448730199,1.0026159650914086,0.94697680766383063,1.0383179723405649,0.99100857385418395,0.99630219274526488,1.0263754513273213,1.0171678896495731,0.91192064367163828,0.99754445192139063,1.0068178983915907,1.0050798968637022
0.92449912372931742,0.97799260008823252,1.0130576097544064,0.99777690657363227,0.9931800724917843,1.0040314256647296,0.99984545114864076,0.96981755239517542,0.96047818699337451,0.94261250456208068,0.97926977531740189,0.98742109703454972,1.0027631020496433,0.91625656581400572,1.0070196430926104,0.9598930646143834,0.99274400887187764,0.99721108742684761,1.0123866945587585,0.96286905465589734,0.99110371830082078,0.93746023146506952,0.96468528801689435,0.96300546331228476,1.0119918899527274
0.94112178335886076,1.0058123586213021,0.97562071295546893,0.99570325241186719,0.96793256421673912,0.97952701744793846,1.0002552510532607,1.0017010130881463,0.9671041910534014,0.99218369525752803,0.92752589687758769,0.98812078325105557,0.99985103652476925,0.87039783717239061,0.99080099179839354,1.0019082649425015,1.0230277815447892,0.99543010323081904,0.98790513728966678,1.020340940857948,0.97891219472028368,0.9889244771353064,0.93667704533530471,0.98258097078917717,0.97778736814282841
0.92137228657628578,0.95720136834061609,0.99285121149437938,1.0052626062393493,0.98302126359370334,0.98495781701589535,1.0138072805315854,0.98636610528649726,0.94127051644950965,0.93547548847606032,0.99142710490095354,0.9433659522490111,1.0123046307248211,1.0097703799077828,0.95978976748952438,1.0088327980288434,1.019467653807292,0.98761363252609813,1.0180581667408488,1.0068952587687454,0.9996164561790396,1.0016072027815441,0.98354802162385235,0.97593757279024396,0.98042779968903615
0.9657171199252782,0.97108640658689294,1.0109087234570413,0.99391355357988287,1.0025724011931529,1.0042561332432465,1.0177178890565406,0.9811610396219671,0.96275912291860322,0.95943450382390338,0.96648805232275448,0.9131806983257339,0.99438097323224961,0.94401638886439698,0.97533361097378024,0.97795001671623571,1.0222768085694778,1.0033694880085793,0.99525123527143289,1.0165384884157136,0.96890835756232652,0.95276421205852169,0.94680582042125272,1.0032810064977062,0.96265721886557132
0.96307180486084909,0.95455995341625088,0.98092311156985768,0.95083274096089676,0.99847575501840236,0.99707116170564969,1.0114420803984467,1.0183214735961741,0.95361593497853614,0.98215996961370744,0.96578604733671791,0.97849225025936926,1.0051429735873108,0.90978046622094089,0.97040189149010725,1.0001383128271015,1.0226052733777877,0.97183066055309186,0.99890040277803804,0.98850651931471478,0.95863346628926727,0.938894380366602,0.93646970935939922,0.96509458618454225,0.98537644377914946
0.95933479917356546,0.97244468827116359,0.98792022613580333,0.9233695167387852,0.9921759141073978,1.0110636621330689,1.0089956183778312,1.0027137083126523,0.87260051603139843,0.94872117164896674,0.9660147130589859,0.99123706715386584,1.0119308293972056,0.98636098024371743,0.97785366939149232,1.0066201778970123,0.99701186330815283,0.9909506183329746,0.9841863594166933,0.97404978568053124,0.97784813170036422,1.0042042525836454,0.97125404603059518,0.94668197100533025,0.98445166464325884
0.94189139070758243,1.0043123677929109,0.95581704657238931,0.96085750922343727,1.0135672517160115,0.99973259117909752,0.95928006832944068,0.97909512813464039,0.972567886400306,0.99016551281241738,0.98189516664774235,1.0005000179743593,0.97739446920714668,0.97153478354226575,0.96774849801827678,0.99849922321492557,1.0035524963301869,0.99216134416013635,1.0077874475862798,1.0070218691143962,1.0373326425474612,0.98928569958753187,0.9894438385958686,0.98650187575968029,1.0079420607956022
0.96694303812563431,0.95559337349734363,0.96910160445873716,0.94392789268134991,0.9923243019338478,0.99026437548898061,0.96512240369976232,0.95658658507453875,0.96796473599722932,1.0286405168662613,0.98441721996967546,0.97774637155669808,0.98082803707958965,0.98583612290334333,0.87679852701185723,0.99925844433653754,1.000032125937961,1.015960709757344,1.0104460415033198,0.99695777099670446,0.99988058276720704,0.96719520450549112,0.9601623059255644,0.99937956749633416,0.97124693687280905
0.97568540270399318,0.92992815010095597,0.96298535089845194,0.99584052520637678,1.0027994335518764,0.9889361311882825,0.95054426692680849,0.89860818992526259,0.96246686874921339,1.0081329173756135,0.95693222589801408,0.98106098267013175,0.9938222862903745,0.95129269211111089,0.91979820005935076,0.98846615138892058,0.99219636051726678,1.0030937384433445,1.0162263682617705,0.95031133445742344,1.0009208668507152,0.98050026711721394,0.98690443517292503,1.0031396248609348,1.035900229267751
0.9567991931397577,0.88604710332344105,0.97168008279636997,0.97754438323681347,0.97301585923682132,1.0140534048825354,0.99335020001742957,0.94655559558961833,0.98732757224781476,1.0041050483191418,0.98717142450051376,0.97600174447223875,0.9864828636387114,0.99400400201997563,0.99936193374325921,0.99843808669954603,0.96184590531912628,1.0006421609279561,0.99962202073354312,0.99051303857928197,0.99338601347438238,0.94986965003708645,0.95243628937504543,0.99536274886704268,0.98686896386344036
0.97279636954611692,0.95603126711296094,0.98375244157495723,0.98384315623462448,1.0029366751024376,0.95929170600876368,0.96865905427512766,1.0274083366284044,1.0170441810264477,1.0016879667220246,0.97891805765508388,0.97191455544109528,0.99202922343326139,0.97881709985513965,0.98143618310658776,1.003987279767858,0.98869705050208279,0.99667665680417095,1.0059592790729643,1.0087895413143431,0.97107665991711045,0.9627547100929581,0.97287766230561512,1.0076695179642881,0.98938924932312855
0.98972702958529124,0.95726626543960325,1.0301744329723259,0.97152258618669007,0.97202718505959185,0.96754686847535787,0.9765246129864007,0.95876344735483254,1.0052173618091642,1.0022542271371362,0.98278147828523243,1.0060528334893466,1.0164758890671173,1.004663564626844,1.0137788216231034,0.96844666335742668,1.0130287132253206,1.0007645047761917,1.0186445216823679,0.96131364534778874,0.96136027422161363,1.0190300205370952,0.98760528540422066,1.0105200566116304,1.0280222484094648
0.99690274034080728,0.93601932925864462,0.97221117628450571,0.93922691885434928,0.9688396678465071,0.99728595830215205,0.99666049150090341,1.0133219714902497,0.97862841141980283,1.0012202830142243,0.96239117357555426,1.021521387646007,0.98685386703193534,0.95838192110524745,1.0008058032369678,0.99064982901232301,1.0308880200442632,0.98184161895780053,0.9898146094692114,0.95957388864173077,1.0037393228387408,1.0276604237217863,0.9649702137202294,0.98323633899528262,0.997733120663021
0.99727302549117269,0.9996439897989472,0.96114734909115596,0.96063825634562972,0.96665956859128921,0.98842464114258188,0.99030140724504911,0.9935014827043942,0.99686329870152079,1.0138040443530496,0.90363969492457596,0.99514512965537449,1.0061972662816201,0.95695648636238939,1.0166038602655596,1.004558935111763,1.0103619543538749,1.0123272525064273,0.99224289638741103,1.0025758080944245,0.96451326731061027,1.0119289687270983,0.99949591801994409,0.99586575499324848,0.98093448053058896
1.0210082199332593,0.99677565618933794,0.95132172854954589,0.9284214060148871,0.99267967098993426,0.99090836583009367,0.96021286775484371,0.9810662522652287,0.97748722417926448,0.98884987072650676,0.98263842663616841,1.018576665943526,1.003252784717372,0.97745935428997011,0.98640494268848755,0.9875423361764103,0.99813829104231755,1.012716527619008,1.0086534111063976,0.99115651914788372,0.98179693233093546,1.0261335622140375,0.97347550624961476,1.0029574812305373,1.0145261892491921
0.97601118217466398,0.98742081327468045,0.98107712039535,1.0224656657305591,0.98188794089552789,0.96834728025343397,0.76720565913903571,0.98771793625734206,1.0003072741287107,1.0066549441241246,0.982484239376888,1.0113357386976862,0.98684136460139371,0.99053542519731563,1.0039300073044639,1.0153500841905991,1.0064597914075837,1.0038819260933511,1.0137288415096253,1.0081364474015202,0.99015026057441358,1.0035774966075093,1.0279153420292819,1.0094995466101297,0.98260358595918362
0.9722256500780353,0.98050476133342901,0.98546774648574498,0.93733485834766983,1.0224293539876499,1.0323239284941355,0.91582736731460712,1.0161368141244365,0.97354160740835327,1.0115325124273502,0.98099967868672866,0.98713212903621261,1.002930179284494,1.0079421021532753,0.96944322327868893,0.99060757013070533,0.98138306331012293,0.98576541254308203,1.016465977110512,1.014582717320138,0.98735385502580786,0.99312205964224398,1.0127274873106971,0.99479331396636417,0.96890161128282815
0.9850674325831017,0.98717006476452851,1.0122977173639855,0.97520056002988476,1.0218218335509082,1.0037898995898036,0.97846252045525439,0.99514168021866756,0.99570547090113415,0.99835265246459948,0.998436854507875,1.0093930219502174,0.97969230662411511,1.0026785623101624,0.99259590260071173,1.0005598050165911,1.0107886790748615,0.96793205776023172,0.99955272269793516,1.0153221769188516,0.98140624864196635,1.0174470605674286,1.0034030878112832,0.99194499176741713,0.96374142179548794
0.97494953266876372,0.9851208300372527,0.98082106447956641,1.0388291931637119,0.99851361313995124,1.0213230975030472,1.0042499796625191,0.981324730658373,0.9908152374455611,0.99746738468648144,1.000203647268687,1.0026136295236987,0.90259599702978621,1.0498478819992294,1.0083563946253706,0.98693929298249106,0.97799113444631325,0.99002843175328792,0.98442642023704219,1.0176674888549915,0.98066326856914288,1.0178656024697672,0.999702899453494,1.0056579220269548,0.98013593874880522
0.96310528313616683,0.97674078947293219,0.97042304664544188,1.0181457809599856,1.0186461056211418,0.99466854396165638,0.97634797296261,0.98634716110228704,0.97856172995370538,0.99638724491633646,0.99094044856961638,0.973371920641116,1.0107460547447673,1.0078862736024958,0.99960683790607363,1.0054033965337272,0.96651500493108533,0.97480817511421147,1.008179216912247,1.0084198807902272,0.92774264089324088,1.0075797783026192,0.99873180733643585,0.9833698895435059,0.99950281249806905
0.98674831449121181,0.97766202277763004,0.98645882152360598,1.0241254256144723,1.0139732731866054,1.0317296612311881,1.007455207487238,1.0182385487036847,0.98704378120391412,1.0036157967276405,1.0065441402465776,1.0030860625519478,0.96802332300439065,1.0042003953026013,0.97037105243350097,0.96274115416248307,0.9697921054199945,1.0068941595992698,1.006767368435147,1.0124084650237295,0.95137952189721287,0.989387557254501,1.025174801617091,1.0449333407080121,0.98799680066441786
0.98616388576207148,0.97362645068546261,0.95504104132956957,1.0386125957106369,0.98415476957298131,1.047836860513389,0.99671114254781623,1.0051133539598682,1.0123546604602356,0.99594418332202983,1.0072645145327213,0.97614802620715468,0.9402996051666539,0.99146611313463484,0.97023276549915227,0.9847102182509273,1.0198400260156666,0.98708596369236534,0.98768106364913777,1.0194050264016437,1.0007415919367804,0.98956998932365459,1.0365417241491139,1.0185494862925772,0.97405365093117835
1.003749525186876,0.93584327149898594,0.97444400510516271,1.0103413847700902,1.0164137693628306,0.98853896108678951,1.0047222748960722,1.006258463192508,0.99128929517015463,1.0059231424975692,0.99391300934968707,0.96176685491366709,0.92605746156366298,0.97178826778754779,1.0294616891641397,0.97898033743756552,1.0014696006686468,0.95499353116798613,0.97399580322351209,1.008022557645742,0.99086121763452129,1.0160231182718102,0.98851900960946304,1.0186286531470148,1.0007106994675099
0.98228508680366411,0.99990738579739624,0.97268827317482809,1.0254070909769284,1.00603568118991,1.002704788013344,1.016759202724653,0.98970771293401483,0.98826071636289914,0.9987062103279446,1.0079201844345369,0.95330613474256154,0.9815643106272206,0.98655313283547075,0.97763567589372624,0.99492256660114331,0.99529388295121468,0.99424642372832872,0.97183344418333639,0.99766873789235633,0.98572869879385272,0.99674170112906291,1.0057039143217885,1.0018570284773753,0.93483632651990423
0.97053968584377348,0.97404388667794239,0.98809252832003391,1.0233002705195426,1.007330739686368,1.0167898539710798,1.0027257956627091,1.0007726314022498,0.99345740651349002,0.9703363311327019,0.98088537700410505,0.97401899709472395,0.97271461118070179,0.97477393474167762,1.0223408854767873,0.98608964385986186,1.0127564672669609,0.97889857741845909,1.0167908503609184,0.99897561173558214,0.96644128206370661,1.000329978798949,0.98573196109481442,0.98901912491702804,0.88131205670899737
1.0034965489537835,0.99752120398241084,0.98626544071193756,1.0168500497830972,1.0110340155753839,0.98867398771869763,0.99551178486369918,0.99249386400332551,0.99710586941323198,0.91988781708986667,0.99729780896308684,0.97330538155734447,0.89508140338848974,0.9939946910951134,0.99985318969376247,0.96934218917181036,1.0071336876842365,0.96537853953071084,1.00286075613593,1.0024006531495,0.98670475032688698,1.0141598068453888,0.98521792826872345,0.98882785926726968,1.0024680211053312
0.98721209704252533,0.99471411877817062,0.98192316633839227,1.0078165602280849,1.0295276277919385,1.0138901186846838,1.0096735242683446,0.98389979816869499,1.007978238860268,1.0015343470254272,1.019119746847392,0.99064834071538355,1.0068564975878234,0.98697479283513156,1.001679446915628,1.001567486904996,0.97912961966858836,0.99757948443087796,1.0199056870587386,0.96639684465062503,0.97141992683421485,0.99765224135441566,0.98884164421052989,0.99011539988487451,0.9975113903718742
1.0284329134663208,1.0233257330763794,0.98383436931861967,1.0281050867324193,1.0212441717754301,1.0084791869613032,1.0100002051036594,0.98057432156780344,0.97458564724594265,1.0054371129315587,1.0034001288004184,1.0051678032090883,0.99867801033337034,1.0016484887869028,1.0027159388733358,0.97044409836031376,0.96750420066928966,0.9815508243556843,1.0195400959391296,1.0068450418801331,0.95573272715540292,0.98759317922568035,0.99155598159937963,0.99681519024815923,1.0036189429050502
0.9825586533559898,0.99267140111015029,0.99115227189661614,0.9996306459487001,1.0167277201706977,0.98916317835311129,1.0036698376883861,1.0137903637359824,0.99319284942650521,0.99507823417345143,0.99728750689041779,0.98999859248711897,0.98306736284538665,0.96710412982254468,1.0093709272904081,0.94372026155298783,0.94994127124103911,1.0051003279420923,1.0009156067516913,0.97021507883516944,0.93870673567393681,1.023050616316757,0.99600805909639345,0.99543863221365769,1.0111559299010335
0.99047286974488191,0.9856553623799752,0.98253604382001469,1.0306011352703786,1.0115550075980799,1.0130647050113588,1.0282013821555582,1.0362277957445531,0.98204152069290784,0.9624213634144887,1.0002437358485152,0.99940366328765351,0.9804575236139651,0.89781363086859434,1.0249100120524144,0.94032315007580747,1.0211616673193924,0.98456382789859576,0.99081660305156394,0.94115542237239436,1.0255570896414266,1.0055227725664602,0.99890630594180463,0.99429239382776613,1.0235696608252134
1.0154230608466068,0.98500946772305198,0.94546221106165917,1.012023575432734,1.0009245687640509,1.0199100191580286,0.99760949735914939,1.0018624531734428,1.0158861501488667,1.01388254139342,0.98663796986624686,0.96703125296471892,0.98367182504646478,0.98796928774100412,1.0183557273358277,0.97540163986991291,0.96797725471069396,0.98850516192556448,1.0043709000047814,1.0082840795253027,1.0111040021481508,0.97144746946485394,0.98187920480907731,0.99444542248379086,1.0189564054437199
1.0124878208086889,1.0105057016697241,0.96289448875415307,1.0063587441289719,1.0124622290906684,1.0299079124979442,0.9954223476275027,1.0348079654871485,0.99932027493822873,0.99343762454643159,1.0056256981070906,0.954362265555317,1.0085975152800803,0.96475633588238585,1.001950538908229,0.96413117360303435,0.98813924569038503,0.99415437593669431,1.0033321868071092,0.99469625924362315,1.0013549681476734,0.94940530473706275,0.98415752184294225,0.97005762057143385,1.0143527729079067
0.99345202184103565,0.99000440023038216,0.96666232033484001,1.0414536193986819,1.0146598117233183,1.0218882678992847,0.95447660135740364,0.99883922284059135,1.011961680574645,1.0133987405179588,0.98338945554396306,1.0026795556082415,0.99538061405012868,0.99916260220075037,1.0281182745732471,0.97245311496472708,0.9856703054680015,1.0265237191699859,1.033592334657236,0.96654663528260509,1.0007870034967405,0.92298971995446877,1.000523097126377,0.99758885451265078,0.99029273765844472
1.0013152752671421,1.0209457709032419,0.96446443763415202,1.0047183394169508,1.0114156941082435,0.97712556360683334,0.98929273886000157,1.0188983029627006,0.9923037039845376,0.97977831255765024,1.0176688983304925,1.0101644517243031,0.98697400461197971,1.0236095422425937,1.0010120030087621,0.9737466680864304,0.95704151574598018,1.0038438114871306,1.0074420770840615,1.0000186765682597,1.0165011808461468,0.99728769983739318,0.99129360682152712,1.00557959841689,1.021843527734918
0.99169309799077798,0.99862536319785322,0.965662647821798,1.0258715832428795,0.99831871603992972,0.9506504099005485,0.97397309031099344,1.0320083843198664,1.0187711511320774,1.0277211181069255,0.97152972076913935,0.96402571293272998,0.9806593148255538,1.0292893616492154,0.99072116767871354,1.0219878908809081,1.0175544220827661,0.98826843982030477,1.0001209721067124,0.9743419685945518,1.0145260433742154,1.0275848403880643,1.0161928034641794,1.00242294084061,0.99908873957740851
0.98031023161441533,0.9996875966096137,1.0287780452124693,1.0205067764139837,0.98979315334226536,0.99108327883869274,0.96821591535511542,1.0114673394549769,1.0158590592818575,0.9842777523328099,1.0145579623584535,0.97246020662249955,0.98141054494575075,1.0002674702073651,1.0170438860394271,1.0023790118415279,1.0159240188139782,1.0020608614757083,0.99288009737121918,0.97244936869040621,0.99251246300064655,1.0048411913589714,1.0132130529240617,0.9977461767046355,1.0078726400649838
1.0227927154640892,0.96446554143122198,0.99971690861670137,1.0257265113661045,1.0004011686970584,0.98670044203544383,0.99519086292744363,1.030609802044304,0.98583487866004882,1.009715619360956,1.001595741759697,0.96583036619841101,0.99672985472561693,0.99991356368267281,1.0256272320245707,1.0103563343146615,1.0195796216620205,0.98761513336746376,1.0221333091667817,0.99485763907712954,0.99307329083000007,0.9877280983582416,1.0115562985488655,0.95457732386410332,1.0134023091064492
0.99058919156770198,0.97143159868989681,0.97492489261149107,1.0214867042833049,1.0166754875432855,0.97403959582276378,0.98769680282339256,1.0220376017253501,0.94012463528158574,0.92541720494176827,1.0189562232506075,1.0234027781881732,0.97885864829187408,1.0297688058927692,1.0136228803793734,1.0141877296141186,0.99808197024304934,1.0217427679616329,0.98008640701948913,1.0001908674773405,1.0157840672792411,1.0044120234261531,1.0190013370261104,0.97229068094675453,1.04216809876825
1.019897554800024,0.95142442373471714,0.95432615852455172,1.0092849018492984,1.0162308396395585,0.97903042503756987,0.9713646309452616,1.0305915151920895,0.9414534393400753,1.0219308351218526,1.0451167176039584,1.0064383236658396,1.0080119647235233,1.0182593443323964,1.0197250397271569,0.97605736797262876,1.0044456271167623,1.027595897172237,1.0229809191462818,1.0074359593440352,1.0027177564434822,0.98896454496926989,0.98455763637415628,0.98256264827903705,1.0033033545041103
1.0089122819950849,1.0189794805794135,1.0084866539765858,1.0328135309012372,1.0185495360764627,0.94868679412960832,0.99486862779288876,1.030631465770194,1.0023459307842157,0.96500328603126462,1.0227815252104404,0.99621267483320342,0.98705052800092474,1.0255098402164438,0.98117616697120247,1.0026306060041468,1.0186186806655046,0.97891804906033519,1.0124888025594365,1.0098669528202586,1.0138035501251157,1.0023622477287215,0.98762818743308767,0.93856356318630718,1.0211928223233062
0.99590251187841694,1.0098810299876706,1.0191274453863333,1.0355322827849582,1.0203767091507732,1.0036569061772336,0.95145338836547133,1.0249038583042762,0.99043093845599717,0.99622291143491815,1.0446735224289976,0.9998143067924985,0.98823376785297645,1.0012478137475553,1.0005056988307093,1.0062842219219676,1.0373124423130204,1.0113663868858662,0.9865629432924774,1.006153425223786,1.0229157952618984,1.0184801865807032,1.0069399690356253,0.97538636895121311,1.0193518777455197
1.0219416493052469,1.0408021267067116,1.0331815238213162,1.0122912104362867,1.0216355272444164,0.98063802047377524,0.97703455865567657,1.0259339458417553,0.98047434151992863,1.0107547499906924,1.0155657648677903,1.001663107111969,0.97342723133526388,1.0137864332483983,1.0178040729597537,1.0098175228038833,1.0111576235797115,1.0357163986774658,0.97223311831988435,0.97276951022826252,1.0253389644789459,0.99008323958079458,1.0038875969164462,0.97713016002742525,1.0213746669836608
0.99475548732134489,1.0220992658382468,0.9827719723102788,1.0213426499271623,1.0098168066719475,0.99611476733391935,0.92239952922375734,1.0090801098054691,0.98689679830360566,1.000319580989125,1.0247227670162211,1.007687448375568,0.97052419805148726,1.0118962299158381,0.99130850560379236,0.99895365760905486,1.0018962658285282,1.0514391720668712,0.98881381230257004,0.98034450849285448,1.0098934708767446,1.0141780890715533,1.0034030461822847,0.99147703416333743,1.0034338202237987
1.0003379044450749,1.0061365822080046,1.0133337095884467,1.031023619993586,1.0510129926808423,0.98072638850787996,0.95773712905725406,1.0090179063626394,0.98957165281086101,1.0075448975502346,1.0063574136606486,1.0123074434570805,0.99466236914339923,1.0030743890651042,1.0005033510539481,0.97355120205337975,1.0272695927311375,1.0218438827308751,0.94050725179511119,0.98771898469165298,1.0041525802568878,1.0224004757228664,0.99864223999099955,0.98941567884977144,1.0259714878623551
0.9946445999495257,1.0553685819442737,1.018057916089135,1.0292086728646532,1.0397081759618585,0.95905561847946807,1.0216897464440224,1.0230691684564173,0.95846456105059485,0.99500191105963776,1.0099090862401778,1.0104505763782037,0.9820827356231655,1.0006627372996884,0.98729732296543704,0.98648913623388845,1.0113063488034795,0.98219455970456071,1.0246186136224913,0.94497596199931377,1.0073611719870668,0.99968300985226921,1.001654032554651,0.98693595398377454,1.0279238144312988
0.96717407686252299,1.0110803187402406,1.0099272793833614,1.0246637125735356,1.0430897166977309,1.0033122088503816,0.97632319479504126,1.0294233266640223,0.98897382879553319,1.0104454709659951,1.0390747600618444,0.99786115123753227,1.003983531161218,1.0241244447083591,1.0203714297023267,0.98693504321005954,1.0287758752303999,1.0052836273312389,1.0164858725960724,0.99011065087748851,0.98992956220494766,0.98057741114784069,0.99238374434634002,1.001223468300023,1.0257902732726667
1.0034687478496036,1.0020477484719748,1.0012938450055759,1.0193819267639812,1.021756822726765,0.99072137821582384,0.98011819604469486,1.013710428429782,0.97173038231650588,1.0003238381742867,1.0310680806456467,1.0077612168366898,0.99531801960116684,0.99879444500405878,1.0149082633045619,1.003321598539628,1.0164653451976258,0.95292578008831608,1.0185885773451897,0.98680090948432164,0.99766333502235427,0.98802538684729346,1.0151624834380584,0.98828528779710889,1.005683942752569
0.98738891319970834,1.0272164246031532,1.0177496054887234,1.0338310674446678,1.0202260195182149,0.98339132670079965,0.95664109849057755,1.0186244887698521,1.0024645045450999,0.98513447294972067,1.0315766459699403,0.99524091184606167,0.99240081222949439,1.0113355967518207,0.98235854439042936,0.97097715584728139,1.0359164813476136,1.0045691295383397,0.99329488540479882,0.96246507155240235,1.0217109542484528,0.95855650447777463,1.0039478186351571,0.97049335322005814,1.0111751563957618
1.0195476250645061,1.0180344662534961,0.98924685743522656,1.0116082544710241,1.0099105819231862,0.99972578243829946,0.96428834428721832,1.0333403039561253,0.97934709470003722,0.99987432235909857,1.0111245698308768,1.0167447532965477,1.0067923638021887,0.96871679903686558,0.98940636645838531,1.0244822173157584,1.0360902603483777,1.0136953865631633,1.0273004606457632,1.0304899385655348,1.0187602526098647,1.0147678512871008,0.99431700120319,1.0012757406046051,1.0130198275113151
1.027107438742201,1.0174377272579165,0.92541743919493824,1.0346819778087015,1.0023398959021415,0.9921087858361719,0.98847321844017222,1.0134632972513928,0.91938381763614585,1.0149566491782713,1.0290313576393701,0.99345394001312426,1.0030770731620291,0.9917082130681194,0.97225917112709237,1.0165948590088083,1.0122199369557299,0.99069100767396678,1.0335489700289975,0.99381588671143772,1.0216201382155918,0.99784534358170118,1.0023947191524882,0.99332388370559543,0.99325854131005098
1.0192989263971308,0.99947206808422395,0.99817544659025403,1.0077017207437953,1.0210590836397524,0.99666290690097081,0.95307991050612018,1.0230369976754998,0.93254908574112516,0.98977517687138705,1.0338554656306982,1.0144973096412722,1.0048441727356936,1.0008897133831847,0.93564624013410791,0.99702242760459436,1.0111341639353182,0.99038585795788547,1.0142215419588125,1.0352984035553898,1.0064682324652976,1.017214842840354,0.9970954555395779,1.0071742427930273,1.0100910140399459
1.0134399272339156,1.0077725115967335,0.9860628523827718,1.0273599057464333,1.0296613108831345,1.0012095993817816,0.95215770257559729,1.0212121906523925,0.96175898580737484,0.96735249872546358,0.99141853712881034,1.0020516375991948,1.0034598284532545,1.0065080841769358,0.98964121387186765,1.0269729590759344,1.0216651389943692,1.0141107252764718,1.0096329887567688,1.029061129993736,1.0126425847233373,1.0105749752018949,1.0245315443184917,0.97195638338200852,1.0226624418632402
0.98388322354417423,1.0277607588652147,0.95271686047974624,1.0283468229323487,1.0052195334851106,0.9885704615644203,0.95630575794628059,1.01541154258986,0.99752645680203655,0.98304520205268575,1.0287034298276516,1.0143566247934024,0.98371381711479911,1.0063699257854746,1.0116593852236515,1.003889287075916,1.0188411569797611,0.99931342293931757,0.99489678997570152,1.014240031962615,0.98712634324211268,1.0117576880217605,1.011675894073335,1.0152552370631773,1.0187858209935263
0.96236641167932446,1.0411222621013705,0.9857721695846331,1.0400943708791683,1.0263755130300376,0.99794298118357372,1.0246661781050579,1.0320870721815605,0.965073486862703,0.9868099460241585,1.0227252671828737,0.99682098979975753,0.98844795184038114,0.9775726747913418,0.9600327958072673,1.014157095314193,0.993948270210255,0.99784485666227363,1.015139387414195,1.0167186233067782,1.029332451774587,1.0181022503394659,1.0086013667154676,1.0164891908358025,1.0024461187849127
0.99804866843299456,1.0239166932097723,0.9677181220775759,1.0516428932068802,1.0086222479693039,0.96585542194160823,1.0044213107452669,1.0233810812087298,0.99986648578517534,0.98827538134856663,1.0119171796197075,1.0074281435648664,0.99140517233245706,0.95687974231837547,0.90031841365780041,1.0377781265712331,0.98449128273502129,0.98536324618251103,1.0446819064647557,1.0333276106956863,1.0087550975068493,1.0027638228321629,1.0122854410267883,1.019306800146897,1.0099822009583781
1.0204513576173517,1.0346079956630683,0.98143350445802136,1.0365550271471329,1.0020105191746205,0.99766922311117534,0.98822094712442299,1.0214918305240819,1.0028347180610162,0.99297706247477957,0.99371736625223872,1.0003339173579868,1.0052683231717798,0.93294533489547338,0.95326912752419923,1.0263877389023317,0.97201272837951103,0.96019899692557409,1.0031056923457802,1.0312454530219479,1.0208937892182075,1.0071292444905766,1.0155592488874907,1.0055143596588108,1.0063497915149737
1.0213204697871361,1.031608424738621,0.91167623981383339,1.0355381495262754,1.0037802548254167,1.0268480822893227,0.96801862278044293,1.0123069140936607,1.0173381319919712,0.93903229739487337,1.0152295571173597,1.0112754961267301,1.0003941720968936,0.97976658180897958,0.97150380633413402,0.965365290303006,0.99354093352046191,1.0024064250364833,0.99822893807101754,1.0084091275917619,1.0257717586443516,1.0149465352013429,1.0126273883780617,1.0167291337547066,1.0165751978264532
0.99144567411580264,1.0370939711385345,0.9746964976039354,1.0265192536977397,0.99782132632752629,1.0216630308149413,0.95474686004314291,1.0107615409334332,0.97000871606297379,0.97928365940032991,1.0057542854371821,1.0204375626151956,0.99282531649073857,0.96490940340133713,0.97483006016153195,0.98179677161431933,0.97977455312056905,0.99594839279451086,1.0405379571425959,1.0471041497775999,1.0097879256185203,0.99546735113984153,0.99710073858578996,1.0152265223060797,1.0092742130422541
1.0209116051955858,1.0277142689906029,0.98546990096596265,1.0200607406082212,1.0254124528584314,0.98463509696857598,0.93916771066120253,1.0365301572392458,0.94364447550666408,1.0014717631802132,1.0347668432982167,1.0090323998386539,0.99018264880188678,0.93588906149897821,1.0227889315842016,0.97151382580921763,0.98005823968856665,0.99944940800561821,1.0173369697322101,1.0378067444645935,1.0398422179520939,0.97933106078095011,1.0074132840376575,1.0131410639775005,0.99629153692723593
1.0126094582007037,1.003813251056177,0.9670897560361188,1.0217956347485961,1.0140153074861429,1.0032518541797348,1.0046051815333226,1.0269329955337552,0.97925088543425187,0.99575190573617367,1.0398330909634543,1.0049729472559759,1.0051278437327027,0.99488446002446174,0.99645646171524549,0.94068513810318,0.99348445778582239,0.98644339268756409,0.98504278711713011,1.0236465311062208,1.0233808319429982,1.0173234924316257,1.0110880866084822,0.99889946587610368,1.0089751812912424
0.99845269607124298,1.0416757570594468,0.97889427886604263,1.0119579390017923,1.0145701907104454,1.0093727766086489,0.9954090035370381,1.0216313805510009,1.0120615090949439,0.97113503475962448,1.0272832208016329,0.98205867016861148,1.0009593521299629,0.99695734500114275,0.99391257682514511,0.9459566439297199,0.98898658827415964,0.97284656376488554,1.0486647557943272,1.0292274375978687,0.98943295585955182,1.0195113780340701,1.0016297390394135,1.030520734295155,1.0127035037942438
0.99916881182200412,1.0313942023850053,1.0245393455621008,1.0129150180196655,1.0048610488683014,1.0271569643480964,1.0143039248704118,1.0255619419675179,1.0033787188675618,0.97847836472332395,1.0300596147915579,1.0043327404044891,0.98834105128771166,0.98243001603088254,0.98309132631211582,0.96582144228752331,0.98913962720097426,1.016348001225994,1.0145554218996626,1.008144540958154,1.0060059034457902,0.9820777436451027,1.0251588036251054,1.0156994277709488,0.98199145570346635
1.0087527922296018,1.0128416244587133,1.0136684270497558,1.0149956181782114,1.0087002442454893,1.021138912668617,1.0358411828270846,1.0073329822054455,1.0303225969642165,1.0143227441070979,1.0367181682907318,0.97341118095022205,1.0195096781074726,0.97621607479988137,1.0026316419365393,0.99887892775678955,1.003014183043849,0.99400107156058626,1.0246765097314308,1.0399939956107001,1.0265324926950463,0.9842266786809577,0.99450261220384184,1.0086382427436031,0.98413164841865286
0.99395831094219056,1.032930502387186,0.99905806295875643,0.99125198911609702,0.99975059353778462,1.023452156722225,1.0239946678249068,1.0290007657979525,0.96597976723915735,0.99546514970801814,1.012636944816601,0.96699082890636701,1.0070884588009317,0.95719388226170199,1.0330685063474125,0.98889946844081444,0.97717378578729852,0.99047339695955905,1.0067371704954111,1.029089800775101,0.97903666453876959,0.97911664485776317,0.99980602624867976,1.0049545148998422,0.96449550824062202
1.0114034833896581,1.0182377753837972,0.99523647137641702,1.0410581893645059,1.0003991222185451,1.0387749469442633,0.99290303227745913,1.0164554639953376,1.0090788506366386,0.98065313656585729,1.0357007943125871,1.0096319558674889,1.0051372287794893,0.94843699305809515,1.0284464014222576,0.99329200888726787,0.98553846882305174,1.0078993901046924,0.99965770167181833,1.031888733430556,1.0216159638793121,0.95778353012394901,0.9956733217911734,1.0161966962492006,0.98406226002168917
1.0022820668725458,1.015072637251921,1.0109238261527584,1.026154299145992,1.0164323648838811,1.0039548235962248,1.0008729364286229,1.0235747936724771,0.95843545709280864,1.00212223779482,1.0109381973624225,1.000520829041271,0.99767036340720283,0.97268834206307475,1.0080601253686772,0.99047607453885989,0.98603568063696689,0.98293392662076218,1.018306484564045,1.0177245102627874,1.0218440159319504,0.9673620670654749,1.0150206291474992,1.010592466956826,1.0006858993684495
0.98952945794852865,1.0292430100689158,1.0042605729062395,1.0300407857197049,0.99447223405032459,0.9960015737601724,1.0090828836506351,1.0117442506594398,0.99575264264410712,0.9620727326719748,1.0090278260676775,1.0374548665911825,1.0140821570557013,0.96964722293948646,0.99834250819139392,0.99378657311558705,0.97141191339022059,1.0022076689340329,1.0183315205117347,1.0344412411424457,1.0375969042831263,0.98453247040696368,1.0049798912326964,1.0259839071829229,0.93453474533490799
1.0066004385074034,1.0472421537844789,0.99539564916704026,1.0243172242216032,1.0092689348927564,1.0046174763320386,1.0320673848068513,1.0239999290376089,0.99534024064884685,1.0009893810395696,1.0214158361433148,1.0063881246769131,1.0208063487237644,1.0043899798737415,1.0042436847283063,0.98902371997704386,0.99124753527160836,0.97869001886060381,1.0085180495354655,1.0196949937662028,1.0218620134545329,1.0191502957176795,0.95956119212691726,1.0284144873742724,1.0010811179839807
0.9934579485520435,1.0186540213808926,0.97276724566866701,1.0098379060880396,1.0115150190555924,1.0032550276779253,1.0095064886236953,1.0293609617651494,0.97259189856021433,1.014261495660141,1.0249014601084339,0.98053289263139876,1.001314647755051,0.99878533547519854,0.9839087132883102,0.99855371693218997,0.98117629587358601,1.0350364117989335,1.012376492163672,1.005435802441224,1.0323219794016283,1.0254772136174157,0.97000753785356786,1.0056704436631592,0.98355127796386932
1.0107426705714688,1.0189305716938015,0.96224920004159609,1.0192038518292601,1.0128457839357514,1.0203869326695223,0.99163800312410755,1.0303381654024437,0.98364792430407899,0.99929962801795225,1.0225870051056123,1.0008067004122099,1.0241591010422098,0.99084533609969416,1.0112207362286882,0.99395066113786645,0.91884852691829433,0.9985752474616274,1.026298681725488,0.98145290430168086,0.98086728662211342,1.0099754766149172,0.96524479311480282,1.0080464109678546,0.97920157960051013
0.99693333537473738,1.0107466781881875,0.98771703219782636,1.0158829274925869,1.0278294094192477,1.0150892239278324,1.0337334276657348,1.0224564154931228,0.98751144719979378,0.98937676661980223,1.032629262832347,1.0138444484813645,0.99844342670468633,0.99987419927451004,0.98465742565827963,0.95408793973853412,0.95920335386974476,1.0055305731392399,1.0039285388882546,1.03594688543366,0.97462416152818787,1.0355534932220465,0.94004903226908776,1.0072551571386905,0.9745388154168434
0.99349101660631312,1.0314776239274686,1.0024962920980367,1.0224867404695257,1.0171122601846043,1.0168658017595487,1.0017186426827409,0.99835233206510188,0.98087360578393001,1.0054077161838508,1.0425602363481186,1.0083703196901552,1.0064357399533328,0.98291023167525615,0.98827304542389516,0.98579663687161723,1.0142782761158489,1.0357630049784494,1.0268788675108729,1.0284403558825272,1.0189636765509387,1.02941318363442,0.97580003939348525,0.97663873602185636,0.96403803027476154
1.0120490002345828,1.0242986021590554,0.97105544740928362,1.0397043923422291,0.98499076966602805,1.0138867871537474,0.98951952827568324,1.0257583122950984,0.98285860349053034,0.97545510610313491,1.0289560079340563,1.0225321556192446,0.99007147396059125,0.98010093719291125,0.95970243041336256,0.99307687503772102,1.0040917580539928,1.0248026362105309,1.0035826954029687,1.0300031751612635,1.0005649780074628,1.014935849126245,1.0252640054914017,0.97626250321729435,1.0066583251895764
0.99508767092022044,1.021612718148206,0.99941756296920981,1.0233169030267044,0.99286237410830136,1.0085011944034168,0.99116417464829476,1.0323040286245002,0.97678775781414917,1.0130905791577498,1.0084076124035786,1.0089940306569534,0.98650400396735249,0.98601542517856089,0.94621082032750325,0.95931797271533237,1.006799756672027,1.0445986123900477,1.0165956500606621,1.007128936433096,0.94655126541274948,1.0182707938068656,0.99813481814827187,1.0328933332603887,0.96931150062576621
1.0056856161197558,1.0002282454559435,1.0228782272310288,1.0318396872199271,0.99845008932567392,1.0187756025454624,0.97247502440017908,1.0292742522147265,1.0193483505061405,0.99577075701943485,1.0026227669456726,1.0329726289144083,0.97130454902805385,0.96264511123327323,0.98470758065363373,1.0013240453284336,1.0121227157231489,1.0043212685994212,1.0097389386952125,1.0387105732265673,0.98577875051966224,1.0064227535999759,1.014027815407293,0.99433318611783839,0.99567836689623102
1.0186743287329585,1.0163589519868896,0.97376157748021408,1.0319815846276141,1.007739728129569,1.0038988423885138,1.0178322026846924,1.0270745374656907,1.0163102491534237,0.99555033271155868,0.99445584304011025,1.009168799460715,0.955071245170934,0.99953632342351684,1.016980773665995,1.0149772912648671,1.0181344395438174,1.0201300297612697,1.0115572566686934,1.0343133792722814,0.95616291071331438,1.012471326937757,0.98429878887218047,1.0055598744346372,0.99180839495144124
1.0202000561527591,1.0214414698086092,0.95596591732029157,1.025052753949083,1.0041711188356444,1.0189576148302133,1.0311397779537321,1.0184216623312377,0.98979364792964408,1.0019778133111885,1.0041139592553283,1.0150740192841845,0.98557189338941142,0.96032730321726145,1.0164025197646875,0.99722885310619225,1.0044463117587055,1.0167122214923365,1.023691551814619,1.0245051371920886,0.99517770586728471,1.0123403875284116,0.98490907528945748,0.97250582979125999,0.95469448722118078
0.99594079339314012,1.0381817153013413,0.99350119933942571,1.0017266731157621,1.0179548202933637,1.0107677864783835,0.9964552571121702,1.0377481331955247,1.0099554183865436,0.98594291052053684,1.0180154786940474,1.0326371638255545,0.99159199978660517,0.98534630182874672,1.0069325417261654,1.0053360671604932,1.024136909628717,1.0027467162274533,1.003581909880749,1.0080209533764017,1.0022901712472307,1.0075204916272882,1.0155291027898112,0.99617693395517659,0.98453547067139935
1.0228850191918144,1.0298146122710263,0.95987067664348602,1.0242355976555946,0.99306355963506332,1.0167596035634066,1.003543346376816,1.0183691739489429,1.0181578596055803,0.97205140621197494,0.99923435442187036,1.0194544560889589,0.95549899393619186,0.97460328907393445,1.0170421497966771,1.0004032775864664,1.030517189270324,1.0087940559120596,1.0120571757293975,1.0035316647213195,1.0071141876524154,1.002763892424275,1.0161305118643076,0.99002287891936236,0.99625462636466577
0.97344930077993386,1.0179181141450984,0.9938858201786257,1.0148844396838124,1.0184436451842265,0.98982057950090585,1.0216739353929551,1.0458407014808204,0.97942407200590864,0.98979891172917212,1.0260030063638508,1.013145308519634,0.96027332664419862,1.0459876186038952,0.98578531926289015,1.0122037875243428,1.0013752288719746,0.99101903367963073,1.0136943504385507,0.98105221928933894,0.98708295029358439,1.0029283398664739,1.0008831865821985,0.94745024833349589,0.99667595409917442
0.99694171786521968,1.0313982128762369,0.97700324770576596,1.0197445393729796,1.0386669881307093,1.0124964409856527,1.0074207830039075,1.0291979664830264,1.0259335607353561,0.99387921565645432,1.0277790420992987,0.98137514022356376,0.9695725684530121,1.0198377968003343,1.0154139053806788,0.99959426330068413,1.0093110421301839,1.0229932838676947,1.0310080092542264,0.9963996449879492,1.0308656694156604,1.0083208818339824,1.021864363165901,0.97631649482400795,0.97720534872568232
0.98236154474153248,1.0303731830398424,0.9915235589360416,1.0208931439091651,1.0109063675723509,1.0138718610849613,0.9823016932452806,1.0424177954949054,0.97661983027074073,0.96984192571323824,1.0171017736903993,0.97393549824030479,0.9942826213474748,1.0327685160081392,1.0085918644175496,0.99386016080369399,1.0055157637788841,1.0115905913076504,1.0397086454344218,0.99532576696328101,0.97613157700566278,1.0034718974069485,1.0103100445465953,0.97551339391200997,0.99785836627497881
0.97963781958051832,1.0474815864427094,0.98219086522308297,1.0218327283390889,1.0230115373119104,0.99210709097423178,1.0186974555066077,1.0237534387379199,0.98618655401167088,0.95455342738905602,1.014618341704828,0.99342745853650183,1.0060058615490601,1.0099461517023809,1.0215378858622237,1.0172392086610673,1.0094753420451228,1.0226348943839119,1.0289277442454305,0.98213542569462775,0.96090208225446527,1.0047023099441363,0.9981879629015904,0.97762923737323981,1.0139168910901903
0.98385981605212014,1.0304071056410211,0.95206573028810482,1.0116489341727972,0.98911274320610609,0.99663895727396012,1.0126315724265316,0.99800630054582051,0.98111173363089466,0.8956292287437958,1.0101098677887186,0.96873881295801223,0.98008340799001692,1.0189811068723478,0.99728532583937479,0.99915219852141524,1.0045960986024303,1.0201363530873817,1.0457010775190239,0.98474098882220873,0.98336919619215335,1.0316356970399325,1.0033769436139544,0.9514526317695492,0.9717435357942712
0.9484887586911982,1.0169812027622636,0.96303658123024538,1.0069991750646898,1.0182615995001243,0.99951677515804216,1.0044119456089189,1.0116437849707587,1.0126841195522072,0.93478327509652792,1.0321535675438818,0.98434582618777378,1.0005331929196142,0.99374561122622862,0.98902248468601006,1.0109228653402642,0.98220726644029166,1.0021545625816464,1.0128974340900843,0.98483653486077605,0.9562110303806034,1.0360518531745895,1.0120911025192976,1.004039347885733,0.94757037880272565
0.98131394339061562,1.0290579242250819,0.95711139662236677,1.0104732144893946,1.0107975871044201,1.0229525580868537,1.0325604350504964,0.99777027502922933,0.98301020442219911,0.98947951760278863,1.0213153385483618,0.98433879811094349,0.99548699997842516,1.0365864519286088,1.0015526489744038,0.9895152350674391,0.99244341293253679,1.0306328846327291,0.99725139222942238,0.96300615831361591,0.98635092294494819,1.0163267573469259,0.98190880118663948,1.0024584385261464,1.0040008265692784
1.0000075613559662,1.0400442505291971,0.94445308267465344,1.0213148392418903,1.0058916674124196,1.0143678018410944,1.0092867661434315,1.0225125476728809,0.96524981439983581,0.98165698220780007,0.99974118863845929,0.97465528697638759,1.025482889393903,1.0067332953761778,1.0146122953457255,0.99712917106750054,1.0047739558673463,1.0033833482288967,1.0178119731334561,0.99032389688068101,0.98953161754083618,1.0429056541229258,1.0124470606755449,1.0097203762671869,0.99221296800177883
0.98297946094981037,1.0425618252695386,1.0054372650734773,1.0322048071260352,1.025473664601056,1.01072777883409,0.97529534703756904,1.0359527999692935,0.994954274854007,0.98932784882797242,1.030993109808146,0.97782714394689019,0.99942067396540779,1.0113872033297124,0.99704015156994941,1.0076347154568321,1.0140539066588103,1.0023445183591408,1.0346271333440518,0.97959800451181822,1.015128650927233,1.0214450717038275,1.0240031834078003,0.97578490098722259,1.0411040863527941
0.99203208381404473,1.044145094485214,1.0123075416641691,1.0416994492807181,0.99714448701767211,1.0332023240623327,0.98940574582484719,1.01804198208417,0.97586211041702575,0.93050513540984514,1.0029269589795511,0.97339189229532264,0.97492615681950789,1.0251634386386159,1.0068282983683505,1.0014317596418838,1.0145763047195744,1.0065655199164698,1.0004210181931079,0.97759711157107609,1.0077628994855699,1.0064448247466857,1.0031845961267287,1.0214155013409107,1.0013413250618692
1.0118968299120819,0.99396374544204125,0.99720024144970698,1.0153618146022179,1.0061842979663282,1.0056688980357162,0.96916512931862653,1.0304503946057553,0.96398365090353089,1.0136127720077759,0.9887731457327531,1.0164118496148897,0.99734164117609181,1.0096112786147122,1.022956089142963,1.000016027590777,1.0249831815273751,1.007390121979755,1.0140443790172988,0.98175771536081957,1.023357422636981,1.0043234516373623,0.9794028843199909,0.96839250486377215,1.0177658680441903
1.0246743880750262,1.0079396801781795,1.0286717940909504,1.0283961094722909,1.0256438963763499,0.99659762936028573,0.93437889330372326,1.007359500458096,1.0052007395347959,1.0083039029147662,1.0231861015655479,1.0210732858427072,0.99620596401752115,1.0369178124636305,1.0057754540300745,0.99685773934041544,1.0309601427207979,1.0253852913088928,1.0388255144089493,0.99284251926653788,1.0104085435231278,1.0096536386922224,0.99777135947499962,0.98474201580797205,1.022261924240419
1.0233922371479525,1.0139603949848401,0.99792245674799596,1.040613342384632,0.99883255459447606,1.0021212933738328,0.9948295160037437,0.99846703972978235,0.96770145249331008,1.0154326477068152,1.0335932663460559,1.0022677687351134,0.98647713907132439,1.03896994532292,1.0002958320152775,1.0059910532720866,1.0075734721568002,1.0114730124122617,1.01959747865765,0.99241485825803966,1.0142313606489968,1.0067687730830559,1.0055970106341179,0.98638992739846898,1.0307495452621627
1.0203169743627578,0.99881640377487979,1.0009924572717857,1.0244806947923513,1.0269584131366332,1.0161632529543867,1.0027344804033025,1.0273843124167343,1.0091253563124798,1.0090447591684681,1.0321276537127066,0.99097732620505885,0.91607767302670817,0.99812984333421462,1.0084481384135524,0.98182119340748508,1.0055161453176509,1.0098656323835005,1.0162244241110991,0.97660883606602256,1.0053668010624872,1.0299122735737867,0.99724481650999985,0.95092833369001672,1.0032382557577018
0.98274256193035459,1.0361480114681176,0.99937373513354555,1.0258601411103287,1.0228983475602254,1.0248807180508923,0.99071544045357107,1.023546385375806,0.99473112494713112,1.0014062980750229,1.0116037121482688,1.0291077384879246,1.0018896372014066,1.0249208590864165,0.99212091503922606,0.97094646769971105,0.99727735639404524,1.0006185581739588,1.0279930994775646,0.99535154706431639,0.99599907032911206,1.0388783156753494,1.0022174489923015,1.0127095780591298,1.0196466249897365
