0.76611276354562752,0.70866264536190815,0.77828185873387312,0.81037129142621533,0.53917689888090592,0.78096696964699563,0.84168819999707178,0.80586311611714256,0.5772706971106536,0.82963679054056372,0.87149707129587972,0.61412604190185704,0.81122135491919556,0.76656886952314529,0.56012611445888572,0.73946192774648056,0.60128597149326668,0.74622952499009043,0.82934185473743105,0.80602566721234747,0.79343714122886044,0.86107426780583107,0.82887426459309754,0.66209964247366926,0.81357344410622989
0.78817363254172546,0.7127559794493471,0.74633181036528995,0.79931583299299569,0.75845456521275312,0.75141860295724461,0.80741471555546973,0.70904156159167431,0.82015933617270964,0.82997375599905165,0.90967813633834882,0.63822605258104781,0.83343282675047714,0.76162632037229472,0.67792789566354472,0.73892935596483511,0.78018569806592264,0.75596205558870577,0.84973014245357603,0.74565502330336098,0.80180603598369826,0.84931509961677931,0.80146780665412054,0.71398125720973005,0.82134735957055272
0.72303184494950801,0.66479886829457868,0.7852042568526133,0.80922943068940056,0.75068597265876535,0.67587290507929521,0.73949187273183936,0.79702741496827489,0.80068269967897121,0.82902401610392273,0.91806922348874576,0.6728678799979172,0.83978908055509627,0.76715114134112483,0.75532679737610042,0.75135160572825155,0.8072034387016096,0.7182379356081392,0.84846032278394168,0.77051041988332947,0.80626149792628776,0.85382587999653758,0.82629090658785764,0.79107134999912243,0.81867880797981218
0.63058033418244119,0.79221865276218528,0.76355895508841454,0.78697234999615495,0.69388543675318981,0.64889584553133361,0.82799551087933443,0.78418161140707321,0.82477159741229245,0.89903671662563134,0.85110114849439589,0.72866123108089587,0.78272948046953095,0.71771460893715089,0.73499521873738816,0.73555362026214077,0.84719125678011264,0.82265899412264742,0.8222659874508248,0.75046290448754416,0.76754444521026144,0.84290710312100481,0.83601874167637502,0.78102500410180842,0.84889667742724384
0.63595380806598534,0.76640579495919969,0.81548741818600601,0.79995969734224459,0.74832985581575462,0.76584288596708183,0.80096509434508711,0.81693021118650355,0.7888516538177236,0.86386086265288753,0.90432333775572471,0.86476282479097388,0.81634864506301674,0.71141102429897529,0.73911845928335951,0.75837448844662025,0.85254681688994705,0.81243987882367275,0.84123517669830195,0.76741349777127577,0.77846294587954989,0.83461581341365376,0.82810717348208829,0.78512030998673588,0.8716811826707348
0.64662433855644186,0.74590733935532338,0.75900622123035821,0.80195230703687748,0.73786983488161528,0.77477382383850357,0.79279876544011629,0.81156012917239939,0.7771717471171995,0.88670678463426045,0.895715859840988,0.84317903143702433,0.82682174222589677,0.82836405011958236,0.86980306366721971,0.69993528924509707,0.80827911239664307,0.83304419136804009,0.8451874838216078,0.78093705127455371,0.7964823022195936,0.85116166860349607,0.79168164229263016,0.79130568013337532,0.83798537926065109
0.6295165918230905,0.78840072528894523,0.80323537111936938,0.82362048626548212,0.82108824715444462,0.78737159479823005,0.80964479016963731,0.82566671782851841,0.77308375971603138,0.90687614894971236,0.83946551571945804,0.80778187802894674,0.81622986285443611,0.86210672829866153,0.89165880127649544,0.7670709311770284,0.83586719396119646,0.85847640486705401,0.75968242807609576,0.77664416215967669,0.77562055029312449,0.84590580140834837,0.81001180785393545,0.80648170495852489,0.81966748075253282
0.63938102937727137,0.84872130946594182,0.79657417829960875,0.78138264731042972,0.7975811798154161,0.7930881952119182,0.8449275149922939,0.77207312655833193,0.7541917210774377,0.86176802030615107,0.90258770719091408,0.84338218123017772,0.8337289245837165,0.78392687186272547,0.86615761339902408,0.7302146924390861,0.86468690849398688,0.82340395770028496,0.89555631844563,0.71488131754325046,0.9537155553413984,0.86818612090395642,0.81848578981679598,0.79185244317770276,0.84317156472543231
0.56422380279129247,0.86497636155318891,0.75959822721147585,0.82940208543837246,0.78283596208880646,0.73456809696400671,0.87646052476860647,0.81282108808543385,0.628173691019424,0.816781439774943,0.87373882895657962,0.82768424110929439,0.82842121411618452,0.80889685859061444,0.82428074123191064,0.82117722213541999,0.88769338502572048,0.76190306939397201,0.8646500700545644,0.7284996985366643,0.94799403258661141,0.82751438896479301,0.81147982564154986,0.7803875591702506,0.8261654029603489
0.63243984590966096,0.86286774684863832,0.81037145467127125,0.82830005354359337,0.815854464526379,0.76841840305963327,0.84528979668272275,0.85365913682173311,0.74741988962162009,0.86315717098355926,0.81797202103453115,0.84105906088397731,0.83235007469653355,0.82188436011893584,0.83749976442082574,0.84573055712957124,0.81101466821948476,0.81305458744404391,0.87107928119882949,0.92782492564225194,0.93518608182264573,0.82226594086421756,0.81738842706959258,0.7827537800699661,0.85427857229341475
0.73082586878208844,0.82447470759894725,0.72039263592162339,0.79966827046225031,0.79367222267968807,0.59096051808717254,0.79728825588722674,0.82657266694734444,0.82828978770540229,0.87578137450015869,0.90122698821922409,0.82420255662278297,0.81818474569525546,0.80437169313353374,0.96099723813741156,0.81719029279219479,0.79770311716278208,0.83733536269784292,0.90371097894804175,0.89900136936941255,0.94646273893002808,0.85062175942502283,0.82374702914607612,0.68889067700969675,0.84507047946801239
0.92722706689952261,0.85383857720988443,0.73339111067127793,0.82146741531987311,0.76043766408187785,0.81509510002853891,0.87023688925079035,0.80182422865415082,0.7802664847789611,0.86913532279585903,0.90601724366066916,0.82707165178847286,0.83634897239543304,0.84243752573530895,0.83117184603546024,0.8244151416511637,0.79801671598167856,0.79724983464025045,0.85828602214656957,0.9061898721216779,0.89961021883258441,0.84303770145190415,0.78808601364797426,0.84803696115148752,0.8140697076853497
0.93990308075593887,0.81525331936796708,0.84387413126876454,0.78380252701941977,0.80761764941860215,0.80239336429570562,0.86202447971931206,0.82557312895834734,0.72377393163588033,0.83928887167042754,0.87801234666649397,0.80644695489606866,0.82026145678180085,0.83377267505994757,0.83267724231332596,0.85202584317147356,0.86223117453179576,0.68019108215995383,0.89645746961188921,0.87598652863962723,0.95503590417178419,0.81475166659133191,0.73711407921655558,0.74776180737166031,0.84545748150803479
0.92482500328607831,0.87674212115830696,0.85593169789146084,0.73135417242706002,0.83986173939585052,0.79756148311805675,0.84127655567489712,0.84020173358516903,0.83186032475669625,0.85748857124040134,0.88773655860341993,0.82104535226594355,0.80210149926608587,0.78754725722727759,0.85348487451015997,0.82863063562631345,0.8293617368040811,0.70442396774241711,0.89633224100174969,0.89980907530356935,0.92867026035019318,0.84213339549738198,0.65008598996485467,0.80299399484561829,0.87713857514517735
0.92114210025147947,0.86738024253086043,0.87270750509117145,0.80269172511892573,0.90240384950417452,0.64667217212454053,0.82978649772794644,0.82270076929054059,0.79331823996582129,0.86217921096592298,0.8100963998346945,0.82528665312028093,0.77899259545575572,0.97512138009864269,0.85988388515897818,0.8274366406166338,0.80150103294908781,0.80243993831046856,0.86752935330029335,0.90597247808840053,0.90770894859262452,0.83344938013749781,0.71004897043563597,0.76986568477556971,0.84997088674636168
0.95313195880357626,0.83833634030917692,0.813625721656693,0.79907259287070553,0.85418614666199966,0.71730184100232652,0.77423476410599279,0.83831013290372514,0.89001032267783298,0.86083444025630029,0.8567418448284202,0.8108523488105871,0.88652871774927222,0.93602062414750464,0.89946293719411763,0.8521994545350251,0.8755415442717922,0.80072766647470695,0.87774140918103305,0.91148369072279511,0.9465291269412679,0.83671918614468699,0.79774104808420054,0.64658781616093064,0.83465406908136697
0.93180287691961072,0.80918931457609988,0.86519544289058559,0.7800794271908652,0.9033367781870002,0.72872536014848888,0.89608427674221491,0.85007579040451098,0.94248011482691141,0.85201721721069945,0.9028688936433924,0.85079540527402886,0.95746573672587398,0.95516404842638547,0.86692842042850415,0.83839799676478921,0.7740808901495968,0.81482864778162056,0.8678226931969546,0.95678932763927504,0.95334414058857131,0.81726583628926608,0.8616104009953407,0.79023542815010994,0.87916496731951688
0.94855149409919148,0.88324633165640565,0.83488850866230924,0.83687465851279763,0.83358082622318241,0.77184318406649299,0.83281820483870417,0.799670775183557,0.923193030860745,0.89157930872190749,0.87207876847725607,0.82433558020779596,0.90925480467590247,0.94146290677601752,0.8798465426413673,0.83305090206627663,0.91509914973729289,0.87699915566781728,0.89672962810365353,0.90757181958420585,0.95168169111329948,0.84489350058088586,0.82308043336613335,0.74786829099505292,0.84181226921731278
0.92277145625279833,0.89357983113509754,0.83890368681473781,0.82872592819618274,0.88309533298218124,0.81147665528099111,0.88167041968607252,0.69584551553017526,0.90323858506144317,0.86900020188748528,0.82679166287080164,0.77781059740725089,0.84607537084540407,0.96367855534097591,0.89798492639803318,0.84609748510518079,0.93134185144255444,0.79024581791009796,0.95134404995475408,0.8517284920208249,0.93392964507139342,0.82078945200276376,0.79553842569704425,0.76424122997414778,0.84274024807727099
0.92511330964802574,0.87687832087221496,0.84814723757460064,0.81398593920385764,0.8666562391277105,0.8920311070910939,0.85416503013793432,0.68819446516003369,0.93570933928797295,0.85606814704497258,0.86444208484521889,0.88722428775583673,0.87923841796585223,0.86274379182464311,0.87974841023403239,0.85848604251593907,0.93344677905579188,0.83332642941494428,0.8845204623270001,0.92828387438001225,0.93436076587854655,0.88364898819544502,0.97393618816093686,0.73451783593196529,0.80699555293400071
0.93677014987790608,0.90195709038701433,0.87099314075447476,0.8229245940776535,0.81466156052506999,0.86389221102050018,0.84008185447799988,0.9795735292972475,0.93841277007898838,0.86891963702644059,0.84795945501055592,0.89541375626301856,0.88764000985127289,0.93857737579072797,0.90268752427010934,0.84851619783659116,0.96048562009341765,0.86203107806619927,0.89956947006573607,0.9099983307152455,0.94952597553636253,0.8487098563866543,0.98678233505567414,0.83606275127430485,0.83373198130447079
0.93442938939342401,0.87101293011704506,0.78483067140560869,0.92121700430864795,0.82288978104196042,0.85263040377634225,0.91325271422893184,0.9841063009814438,0.92174880945903426,0.84075099046212109,0.89784320525216821,0.87924053222065146,0.96003220862526994,0.94981798918914206,0.73372940093991168,0.83373401816585724,0.92384363432041794,0.87682284457495752,0.90570533061579261,0.89562769820374388,0.95984331471654705,0.84149080517446506,0.95771638373504475,0.6895630734527779,0.7395706973396301
0.91802361931092125,0.88562190841096333,0.77849130904261488,0.94906529597763656,0.7913111579511044,0.83189923704308855,0.87805125070152612,0.96087264084570567,0.93954287254113689,0.86584198172947713,0.92235136433123488,0.87497840615073241,0.87978642581438049,0.93695335363639454,0.83149898003926614,0.83177003468036881,0.89852436083250597,0.86350703759166081,0.91459386781882035,0.8570118764135346,0.94224561778135407,0.85783458551348679,0.95512239339801963,0.89405261108855738,0.8269477211711983
0.92534243757805223,0.86056645210555083,0.88079436813242074,0.92675649409316763,0.8567172121422576,0.87061866332260873,0.89123078514717846,1.0005188040996693,0.93880990709597345,0.85280629879771597,0.81537642472264749,0.87995816773251145,0.94225058405438811,0.92117696036204122,0.6341403201925494,0.79678114752189577,0.92138210242167784,0.8610215832971948,0.87066669068121938,0.92438423921950486,0.95567436818916607,0.85264778966169086,0.94857577922479597,0.83150695987110024,0.82790532999935329
0.91814809523802154,0.89356167593850289,0.83223602495185844,0.93194256207728288,0.82696331094204212,0.8680213735048492,0.87194768365848985,0.97861307814941623,0.92598627195306982,0.90576334980657336,0.84541708960949313,0.86810900247457123,0.94771680287750926,0.92938871978816551,0.98752537387757711,0.69957247028159764,0.9111931801630152,0.8532493029369842,0.88448562549557252,0.90737893481458431,0.91004653992003792,0.83757781386513253,0.97227176019823747,0.88807678780577093,0.80733868260232144
0.95480059710693488,0.8849015268689947,0.86126137677093217,0.91689624776109391,0.9224116071455204,0.89563447307502997,0.87043623237312395,0.97923947920785381,0.94195591944382073,0.84667912502024578,0.80663483608979447,0.87991251401465742,0.84964630137176056,0.92708864781729738,0.96153095508463493,0.72136342073518245,0.89624523021177283,0.86255548221363154,0.89888214025403101,0.91454285312048511,0.95001820947980054,0.94381075649182755,0.96372158459010582,0.86681231069199138,0.94620335925424681
0.89506505583344476,0.88278362079118122,0.87570766214919127,0.93034807148110787,0.90296018378697818,0.89200714401976522,0.88672767809568542,0.96683116882219977,0.95536904978156889,0.85822493115327614,0.95470347103635556,0.90497146936656847,0.89849708600136891,0.93503657291107023,0.94783214196401155,0.87604964812297592,0.90114836632392692,0.89706384720241328,0.85246122186313,0.9077610945472423,0.94065866801709841,0.9395670601650159,0.97248773372908293,0.86691369469504809,0.93699412683264005
0.95071186054453716,0.90309763555684208,0.94344471679012898,0.94070709810667175,0.89103502464814133,0.85452983141738814,0.88057367867132452,0.94000473578409416,0.93495741366169272,0.80685084272220997,0.93362736070532815,0.87198778183447156,0.91654370979691535,0.92819832991016782,0.9822605040043515,0.84914527202764623,0.96186303395948569,0.88162818373062912,0.80784459706131206,0.86114025524970039,0.92653709461162181,0.92675303045872848,0.9835184919946065,0.93907059597637932,0.96135332192283385
0.93810359862162518,0.89894198217897425,1.0035154504093333,0.90499863921062917,0.92634439949391545,0.9239324344582468,0.86677766955825553,0.98396421358137709,0.90162376539849165,0.91564121553643496,0.89033846556350371,0.85638960551949639,0.80680661618418448,0.91978743363425397,0.95657647757712827,0.86832079189601274,0.90122247519602383,0.84303529451561632,0.96749086711835208,0.96873974790939177,0.95517506527668883,0.95649890601318388,0.96634399712485985,0.95997721447479756,0.94096946848146623
0.91636308172335112,0.83989785610048662,0.96046283395264509,0.92202953317288938,0.95296816979368348,0.9170437302405503,0.84832430037913831,0.92946301719415925,0.93733888855385361,0.93266587593366002,0.92568791659940397,0.9923718831667574,0.86755373437848993,0.95037972480748945,0.97710289911125559,0.94894813124042876,0.92565666219324227,0.85737465014188363,0.93972150984959979,0.94552948428363925,0.94749230898717951,0.91893438704088315,0.97154026296902329,0.93497583155562491,0.92966774940280705
0.94779987049045644,0.84391345837274678,0.93495222709730896,0.93499234987899549,0.90667352856230998,0.91072790457350628,0.94177981964695245,0.96636784622503846,0.95664939555681705,0.94861532426963835,0.96910262892032561,0.97254012483944874,0.87145712704293554,0.86674187833916616,0.94622320481506461,0.93734064128481864,0.91711753988940314,0.72929541988939794,0.96716555006244931,0.92538145456440024,0.92528160090421752,0.94296136536169539,0.96602526933657051,0.94897923860337774,0.97245087512202721
0.95086122295966602,0.96539944563925417,0.96837226352307748,0.9526094961345406,0.89861228502382162,0.91803087002272299,1.0057712886912411,0.99610389142170797,0.91445887040893603,0.93655634405239174,0.95795053279844677,0.96849226005157518,0.96839159241398065,0.90411232683053766,0.99117474979686393,0.92201001382240433,0.92508220940860819,0.85289291890587193,0.95615951520698739,0.97039575153812074,0.94674485576129819,0.92402196454903918,0.98749535053539972,0.96464183154678773,0.97054907051823558
0.95561424315860521,0.93506710691454809,0.96969372475498727,0.90880954907705991,0.9349693937991802,0.95181031520702764,0.94315001205836924,1.0108184203808239,0.94591662916788966,0.8936476873844188,0.91138495583045387,0.96360964617289957,0.97869482173719058,0.89597030350642315,0.97967655276825538,0.94849080989620727,0.8959916488640588,0.93918623917931843,0.95436651457679045,0.98658478203863109,0.94214334769434993,0.94689588580238093,0.96104013868575722,0.95294309411290579,0.96021601790581046
0.93470591389780266,0.92932021217776795,0.95164563578556993,0.84397446035559642,0.91156710185614531,0.98281241665099994,0.92643797694279428,0.99977536166810033,0.94944295717595195,0.84889844789088731,0.89533892599783449,0.96722530961038788,0.94276612159801987,0.97756598229328218,0.94272152927429609,0.91824076376538744,0.95555535132186498,0.94487485375054203,0.9538872686580252,0.96919997428490834,0.93675975220330121,0.94902199539252474,0.97308739679565248,0.97204574592370196,0.9231403457459183
0.95414811117784748,0.96910119075342638,0.97090468468349622,0.95455674167457483,0.90057697705089146,0.94037177439772779,0.9504932397470971,0.98116220474389237,0.94478309107276826,0.73686197734219139,0.87374317473615204,0.95926244542637051,1.0072968923506265,0.96442876367995345,0.99496572811179873,0.91265984273587664,0.9555404000202975,0.94545497270693635,1.0022384185847051,0.96833251049880043,0.92316212779498186,0.92099390061740483,0.95546629534420779,0.97272490056492755,0.9432086901804414
0.96450378007823523,0.94292163630020553,0.93985867476943841,0.96004537303340209,0.92514043406431645,0.96022062417895515,0.93169716986941242,0.99406267462825149,0.94665813335537596,0.90228286230611743,0.95980243376059127,0.95651861923287762,0.93520449707339626,0.95943527013765328,0.9731211781005854,0.92044366628312724,0.92965332907038734,0.95445193484570157,0.99028713736660379,0.97773287527818697,0.91695023920962604,0.94128781447560761,0.96248745705538374,0.94501907263918672,0.93709133255044597
0.94918280699769852,0.95666107624362184,0.93857588029633932,0.91356920026599175,0.85685014482238209,0.93377491978819838,0.92478607763707421,0.97869011693681474,0.95632701308472312,0.94298155653416293,0.9906268643623698,0.95354696610747525,0.96123881869827821,0.95254830559663406,0.96823566763360747,0.9442678880550186,0.91307219526336403,0.95771930602377331,0.93895238988122687,0.97527992966719057,0.95058481703648579,0.96603058681927634,0.97199011376605615,1.0041079034160094,0.95511187926874674
0.93806281710524031,0.95117475165511101,0.96237449365569105,0.95219391916279028,0.89428083042137796,0.96097943144420117,0.80297343735585214,0.96169836787888119,0.94101595875184918,0.93579075609245166,0.97094014262294082,0.97315296996734024,0.95602960564221551,0.93786991909434825,0.98090347504887954,0.93215899200743579,0.87617022994480487,0.93914056112745692,0.96645562778551941,0.9471993582710001,0.97695919631173633,0.94426714268926293,0.96403054332237326,0.97449834016077952,0.95294230477681019
0.94078564043456581,0.94045885989690348,0.96784570077920107,0.95136683739097982,0.97850751928669155,0.95008088302159899,0.83481810625473718,0.98843708926183527,0.92745440775501153,0.90025943432813094,0.97815367128701369,0.98539737405458805,0.99836348868445568,0.95800079527694948,0.95899910705385105,0.81029612411725194,0.9990739535876898,0.97664318453753385,0.96325324491315101,0.98350080506976612,0.9345566672151846,0.96314927793744698,0.97383721145405822,0.94985496494550847,0.93719717315961404
0.94765552752449855,0.94310623364472279,0.94845894766125016,0.94058384081275204,0.95952450312937443,0.935878913253402,0.94050333224445937,0.97944863693131501,0.93998803450192125,0.99440504654328199,0.94292433854529756,0.95133832535073348,0.98940370168646907,0.95622181718764943,0.9790518189331151,0.95795882397789456,0.95418260758318474,0.9290749238966084,0.96851591817835692,0.96866992580799527,0.88895752416468987,0.94633770455651922,0.96515175118772334,0.96646435204422876,0.97787166371529588
0.93546758641529126,0.95114554305004251,0.94785474773222589,0.92931804250737993,0.99044870321152212,0.95996802839746864,0.94034628687286803,0.957535037832143,0.95649374459076886,1.0051720380302618,0.95416975213853272,0.99970117103118872,0.9609379041704138,0.96938555393645243,0.99225332042902292,0.97161324643263036,0.99105767926250543,0.92566359642557305,0.95226947829607234,0.97570122461111819,0.94682448234455119,0.98839720603432368,0.94356390169204507,0.95242378356977886,0.94111313934214114
0.98931654631114818,0.95777351998331317,0.96615004424887707,0.96685192455658531,0.96271667842844844,0.99086226550456113,0.93822034515841246,0.98260938664960296,0.92015280010315781,0.94846602942527136,0.95635303561010154,0.99940272327562962,0.95905898503857046,0.96643952976371261,0.97784511892882253,0.94561120410682264,0.97576662728173891,0.99387938262003817,0.90209669277120474,0.9372292697551915,0.93721225616622361,0.97452863493059028,0.96695469852354343,0.91953685012240449,0.91308838285668459
1.0054235143419192,0.9459812495311366,0.9733516147931971,0.98050942848501932,0.96850879335572471,0.96494820441205453,0.96895684522037273,0.96614295269850803,0.96675865914056991,0.99719596796190579,0.95136916872998167,0.98324362260214282,0.97271640654018476,0.95240163930407706,0.98919390227582238,0.94722549428370895,0.97721508977042826,1.0004617559451148,1.0026569968132066,0.97687084503210264,0.95404680777345374,0.93525240178856972,0.96590669125187911,0.95140486764148868,0.9588773704771667
0.9892853271877905,1.0067102379373354,0.93778912076845045,0.98753593070179213,0.98969458756294848,0.95093646460564585,0.92795374665903463,0.96440321089907843,0.95256205500092372,0.98037709798480888,1.0083167510799471,0.97446625885167215,0.97612933160766502,0.9476611464352841,0.95922184360628826,0.86425791233757643,0.99635305285981302,0.95311906420461323,1.0116256414286129,0.96888824925860884,0.9625698021501522,0.95167789033606442,0.96970340251751308,0.93864109771757875,0.97499262109476159
0.96840897924783942,0.97660135463263076,0.96426247016331723,0.98640406928118229,0.97847009791998507,0.98152839225172506,0.93774257824278251,0.95490593883735309,0.98683985555028997,1.0098335388041011,0.98968365592833107,0.96276662704658156,0.97748249541932031,0.97385845806723292,0.94221087373205492,0.9683593121502051,0.97228054214283111,0.94402079342140932,0.99551844041363047,0.97184914792209842,0.96912694713389935,0.96709582358555346,0.97580879263832154,0.95536667908671902,0.98393404337738477
0.96687195200430653,0.9872010584165104,0.96006175483487011,0.98821563696197701,0.97175433784404286,0.99205343753952391,0.93470759839202522,0.94956529507567589,0.97189964148194852,0.99086494921893986,0.99223895860341205,0.99037594997762401,0.99043699203894098,1.0034701892998139,0.93371200261879517,0.96737662123077284,0.99434641109778965,0.97234677473403541,0.97189314608898969,0.9611488940868832,0.96767230263685877,0.94144267272591475,0.96157444483643773,0.90797913376766259,0.98756926556366342
0.96614156992809952,0.99901824582718191,0.95253089241872202,0.99159310561865655,0.98247607164930773,0.94404625023086075,0.95067920121408767,0.89009972685065897,0.97870955390096337,0.95467541174951442,0.99839835534110244,0.96494468426695101,0.95510270579415624,0.9773751302067234,0.91134046049872686,0.95699527451000366,0.93234395769095302,0.95730179011006422,0.95343572156682888,0.93304961115902718,0.95117007253016617,0.98106839626812636,0.98177780813304971,1.011521482897338,0.97173876449625329
0.94407154470562515,0.97316876437635158,0.94963598083895051,1.0147238036150081,0.98123766994128603,0.81050328888920675,0.92427772595779989,0.93876318859073515,0.97082274191440321,0.97602681311953687,1.0124716061924679,0.99115670510747389,0.96873756865959915,1.0139643684070523,0.90023290330204619,0.95389366648355534,0.93171377987653115,0.98125671310608342,0.99294391877339971,0.94436449750815421,0.96158996807533492,1.0038490463461831,0.96843912242926311,0.98925558312239237,0.9781233046028609
0.92436947526985702,0.99363631228336258,0.94571865034161418,0.98661543340646873,0.96500373347950263,0.96361380065854785,0.89352715383743575,0.97757291350144015,0.95787648351285826,0.96249635184467863,0.97338594379355214,0.99466006420242903,0.99355742877371567,0.92388136356549633,0.93670594642980531,1.0141234370565486,0.94717320399791527,0.96479058370336312,0.99062372003212495,0.97432035912502502,0.99151461904938865,0.96689041955957256,0.95971322702055784,1.0082702618753816,0.9781629769820096
1.0047405218334977,0.96896057975982841,0.92386292624419752,0.98069562876550609,0.99194800862295607,0.97484549283430721,0.93870440348208806,0.95968480867402484,0.97594165990195891,0.98846218089641891,0.99423309186881259,0.99559095211572801,0.95216118796548133,0.93815778815598549,0.93346871811015852,0.99329503125768748,0.99813514839461093,0.9731672873619599,0.96333552747055506,0.97887996387187037,0.96621945659562103,1.0035639018646569,0.98182207544422784,0.98647293466098052,0.98569816503818897
0.98083126576822854,0.97489394876239621,0.98642994323095468,0.96053652459584982,0.94625473810528105,0.98700475504463503,0.96159830822748082,0.93857705799335067,0.98150518989816748,1.0118902361351199,0.96165020749508179,1.0003039434611827,0.89687446407403926,0.98499226513152349,0.93277531275926318,0.97549549526165069,0.96314389884738794,0.95861288323940164,0.97431490257995412,0.99056032283337769,0.9794531350975364,0.96289318084872244,0.93965096621978561,1.0183587708463238,0.94773915004549925
1.0048639412787297,0.99429126319883598,0.95026197733865647,0.97900061734417709,0.89265557983809951,0.96005521394215843,0.95297185946461949,0.93797654260222774,0.97270923861197922,0.97408493780596606,0.96332418882723569,0.97324556352459368,0.91565044048571431,0.96334506389637686,0.95831721177905282,0.99730272444885737,0.96856773478467373,0.98357575154237153,0.98024853381868504,0.963334666550275,0.93619112863201226,0.97735051684975294,0.91133724349164746,0.9907778898823667,1.0096807653144
1.0040972002575328,0.96196373516072531,0.91967600753452061,0.97707995796167169,0.95417345919931285,1.0055079977359,0.95588410310596805,0.96890758553445933,0.93464675877912806,0.95800187031798367,1.0107371353406609,0.99327307397547659,0.92619894508762279,0.94862941450414984,0.92480807718267677,0.9855005618800502,0.96360014251103532,0.95514343207318375,0.96250857485302754,0.96465270148783955,0.95424540242862921,0.94712056591132432,0.73202159318055104,1.0113773868338303,0.98433755093992692
0.95960908712308346,0.95074691797445132,0.93558440138496402,0.99171055566635069,0.92317004898886301,0.98922205635041627,0.92855310672600877,0.96228865223576587,0.96855984873999723,0.9683482556798072,0.9743169983860831,0.98741872377101925,0.9798128343833894,0.93538988506271425,0.9247521948236469,0.94406653642541005,0.96255845838421705,0.97586049213099613,0.97236451339463015,0.98828297123646336,0.92562127373736136,0.97830775624376209,0.97994290459702005,1.0081584367416347,0.9989832654663916
0.9719141683824708,0.9794519717450284,0.92288852441625135,0.99514961478045116,0.90831014869229298,0.99049858347771447,0.91632877814391434,0.99006223501626578,0.93529065829567348,0.94771698841624252,0.99426054638838168,0.98969267839953523,0.97106622164074019,0.87204539096916667,0.83551557880501326,0.97444646571580484,0.97105055155051978,0.970144694726644,0.98122724638202108,0.97046964163736882,0.92074313436079547,1.0009959918373339,0.96784197513883174,0.98143148108839773,0.98333633645992635
0.98795656778910901,0.97730257579678703,0.93923830104637984,0.99015112843758413,0.96277514298754796,1.0103689750309652,0.95314488966458433,0.99807844711720051,0.9132052408855017,0.94436473680992927,0.98522505888431555,0.97356111084115238,0.96823087960167764,0.92092562061974959,0.96439717916557244,0.98596172257400305,0.95933169538694918,0.98939589175149889,0.97306708695484656,0.95043234756522166,0.97052719968883616,0.99229173568850415,1.0248625509858265,1.0213358859448343,0.97934493793490673
0.97789586587603317,0.99437395960497277,0.97635121893445398,0.95661088474713307,0.94866199891067415,0.94754466359039513,1.0099178124251245,0.97665652548741777,0.95451488394751383,0.96642786095501898,0.98001699066124215,0.98707139814315503,0.96334990211193772,0.96290820148653089,0.96380114280396234,0.98365705144060089,0.98315403732607443,0.98279726199684947,0.99783250853701722,0.91577812620168875,0.99040034671415433,1.0029274881449268,1.0008636436108982,1.0056151094270196,0.97929757202251111
1.0021180480617726,0.98231524637168555,0.95800961767810622,0.88996930398791063,1.0074068112775956,0.85507328979960384,0.95940191016771736,0.94385050429594308,0.98041812028096886,0.94404867853893082,0.9777784831297498,0.95774557032633456,0.96894531565603192,0.92371116844456258,0.93947527759076987,0.97330044362834633,0.9891126768452918,0.9752046711188781,0.95112238487265399,0.90262761954604753,1.0021959415654345,0.98799868844199124,1.0304144625631875,0.9879787567120194,0.97953333639957751
0.98704938659067565,0.98567153614940839,0.92335178177414423,0.98872724926850919,0.99247589028874084,0.96684012300805566,0.98283487833356409,0.96199279946450811,0.95811051722023355,0.95153691919191474,0.97270641243786615,1.009547390996969,0.9498710751440127,0.88826211254866783,0.99978638189086144,0.95970496705845509,0.94833191407500694,0.96263895239075137,0.96702996686590192,0.97121137060149931,0.99346338710570103,0.98352765730773684,1.0274272080392604,0.99757404243802061,0.94142581653595414
0.99245132232006505,0.96567349203099706,0.95942142164796296,0.9718018258117731,0.99450108310878516,0.97195358522493558,0.94106144637603684,0.99802171868187783,0.9862868633874653,0.93645515395258161,1.0157946990388744,0.93623037038084145,0.92322361809016751,0.97227277201437456,0.96492360292910717,0.94253078374530586,1.0076141686850355,0.95606416037942021,0.96671888961404351,0.98217104748930029,0.98336325732847041,0.97660146282411797,0.96114253835895769,0.99938092129353084,0.8970721046095933
0.97381828348629906,0.96162756462763266,0.94428969333548862,0.95756979397240916,0.95099735724677192,0.95445334692791828,0.98949068479899427,0.97392160815241424,1.0407233874351527,0.9255760970852267,0.9646817236992038,0.96920141585781161,0.9685779758951083,0.92781389021916283,0.97010092452763197,0.96936822193587258,1.0067424988335079,0.99275473099790235,0.97358684884141755,0.98252169175436055,0.98726125029315204,0.97050250236072011,0.98888878790466261,1.0019919536412629,0.86235141002295057
0.9888218492512123,0.99210836393779556,0.95824963886861769,0.99509543504984455,0.95080690535598555,0.94647494243603325,0.98918041710253068,0.98685230232821941,0.9646456037344493,0.92421229862307885,0.98061985846978805,0.95713636169361682,0.97302117323051696,0.95592225294017974,0.96320120019455524,0.99928858026514289,0.98772790917075515,0.95475927627186408,0.95589788781758078,0.98809232495300647,0.98622227978883092,1.0002156526468586,1.0090031338805783,0.97629326912318748,0.9087479504376057
0.94510188120662397,0.985639391795473,0.90503518000683336,0.98519142540508153,0.8713331566097775,0.88030501021351482,1.022478038598291,0.959271004666857,1.0071846023688553,0.99634624292378837,0.99383021200416999,0.97427245328623502,0.98361459048650912,0.96732823375633659,1.0044463503892593,0.94131643754974192,0.97222330797567003,1.0064053718083781,0.97089024611332064,0.98142549426581183,0.99624432381853956,0.96079851925861248,1.0254010590720721,0.98070201222036313,0.93041571640281551
0.96881368046027694,0.99734879875489024,0.86583108644795048,0.99211465733598325,0.99376786716550003,0.98016231105330831,0.99182806674655399,0.97271440239336293,1.0371975917372858,1.0107172497910648,0.97683442316376567,0.98046506161599145,1.0161529475489046,0.95541222429396311,1.0158784879944001,0.97531907867521772,0.94585761814315217,0.96142937374128035,0.99071986024907333,0.98216277584553524,0.99285352220436507,0.96630442595244226,0.98407770753511625,0.99868762462777039,0.94796906857235819
0.98012102343807506,0.98100191987961627,0.87013357509825007,0.99296410659069734,0.95103945933396761,0.95111187155877641,0.98291512949204063,0.96952820552910801,0.99563386667081588,1.0014261031173302,0.98379829925979767,0.95965923218114646,0.98030517652579985,0.93768389991556667,0.96835167166275382,0.95057349192503526,0.96158049612936025,0.92716442838668056,0.97057965997581463,0.96559862547562469,0.98264157489978743,0.98403780746226932,0.98987793826123194,1.0044001322836855,0.8059831986149405
0.98418858507552154,0.98838960248195185,0.97771625411603946,0.96946934086149827,0.9304346394888382,0.93689409684885483,0.98829822694555014,0.98800565418505581,1.0150647738446541,1.0147444769426093,0.9973565099426791,0.97934403312079099,0.96258887234543633,0.9973455422532066,1.0039418683031041,0.94838013034315227,0.85592247385389242,0.96118647644753807,0.98126904599698395,0.97135755402747692,0.99632756908206799,0.96032512252953317,0.99601381475585782,1.005648986760731,0.89054142879504494
1.0220315400957567,0.96536527561803953,0.97065541156061474,0.98675919880377949,0.93173889272521426,0.9766190174391266,0.96039646660308975,0.98448691507091479,0.94519870393916761,1.0171341996538439,0.96596287102911471,0.97322917654210839,0.96751257893415898,0.98104238094608209,0.9529693176156534,0.98403530614724688,0.91989945445478905,1.0076775171940642,0.96643217573575979,0.98404557884419053,0.99218763694630208,0.9699099816122525,1.0078863007486576,1.0167146025787821,0.97436519268920785
0.97329428726634726,0.98758357840998101,0.96908541175670271,0.97288545127737536,0.85154115432101607,0.99245811287066454,0.96219789859527238,0.96544610720042845,0.93468582893389829,0.9808774609371067,1.0042807996637757,0.95075262041308772,0.9804868369221319,0.96972522837973552,0.91355081179965858,0.96768595551129355,0.97080921934547193,0.99201792516420884,0.99491015098905711,1.0163930949281177,1.0193443025846833,0.98939844908308083,0.98270286148066588,0.98374926144530106,0.96392744725308444
0.96576036284414679,0.96297752119989632,0.95789318579308069,0.97896217387425533,0.94700200431614046,0.96654144465854142,0.96074525479794182,0.97492159617984753,0.86842106583197709,0.99506744305746386,0.97964493333404135,0.96826192058458471,0.93610678272982972,0.9374362909518309,0.92049976908076847,0.95210947059703288,0.87208581520012562,0.97782108432371206,0.92849832943643595,0.99091102756949734,0.99408678026500974,0.99469670155470402,1.0140006624355566,0.9738384179476276,0.97945220679061995
0.976901583956991,0.98085680799798702,0.94160478889675714,0.94593903152913617,0.96811499224770126,0.95909243156762614,0.96428840458896015,0.99398490546439844,0.95950495646956835,0.98921195793554606,1.0132667876731101,0.97312997124096912,0.8381610110771891,0.98307556856439826,0.91683530713312511,0.94546793697935083,0.95618201955963289,0.96876266392586219,0.94946670709842129,0.96142068581454976,1.0142465818184203,0.99191241337522451,0.99653000371281286,0.93005863850441939,0.95038336998666384
0.97800285189438285,0.98636052636060645,0.95611020758241094,0.99361531358328326,0.95269980707708879,0.96970011180803517,0.96464314660750961,0.96691175775695726,0.95110540657244269,1.0102178709329943,0.98439018440168213,0.9980305240967472,0.95216627591511771,0.99638662613886508,0.9182197542023941,0.97597212253318111,0.96309805377650448,0.98104106503873167,0.99596022123132899,0.99505483990988475,1.0032633797254624,0.94572645753190743,1.017940697146559,0.93347518446122324,0.97440401677953992
0.94534421553750425,0.98320263556244736,0.97404683543021042,0.96666419510871815,0.93634547813181268,0.97602263816209944,0.99232791519412455,0.99370114497568029,1.018453989198115,1.0226215397948366,0.97259289061650511,0.96584819666792132,1.0165102137704425,0.9854050960682238,0.93922221511777904,0.96160309226899576,0.96684419188881976,0.9604413855704238,0.98964336423546295,1.0041251716938422,1.0139633248741111,0.94976101309811201,1.0080418078354265,0.83818878427841703,0.98675888146912438
0.93199698106186069,0.98402915530786239,0.97296287673317694,0.97471342672670636,0.95840892326423455,1.0039686834548534,1.0216899397791914,0.9807262698512571,0.98730865620890129,1.003482689855705,1.0030753791308531,0.95044115032865517,1.0143622919702882,0.94715211444351,0.96369150465691944,0.97398307339429335,0.94403005619257407,1.0175177041658043,1.0025839467149482,0.98835241840660648,1.0207289538176665,0.96449441178251116,0.97760913609780187,0.95792891321020579,0.96571610195392399
0.96662019852361358,0.98036500520900971,0.97410259660507992,0.94552154624753659,0.93663539384659456,0.98697730329501254,0.95154871603289737,0.9681093061395627,0.95897844469753346,1.0013033973454586,0.99669936617218424,0.94645668080559853,0.99785069849670527,0.90003682819087871,0.94674717361347749,0.98692306466568047,0.97140078413419984,0.98039345023920355,0.98775976470916871,0.97569349935086147,0.98257816440133428,0.98701426485893273,1.015795994345525,0.89385128021744054,0.97838353603660133
0.98673516172034159,0.99483158582846964,0.93989492086666326,0.93692700678794538,0.96331801652246751,0.96931761965832597,0.98071463575114914,0.9558071028734364,0.98591585643066815,0.99060162016768816,0.99655783613134863,1.0009284257032496,1.0063752234102041,0.94852444062381436,0.9420124311287662,0.97411744482870344,1.0176260544342064,0.99973407845583084,0.96945190535866987,0.99449235945988523,1.0276118067547257,0.95548947476271029,1.0086907285653801,0.88558724051894899,0.96776492840344319
1.0063994579471296,0.98888920036090322,0.88526531773770578,0.94494684346311497,0.95247466564663108,0.9955768898802726,0.97516680355866292,0.99952576333550514,0.97180317757771895,0.98578069665651724,0.97596344899262222,0.98012126712625347,1.0069765647086946,0.96730019765934683,0.96751208705463221,0.9683719895140761,0.99213408587778507,0.94981382986112517,1.0241187905801272,0.96538242116235162,0.98745347643658532,0.9765470773188355,1.0095547409216761,0.99312225763745132,0.95422586542587573
0.96850195525344351,0.9783118437108933,1.0138104452664647,0.96253804820291322,0.92329177112798066,1.0105384743799422,0.9320998124855725,0.99181737126147806,0.981007293726748,0.98638517916960666,1.0173651795144305,0.98046349726378001,1.0020446523350968,1.002489300084856,0.97226898122171224,0.98691571952463653,0.96204928407711343,0.99850387778517857,1.0124008407950011,0.99027820605354511,1.0001808355488382,0.98547453138086416,0.98856070340972768,0.96177407922245683,0.95647792733214976
0.99872189254258026,0.98736748075583325,1.0305941855277265,1.0040435020914957,0.98538756288711871,0.98145045190220714,0.80997822952828835,0.96299951024505026,0.9778599224638076,0.97739602975166628,0.9996386603948858,0.97787475655913858,0.99470639256406923,0.961676609430549,0.95323624211167957,0.97314449900860078,0.9306067808714098,1.0168597199046447,1.0122496361402717,0.99179781203633599,0.99333957923779492,0.96431981514132614,0.99501104101215199,0.99858796148061102,0.96465831203259234
1.024783453676843,1.0115802629636665,0.99966763405437797,0.9648843326282649,0.8964158927688658,0.98130251627410658,0.95125361315545032,0.93272780325384341,0.96433586012590178,0.99208535772565154,0.97101469662949236,0.99484521713863217,1.0205723050896049,0.98458220161025989,0.90747815312793834,0.97066212996533974,0.88465401617204964,0.99952668210707296,0.95315079653447987,0.99023403426648005,0.99314553746308398,0.98033043620303262,1.0076809900068742,0.98685312268682512,0.97917674269304789
0.97784469400998386,0.99222254464917026,1.0169056061470902,0.95297788649753246,0.97313846645638913,0.98123967908852616,0.90135199111821696,0.95283264768098552,0.97382924343784638,1.0025755202983031,0.96544653314056716,0.99179706281720703,0.9894791729527318,0.95463010968721307,0.97070943206522309,0.95411808738062931,0.93610164350205172,0.9953321757110557,0.95446667420794973,0.98595432188852161,1.0202801794521796,0.97163259458032492,1.0019340717377325,0.98564005696422019,0.95889559406565505
0.94712001280332214,0.99447139211690183,1.0095738778306134,0.92498679396613193,0.94127074475909078,1.0028401191651657,0.92566601978883978,0.82842559921211112,0.96522870756980395,0.99404677854110313,0.96344487320316574,0.97243883329182634,0.9956471736983048,0.96478325871904091,0.94700393816520623,0.89065463235968967,0.92664984754799695,0.99350502088132553,0.9768635989350255,0.98753437837964286,0.98886849951219502,0.94778854356900077,0.98844619465365569,0.95904385623052812,0.94768579064363545
0.96545499857416583,0.95067562761719038,1.0226697464923338,0.99829990917172251,0.95113765426944397,1.0026426327166973,0.95624926354226647,0.95416512347683557,0.98769728732725837,1.0080412935083511,0.95398886811586647,0.95852616464970652,0.98120513395374376,0.98520891171799829,0.93356401246737686,0.95537720378003188,0.93859776899486302,0.99841516616978299,0.98309691617266282,0.98979715900663512,1.0206358085935299,0.95470508280945254,0.99052497599686595,0.98703123686053584,0.95516361105902003
0.98077824420985937,0.99579128093929703,0.97811860020200969,0.98244271163606212,0.98910198897813828,0.94177113988152972,0.95351625840193988,0.93722268339669423,0.98545809944660778,1.0003310811634891,0.98434646395423886,0.98942035777594728,1.0047246219906143,0.95360410425341846,0.97558549097773339,0.99128633330186766,0.96078362390956806,0.96543832538253449,0.99984307857814103,0.99945974183351383,0.99645642338806484,0.95810782038509812,0.99572106829244389,1.009722164729574,0.9923774275309436
1.0070387437833579,0.9625950437859585,0.98128550132593695,0.98433618756357066,0.92057986946863679,0.98152383451383152,0.9753626952531117,0.95678207674242088,0.97970752235976699,1.0149017648379897,0.98799676363940336,0.97266630911443286,0.97325825293006962,0.91825354902509415,0.98494625054245477,0.96676533511522844,0.9601470893268168,0.98527593509166134,0.97564321135329046,0.98944454852797847,1.0193335173001334,0.98582414522000528,0.96411367395397918,0.96158985933936325,0.99676640234573821
0.99888748042291531,0.99533070315535677,1.0161778114797246,0.95786814413380039,0.93356192562087759,0.94200166422302334,0.99072713336162554,0.86235821704152493,0.98734802313945857,0.96816554753526729,0.96919061678154095,0.97277272291037065,1.0112661668123941,0.99651310157992978,0.97546989962315089,0.9623092340363687,0.93047122923494008,0.9804788867947436,0.99211662136544276,0.9447772792667265,0.9873536237449545,0.98042021792611045,0.96454716310438549,0.89347989821475293,0.988833001759992
0.98855252780632619,0.97756133607114626,0.98230338419282193,0.97451234291424282,0.91917194953868253,0.91597445095729335,0.95225669096434584,0.86512288470877818,0.94641190509539186,0.98983653688001538,0.9556926899147512,0.9651113158679141,0.99341910048662707,0.97381805275254429,0.97010505964749971,0.96442531700780199,0.90971877275543411,0.98973429206607977,1.0048335367077799,0.96567381011028364,1.0044038093253962,0.96787609334704872,1.0285290943604826,0.90628594779065663,1.0060672715676542
1.0123809758754716,0.96754300325912068,1.0138152900244239,0.96363532871251256,0.86053121289544832,0.98979140846153557,0.95947719596241665,0.93042712970152841,0.9786306597087413,0.99321984585130074,0.99006575507128158,0.95765213265603655,1.003996180611979,0.94848575686717818,0.94383833352181046,0.95261860407137733,0.9514367856198801,1.0086655918960064,1.0149840254818907,1.0012698842507,1.0100755201040346,0.9464936705203939,1.0169334667744057,0.92521129077225284,0.95229419708732566
0.99820050061750265,0.96521737623463788,1.026329306734924,0.96173098986024941,0.97551638957202735,1.0044054320568137,0.96975304501769133,0.9389890498895429,0.95760310295661522,1.0201690467146531,0.98944041342149647,0.97261731173995869,1.0129595481669504,0.98804646862413514,0.98064675490554865,0.95545496174262035,0.9358820017582905,0.98099637456653965,0.97429743563293225,0.98036067485984857,1.0185432948511692,0.95467614296906422,1.0234748622317005,0.95749406175100304,0.95746410452986375
0.96151153523745292,0.97735276681263861,1.0011714294376581,0.96373942884704966,0.94116457732198222,0.97359577860799718,1.0056594249880129,0.98988602353530153,0.96689397686111223,0.98779362682994987,0.97896671025312609,0.98515468867652856,1.0026651572025214,0.99716755371888388,0.99678238592641732,0.90932769657852097,0.91082901851452291,0.9924712581410764,0.96563476692212102,0.95926802002531597,0.9694074884789603,0.83877737067403912,0.99180921805464839,0.94189624979679532,1.0081830847784126
0.99060137878212073,0.9912304327412087,1.0328967915976899,0.94944671925794599,0.95424200617393673,0.99297350561795583,0.97713455636264512,0.98854056983308147,0.94023728445983945,0.99387856994228285,0.99476377202883048,0.95556538833126425,0.98746771865074123,0.97649071665372766,0.98179793969926332,0.95652356630641022,0.98406895495390256,0.98971856499778232,0.99555740474977861,0.97835896883752915,1.0289021898480826,0.97990809529735856,0.98729222576107889,0.89051281795219339,0.97192266043915887
0.98054028932629167,1.008207002716571,0.96848269608145898,0.92268595182234792,0.97883814519824708,0.95780539546608212,0.96492964950647386,0.97807675945655337,0.98306939029868945,0.99848129955310705,0.97552798001950269,0.96391032820446121,1.0153503375080462,0.9663195041971876,1.0048786557831042,1.0059670536048078,0.98617919250552566,1.0265890158365096,0.97396458247451267,0.97070589348858183,1.0136630997087752,0.95769111037404187,1.0152674822612722,0.90293307834143144,1.0000492754456953
1.0162752098874257,1.0045833711443797,1.0046496435122296,0.93640980139896124,0.99142066069887191,0.97858067574278451,0.9623921238028792,0.98098283821789767,0.94329449996388215,0.9968355059816687,1.0082102662878705,0.94663382033633092,1.0149887021629218,0.97591452935895251,0.99432265665487929,1.006119960621771,0.96700185935808869,0.98029794581484742,0.96738574834058411,0.97509180706035103,0.9951567389321665,0.9283201971752455,1.0049262346599392,0.90862713322366806,0.96691692603120194
0.97788275291963367,0.98597641640916267,1.0152456695346714,0.93635043808160956,0.95976544935571595,0.90414305441102549,0.9889323130217057,0.98797995505138581,0.95807075202415426,0.99625477554445707,0.99386875255862517,0.97475156202341995,0.99391647859338528,0.99176853870146042,0.96243929618620327,0.97613230236898318,0.95536006519001737,0.98279623202801525,0.95767992987724315,1.0081277524415795,0.99330556913303347,0.99659028732110111,0.97851305157435309,0.89196848860314271,0.98382068474585216
0.96952396263950114,0.99119017595757786,1.0164544332790939,0.96643696804185464,0.99656004918164443,0.9486425981920501,0.9973710920391432,0.98700009383858633,0.96492883785735428,0.97204909830425168,0.96951336939050459,0.99687540205425629,0.9657356368174721,0.96794067848887932,0.95517181871800405,0.97960014701872511,1.0016868125268426,0.99941298502939091,0.96995639586244409,0.98033067715231548,1.0029831536002691,0.96231911742319609,1.0035645152349633,0.79328243239943108,1.0106799341490367
0.96655919667467816,0.96729632237390895,0.95862813186129414,0.93010971203420578,1.0181900761636957,0.93403363645067006,0.95438500706219087,1.0013888063981962,0.90101129612526776,1.017002726168595,0.9815824333790254,0.95644317842996041,1.0013428678167691,1.0092318605688599,0.99820975688462621,1.0085682803627782,0.98276172115999005,1.0007297885562125,0.96748367543407843,0.96614636749560945,0.96956220729375853,0.88095626512805902,1.0053370556380743,0.85608700001457683,0.98483494703916519
0.97149921444063148,1.001573839446257,1.0124676164446511,0.96798097695636209,0.95958350362476763,0.90072894927617364,0.96871353357572065,0.98891025991901693,0.92597968231174776,0.95738805006665317,0.98462491530556506,0.94944703360507232,0.98486073207064129,0.96145240836413626,0.99995560314076748,0.98034936127314465,0.99350538363811791,0.99008805564586766,0.98185005050280916,0.96691664645112918,1.0093820779407607,0.93057491468554254,0.99604721392392059,0.96799004668570776,1.0029077694760324
0.97663010279248463,0.99751065859766186,0.99388664231197421,0.96289864960297267,1.0019213349527845,0.96795573819014979,0.96862919304761852,0.99688807951650071,0.8423477655265813,0.98351171163007567,1.0019215673715234,1.022903542669606,1.0015046128389495,0.94183298697736229,0.97269201079277046,0.99784101831293992,1.0114704155986607,1.0097010490081444,0.96183658218647627,0.97291605458965047,0.99047874072077091,0.89540887246476908,1.003257981461213,0.97231815598187121,0.91874827918178825
0.936219942909845,0.99951683026852045,0.98223723723874545,0.9769707687890159,0.97178863076101851,0.95292084961488877,0.9706183458764045,0.99348796463758515,0.97588154753454737,0.97223385869181023,0.97736964642464663,0.96667594151224834,0.98274799653887912,0.95037844528679016,0.9930595555152083,0.9830738940178565,0.99155594631886856,0.99629381212159251,0.93529804118935123,1.0021822625139793,1.004627592877859,0.86700967889707969,0.96980828461969759,0.95251445748116681,0.9612193824687757
0.95489457282757573,0.99733944363598515,0.96527594362982938,0.95247477877502229,0.96585139930628316,0.95109122949927627,1.0049379341608344,0.98544723134463208,0.98193307847460476,1.0021482622040372,1.0061803899295281,1.0166748889694981,0.99260998233390718,0.95734324954365235,0.96328219528808179,0.98700768935216554,0.98403624875322038,1.014305918928214,1.0079941508243355,0.97334504380446651,1.0169988626080355,0.9199792462632711,1.0360528985762245,0.98170296327285989,0.939613859958216
0.96037666975530145,0.95848111341513187,1.0007289389578307,0.99372536840659709,0.99256341171833928,0.98544281907239839,0.95788630249369322,0.93781813498533628,0.96146189187538222,0.989010274572101,1.0005394636183196,0.98873177598748785,1.00451816457344,0.92291427325384701,0.97218611837138902,0.87879723138921251,1.0043218576188557,1.0230119743319823,0.93751007535464603,0.98202293095628213,0.99348872245872566,1.0003804888581977,0.94867890624554385,1.0007060862887633,0.92027931773324079
0.96563940236429679,0.9812110808950536,1.0113840935897349,0.97381873149059484,0.98492263483900122,0.99493732984994943,0.9552877870427906,0.89612247876374118,1.0001830422952953,0.96675885523214555,0.98660139793592705,0.96841139808321797,0.9632151855802269,0.96184498156128695,0.9942716927300399,0.95581416118641749,0.97985714401827173,1.0128408125221069,0.97405008132211401,0.96242104935187167,0.96807636977068634,1.0096154191942599,1.0155893601321999,0.97717871039821258,0.96780704325226163
0.9724493512141239,1.0012810192845201,1.0144128860438946,0.92233428506276405,0.99389598737404028,0.95648871958274939,0.95993547711144622,0.94798739032096058,0.96625540292591161,0.9928371294977788,1.0029722218188997,1.0001348597095958,1.0016972491424538,0.9582115634729591,0.96749337194054708,0.91946447378582385,0.99929988045111939,1.0095285247869417,0.94558994416266351,0.97613530348665267,0.96910804773692727,0.98565667512242527,1.0179925846284128,0.99558579954149073,1.0198686411430031
0.93502709088214764,0.97742241987760836,1.0030445653536797,0.95403066670725178,0.98923858991908264,0.9433068626936264,0.9257531644111181,0.97526223391299349,0.97274681296854792,0.99510648736234797,0.94003569310817781,0.99785813540846613,0.99932341038151395,0.9299474839853481,0.97821918629440963,0.96860693303925216,0.98785868756146855,1.0013335578252736,0.91722072102562135,0.97218531207103365,0.99190982770961222,1.0000351944171131,0.98486842568642619,0.99555661107534799,0.99356598606166879
0.92260130931450968,0.9578660553834385,0.9712568896584256,0.97872482839101382,1.0135254387068708,0.93327886698903018,1.002412843614918,0.99103597980778757,0.9957231228209158,1.0165259520180059,0.94520499835294125,0.97320223371582781,0.99375405466510347,0.93008821811471398,0.97955774023956954,0.97646743726384477,0.98560645301368566,1.0031242586174669,0.98243519350073749,0.98710016014171109,0.99372475166187568,0.99679365534967579,0.99388199139186539,0.97823232637609525,0.9867359691688008
0.94635421137226405,0.9587663289734607,0.99429663607613805,0.97110353224425472,0.98051658070224257,0.92673263968861286,1.0306405352688892,0.99773416643719581,1.0152825204561684,0.98217101862973155,0.86868823770480519,1.0179602440508899,1.0066405327330314,0.92376932081055829,0.97602400714687476,0.98223469499156757,1.0107448709097995,0.98514712423280626,0.98207181384606534,0.98425999912475026,0.99745619194117108,0.98675443737680024,1.0260455234612842,0.99696575248298114,1.0173809291393705
0.92500569934509647,0.9270281454954431,0.98164487636492115,0.97135624736678194,0.99471890262892326,0.90998501847315938,0.98867506084887458,0.95935901546769609,1.0196858138458176,0.99029684025711784,0.9454155329292887,0.96195978061778975,1.013777464147513,0.95437479347379883,0.94571100627236504,0.92874674573509852,0.9938816593930454,1.0134398958741615,0.97216017670990185,1.0000642511062821,1.013863924869066,0.98788583720018142,1.0543287664367542,1.0196722883343199,1.0025972608629927
0.8735540295811336,0.94305260867431495,0.99388926200775241,0.94766166438330279,0.99513363698273583,0.95125449875058499,0.97880999469444552,0.99327560717707775,0.99282101216090102,0.9805462343310154,0.88295048943045185,0.96279008842096858,1.0138588691044763,0.95199079203837444,0.95505671325169728,0.9708836912490314,0.99850013387095249,1.0164065389351897,0.95374231427993283,0.96435417698763126,0.9884596715870656,0.9852623093995817,0.99873821213187153,0.97967066558128613,0.97503498815877743
0.97303482246976458,0.98201557950596774,0.97518291895599163,0.97786154741483888,0.96090594604836932,0.88845661287682309,0.97216381199658453,0.97532531831988778,1.0043359348687837,0.99481203152326148,0.9780401643263158,0.96066686777833177,0.99024393331996385,0.94608896918271757,0.98775389459918439,0.96205666866833117,0.98099239062723631,1.0226914423895206,0.98112325513640697,0.96700638621897195,0.98874201606073275,0.99134858383592572,1.0166938373430183,0.98262540967207512,0.98508737481055031
0.9804449855141858,1.008411015952148,0.98641907932036332,0.99100790380594594,0.94869597339277689,0.95911187204866966,1.0059198921395505,1.00155162170912,0.97278765905223408,1.0065182795274976,0.99489815132167814,0.90682573522941334,0.97966522171187287,0.95914022924949327,0.98289594324979224,0.96141106039883117,1.0333870160921808,0.99413350789311128,1.0034417356619965,0.99008408546547766,1.0283260073620077,0.99223839139980141,0.99272578828556224,0.97577811829817196,0.98528935661054184
0.9706671872541297,1.0137821809094738,1.0052694381825569,1.0092152910502994,0.92592766272966354,0.89739116251601025,0.99086103111570079,1.0093017585207114,0.94511887774725156,0.97765618470979565,0.97593582532436152,0.84456442397729903,0.97584965630327836,0.93600877002514982,0.96010790481537578,0.96949822515320183,1.0300062791041469,1.0109233900454473,0.9540103023925145,1.0020822662401105,0.98524757642037886,0.9737898108409514,1.0061969426314363,0.97178925539066308,0.97215010471938179
0.95864010985604142,1.0077031481206675,0.99035574117085656,0.99398928464787484,0.94730448705167358,0.94599156198162693,1.0313005116571183,0.99920869623331288,0.94801950891539177,0.98488379785873648,0.95752241417323014,0.95815222722360327,1.0075197775739908,1.0041113400553046,0.96069598612002394,0.99585519103195452,0.99215595462772355,0.9735490818382766,0.9818194808475974,1.001188547828618,0.99127731263509156,1.0071955833712516,0.98580927281581321,0.99952607457962939,0.98933693144490886
0.96477885708809508,1.0325424598133106,1.0133482012837356,0.98955298705868477,0.99848170254236968,0.9491207693325574,0.96088832324752427,0.98970724985689296,0.9830307051730538,0.95254280186440521,0.91402331985652152,0.98327957760777651,0.9972054125638985,0.95928445373397575,0.95541747603889182,0.96163219380428111,0.98784437232989697,1.0153035415904887,1.0107195237302498,0.98851628165295247,0.97461059977288012,0.97696006482998643,0.98423476312063507,1.0016113998884557,1.0095282939384109
0.97355159905998701,0.99720864944315124,1.0220903860544945,0.97858377245363248,0.98586641207454395,0.98077666050678614,1.006359204030179,0.98266324315947429,0.99720629011795947,0.9394892899167937,0.97964348102328613,0.98202730477848399,0.99176415826450548,0.92581455449680949,0.96875606344181431,0.9912555174882266,0.96476772413214074,1.000969421981299,1.0145549401430107,0.99654047778258659,1.0233221854253773,1.0141971964934742,1.000083857714509,0.96616947947391263,0.99326918724928681
0.9608760171703693,1.009000248773503,0.98423254157003326,1.0141829778625051,0.96656635606916841,1.0011972326652621,1.0069085943241096,0.98424015229627648,0.96610084521715534,0.96473718507609252,0.9241885770300855,0.99265068762294129,0.9966301788378279,0.96561003612140417,0.99124955888085975,0.9772193784833243,0.95498505718478433,0.9829439274222046,0.96786799428892134,0.98945074423440593,1.0031858475456554,0.97597517420978785,0.97497607853871182,1.0082255600080319,0.99003985757197577
0.99371225897939364,1.0409477002387475,0.9906267459887067,1.0026693218773355,0.97137622583167227,0.97749691763235158,0.98943423836943067,0.97061387827340118,0.95431082836157544,0.88643812952580159,0.99009402749394537,0.99638651458535044,0.98868483612221303,0.998529100561526,1.0277459279810524,0.99764998774320168,0.88314393831669091,0.98083740924766971,1.0040727614393661,1.0003324842950496,1.012035503376161,1.0101547189965103,1.0022065536288696,0.98319183078546235,0.98513346130520207
0.96183438822599587,1.0080461399379157,0.99683740590241854,0.98548473974007167,0.95456577585295188,0.96472577141404203,0.97183342739850498,1.0066917061134046,0.93609900967284654,0.87198413403467867,0.89081591403816562,0.97422613209367159,1.0182890834553038,0.97969059666653957,0.98100995675292113,0.9666129881840827,0.97841406985539914,1.0089799411944789,0.98653940256315287,0.97783949155338512,1.0124318756004864,1.0039681484915854,1.0264909705067533,0.95405446841825325,1.0115057985830651
0.97802146628653863,0.97901912255299606,1.0041846480062624,1.0003922409274149,0.95327605407091109,0.99961830359172854,1.0230440702846817,0.9878473392871423,0.90804444522415662,1.0014234986861537,0.97594493747381039,1.0114309565460573,0.9839862267684818,0.97536121002222498,1.018515389009498,0.96718259521735284,0.9866273393673729,0.97613075760105217,0.92578700673297121,0.98214440153224325,0.99986279764507657,1.0277256306262408,0.97616956888646533,0.92876905638091878,0.99663890049298209
0.97160730447018773,0.99953921860076422,0.98400674205420779,0.99259498770797017,1.0175004913165768,0.96837209040085437,0.94804672977812887,0.99772905843002502,0.96973844675729126,0.99366311960167042,0.99242685579589007,1.0131230772141195,0.96835447225467652,0.97533446197897178,1.0098252835382691,0.914888744164297,0.97141762063647952,1.0147680212304226,0.95894746867654923,0.97640354557186027,0.99246033967678571,0.98814391310101357,0.98208697276617285,0.96202580955010286,1.0165872097497364
0.9856953074117526,0.99841650878180643,0.99791225075290046,0.9818565041498124,0.9402495484929505,0.98496995763354189,0.97497700404312759,0.99323152963778993,1.0043879689211093,0.98321427695286567,0.9275204720812239,1.0089924703849313,0.91300032690676347,0.97030483133950229,1.0086927459858424,0.96141585201006574,0.96604751085949225,1.0040500459532768,0.90926272848858047,0.99644911853808049,1.0058792770402392,0.99763006970762458,0.98439638832941778,0.91192717346284324,1.0088942169017041
0.98187309169172021,1.0034808519308813,0.99149707655383057,0.99178040048730975,0.99204250896379365,0.98005834753011611,0.93266891094830484,1.0177536099548998,1.0009075473539373,0.97209854515969152,0.96048709206796734,0.99776749652537566,0.9539094916773323,0.99537039880643863,0.99005248315720895,0.97842430368836486,0.95312127560154436,1.0175123716873875,1.0121852465018892,0.96509491994291241,1.0175662147668316,1.0100550831182624,1.0049116006972176,0.96390904231092123,0.97848442258610613
0.9628202461348575,1.0130988088095989,1.0005403976127714,1.0287898486697251,0.97669960811336665,0.98251703118259548,0.97254055012417384,1.0245565992433228,0.95456648226339591,1.0176261665161341,0.97100429654804532,1.0063344492790991,0.96252773638336575,0.95601571122714191,0.98142514623037491,0.97431662029674704,1.0073959121980789,0.99938809824183883,0.993043129566613,1.0036674890120558,0.99907511607583288,1.0029862776991505,0.99563424736832584,0.98938563849510663,1.0020265608479801
1.009234270699241,1.0017395430015192,1.0047621266381497,0.97351536775787639,0.97838778452733632,0.97411846964740745,0.96915645268795647,1.0058674882461092,0.89226952570139273,0.9908756311825907,0.99395304817370178,1.0213999977761339,0.95737613879496941,0.98033630446088038,1.000364354889052,1.0117622488863984,1.0195256773779688,0.98352646462104942,0.9730282394285702,0.98180042943517543,0.97114577483531717,0.98346813154815471,0.96295903335896027,0.99099178380314956,1.0069215523209407
1.0172339206896415,1.0347557503355773,1.0073285301460846,0.98305175862584859,1.0091174598676229,0.99963119780479459,0.7826548371598766,1.0070092368707944,1.0235709150410224,1.0048815322932489,1.0005097370478129,0.99297686959654963,0.93913306916126738,0.98800985683328402,1.0128370598320291,0.97350801498634565,0.90773006278909196,1.0210001725563422,1.0079250845804124,0.97135243480776401,0.93309321140099155,0.9832832251951914,1.0200598668440801,0.99307154769850525,0.98292312657721659
0.9699728165861552,1.0099181844840575,0.99711589540205625,0.96402209108624581,0.96417238105811687,1.0080033190866109,0.94280383025873304,0.98915868296730269,0.97199467673472018,1.0043558021078354,1.0170475564961761,0.97303359114892873,0.97278654423591293,0.92651867625067119,1.0105562475621275,1.0045024341914099,0.95934866510742312,1.0074213710772388,1.0064860376860001,0.98188416201305206,0.97609982869452339,0.99485817691646905,0.99408798773424434,0.9818870007475452,1.0150595014214685
1.009279445270028,1.029002811557884,0.9963710601247675,1.0236098139258498,0.92542558317878043,0.9733728321584989,1.0284915380020023,1.0040819463055506,0.99911064282689066,0.98666488710162437,0.98197262348497838,0.98393284421833727,0.86439789514487553,0.90923063246818847,0.99749993648288371,0.9602154979771429,0.99385862419438276,0.97737242382430811,0.97317447687752801,1.0044312244140268,1.006501602518187,1.0108658168378839,0.98216528958696669,1.0097241964429191,0.97788034784506139
0.9921022533324908,0.97321174243368125,1.0216047574693381,0.97198603087946178,0.93262868666697396,0.99346066365461028,1.0230318909883136,0.99617903740414115,0.98468863839550813,0.96753709673737598,0.96760985366360064,0.98817682729248535,0.89074781236713763,0.8983974351473315,1.0240477590635131,0.94711739540908035,0.96736439311768108,1.0050409113711938,0.99960503377081611,0.97838529880130709,0.93883342548750115,1.0111986712516099,0.99060851744667078,1.0063776308201546,0.99493771321137314
0.98806157253508586,0.98028299975729472,0.99482956133144773,0.99697693684700395,0.90186020479107876,0.93626226805419144,1.0189708157891726,1.0008906772940926,1.0192031447636867,1.0038198741332653,0.99977065356303252,0.98690206397049363,0.98128824254077851,0.95416031725989114,1.0120330885814621,0.9299868664236659,0.98135828395282754,0.97362845219707872,0.99969110486543877,0.99420948191025171,0.94162106915069721,1.0185505680585722,0.97350340160315729,1.0129317388604739,0.98428057139801051
0.97639453100425866,1.0158918294911794,1.0033883533182506,1.0110622182443953,0.94819111549815205,0.85633480521423855,1.0145813664481835,1.0030491043563197,0.9679702122615812,0.98790595783071944,0.99737813081106075,1.0118989143815338,0.98408452828626691,0.97760905588449887,0.98444667372939532,0.99968646297947172,0.96642447444780266,1.0014060496992458,1.0077005118647484,0.97636534012939469,0.96030506539436011,1.0326225155048521,1.0058552083710308,1.0002965726799005,0.99695422747893792
0.94806678977377634,0.99406247438814443,0.97513422829149254,1.0044316472041355,0.89729956878974915,0.94535054825751319,1.0528976914302886,1.0026724378911718,0.90761475125384117,1.00926084894929,0.98329213691663364,0.97566551338903862,0.93403600152439759,0.98942008270551562,1.0290008786325107,0.98540644562259549,0.97315179650443495,0.99584627392971015,1.0005798333603124,0.9969014296803449,1.0258148339687112,0.98551466518338704,0.98425896409891522,1.0029861237853386,0.99292419694075973
0.9603851154459595,0.97615968472380377,0.98112009227168762,1.0263859152998991,0.99380357960176202,0.97858109153565687,1.0190206831624329,0.96152664400418775,1.0213907907530466,0.98841434751124602,0.96383935189466785,1.0040669564603146,0.95083695573805094,1.0139026730032947,0.99840407383053853,0.98126189440026745,0.9610668972572437,0.99530637442282444,1.0314381060691185,0.97696913411583708,0.98296018126171769,0.99261859083304127,0.94581146628576929,0.99241390313901368,0.98573769079422235
0.92701392071161082,1.0261926784469231,0.98363180440520137,1.0490179935843205,0.99439464456158932,0.86176707569043742,1.0471257544279577,0.94933960159717345,0.97658616175749935,1.0037580181884957,1.0026872494975854,0.9944953240587191,0.94158668575937121,0.93896355016703581,0.98049640213261924,0.95616953545182393,0.99027565690320785,0.96396985839457938,0.99204023261147978,0.94853220844601149,0.98305908938459352,0.95652968799422422,0.94010554611874064,0.9927650133474154,1.0166734783929654
0.89643901618429922,1.0321177200326341,0.99160961491683353,1.0185560811472407,0.99594032454346093,1.0056875400077891,1.0387816499125511,0.95465317317765686,1.0150250932922527,1.0228898181497263,0.97599244891544479,1.005644364683083,0.97913636505697377,0.9788514333360977,1.0025260900356308,0.99513216977489716,0.96907984184585094,0.99671718815894439,1.0045418632530163,0.97163676956429734,0.99176155302685143,1.0024809399153713,1.0012267517484414,0.98413047221187577,1.0102747218802404
0.98970337673786513,0.99303382327976397,1.0244420471076421,1.0144879822358783,0.9623189819963941,1.0024958954722769,1.0023776815193266,0.97976804762868619,0.97594302271276834,0.99227742955882681,0.9264405533854867,0.97769571829451762,0.99156649475478997,0.98001694443486531,0.99290029197292828,0.98100750616899313,0.99170379665983477,0.99830305055504753,1.0031048751380613,0.90472450252376702,0.97962707642758218,0.98178410809451844,0.99906598829100379,0.98717522425234006,1.0047862092450357
0.99932705971774405,0.98771894551682049,1.0123589501867787,0.98764676182260513,0.97578931252035106,1.0367262808052187,1.0109458534037603,0.90754544703816953,0.90794085218404263,1.0062117969222852,0.91700548508810875,0.91187747600124391,0.95659386936043289,0.94828785681726668,1.0056521316902167,1.011382326656014,0.97218915041426701,1.0179892380604931,0.98889748206021411,1.0057490093309585,0.9671610733574455,0.99895259998672647,0.98559945652026582,0.98523610787021687,0.99027856017070293
1.0266563427542583,1.0140197743339381,0.99667909315788261,1.0087582110528235,0.96057187339482297,0.96789247333456507,1.014747178406932,0.97544325277175947,0.88876655847002639,0.9937405305165169,0.96067671304836477,0.97021365049716435,0.95512865668648361,0.96734830273150851,0.98862190747757417,0.97838869384061422,0.94254947979984671,1.0017528916546821,1.0208761525687873,0.99466952772490802,0.96773720169263422,0.95970113228608689,0.98880818574192775,1.0017571443973894,0.99214378360040945
0.97239298304528698,0.99814896825499977,1.0041057911218472,0.99768919145009105,0.9671463435801223,0.9977906447371695,1.0265595169548138,0.95571026160329153,0.92723342904794404,0.96646608845527138,0.97729328893774903,0.98286823720164429,1.0047619038312554,0.95884991365331973,1.0068490888867581,0.93819562325666095,0.9658578727530851,0.99731388830040302,1.0081720221329467,0.99379793022155549,0.98820670407915423,0.93390672138684949,1.0085017269666807,0.97658751705248548,1.0023432557484198
0.9996545408535269,1.015964164454199,1.0254112867177692,1.0124508395664575,0.96176697450493154,0.99631959359195021,0.99305312197504747,0.98583113263031963,0.96718508447494811,0.99506821068956353,0.96738342597283966,0.96498255752281847,1.0087976173630875,0.85731514017380839,0.99357681993175206,0.94603510650213973,0.89324526102221014,1.01150328794572,1.0076083847644546,0.9329618912425468,0.98154664570706018,0.93079572238757913,1.0289345860121364,1.0052510343250838,0.99159145026771045
0.95728099273454059,0.98011312406347861,0.99568401598976153,0.99427462566798275,0.9722065290870241,0.99008342942175553,1.043177904898958,0.98985990577899263,0.91820159795728962,0.98930435637881931,0.94126351336990244,0.98746207363421279,0.99023924761471127,0.94035306761369253,0.96922730223635145,0.96768455833745859,0.9291202130016003,1.0101491323311722,0.98579852229767251,0.97964861308110696,0.97179937758143875,0.9674953617867198,1.0138262090027046,0.98205212390286434,1.0028869747874956
0.81132876768944517,1.0194234922265861,0.9979973658201392,1.0003211369095286,0.92787090210172718,0.97391398763561243,1.0033468205988276,1.0012823149426648,0.95951626540888091,0.98807506926207123,0.99043995451243072,0.99931105884295102,0.99281992384697315,0.93836250578793146,0.99655606628378335,1.0015298222599092,0.88570835816986815,1.0041270427557696,0.99432351745883041,1.0046483518967144,0.99404687615647658,0.89712110500856601,1.0176828185690834,0.98259271844791984,1.0163543653305058
0.95361028235292111,1.028267206849923,1.0168429437440614,0.99120805650057175,0.9245288145138536,1.0009218217726468,1.0138496271514168,0.99839309001005028,0.98239284091250967,0.99299845190142444,1.000926348584749,0.97553081305049738,0.98824522637734968,0.95497299411139414,0.99398416035586212,0.96876266214466089,0.96690796756269382,1.0068827081077822,1.0009200851888829,1.0189614789478429,0.99870730233358107,1.0111427599321936,0.98971613355195776,1.0016290067150906,0.98504480380426562
1.0021687401657777,1.0368000815313523,0.97318371555909677,0.9962153679519784,1.0038867669433345,1.0021729889735724,1.0254349121256359,0.99042279777028852,0.99681258047837229,0.98421675237931061,0.99639222130763228,0.97915841243204582,1.0025474829999987,0.98984722373557754,1.0280575320644538,0.96181084929279004,0.99213455074006907,0.99650331546499615,1.0476197577663464,1.0039263919253478,0.9862978411964558,1.0143071458830286,1.0306519259682954,0.9875960146599726,0.99344511706083716
0.99572356320152089,1.0118604659778832,0.99365045444481415,0.96942574190656672,0.96262593530281959,0.98936329034349912,1.0029718681609954,0.97458751575917324,0.964209139528451,0.96754389787925288,0.95869849752496683,0.93391624363260095,0.96467172263092282,0.98453606638675506,0.98629983955860767,0.92790045729867454,1.0137212609677211,0.96605237931485866,0.99017357558000296,0.9744570822594818,0.97744748845915985,1.0096455919609948,0.97961121992078504,0.98878988993766692,0.98425559680225527
0.99864443857375207,1.02211206633508,1.0004408617297125,0.96833557844551854,0.94524511432989045,0.95753237797468127,1.01613647226931,1.0073204599510757,0.91173813741653609,0.95249465878464601,0.9663402978518677,0.78955839440236408,0.97858110802193454,0.97690315817968409,1.019394345426277,0.93205005189219614,0.96908560157716395,1.000015406580369,1.0125909678743636,0.97241569886411172,0.98705462324093085,0.99190653061740619,0.9867662091684527,1.0129700496559131,0.99465854707939727
0.99253657306425669,1.0213344248344773,1.0080319406241076,0.99085661188978003,0.91881549555343811,0.96727233015466541,1.0140588166631743,0.98876639320383397,1.0095124534921989,1.0152245189804847,0.95557078380853411,0.92405678614577957,0.98766582649120882,0.98555297982791401,0.97317738443703383,0.98322110538974072,0.98753755017175293,1.0156963470665177,0.98615996982379661,0.98631575420586004,0.98872825630568739,0.99594215310802814,0.99752311045584241,0.98215707216743375,1.0001475499729842
0.96379765227568248,1.0303605776607361,0.95793471308233369,0.96609926470702501,0.97686187068907238,0.97914978016377263,1.0323723805768497,0.9824133528521003,0.95633447380734715,0.99160929208929272,1.0047103608728196,0.96149082112748219,0.99543783159160959,1.0000160307001278,0.98964841597099351,0.96517283009164845,0.99761350575791685,0.97997302165635169,1.0088431627024521,0.97939340950689902,0.97457833731709942,1.0223424149378719,0.99544587336877244,1.0059541136932857,1.0023427088574275
0.9858216992271851,0.97864491060327397,0.99924353819657574,1.0096494658821749,0.94121687434304713,0.96531883682162867,1.0147087923635889,1.0012710085314762,0.9529139853769244,0.97486375664001901,1.0153421213072604,0.91770356503646233,0.95784164036468844,1.0066133330684341,0.97872962550063058,0.96362591776317252,0.98180707947455226,0.98822027738159512,1.0057159810624576,0.99719730688915498,0.98059417704587593,1.0188444232885472,0.98267112740099405,0.9768524052616514,0.99588996570851718
1.0096312461746624,0.98342849126846099,0.98814288990683985,0.98128405558456755,0.98678215345080478,0.99157467503060104,0.99829800689743098,0.9897011651956229,0.96846683647246934,0.99898056551683145,0.93364641733661013,0.97338699610889923,0.8634686649394655,1.0179658589178417,0.95363278374212657,0.97172790906363893,1.00892089460099,0.99456715739959745,1.0168637265370297,0.95432208750280001,0.99177406684871361,1.0010166972460131,0.99798400296143397,1.0075704789032016,0.97589827666446816
1.0140329668722805,1.0200916920877754,1.0089536651036606,1.0350113404148324,0.9902226344794901,0.9957081193813746,1.036490638537672,0.97067420694147544,0.96592537934448019,0.95959115746366408,0.95286170186771846,0.97449902403449451,1.0321045456565028,0.98807435690464818,0.94871701000567099,0.9816654749804673,0.99927566444477101,1.0054664337413932,1.02314050430123,0.97976567628123801,0.97877223826901028,1.0169398221455703,0.97159617076123861,0.9758206018985659,0.97008650312567757
0.97637363292457435,0.96804480645270474,1.0083761998367979,0.98038090036838832,1.0243580825347072,0.97463718423765044,0.99347498544292878,1.0263599684529003,0.93433648172165185,0.99249997909952192,0.96719379298522568,0.9678103815755249,0.97185567578314735,1.0145217017431374,0.9378569502364219,0.94531253244027003,0.96685935133955336,0.99403699029193426,1.0303937801618632,0.98260995741628876,0.98582112214923678,1.0059078483905977,1.0184350323400457,0.99580187133078835,0.97760769636784139
0.98079085606276906,1.0120112108742674,0.99312487455899989,1.010441669873732,1.0021524742969594,0.97473366090040958,1.0171552229872547,0.99198076068678498,0.99397313896437478,0.96937093673320862,1.0037784695202112,0.95748809999214179,0.94653366791860072,1.017938100175932,0.95954220262463941,0.95702069906682907,0.98543045188152667,1.0283511050627809,1.0079134678799879,0.99654199599948523,0.96456557191291292,1.0026652955662638,0.9758142939188168,0.97079029227914493,0.95717770512544165
0.97361944426027647,1.0349720298426506,1.0099343394348854,1.0220410680141971,1.0252465265911936,1.0026141365038013,1.023447894695851,0.97054935315557767,0.99410757784458381,0.9191334139056464,0.99490485444206278,0.88067530576272535,0.9501629536781564,1.0079951688801929,0.95234085087078335,0.9648764314627607,0.95735677667017005,1.0069712337152961,1.0014150635300823,1.0305885737436637,0.98388938128819337,1.0019550206012338,0.98929401785776594,0.99542099263421235,1.0010252365998555
0.97017329918166828,0.99005856687673655,1.0114821256446427,1.01132375210395,1.0179364099429535,0.97452233895753282,1.0412666818979182,0.99165694603505161,1.0108662040982288,1.0124272250738506,1.0503270686101696,0.96880740552731004,0.85590705751651452,0.98524225663623866,0.95476683521381323,1.0120899570550186,0.94966768772467636,1.0142863448069233,1.0183278091310755,0.98632215212152752,1.012723535368498,1.0301830574426181,1.0322669314772672,0.99465986690853025,0.96749971704213678
0.99884984698430657,0.99021901143608915,0.99346482540136705,1.0245093257176749,0.97152621888349711,0.97069444917632208,0.99269050656056013,1.0022820001335069,1.0081414247661902,0.96008412611883986,1.0124639503217907,1.0070526132202515,0.98505823018182348,0.9595529062632886,0.96692676110751319,1.0200161756941355,0.96561704465152276,1.0243807998644183,1.0371120726100074,0.98774408624770571,0.95932273358850451,0.9899743519887565,0.98881540201302065,0.99914440791801684,0.93887329460187663
1.0060913115404428,1.028384186778436,0.9950674630284112,1.0029752565330716,1.0318902967117054,0.99552816455820869,1.0123579562120264,0.98603017409821958,0.99261484091128271,0.95465118684566752,0.95172917710785943,0.98755111581010424,0.99120029513257779,0.93805195931036722,1.0012893052525345,0.96067709670300616,0.96357151231789495,0.98079174290600457,1.0002284167258082,0.9608853028886325,0.96883642460098507,0.98325590199457902,0.97839700048865452,0.98892966119985015,0.93920365058264088
1.0015292635883726,0.99559006284461804,0.98295494501265113,0.99730246959013269,1.0319610291869896,0.97322968631145412,0.99688998709180787,0.96631127647764692,0.97074294507122483,0.93982728830798823,0.92267057986024392,1.0101540096484345,0.98935166505119543,0.91958950215918933,0.99854848279834663,0.91189460284427548,0.96673593136933822,1.0233664747324678,0.99647132853329057,0.99788345303258164,1.0114691402442981,0.95488068971292506,0.99396985726089637,0.99510593958703997,0.94734830465451447
0.97378148655618557,1.0411803876199064,0.98945244710984481,1.0263447706513507,1.0071032903406887,1.0096534606088661,1.016757633820792,0.98440913493302362,0.98403141660351012,0.943983974975655,0.98665182632280357,0.98836223121098132,0.99447853710941481,0.99448255731229374,0.9518109681695972,1.0260275711017037,0.95223730621170199,1.0098251189772214,1.0177477589914681,1.0206466505661642,0.97881488751253232,1.000424430693754,1.0080804780133008,0.96692091683856785,0.97866146628561057
0.99718877963425712,1.0117362465815856,0.99364607286650197,1.0397780614491161,1.0374201078333714,0.9991210898989884,1.0237322601168399,0.9727140990636145,0.98674507035288228,0.94484910062886218,0.91181285920322919,1.00836833181455,0.97671762202687107,0.980779785702107,0.92456301087091175,0.99091770252636191,0.94624914086727507,1.0229927087776367,1.0142404358467858,1.0179006856597597,0.99168957163724336,0.99996059110695457,0.98308281390927099,0.97761725895553131,0.97346544321264439
0.97835835975147689,1.0204269989679082,0.99405646562454641,0.96635813643818647,1.004211262571401,0.96994012790193995,1.0104668435381974,0.8482221804917085,1.0351392924394582,0.95246675788658086,0.95803054573722257,0.99005920922226576,1.0082372034986253,0.98544575700694692,0.95779094536593701,0.97531527188503453,0.93864381790996065,0.99957101937243287,0.97518305352819512,0.95159401681298017,0.99112243874520012,1.0171031135034065,0.98418353891436039,1.0189521624611211,0.94199221545248923
0.97485388364952341,1.0110081876605528,1.0214053514198693,0.95574788512452236,0.991601926625857,0.99220032925089419,1.0256978212506174,0.91280114768584864,0.98785595572862273,0.99157896651478061,0.92844535595376931,1.0169629352497556,0.99986620919456348,0.97495729055741176,0.96663688899696687,0.95341822561186018,0.96684713438650149,0.99422485249343628,0.99057517104404746,1.0134051239978572,0.99308755107898783,0.99019278208561867,1.0346582686587951,0.97510163533898642,1.0016179810163313
0.9746671951459871,1.0330931535439405,0.99023153042801049,0.95840114627255879,1.0190822464762104,1.0070082458699621,1.0310128887966612,0.97367917704836282,0.99083041086512091,0.94808882679667772,0.90724694508284942,1.0120418592370981,0.98468592217773276,0.98649624952322312,0.96625065589764314,0.89232325116203259,0.98907818777654244,1.011047290209973,0.98663874131777685,0.99154981945015797,0.98052331188654573,0.9832411506951414,1.0030843975676165,1.0132598698788402,1.0066486818264764
0.99778418730957552,0.98579978104471111,0.97090574527181805,1.0392272564273162,1.0042722048021282,1.0030162203787583,1.0296544648210215,0.95230557494425216,0.98425638407716043,0.9629675286596896,1.004879522083562,0.98939945283622666,0.95754026737981512,1.0143094238945818,0.99254568761924977,0.92642392263310602,0.9641591603907228,1.0038896774065802,1.0088333909742326,0.96097260515706295,0.99682421070779836,1.0038982211646814,0.99747113665944831,0.99054718951633625,0.93522593922499309
0.99048628312065412,0.99921730732345437,1.0174104045735535,1.0060528274476805,1.0247383355375379,0.97615626416309176,1.0221703485113869,0.94693765519665596,0.99841487420840203,0.96655719457035882,1.0154853298286954,0.96428816124317929,0.9567640975639311,0.97001944602043899,0.98581481428626827,0.90391328212462718,0.92799805591871865,1.0103556806842493,0.99263822221294518,1.0050738753204143,1.0020042634984054,0.99753882056144272,1.0006167252304798,0.97497863370386861,0.83807295390018954
1.0321928371703257,1.0060255231547788,0.98773144076492625,0.99334438409758818,1.0378913014013795,0.99064663534205766,1.0024521737063783,0.98756087798790892,0.99912714098344801,0.96708975605579883,0.95154278545455084,0.94375503651617576,0.92509121078178014,0.99572371170558616,0.97559592509087167,0.99488815565970934,0.94768002008423891,0.9996723171815679,0.99051248818664184,1.0046840456723722,0.9850754488003024,0.99678139310488345,0.9816911888390506,1.021830501604668,0.94253595009059477
0.98953492599594695,1.0043997427405329,0.99511889686914767,0.9739805487986819,1.0396294516354665,0.97812006301223831,1.0073119884478021,1.000375882810274,1.0181219832500408,0.99102199021508042,0.99812249672734876,0.85560489531583372,0.96331955499666067,0.97566582334090468,0.90720681816375826,0.96640122404520734,0.986611496883391,1.0010379312451874,1.0040760464067009,0.99728017015908188,0.98542150065603518,0.99062446088363387,1.0068017641855476,0.98608633537368495,1.0010963783605999
0.99924513237623014,0.98340277337024806,1.0189763393129203,0.96302561027547362,1.0340338737025674,1.0192318542173608,1.0300253908581991,0.97001256372612543,1.020016370244222,0.96460538378551475,0.98120388868038066,0.94623989258459773,0.8996259794403848,0.97955740698721427,0.94986419255492127,0.97991613927953991,0.98161656040778689,0.99180565508952157,1.0156989272240047,0.99680085248313455,1.0036974242643915,0.99585695841468724,1.0120859502263557,1.0078685113145001,1.0052026046784748
0.98625165446059093,0.9871081492472098,1.0311163734271618,0.96470503043994182,1.0107313379474894,1.006627755839923,1.0451866579946849,0.96525772812196975,1.0051694295667222,1.0156286496150597,0.98896104123934059,0.91255723807139821,0.93926743948322711,0.97933772563069688,0.98526556751875971,0.98463425971663954,0.99093030852555841,1.0103119353812509,1.0326098807715753,1.0107890817694225,1.0106416669804306,1.0113680725524323,1.0060885911731641,1.0178540330606405,0.99293452105055902
0.97019244593108145,0.9959815665900823,1.0027867982038028,0.94691933775809567,1.0296161593403172,1.0023835990512506,0.98699171344511105,0.98819010295249488,0.99144248784479672,1.0142350657633086,0.98253880764294488,1.0066071883104366,0.90546739426787093,0.96230916716652937,0.99691741377372911,0.96802464316556502,1.0089752089448054,0.99164918978501315,1.0354160533100059,1.0094901005149668,0.98987630474069754,1.008900340064683,1.0206857299183258,0.9606154781737547,0.9822267131121647
0.96317403031295423,0.99615716584576219,1.0031447740132455,0.91834327802524474,1.0204666523172436,1.0012717471158186,1.0264890667188433,0.97914990132355062,1.0138914493261715,1.0164950278306242,0.97527256579248967,0.96765439214288695,0.96170891171915707,0.95012779239703404,0.99110478852920125,0.99528220155850566,0.95920409148593067,1.0062680186977511,1.0037455159474993,1.0117185893894105,0.98801580659986965,0.99460373808276892,0.98379294105839155,0.98669387719243251,0.98545865897816809
0.92098532526932841,1.0293190700267079,1.0146555187606532,0.97301812823522393,0.99650653715040172,0.986607985082531,1.0357006615580122,0.96841439245422489,0.98563698787793841,0.99534816651483904,1.0219624291971183,0.97582649601843474,0.98389521934830027,0.95809445260324322,0.98180328423546193,1.0006391875399892,0.98960121566363746,0.99034839230226523,0.98605772782073176,0.99507653011852171,0.97304356622854815,0.97717584573486327,0.99432968162530833,0.96699517578570027,1.0057883234768128
0.98309379321970214,1.0264999069156733,0.98472237215261615,0.9809574174618263,1.0521325015513534,1.0001488689018736,0.97518029148237995,1.0099978632502911,1.0069301189017916,0.99835943860886678,0.97437931109248255,0.96690596552824926,0.98691002443273645,0.95825288852353119,1.0189979940428577,1.004942421833614,0.97955367602465993,1.0040495716225177,0.99627189290302121,1.0053703953478368,0.97885632901902997,1.0329184525812842,0.99231948974768813,0.98667793267857673,1.009049298989187
0.99624241239871347,0.99346946583023954,1.0206753126268677,1.0066200574585678,1.0119261606023728,0.96394052271308561,0.97680227539854558,1.0354565865013807,1.0206785329557642,0.99440732231390716,0.99932605835583832,0.96075108560839173,1.0045130844754437,0.97098488011864914,0.99370961840019922,0.97975222359016645,0.99619225412484447,0.99857140263944644,1.0159336942723964,1.0023016666308942,0.9972381664642177,0.98414785224824297,1.0203571384894532,0.96176344009790027,0.99686972916303374
0.99216653787424858,0.96620425060522663,1.0074843183704958,0.97793808518088121,1.0222131904810552,0.97153214776171681,0.99658678325430616,1.0127959165729667,1.0008442905809554,0.99946184497478363,0.9995343351461039,0.95777705951542691,0.95621319195315857,1.0026454951138832,0.97078345905193297,0.97812381324799746,1.0030424213126492,0.97309157899025511,1.0220200223734628,0.9833838554644071,0.98559765022117207,1.0140878490427163,1.0228290871687389,0.9327212364057319,1.005105154741935
1.0263303242664985,0.92633772430286221,1.0147248700025895,1.0179531029087121,0.99516136869736138,1.0256118088740314,1.014572014195527,1.015340754162777,0.95461412231170484,1.0132893723678436,1.0111083580165303,0.94003883752253437,0.96408922178780276,0.99567145505672505,1.0017932800415537,0.97832238894816315,0.97844670177784432,1.0019233893505541,1.0246122182898632,0.99678079347225956,0.98056920246941481,1.0043211848395823,1.0006472893112004,0.95269372798721097,1.0060290913585876
0.98785119701131596,1.0072967270407791,0.99376763451066974,1.0088872283162624,0.99750597135164409,0.96082427472645804,1.0074110473039701,1.0234819935003627,1.0112819123693726,0.99611692921297379,0.97809035770882258,0.96960682714002577,1.0019824952095964,0.96554922881692751,1.0073260579443168,1.009788569312088,0.975390507647661,0.97747460244096429,0.99151562272714178,0.96419090155366582,0.97788662480932798,1.0009655356930101,1.011337461479235,0.95832376809838848,0.97832664916950529
0.94411846254751042,0.98743854321955993,0.98485103948527164,0.95345450383915664,1.0253996315119382,1.0200638372335842,1.0065120982690181,0.98526626835417797,1.0139471614062967,1.0018771885264959,0.97297698814730715,0.923604652812553,1.0072475446494538,0.99135110955398353,1.0100269723274422,0.99800706432360509,0.98111649839806736,1.00387569589911,1.0329946193501602,1.0094933336724559,0.98467299002112296,0.99415331233389903,1.0196570902220445,0.97287066890259088,0.96794460139775129
0.97457220712263382,0.99363122283537764,0.98161075408376863,0.96456191167972427,1.035452440590612,0.99684037978642481,0.96679923782561861,1.0159549106876404,0.99860888765352429,1.0155194776105079,0.97831022528725498,0.99808458257507693,0.995554994404655,0.99706155508390104,1.0199715598544741,0.96785764976269073,1.0089788347742001,1.0110313276843335,1.0319300573934578,1.0113378935174215,0.96460358945815805,1.0243185286749801,1.0013874237446647,0.9930529976525786,1.0016467092346337
0.98529065719237408,0.99044121208872493,1.0230316988152326,0.99915233032668505,0.99876895108203978,0.97629130065530123,0.99302974776334074,1.002342474961553,1.002681208694395,1.0133280569952494,1.0010349796699867,0.98567286545761612,1.0048277817217663,0.96137346301958959,0.98399145806322763,0.95214201334455106,0.98184680807659697,0.98579470957257431,0.99257167803401114,1.0526273987033767,1.0088147023802714,1.0161962182779702,0.96524539100713069,0.99337206757880381,0.9934876699487879
0.9910612893298556,1.0002496841515676,1.0034241876247065,0.98949525523498527,0.97079046979534922,1.0356881007848457,0.99391758568418631,1.025185850302033,1.0253958371488965,1.0483159744660366,0.96013347226775358,0.98760945598839156,0.99178553121676349,1.0043339324802403,1.0034352152156099,1.0345977759968992,0.91432315862334146,0.99867609560296411,1.0132110629513813,1.0372363869631771,0.99280330724673049,0.96586865920778664,0.9098426590866594,1.0307883296955747,0.98533813156339112
0.98874130774845059,0.98521985788793665,0.99458518879445068,1.0240941594768889,1.0221103341423845,0.9721238514003484,0.99528388256883271,0.99848260355429164,0.99503758040028656,1.0006873954800655,1.0078710656118932,0.98052469677984788,1.0117670934589906,0.95423698222688236,1.0072119281209275,1.0216473363823533,0.95976303331028456,0.99410053711960811,1.0299236688389328,1.0126000429556219,0.97539153398806711,0.98082768923130614,0.96002331406782115,1.0213105288721513,0.96342041063204364
0.98694302966257386,1.0084053586787574,1.0174155967436176,0.99851240141821063,1.0185223117113007,0.89292846187670105,0.97307335723299437,1.0169423642188542,0.99084359090907392,1.0283438959982876,0.99839072949597629,1.0098329876915881,1.0001139757922406,0.94361476536683964,0.99319898340167345,1.0271453819666028,0.91989531881888398,1.0097300552995987,1.0314505956562507,1.0116676854078441,1.0066951596682088,0.98892995642884629,0.9778225109414902,0.95587070107913585,0.99100606332781049
0.97517736145697032,0.98043604114192207,1.0206352000254779,1.0012755736019707,1.0173740968627141,0.93486909334439605,0.97724516311192977,1.0264050747416782,0.99001762356492251,0.99075179232314592,1.0028879021372956,1.0188188428513387,1.013454545790025,0.94532304378694265,1.0119651744873055,1.0216525212256662,0.96573240248719017,0.99768420369129507,1.0314715076216325,1.0371907837801306,0.98105720560831033,0.97085985211251258,0.98027344413944462,0.9681875971017212,0.96433124851708496
1.0013428920699821,0.9930862492685858,1.0108689380332894,1.0091617195732383,1.049455670373338,0.96791712799532592,0.96259193521570485,0.99824115716553108,0.99817083647524907,0.98053686696644315,0.97549757157140982,1.0230922219520759,0.99673538038818066,0.92519981207783952,0.97407138151267914,0.99440277071719063,0.97129232608663107,0.95224705244483487,0.98594155478139067,0.99979992423416297,0.98365252052414676,0.98472174019935799,0.99008118153553226,0.98055179970885753,0.96932009497811422
0.98937417640893943,1.0235899117215497,1.0040287857205681,1.0040743608376859,1.0038923032704252,0.91592741020309942,0.98248981058562701,1.0368167311887417,1.0284754182417508,1.0016595058800588,1.0185694957381732,0.99451794994117015,1.0180260479426535,0.99771165219390401,1.0322756654913343,1.0344248876299182,0.95101912018422052,0.97136152117337859,1.0003909670938576,1.0231216882544472,0.94402487565441107,0.97066709898786596,0.97777590181533347,0.97427379432287253,0.95438993384618409
0.99341172516813658,1.0436815683464518,1.016296441274579,0.99420803538665914,1.0014539544729935,0.96636356444504534,0.97474104446831578,1.0417430035899802,0.99720206332981531,0.98419697619617941,0.98742529182015926,0.99316338669185988,0.99420995177523164,0.9770408795923452,0.98073871501933974,1.0280449377507821,0.92299091941268618,0.9490095425826397,0.99887200642172203,1.0100548845847661,0.99824872471713966,0.99434594316461866,0.96021376173642692,0.98171872562202289,0.95530995042026401
0.93396680127111631,1.0008509082248087,0.99384755968514515,1.0405683503768202,0.99426169158619071,0.98213581538311123,0.99473241003776491,0.99946571197886891,1.0198995721413795,1.0228888727796248,0.9914369065803218,1.027405774812346,0.98816812142838684,0.98027980908915568,1.0001344295410435,1.0100469611850245,0.98424044501815477,0.96961481483443379,1.0234239691787272,1.0107535663711935,1.0008682657639441,0.98491138253694288,0.95731404453907476,0.98862985429022499,0.99547569128906543
0.90683776970579721,1.0159125154814401,1.026839505929138,0.99428891383061024,1.05220455086497,0.98933646994140423,0.97273075588535773,1.0414488367217896,1.0301695474387891,0.98081917231916893,0.9918282493855739,1.0017078734088609,0.94472108520523346,0.9354249582623414,0.99973153749677857,1.0110034946097459,0.96853823582857379,0.9535344142358545,1.0008403077485313,1.029956383434063,1.000026439098282,0.97632896421013127,0.91348530072258394,1.0088932964794739,1.0057437462864691
0.95660131090127765,1.0155753676426693,0.99959566432853553,1.0130231706029165,1.0190208622089505,0.97183458127506628,0.99126509051820721,0.9934609347792055,0.98942296352775938,1.0376945412899388,0.99119478496971047,1.0218852909322227,0.97540250033236653,0.87280875720572282,1.0129583455452822,1.0241159048530883,1.00198708119506,1.0179851127059523,0.99946450700397016,1.0146196842468564,0.9995812990192523,0.98570144893196554,0.99437825926831014,0.98366415846978961,1.0120730219896736
0.98567990261209715,1.0097703359394909,0.99636807122462134,0.97645279720681266,0.98407493314381267,0.98282005696611641,0.96167658541047518,1.0367201613455537,1.0015544045568212,0.99667808341878006,0.98933934021939052,0.98490476479050304,0.95722767460231495,1.0214319132334551,1.0120855505670794,1.0055309320090531,1.0092927400255853,1.009658332511302,1.0304360394610839,1.0078713919718911,1.0049338375615016,0.95283690397658971,1.0033680678784294,1.036749418950901,0.95922432317387718
0.96605091290963496,0.99638099036685934,1.0113663665307977,0.9163667768828091,0.98735421177086513,0.95595768096885092,0.95425562848373102,1.0221231754103184,0.98751827367382228,1.0573625055107887,0.99199486880090737,1.0231062217648588,0.96773369297023437,0.99336529758672298,1.0275660419633186,1.018453688166195,0.98645496182649384,0.99126511585044208,0.98690122637807887,1.0190194736863019,1.0238507321637706,1.0055936728288544,0.96971011083697278,0.97354895999572111,0.95135594499172249
0.84906968644399272,0.99579238363773415,0.99191244400923129,1.0039462162323507,1.0474792692462815,0.96538313967903722,0.91836794438031122,1.0365949488029829,1.007967848155328,1.0247308226526828,1.0197402687058261,1.016229786278416,0.96993628252747355,1.0447355303900068,1.0106655265627844,0.98499945977497261,0.99304381843918155,0.95624038844862813,1.0226518171085726,1.0146442545270653,0.97412308855449781,0.98116097759487697,1.0221488275842512,1.0080130122183908,0.93865532908740634
1.0162552168913124,0.97941054638561398,0.9718339930993779,0.96743336683094927,1.0400536033573589,0.93962595803768612,1.0032591285412646,0.98193267232774339,0.99366602032839957,1.0281199457720642,1.0114957883380253,1.0126056785919859,1.0034812847468131,1.0328177080709031,0.95641386700089925,1.0336527893832526,0.99944611011275764,0.93989119153063228,1.0185414400224417,0.99503073580130486,0.98567084468755017,1.0171838243506628,0.99385604672677375,0.99507401061235434,0.96808397001089486
1.0411996475356089,1.0067825546660734,1.0093371221530807,0.94763104137964083,1.0476387954125312,0.97927759317132634,0.95844991161189019,0.98161127782076751,0.99025657041019188,1.0117745654689803,1.007495643469372,1.0129085792100498,0.95972386477727956,1.0260252638106966,0.8436541922703823,0.95871036763607065,0.98995441149585106,0.95194928842786619,1.0007828028078123,1.0223580564679506,0.97030516055039917,1.0140663568509556,0.98357584805590947,1.013846440390235,1.007420821557844
0.98572557310503717,0.99502168010444614,1.007241942359975,1.0027122532919801,1.0156540022160929,0.98178075391038577,0.98202744106613693,1.0103756208363277,1.0271628323017987,0.99870660266307887,0.99574472914487622,1.0016904244757689,0.92777763933959112,1.0223298666732603,1.0034964440383718,0.99709077629793108,0.99688509936240777,0.96452172152524895,0.9909442309168609,1.010229124726566,0.97325803059483584,0.98244946527148214,0.99994559710703901,0.99775528085697585,1.0095693806162285
1.0109951169936044,1.0042783754006259,1.0124012162156475,0.99328317438081049,1.0243638584215873,0.9578982545512772,0.98692227823931278,1.0063096490975241,1.0099687919836569,1.0288840444042517,1.001997622433644,0.9877587633548085,0.93041057871636401,1.0377009819659546,0.97951966614571473,1.0222057344631859,0.98465286765090387,0.9489327723883626,1.0163391552405254,1.0159947047462816,0.99901638748310395,0.99663771885549868,0.99942760576083289,1.0249093567105223,1.0078709752157569
1.0271255565079058,1.0306985694958213,0.98750001714315305,0.99620602073431685,1.0465116796144351,0.94196534960399492,0.95628612322362161,1.0270088693851644,1.031216770297275,1.0017192860863555,0.98721347654623048,1.0360252017837654,1.016446826989184,1.0551366699328257,0.97279635830475719,0.99188431280914269,0.94026158217330391,0.99049524483550933,1.0214022888068954,0.98800342957105869,0.97340969075706163,1.0086629563503178,0.96847447161183675,1.0007219233597275,0.99890634263682576
1.0092916032656123,0.9960573873129418,1.0158918350134636,0.97708829202177916,0.97017735533564564,0.97052994652248725,0.8444273830347051,1.030727156134944,1.0231071658838342,0.97739748564711815,0.99036609919855367,1.0009509507252516,0.99003762733813216,1.0637048461891705,1.0065896340348885,0.9904735025381336,0.97765570598335072,0.99398996197063139,1.0384703452436419,1.0169788783132183,0.98852408831313798,1.0126974262705466,0.94257991401887575,0.99014962928525618,1.0346974780773159
0.99643186798350381,1.0228159171392566,1.0322667767130711,0.94395700020120987,0.92189142924234757,1.0254367144113894,0.97828741875251035,0.98378575150814018,1.0222288613804504,1.0262545836788557,0.9782433560090622,1.0000926425647196,0.93186213932021844,1.0395124717907505,1.0086895759319106,0.99433044218467181,0.99698902849069249,0.9482012898864921,1.0137941102742731,0.99902139543032653,1.0227493751578085,0.99034851002845614,0.98014308232505443,1.008817370386266,1.0329543164106669
1.0278024756733222,0.98240225687609239,1.0098579929118066,0.97989045849188428,0.97975779820549136,1.009415237276216,0.93442302125375187,1.0017957092751975,1.0090878084675925,1.0240978737071853,0.9342913808648623,0.99938447784805817,0.9091007075809362,1.019364570277286,0.97248785530688009,1.0216083873327444,0.97050403144793718,0.94014791175362034,1.0229587700420253,1.0030199274068705,1.0130345617470926,1.0016172200050821,0.99603246876840035,0.97600243060952863,1.0159989150262392
1.0264786200240787,0.97762719323157077,1.0184994613176543,0.95458865287914996,0.99959782749558312,0.98161628074755491,1.0208039913427134,1.0356627882736507,1.0267999095277567,1.0549343124332207,0.95209608703385473,0.99944534673167262,1.0532579070695083,1.0236989960232179,0.98488492603345357,1.0035227141035845,1.0013103270646651,0.95009764878627279,0.99915837532031704,1.0044324806503135,1.040430805417301,1.0391874277490718,0.9943248500707117,1.0117569836253664,1.0208985265103618
1.0143191278025234,0.96820267861739806,1.0080071182175174,0.99365451570741847,0.95394945199155989,0.97467442490489331,0.97809205120009857,1.0241948855604952,1.0117716803529331,1.0177173769036756,0.941071492235103,1.0100464799897557,1.0035355537346706,1.0371416138787499,1.0193102978594768,0.9925468276880709,0.9834070741447013,0.99539181511963692,1.0176711986168701,1.0106329049576297,1.0075233208528098,1.0162048789252998,0.98173946222869046,1.0060787389775467,0.99953804892860532
