0.74602213889679414,0.75378268085134903,0.68714499664531881,0.74330162087139207,0.69067922674015436,0.72776922360802532,0.74917595824440708,0.79839505974132918,0.69507131137770417,0.6059156339461973,0.53406176343122735,0.64291984363889498,0.76244605677309973,0.82077117281060885,0.54668694299479725,0.7655587630265589,0.80776822150132332,0.77052944757751907,0.88479766222458356,0.70042954217647413,0.62669462590111868,0.81156328669249533,0.6727901619319524,0.64763688919546381,0.7166481646436007
0.73061321987693728,0.73499674521759428,0.72818798291110998,0.74490034901836299,0.67191042242918086,0.67606541482799065,0.76286351078535941,0.76165547451616389,0.67036490289918549,0.63713614451446721,0.8304050328398126,0.6232874184382472,0.75632837272431774,0.83921619015612914,0.77895423951583154,0.74328883209387164,0.83820000059863298,0.75856837578073,0.89052496972780326,0.72341781366440228,0.724026813984741,0.82340162675104156,0.71604543663593134,0.65992083003854962,0.7219309949401268
0.69089302951814402,0.71039985269892103,0.6902445540868416,0.72310113237463092,0.7105283437304768,0.7175064228949467,0.74331456562887843,0.77102516656202036,0.82824039001763594,0.77109735814313229,0.81197651237382507,0.8125843909508591,0.78351724083858654,0.8404258931968579,0.7614363408674798,0.7704013596848357,0.82827167019670456,0.7773731106912285,0.88190772828126263,0.71135828354542885,0.69973500826146207,0.81833350486492817,0.67810260361430086,0.65755274351667292,0.67918861609797365
0.58762303008671302,0.74051813430322089,0.73398758890245241,0.76984495013157073,0.69958396580202553,0.73402159152680091,0.72944343816424995,0.77344340131119449,0.81380796620671658,0.79563633104341502,0.80620999950859906,0.7594290786241793,0.73140106716944597,0.83753775641951711,0.78589594669947227,0.76775323662938921,0.85823521611388986,0.77106946259569409,0.8861562499598391,0.70044315608151608,0.63460460352659043,0.81481042587912467,0.79205517620515209,0.79109249729511522,0.67331444849934441
0.65234062115896752,0.73922356181873905,0.69083694727169431,0.7751475867873906,0.80591745497577372,0.69888994521509107,0.73295053742333138,0.74394238243358468,0.73624958289022813,0.7876364827133896,0.83866746095889011,0.77319055196666009,0.77808433340330851,0.83977612752206277,0.76908772662920299,0.77286920578407337,0.83262146291386718,0.76560704688790271,0.89853595034474665,0.8324992125275088,0.52037235437928275,0.81017038884322889,0.83718511344207913,0.7643228393653283,0.65025960030302576
0.69920216678249525,0.71137762453183406,0.76231948564057062,0.74891582120644451,0.82810885628694975,0.83433781092244463,0.75485669504887909,0.72419671998802626,0.8121196304878433,0.79782552446738242,0.83090706760569111,0.74081252460583868,0.79219840432196387,0.82965590156042057,0.75606769181259081,0.75246150247857957,0.80197261353595928,0.75917294520736922,0.86084631315821658,0.81260972888290106,0.75381671928111404,0.80621827863519913,0.80301500554997796,0.73915776098867414,0.88065474628871421
0.66459835345904894,0.71705611303073002,0.7165147202503207,0.73704001702617272,0.75732650382727129,0.80368164989817437,0.75427221814580192,0.62748551570166289,0.79257815041850987,0.76875682121962896,0.81774651806104515,0.71204664024342912,0.76749219235321609,0.86495401938919581,0.78363074923355547,0.77243807004588594,0.85163823405093619,0.76103958849090714,0.90153578441706628,0.85654178968914241,0.7707502514129575,0.82428351151148405,0.82602617228024255,0.74116881832032866,0.91820234035123682
0.59816122858770415,0.59190213062660102,0.92166951986171641,0.76866939376537458,0.80668162656408515,0.81262448073921378,0.75371688430765593,0.73115439645208613,0.81460910397782471,0.75996125685045957,0.7998177179704542,0.70283955214747607,0.74113954625239409,0.84131308410345684,0.74460258809605573,0.75694887562384572,0.83572096948042862,0.80680987939403859,0.89434147925529772,0.77870445426488732,0.7529836413785026,0.83235172051264861,0.83089127998171286,0.7411443561956812,0.87746648796131477
0.72578392392038338,0.69230920704495968,0.90425064868379668,0.75171174583864175,0.79912122453909284,0.84806075712033757,0.74585607130083997,0.81283375634023924,0.7510448657532679,0.72826449219288891,0.84953398048067719,0.73593167872264376,0.77962272173052505,0.82718958946241217,0.78485149927723508,0.7823068834047614,0.84798131921845898,0.74811621278255414,0.8829743509041339,0.81017067996332315,0.7403489580708128,0.82838566118087598,0.83522286064183593,0.71326548307085902,0.88293773845564472
0.94036052944395132,0.76294593286638868,0.91487456008946832,0.76483017078187432,0.83949152565896823,0.84064654391916149,0.71900969924347291,0.77914295402638822,0.73993863074490851,0.78793523206948268,0.77423946452774062,0.74872041197065209,0.8098708792962408,0.84982617910239422,0.75819399809046217,0.7845580194919608,0.87998165738911771,0.77253048600547314,0.87459515081728645,0.81736397712580844,0.77484315781773472,0.84738929233514293,0.80520220812553456,0.84162751860414986,0.91203560539955286
0.92653228519693198,0.68034243322072208,0.90632627236948071,0.72382346548974297,0.83605082312870438,0.79980407821882582,0.89983544616304878,0.77706719400010571,0.81536504838582979,0.77784281709360792,0.83217146213414228,0.85651934001019159,0.78185198831460123,0.86659603514381855,0.5911768815536026,0.78231632704677001,0.81498931267816199,0.75957494918256552,0.85828566642623394,0.8313041344809855,0.76870573413623344,0.84856206651933708,0.81694596788153218,0.79665307713581301,0.89120476608977728
0.94364118298822675,0.85449454529417201,0.9113874967517388,0.81295650841909017,0.79705637764774662,0.82466578122098522,0.88090052466952384,0.84957769126106109,0.80019403099204989,0.76011880112446639,0.8427665348604807,0.86254552257970829,0.78915388727603497,0.85505222847552764,0.64054934862952784,0.7697990223095833,0.83996730652725837,0.83194031015245851,0.88911025247484488,0.84019279130725166,0.87609002698813399,0.81955916305887555,0.8197552477947706,0.89104981334830435,0.93925936793531972
0.93198466020142556,0.86910940682544546,0.92241759011455837,0.80974134292213285,0.69797080506191389,0.8213453404951504,0.83153611267970273,0.79664371467958006,0.81673143793348668,0.75909347237499247,0.81187454220122812,0.83206729742514329,0.74319661274942483,0.82512822116500195,0.81771286377226682,0.74057769994168898,0.83652483908437192,0.82241790436435747,0.88673116563277332,0.82389967186035795,0.88659205356022097,0.80839884816021801,0.83017945476702959,0.81876195784855477,0.87542023981822936
0.94120783895287574,0.86438584562011522,0.89528043522531087,0.87876041383450676,0.71700607389471771,0.8399005565132569,0.88893132949611442,0.77945133317393067,0.8103990033204741,0.86424764582058322,0.79543144723110959,0.8197225446984121,0.80930260676938426,0.83168047629120812,0.82566449696881972,0.75379607444283914,0.84913018838596133,0.84264350279645495,0.885356449367243,0.8314431859344702,0.91400189052059611,0.84378049087024443,0.78951902132445828,0.79130865595292987,0.88077328234128516
0.94445028250709828,0.87884266732096028,0.90446421544804334,0.78734149832942579,0.85432861821110617,0.85423567018081625,0.78367935077987094,0.73825622200826002,0.80157957461878293,0.85996907430284819,0.80549279560631637,0.86614406282413137,0.78973154485865416,0.82730336807765537,0.83467278768522624,0.65687000149194352,0.85952269577390661,0.80414116655447021,0.88768306822734633,0.78847059317552048,0.89549712571464546,0.81893393315964147,0.92886483209919923,0.72570681039727747,0.88628128763990066
0.94275451668409105,0.87252198030363859,0.93254480223070435,0.84218767975263209,0.84816423613983061,0.83902843816239936,0.85248878635378655,0.8307028971150493,0.83258848799914076,0.85731804849285376,0.77664511420290838,0.83414928111869557,0.82266471081336434,0.86148014326062694,0.80816142365383792,0.771468038268463,0.86052627413210991,0.83954437310099272,0.88481985129734808,0.80568828407221982,0.8969240967244011,0.81398646353314319,0.91970666492639308,0.77704209176117667,0.89980248827749876
0.97011615662407846,0.86285312463594721,0.88634684301732136,0.85258888900965712,0.85375800874575103,0.77529918512601992,0.81281791481343035,0.81744597963568788,0.81079549685208041,0.8584676105722725,0.67665046738712287,0.81040271108395978,0.83559228691009402,0.84506785359746683,0.88725839420507824,0.78201114867665567,0.83472061864658509,0.83699544458587538,0.87076927400112858,0.76145150997638655,0.89285102143430572,0.82674412110862061,0.92195650000595852,0.80611677399766846,0.88844354487991695
0.93764174904611797,0.8823710073668426,0.8865233234033385,0.88409311356089637,0.86303047000751498,0.7792042830581265,0.84453732324498909,0.84260422221598119,0.7691658847738545,0.88342043764342804,0.81270597088035779,0.85316651160476775,0.80574125605819824,0.84588856676687707,0.88726395854924656,0.81573668145506051,0.84103008861060724,0.79442349500924347,0.89736885594287419,0.75931779195344462,0.89415857797924048,0.83292667365267037,0.93693703584393961,0.71999022405713975,0.88268607942176469
0.95132366725645989,0.8747484134779181,0.88725460736725004,0.83552500123451701,0.85697351372305419,0.87641208560612083,0.83168621137536247,0.79616210812804444,0.79467854242221758,0.87280671378289321,0.81603349334468656,0.86839560173699404,0.8366232159348449,0.87065374660478445,0.88478236157946577,0.88777470507133682,0.82404291403579222,0.80450771820094669,0.87268046702257895,0.87672354870643587,0.87609915085147272,0.79910614078124809,0.94787028960868425,0.79084400088481055,0.90118905019597662
0.93681688929354501,0.86592267536767109,0.92888839580761751,0.88719804915003064,0.87915826910032502,0.87856613614306101,0.81795950552113117,0.86900855716413283,0.70769429796541439,0.85922549204701038,0.79699111460000105,0.85328958888266015,0.81814920540216196,0.81776998564590764,0.86938183932673152,0.90508487775230673,0.84616855077422015,0.74074500647202446,0.87964363966515113,0.8656803182994518,0.88982778312062005,0.78053358227685021,0.94407737821425763,0.68713065049098832,0.91137136506316196
0.93908180072075531,0.88674698363724203,0.93035993465705158,0.82858185664534068,0.86936670929218318,0.85753935900267442,0.82036509775670752,0.88504260302216498,0.76787975645346795,0.86747945275625382,0.80579967684895948,0.84768411747132477,0.82974181352220744,0.81549473751750068,0.8814820015324295,0.92504470361770608,0.85342712384390007,0.86001959346896617,0.88969110653943184,0.85586588792724894,0.8748754757976015,0.9288535026885284,0.91081719275248685,0.81727625600029929,0.88569238924580607
0.95736076742257037,0.86323021145586987,0.91467116795446679,0.81751927188403495,0.84752711238560519,0.8808901427640331,0.70504653910984161,0.91948561578867449,0.59950278063049345,0.85660829290402052,0.69935744728989924,0.85064151052245485,0.82402182867996976,0.79722840635066705,0.8729614394051618,0.92076064639493382,0.83359935308740318,0.85539081909834025,0.8706970435216822,0.87569484003348108,0.88297767443003283,0.95482895805551538,0.92914829831267964,0.8513517793651133,0.86235755709606399
0.92074826374918983,0.85910218509139769,0.89771212214323182,0.62389330606813564,0.86685011784357469,0.88460745143412256,0.81300288546597632,0.88569915833126844,0.85336420259318646,0.86097944298760154,0.81225728093418703,0.86325953168454883,0.83286973770223971,0.87031386770244745,0.86302767811878478,0.79621915367208718,0.83014392113515001,0.82749154147914672,0.90842067837465712,0.88780253292876921,0.883125861920393,0.94575657068818242,0.951384209557955,0.8776851661765368,0.92410839002323619
0.95150717604576396,0.87963823624982962,0.93843761831077133,0.662529735353514,0.87275566605952859,0.8886965712415954,0.82686494517531905,0.8477435494069665,0.82064299628979853,0.85472499728268225,0.81113665908356636,0.86684201642010783,0.8375214160094957,0.85514591081717561,0.87471015807473718,0.75373056844733133,0.78744734701036356,0.84594153924093174,0.89144069910767609,0.91310619517662417,0.88429084730365559,0.88184224898704167,0.90694965558359897,0.86361005857976436,0.88561736088865417
0.94325842272890481,0.86906076346469807,0.90664103144766284,0.693116240990439,0.84690567013673668,0.85274630908700566,0.7057743485470821,0.90922702388148813,0.92381399320851787,0.85967283039442521,0.7898885800776988,0.84327042552755993,0.83992584797444714,0.74766114750176649,0.8838221040954195,0.79037945370242024,0.76864899538792197,0.81351836421758883,0.87889007209221759,0.84530567828476233,0.90460398324901614,0.94467053970914083,0.95943360580451531,0.86533280701404791,0.88360559592192911
0.96913125453392956,0.88181852998350296,0.90539944714880127,0.74786441926180269,0.8632152538076755,0.89123070364045798,0.74519360931896361,0.91139185379141396,0.90715486302826465,0.87691459199691735,0.79427844635762113,0.85743316829640226,0.79922549415069277,0.96410659152477329,0.89054017877976444,0.77443558610302721,0.88482946710837362,0.80965301657064659,0.86308857208788614,0.83473321294991809,0.89402060463037414,0.94248177192564087,0.92737072326942349,0.83208902425561626,0.90648347807929319
0.90785647447256645,0.87542175060606819,0.89135008067252575,0.78559913732992237,0.85895975211644537,0.86082162791272532,0.7069639388632375,0.90570677069429817,0.96052494855176285,0.83446494625241385,0.71439102685057754,0.85946677515487446,0.76984879029440501,0.93725499487811548,0.8772621705979341,0.72492918207863033,0.84295778347158301,0.78712456449090851,0.86576742634768855,0.88723556115010038,0.90037515050498318,0.93889976477619064,0.94150132404814135,0.88300864706811322,0.88088431453529281
0.96071594901824986,0.86591827768853491,0.90199852011408044,0.80500596150374459,0.8811971575344747,0.88284379603134056,0.78638933037720982,0.92042432526574147,0.9270624444858151,0.86049797319813015,0.80879833016872704,0.858152557993351,0.81952417720448467,0.98562925715475513,0.87441376806548876,0.92199478003323221,0.89874233414510307,0.84912870063528356,0.86780555807371729,0.88096554430679619,0.88416522914275775,0.86897235918164906,0.93479430394747187,0.87991902024295066,0.86663227092866635
0.92455750002301673,0.87176871850937232,0.8860897680141272,0.771069089373012,0.87507781340773805,0.86659236083185143,0.79654228951685246,0.91005638072279316,0.9351629960138137,0.85395007372514631,0.89908493162468872,0.86006982018055533,0.73748978266492449,0.92991465141806762,0.86310427292411807,0.90766339739386015,0.85997321012962147,0.74527542780734535,0.86859637480557406,0.88993739888541235,0.88093398077389018,0.94772636653020237,0.93577343560564819,0.84587846617057794,0.9267693964341942
0.92491641157535287,0.87920180987143481,0.90155949577233496,0.90275598915686339,0.85587703191729525,0.88407200624849813,0.86653595159221442,0.90105350889474733,0.8997679077498435,0.83878493564654255,0.91488900011063068,0.83358290108458677,0.76984060959034528,0.97106179556564909,0.86635387110645745,0.93725045158890052,0.89209670247030093,0.66640147085647905,0.8916906543597507,0.87540193281724088,0.87592692640463099,0.8910232588557343,0.92012369209739875,0.66579209376731108,0.88589288072289529
0.97627941413274566,0.87332525424438634,0.91636793302817598,0.88620705747019968,0.8419546682998732,0.87700186338306096,0.879592939614118,0.88617837883924844,0.94934769645239525,0.67939324707252102,0.93203653051298707,0.88170381984918156,0.74666370853210495,0.92341599808838815,0.86282585825107727,0.92447352098280888,0.90527757351533644,0.89444418467727504,0.90736233724456661,0.85601671101076238,0.87226900622899195,0.91738280667588812,0.930801100037421,0.64800091347231537,0.90885893790992955
0.93124447165243107,0.87703401555046845,0.90531231740631302,0.88138063061262251,0.79144204642489435,0.88999474393091815,0.88238115448740362,0.89690774777513571,0.92041568728747303,0.73758304774745842,0.95212607713547426,0.88639467383249793,0.88378722131386867,0.95226421529345062,0.86867231734699879,0.91152496880002998,0.86861694852759486,0.93126321842030269,0.90550132671322003,0.86447621888432591,0.88562709404174988,0.95214852153361729,0.94077399920087146,0.74724059092488848,0.91079816227181432
0.94481490898472065,0.86739216277004794,0.89708928320686476,0.90555146787723595,0.77151703984001907,0.86550248099681604,0.8540800063582058,0.93485834206013918,0.91369432613246193,0.9217394479001545,0.95979878293426735,0.86824320723367809,0.88039217307955131,0.92130289885315975,0.8903120321066007,0.94538633331475119,0.69295612748225288,0.8711101233783497,0.8778503781624758,0.79967984967010586,0.90865765598850246,0.93644187611290608,0.95357887849937129,0.72084323922162252,0.88762267901809677
0.95266544774250761,0.87977998622388531,0.91024921759218214,0.88332633546820249,0.90639977457853671,0.88492849884619329,0.87999919052918563,0.90305740892784481,0.90451596612331286,0.95711836356378277,0.90304978964733962,0.9013525202097975,0.88382146005662865,0.92586967383752494,0.88247317103514444,0.92202225879886557,0.8959842443947974,0.89738219200620994,0.89022939963315328,0.91766497498632338,0.88231592615427012,0.91424994082537625,0.90330314096210285,0.74792190681533399,0.89396174798778472
0.94775082030221758,0.80492454423620374,0.91429877753888167,0.88658022097592593,0.88231226308245236,0.87539187313090816,0.81842992243396917,0.86309756536251103,0.91705744659883925,0.91422293417506229,0.94406831903523436,0.8845031916587901,0.89705816178209163,0.97250615505834392,0.71827116356135556,0.93152006624274475,0.90242653505855508,0.91457888253137276,0.88586690536835999,0.88864639087815767,0.67134713806227941,0.96342546868880719,0.93206890289059352,0.76900637383029635,0.9378853290275555
0.96763085268382398,0.83210993654800003,0.8874544290896953,0.88741449669979489,0.93406142578674678,0.879525110460182,0.70825908238993218,0.8996505487811175,0.92653012031783044,0.91060603324765155,0.93828817462343672,0.88784476190488659,0.87518693156323624,0.95173439429168238,0.86613005477745364,0.92656290889249504,0.91437398922536473,0.91153234114923742,0.87818698404754081,0.89826653016511737,0.781556074581917,0.93624880901404239,0.93427335340286344,0.83142079031693339,0.91800495040862207
0.9259299701565008,0.80520633455985735,0.89735774577389282,0.88085389802500036,0.86923898404813904,0.8526818329052368,0.87363940086272485,0.91261376231039615,0.88227899767750273,0.93309006193554378,0.85591248033491418,0.92993229282608403,0.86664050956242378,0.94876523456369688,0.76062208952174171,0.9434236869704351,0.88749375684722076,0.91231522012162014,0.8522920261774295,0.87797799838478652,0.73632785676060086,0.91502744218391041,0.93289336885249474,0.88707568306792683,0.88989143669078374
0.94260715376527604,0.90731000265561745,0.87809408957064761,0.90650768268246762,0.88262414141816958,0.80580186586900426,0.85479018145291041,0.90770421619266695,0.88341772188157097,0.90223116428414818,0.92234338000003702,0.86168487415592454,0.88924089937839157,0.98080907985576637,0.65652661447545224,0.9375654631383239,0.86538423109550755,0.90975654770276959,0.77341741422961852,0.90439583854255412,0.89162704515954661,0.9051368280389015,0.92456787375138993,0.92292993805983914,0.89939889141964291
0.92732425247659422,0.93771409401832417,0.86824299107300762,0.88805500265990789,0.90710119787335453,0.94046523515037317,0.86188476866718178,0.90320731069338123,0.92975528487687897,0.94580261613544081,0.9466956057943583,0.90869886509089537,0.87493302505127279,0.93361913438293553,0.74884800521577088,0.87400312880232067,0.84830070768214139,0.93727011599279975,0.93316048125450846,0.89071440581265393,0.86938532659630707,0.92609108407070451,0.87720711422716846,0.8959751703178005,0.92277064652298779
0.97297000418811752,0.93346185920219138,0.89116762424200746,0.87422690997023511,0.88160093342044776,0.9721346327084589,0.94819046429789333,0.91151487578701917,0.91067332015907643,0.87578960378983783,0.91080626897814077,0.95874511785308136,0.87744941502709384,0.93566223426685646,0.72305727792121655,0.91579085860797582,0.7172561099045065,0.86338680724453709,0.89632514779896988,0.91419157469400569,0.86643567546994327,0.94617813437753417,0.97561511298529746,0.90719760809709848,0.88801244339125296
0.95849086257765226,0.91082498841508519,0.89862735799310112,0.76918776681106404,0.88153395427167591,0.9658215885886503,0.86803769320331425,0.88129765603088495,0.93159476390755203,0.94808923512737686,0.94303191114753149,0.89511596250873426,0.87299936187036353,0.94793633952749767,0.79075958138209834,0.93459191389104512,0.90628688187245898,0.71289604448660548,0.90330328487527844,0.90165965825455996,0.8338829636760271,0.92819366201789033,0.90370608038010158,0.91983756149641549,0.89250839152472139
0.94075457970216181,0.91983968538518768,0.87949586673133473,0.86989492159544568,0.9002218772923366,0.96982802851288674,0.83880732379767486,0.9034079560654279,0.89334930380451127,0.94205161328489007,0.9330393598297585,0.87385946919959223,0.85052212941294847,0.94000766777675859,0.8042954945431009,0.92843005866017458,0.79685066954399808,0.92523863520837235,0.8675350513086959,0.89462078363963826,0.94098094752323058,0.93757074499381887,0.93453499547310348,0.89115114669755013,0.90969971943172834
0.92943082017092282,0.88361566783930978,0.89201467478779572,0.90054040145195946,0.88328128025809971,0.98701687917935765,0.91126062061352975,0.87823600414219849,0.91332584430843233,0.9167203383320961,0.90308509143863092,0.86183318619721494,0.8263319816370629,0.8863466380210987,0.73886838018323731,0.91737847836278896,0.76315624262830617,0.88400755359927174,0.80844394992718205,0.89907263835471918,0.94262035191605797,0.94765009773955178,0.94058041363243772,0.91686149733332767,0.91203006581466517
0.95807683626372897,0.89113412736479292,0.90754168353337061,0.859449762436853,0.93156669797286673,0.96336335459394651,0.81621274962509904,0.90220065943269867,0.91479115161073954,0.9514746843810612,0.95710395057375752,0.74043650003893857,0.82119746831841256,0.94245780721640315,0.89544722551980493,0.93145753124915343,0.78933600232855183,0.91106987801431449,0.72120442378412208,0.92178712858760303,0.95202628456456839,0.93002051853638379,0.91450460757855312,0.92235364292281818,0.91289421730477227
0.93837958788016251,0.8803600247729968,0.89874781338401932,0.8935933261091813,0.89511431300623279,0.92991826245919207,0.83730187325542815,0.87912599049051066,0.90763782612480748,0.90330126628252616,0.91034979972468721,0.81053597546519385,0.68153792314862183,0.97201569503314011,0.90945372204401709,0.93736022536683805,0.76737735748448233,0.93313583269287503,0.9710519341172662,0.9127033807232956,0.88466817086475369,0.94431741319379336,0.94331107340647535,0.89917074052713697,0.89112720595849249
0.92878811146778006,0.90715509322523125,0.89797896863512172,0.88586030020055917,0.89690623194132102,0.93944402329143573,0.80354607086414021,0.83630394195428004,0.93036116048218986,0.92476310850930887,0.91378814418288334,0.94180050105619628,0.89729589670850807,0.96281902933513408,0.89709420609715285,0.93152142137802318,0.91429538613645767,0.91965321576555747,0.94672824362888996,0.90528044058208446,0.98459087961346203,0.9176055144010703,0.9298408193013511,0.92310562839848931,0.90797629168253779
0.91234816307671107,0.93847343062406852,0.93300099425861993,0.75702066281689817,0.83070760418360889,0.97829726713394016,0.7587001536554917,0.7640285307215583,0.95019547270701576,0.89928506857860568,0.96551002957018783,0.91273280753792319,0.90978456397916663,0.91841130414848093,0.8155832290480346,0.90892354657409535,0.88142799598203514,0.93999384979911482,0.9295424085039341,0.92541348192752459,0.92501573603264675,0.9165381939262236,0.94950599932499857,0.92071262793948261,0.88543625856586428
0.95295194337636402,0.91163733055621354,0.90412274811730997,0.73637454178545947,0.89707784970804838,0.94641733746006917,0.80963631142359915,0.87062685406724094,0.92891415572176372,0.93791498274937013,0.9307864813698723,0.92522498502576378,0.91706659308673955,0.96938073271115965,0.89288807637155576,0.87910347450337323,0.86605567666218608,0.92222144070544743,0.96576809768106964,0.91352359731979971,0.94836412653561575,0.91560852447477881,0.91751214283891214,0.90345244264236302,0.8754525234586229
0.93378362659168646,0.90945466703939204,0.92107614239976254,0.93970735171072839,0.87194393986101448,0.98435585812428372,0.88728845745024665,0.85049155903070717,0.92314097885625801,0.91722309225273846,0.94205354056995683,0.89827712516396618,0.90512127784044261,0.92279245562651369,0.88871918973152297,0.92677736038943392,0.85943917535552228,0.95358165519063443,0.94538350606786459,0.90357080872905926,0.93936657461319506,0.90792310449477609,0.9529813571863921,0.90675113291459575,0.80823527525548633
0.93900487488985895,0.91199507954201997,0.89548338914238224,0.91893051686060712,0.85568286298736917,0.93598770465062087,0.77834017138928169,0.69117489481979555,0.92294469999862749,0.91997349997999878,0.92088073539265125,0.91513188224360542,0.89144110240981822,0.96365112393009433,0.88314550876803921,0.88378701817624827,0.64817550065343688,0.94041672434136503,0.93454552177761385,0.91148193331545857,0.97337768755905896,0.94722936429180105,0.9405195623955136,0.92798259838598984,0.98671878756631226
0.91234536605801553,0.90904157226418181,0.89789997650536191,0.9334074795552052,0.91332043075496294,0.95851905282734395,0.85683436870707419,0.85779430234498588,0.94285109236756182,0.91628064942557308,0.92027392507484873,0.89652939139598797,0.90259099527363384,0.92942119560976644,0.7750974529731065,0.92654046453528249,0.73185850153316478,0.93061792822584899,0.95012943426975616,0.88604856611272542,0.94847137332748854,0.8861646854863614,0.94205315606325868,0.90348362914980307,0.94982596585467649
0.95079582798365436,0.90162876680998805,0.88647760246488283,0.95443483592778,0.88781505452935749,0.9483761604516191,0.83657508095458366,0.90051452424760225,0.9067945688829212,0.94192968305161828,0.97869948088854941,0.89281533493026255,0.87770968263575544,0.93036756724052916,0.80729372019188117,0.89774917800184539,0.90614433779999926,0.95885769281967004,0.92807326547370206,0.84551862741734918,0.91881319661742022,0.93186048038063618,0.90818388004392592,0.92576774106862159,0.98068848324509139
0.92794575031436144,0.89174140091130161,0.88500356184893625,0.93297580527576274,0.91871144367900692,0.96976356392128682,0.9261745648261398,0.89077818582290891,0.88843884242882054,0.90881235866011401,0.9192745139350651,0.91200926306312813,0.90427069383052672,0.92719572313990384,0.78629950433804618,0.94265851599771289,0.91094084867815972,0.90835327868666549,0.94988041712583993,0.75820026614378244,0.95611863608847747,0.9195929298752582,0.94669873205151278,0.9103224678855959,0.95888743291681577
0.94982645491436524,0.89050373751249878,0.86495754910008649,0.90480903258080714,0.90844496324780111,0.94740716438251038,0.9167069096700563,0.90673839749717267,0.92483062271391447,0.92465503469011801,0.94512174206826483,0.87833711765005251,0.9248312991274894,0.94168908002302565,0.7264269162882766,0.9371810272478196,0.95482874895394432,0.89358866007349913,0.94598553681842623,0.94337588448710319,0.98136485518026906,0.94090150365294067,0.91826568641863771,0.91487593781154752,0.96964219811978603
0.92450144681046886,0.77647312669779711,0.98587236319578342,0.96396990795701609,0.92488242106402374,0.97506201936195014,0.93879256423350743,0.91310338881886677,0.89586968152385948,0.9104374749745564,0.90279433058181746,0.93172214475361048,0.89798339191717413,0.94934810769572264,0.67989804883236149,0.91217886094688139,0.92166410682549216,0.81652089600349687,0.97414344676866171,0.90695853907785617,0.99396777701627692,0.91055381320240736,0.93076736108811109,0.92287055314701305,0.98146941553185896
0.93813331932803545,0.8635832957272811,0.94016438074648201,0.92961307623502298,0.90530073551923562,0.92656297058117498,0.94389735170099343,0.89491914794826599,0.91095580686019717,0.92092257838460434,0.96917800860942294,0.94691812538075415,0.88428890495554502,0.92214756368156658,0.92375698334568446,0.9070450182293277,0.91322170246949297,0.74761236665135011,0.95713562325260171,0.93063969140391911,0.9719019819204735,0.93133062785378962,0.91876730987097177,0.88464063016187389,0.91939317094876494
0.9455378977128428,0.87889619786204976,0.97706791662792769,0.92686093112838674,0.91496865537109784,0.97665469237602986,0.87701492945700676,0.84318749786797298,0.92481609838857748,0.93322337071844363,0.92357279004784709,0.88356845599236766,1.0026662589505688,0.96149243920179062,0.93464339166456067,0.92511114428376262,0.88792967512382193,0.91821098137016344,0.96244927264355229,0.87108524882943339,0.93381783082970227,0.90785874840452607,0.91881708112814786,0.80053500883702389,0.94162225687297196
0.94262535880146547,0.8902711315873123,0.9233298033276125,0.9509494645359029,0.93172582552851901,0.98153916215008685,0.86862524828181964,0.90184671170115716,0.9179947185173879,0.92974732418442074,0.94301865425402209,0.95403102700115006,0.96641260831267062,0.94316832020592756,0.90111584196260819,0.95331345159557224,0.90693764067447435,0.87357423939532231,0.93881245620954579,0.94453775366097081,0.94224836281608437,0.90690189592948423,0.8805618930275948,0.93983476843837876,0.90773473499872281
0.95699117905649866,0.8506848971704839,0.93323740966173552,0.94952949057836422,0.88809726884663709,0.98081498426485414,0.84458068420612586,0.91077969921942803,0.93256500392933794,0.9198353683136592,0.91755478230388476,0.92783162102776295,1.0089832582261165,0.95821162105570157,0.93702001836450288,0.9472154218512373,0.91839951714056101,0.94086637754228764,0.94240690432324248,0.93370070077264822,0.9781274962232035,0.92418638555275634,0.85437369891260861,0.91192361849952919,0.97566306388029311
0.94110574104979616,0.94200086892533985,0.93426755100992342,0.89491328289265293,0.86784734713993184,0.95727997720294933,0.93918324536573816,0.87235547178179351,0.95039415048740616,0.90565595030005652,0.94467059368298401,0.90920134433269506,0.99408459064878041,1.0050538630957444,0.9625663147039627,0.9485854798153962,0.93499554293218923,0.89602432904915885,0.94806668111977455,0.91980221387014438,0.93850683929130385,0.96721191384912641,0.77599120090031193,0.93184526175458415,0.96889909746856806
0.93089869585113938,0.92212296085950529,0.9705183636779654,0.89717686291947762,0.88403965145291286,0.95259503380489452,0.91853362120739124,0.8001206573477283,0.94014310395990508,0.90412256370931809,0.94055904108144539,0.92412515974856202,0.9396269958783392,0.9160516087876367,0.93662919901965613,0.93190197168034872,0.95599573125744564,0.75833403134230082,0.95932283120060757,0.95009657768949862,0.95789809913479329,0.92707569019223779,0.88728169866261464,0.92668479623126776,0.94537061104597409
0.95324950185839785,0.90843780140292096,0.92680846332683575,0.8707444852403321,0.81999364168735611,0.91111161856534906,0.92610235302499877,0.90891107208281641,0.95399521623622718,0.94134965061218534,0.91975624542081746,0.87714442817513227,0.98411085955415889,0.95106519519343546,0.97034061597189392,0.92906666240515956,0.96480564928419754,0.79740142253233603,0.97760293555808964,0.92919069723365499,0.94605979203471813,0.92870462564313905,0.83893102968162736,0.94530581797899205,0.99137895832926504
0.93632740013491134,0.90965768472516462,0.94858849276165591,0.93296598960654753,0.78394115424054667,0.95526379060407052,0.9119647051145483,0.89008102149286061,0.92936644749497765,0.91687868540678608,0.88672520221967688,0.90920225370022956,0.99147426564699426,0.91921562900313503,0.90899010335203889,0.93721343979539062,0.94115307203589815,0.92276759331097369,0.97728214828871263,0.97117807302638837,0.96889840256674276,0.90058399283655699,0.88994058908502471,0.88116657515242625,0.95627602369521625
0.91666802035561024,0.90596569353473932,0.98149495575096501,0.92872529802392023,0.84816573801591633,0.93962203356490126,0.90276566509109835,0.84798033697409247,0.94105455403507843,0.92710123064077388,0.83285032699626205,0.85331091618428256,0.98569589617555875,0.96346185436217169,0.97459109290801937,0.92230733551978339,0.93066498530633568,0.92221031941973941,0.94722079999600728,0.93478935186291678,0.94435468727025129,0.95189498559367636,0.79193844100103139,0.78716689754960811,0.91835745992578866
0.93613820776644641,0.88934115754626308,0.92135515724244643,0.95948597375655476,0.93741594901804959,0.9187930908598726,0.92128607530664675,0.90897028983703088,0.97424597810471525,0.92515732114534432,0.92136599510548145,0.86501712173408163,0.99472894196684514,0.89649412117679017,0.95188576740632302,0.92118837187805014,0.92333209424825524,0.90051876913947959,0.96350959718868989,0.92663594074738997,0.98285803247748438,0.92536380746479663,0.84544841205027876,0.89651114531556964,0.89674104251413489
0.95061211983759675,0.89933121500146751,0.95932532977631035,0.92716207122883498,0.87686888674730723,0.95556762177238708,0.89702731370000777,0.96431576654126883,0.97101863610719064,0.94164819381428944,0.91970708601498052,0.96331778547498881,1.0180699946147242,0.84367198221424322,0.91828513460195604,0.91658007944463382,0.95232850716131701,0.92768078193434,0.9603590489443159,0.96513947907736819,0.95320182155798117,0.91823152342009584,0.89130252224577511,0.92218630170555616,0.97691371203507149
0.9418886727218222,0.88254144610972562,0.99801264955836,0.93237535158075091,0.95009873389758981,0.9678798098634287,0.94693201167241936,0.91107415566993588,0.91609386714048502,0.92306098935873082,0.93253714522312192,0.91179787163556569,0.97262828986395877,0.93345625209315219,0.92290936959211423,0.91321860211556483,0.93366884142760975,0.919612158681548,0.96200129156925029,0.9157785984339375,0.9404935124166518,0.94242757600127003,0.84766468845559961,0.91306840995994087,0.9522340845509758
0.95738031745667718,0.72826166336774723,0.91834664617861972,0.92300813880728805,0.92837434571203747,0.95024484954688238,0.95777171690653051,0.83950194728845551,0.92030562759626555,0.90488347238424338,0.93331626837364223,0.86333783535279374,0.97903628930634268,0.92426213380685551,0.94162610097317623,0.96778506240751994,0.90874019106050974,0.92227953797710849,0.95467697125665774,0.95868320006652852,0.9502429441099014,0.88472514555369519,0.89425643971044821,0.93601196046775859,0.94185236209010936
0.92683374132818219,0.93910924857380262,0.90834472046510895,0.9152142714075433,0.94863678315421562,0.94057483565349886,0.8673958032615271,0.93802169110655298,0.98576935956703582,0.93310425401810781,0.94648621299173341,0.8246249449054881,0.97511992251483004,0.98523238379850864,0.94674653989455737,0.94811076757114954,0.92552639836518646,0.94355376653225997,0.96308774220052529,0.93369384693593405,0.97031385543175919,0.87317429142925662,0.97345204788292394,0.96382927270549057,0.99832869120304724
0.95356301555478529,0.87157297466289663,0.8961459627516889,0.80444636807141034,0.93230643075541808,0.94946261233201779,0.93593030834335367,0.93615937750168721,0.97063230043424842,0.90926468808816563,0.93851790328315288,0.92385257638849738,0.97060715935433139,0.97994254702507633,0.93842468210647756,0.92399016245247467,0.91895940390065078,0.91410448263064226,0.95915087966430046,0.93819991790653656,0.96732560275783097,0.82090911234613861,0.97319093350691144,0.93159713628593988,0.9334987601010043
0.9632122015358332,0.83500856940244861,0.94743025713955409,0.83341422506857421,0.960795270706579,0.95225369225030798,0.97480644889678802,0.92285005619835003,0.94649330194918868,0.88068665558215531,0.93125842135905312,0.95256226467005645,0.98958175672137982,0.92927472238317543,0.92697623028660092,0.94577272560723236,0.94877463961994768,0.89121314288278941,0.95881381954994405,0.93668023127834132,0.94785197450738867,0.91593548147983705,0.95768450830278362,0.93318043611295265,0.9688518661658394
0.94138501123313778,0.89230284482597766,0.93450843796525351,0.95576299532542441,0.92595009639491499,0.95817868922725347,0.94119633252073509,0.95423745108720226,0.94187566019094715,0.94489510751183925,0.95269394941579388,0.92958414762833685,0.95594055887953377,0.94995217956043243,0.90584006394247962,0.95333497282199375,0.9096859814427033,0.90541743894562521,0.96835054267738829,0.93786373563180081,0.96707071648933851,0.9770623539722828,0.94568227389020909,0.91573043688570654,0.9068635194975071
0.94146612384469197,0.88107604156226238,0.92128129354385091,0.92519459809667637,0.94714069762622144,0.95085149903899446,0.96680931081593047,0.99071287470996883,0.9200050572754368,0.95862623394954949,0.92203314979819773,0.9477872086848329,0.99355408324261407,0.98552691847009999,0.9128134887651369,0.94767283693378668,0.89749687481451901,0.90539405705540066,0.95735425487958026,0.97528209997411353,0.90230683003633938,0.90529380058526787,0.95647046679394532,0.92857770948809659,0.92260514791708126
0.94952339028195687,0.85099237035151587,0.95931124847559734,0.94170882166136194,0.88521960415185563,0.97597701247702429,0.93070590358212768,0.96160973363247459,0.93809358082836691,0.94063121269528482,0.94264049662291094,0.92202047321622282,0.97765872603197224,0.98233453237509638,0.92704335908133029,0.91955596746321844,0.94062930329447247,0.939239589065619,0.95768792366625377,0.93080543907144253,0.91724374277188525,0.91253862258106311,0.9451205967396602,0.89724721345742564,0.90779259111321986
0.92335528937249212,0.90454829852096641,0.93450901907915307,0.9488811002150368,0.86333897272726778,0.91240632183440373,0.95167585707049418,0.92040917378405374,0.89194690004867416,0.94254053658350956,0.9265696220352414,0.92601250836432791,0.94122172706528107,0.97394918269961717,0.89609157998527511,0.93165060919036291,0.90812388471020333,0.91807816107434126,0.96479215944256902,0.95264679609741421,0.91328169352155042,0.88097681253429971,0.95774594332296437,0.92146335676567626,0.94243803580983021
0.94413127593427604,0.95920105901229069,0.93986255244891714,0.96553557743260099,0.92744975162463006,0.94936273587425757,0.96735585563891713,0.94488155395051687,0.9053252248433723,0.97883258248365967,0.92915301413821494,0.9395556933361906,0.98007032067703659,0.96605562097826259,0.84534038271023082,0.9208911833425889,0.95571163899292488,0.91371963779762921,0.93280160794593858,0.94280524004288691,0.92350571233948331,0.89099063224495278,0.98215391214118664,0.92458164000606058,0.89990678870958918
0.92793706708069956,0.92656839782359135,0.93230717982451028,0.99202620551936083,0.9465363965012985,0.98706423530696075,0.94793840978089994,0.94598111140705932,0.96048113254485024,0.96054181283515383,0.91829112428330306,0.92720657572977772,1.0024804379985472,0.97280748269544481,0.91571926855161945,0.93202357249764389,0.89201186201159866,0.8025062433013308,0.93719142779847442,0.94277415232890516,0.90211029170211543,0.92844163260701074,0.94730288077286673,0.93002985189760246,0.90624676834729923
0.94047011735627484,0.90979841616396551,0.91830925530325613,0.96642428172378525,0.96796884461777177,0.94291258430092784,0.96704195235914325,0.91927179396237446,0.92594023600966957,0.99023128985913356,0.93174817086950701,0.94604481506263871,0.97722966799464794,0.97383770792940694,0.94922116317205285,0.91213423347697609,0.89490758556396099,0.9394192333269864,0.96261288855547444,0.9402007373210497,0.8820445599130522,0.96071771985405374,0.95926175400103442,0.93730101805818367,0.73326267765039133
0.91696374167629502,0.86784074592864835,0.93681910426434012,0.92929138594615357,0.93313012356835412,0.93412451544485586,0.96971646943421363,1.0052562788099086,0.92331884557463451,0.98962837083985689,0.91298183950526135,0.93426038958915147,0.97952219884090919,0.96161483898920319,0.9337996969026704,0.85862325779675164,0.92133726268218286,0.91966046710750882,0.93453627426119912,0.9114737030147757,0.95799124126774049,0.92199154555057294,0.96557380837395113,0.95768744794419502,0.90375232337154021
0.92504655899558696,0.82917172977474507,0.95288724700463612,0.95284008259087827,0.94207548311471845,0.94180170810237351,0.97263477285960198,0.94326656253369834,0.93683927322059879,0.96318590584466446,0.86861115961667212,0.9450724902262212,0.95585495972849555,0.95002855775476658,0.9405082848513715,0.88818260688913886,0.95934927313125673,0.91062569714670949,0.93699240098019776,0.96950352549865193,0.94476504877436029,0.93850721546487947,0.94234148098676374,0.95162255364969006,0.90445939281417176
0.94877160287637985,0.87806120093653339,0.91706261104429854,0.94015367717227605,0.93711182419941252,0.96024398078525119,0.93578405837409173,0.9461113873824657,1.0087269528136471,0.93760812607082178,0.95624671332645361,0.91867460820598335,1.0103351798427231,0.9453591796745402,0.92733516744065914,0.94968147104716127,0.92891791725364303,0.8949324626292815,0.96216156072008019,0.95168557135052301,0.93820514163343904,0.9322487452147461,0.97694077194072604,0.88827899943672795,0.96939981654923346
0.94420340062354924,0.9524674541635455,0.92023904999639194,0.89896602426970562,0.94924680469845646,0.92941107035268611,0.94169321975491038,0.93140636155436041,0.91345469207722307,0.97258399759769132,0.94851077914136439,0.93622889641171525,0.99646000491812936,0.98181384269634864,0.95213968307597863,0.92860265544290621,0.96009737873241741,0.94362524352792732,0.91687778741646309,0.94789641506970856,0.92005885069476934,0.9340281124612948,0.97972056836424981,0.90885073780443526,0.980517991147412
0.95127931081312767,0.95048941367021456,0.91850842332827287,0.9245109324578743,0.92911172593582192,0.95740095959140781,0.95014853727384185,0.86953986962710028,0.85233691891082186,0.9726949592864258,0.95392899883454507,0.901936242840646,0.99999294251478221,0.91534415329963426,0.90718513130108014,0.94853745878898199,0.95411174223071193,0.89752494591510878,0.88049304362309455,0.93234794714545088,0.93380427727138293,0.92252638235431761,0.97052826172577555,0.86717625789969766,0.96818758220623002
0.93898516406051824,0.97131907879655,0.94759577638852877,0.93305754035642896,0.95336855820940247,0.93278786422410542,0.9635029462003184,0.82138790196454103,0.91104563826264784,0.99445553100302164,0.9222867938373982,0.95420936372294618,0.95583501488901024,0.97045996299978599,0.91800815472266883,0.95927977331576153,0.89397098584602464,0.88360769973509246,0.91872776857271077,0.93991826517146426,0.92331791953032261,0.93339453181707832,1.0041711616413342,0.93443841330073285,0.8936441686359039
0.96381504950503583,0.96439947334735376,0.95334291458299869,0.91561104127712845,0.88646816205832091,0.98886798411580024,0.97665706267638752,0.92343913223179108,0.93565499651136597,0.97662899755937904,0.97751680845329503,0.93520063271402931,0.98195693121976901,0.9818056717580631,0.93094704316690835,0.96061681101264074,0.95255408996889435,0.9793836077805067,0.90582594978272069,0.93094073389966414,0.86963988516538349,0.91604155038504675,0.94885238786806347,0.92642416658210358,0.9554541608745869
0.9570433587190964,0.92367687651527641,0.92931259438992919,0.94706606953908989,0.95670428246709072,0.89434810402846843,0.96065679801595738,0.96309794603704746,0.93903124059298659,0.95019294412362743,0.93173829052010859,0.96007492575781794,0.95864134003869883,0.91334739255651076,0.9128410461254497,0.95244880604552895,0.97296927603670624,0.96907518700904083,0.87410934354298442,0.93417796146854148,0.93405941849412444,0.88548532572716165,0.99161111726051188,0.94591453829645145,0.9365034042287057
0.94747946747499101,0.96100908315297773,0.94051366995456598,0.94941893874890726,0.92584551573412077,0.90580251478884322,0.91547652768558718,0.95359556320698102,0.92386933210857869,0.97960234993867223,0.9625195541602225,0.88857663272346543,1.0098428899994327,0.93298708653087059,0.90369562934909009,1.002134381449767,0.95626910218513439,0.92586878957132646,0.88837361073139631,0.92572385150002134,0.98594969277219591,0.8303709517012976,0.95419824026717415,0.94145404944865141,0.94779100195175392
0.96032068754816813,0.9384921977083901,0.93173944653268292,0.94645250416403148,0.97741823593921517,0.92712008334441265,0.95814881042086619,0.93128609563967091,0.92454025261300399,0.99129006076349402,0.93565298571366795,0.94404188551354751,0.99118542455485847,0.89215448764698257,0.94043069001918944,0.94107092587667918,0.97164918524099941,1.0031303826994142,0.90372341816853574,0.96258926762661157,1.007809954216198,0.92134556372865728,0.97488279226533492,0.9392858345353593,0.92582347416659505
0.94882754955145099,0.95713387343914358,0.92918147574424204,0.94391741154830988,0.9292576506225011,0.96662783358901638,0.96475337973032116,0.95077375588873303,0.90272268050901283,0.98399325783949998,0.94426810233963931,0.93497627986292342,0.98372172725824514,0.91142825558107832,0.92252292192913599,0.95170964082160725,0.93761241171590926,0.92630469811464289,0.93317187516964095,0.96690329109937834,1.0234789276667513,0.8772728907634455,0.92853656950755714,0.8916568705747272,0.98254759139678005
0.93402176107959756,0.9497488737082862,0.90525705559363157,0.92959696321870722,0.92378166108203918,0.95741847702716298,0.9381041172069351,0.95517142738952787,0.96703300010652815,0.96412764946104101,0.94408168056768837,0.95813804751322396,0.98929460879570907,0.96355150850582472,0.89394396981987956,0.97185146333518013,0.96101163607799045,0.97419783323275033,0.9437346175852005,0.91223509185869933,0.99867598282538561,0.93522669328320984,0.95144023274276757,0.94552324050610292,0.96871947157547222
0.93291108047476157,0.93670037986755172,0.92090318743161637,0.99438527540348942,0.88095706345148617,0.95994285481871422,0.9532635120634706,0.91068959143136408,0.90699109625010477,0.96726617515892632,0.94192384906014259,0.9203405569825639,0.97120173989817171,0.96578861171082686,0.90811036645075682,0.9750558769477935,0.94039068102828072,0.93174056659716764,0.92840706102171089,0.90649980007130049,0.96315940694383939,0.91661170790680813,0.96040834299270361,0.94094283663070144,0.99513289911240665
0.92503559029308902,0.93934708375781306,0.97025124678935282,0.93488185129579315,0.90315597935868519,0.92655783118521151,0.96475140910532609,0.88826961157166529,1.00759677369413,0.95498382836525753,0.964010331221971,0.9336666475881118,0.96734509194655893,0.96199523560669675,0.92990401744859208,0.9566819177827508,0.93984288910576341,0.95508049783962667,0.9437331387996416,0.9468369858750465,0.99438883728290284,0.9580855034147544,0.95528287420552682,0.95499097734098548,1.0170146589028828
0.9458056750308621,0.92149983655481038,0.95649202904072117,0.94454900266112296,0.92509272055833947,0.92546367864409707,0.94427955838908451,0.97316355331884596,0.87359067085988351,0.96307134156157426,0.92140149048647224,0.96881754066489068,0.95519486757032268,0.94229357067863273,0.96844630593781766,0.9734265367827587,0.93922633723170557,0.93817168703084031,0.93513587762225425,0.94784022640858057,1.0144003967108071,0.92063608136283615,0.93466250577458077,0.94054175576246613,0.9447104970944683
0.92713259520453095,0.93395859602762121,0.94494829559488513,0.95142994412569382,0.93479046498578111,0.94078795556056138,0.96593613412089308,0.9415925080915859,0.90454032983413624,0.95688281143249831,0.89662279435588976,0.94257279861539744,0.98476497371191218,0.95827433038379051,0.98261480559211545,0.97406979506357705,0.91363864685329643,0.94769359523182861,0.93634267860810705,0.91768432378674025,0.98910927299809992,0.96520646306354185,0.94119322491666113,0.98114142874287935,0.99204281219122614
0.95369240981727199,0.90923279670689339,0.95445505914194351,0.90494270915181574,0.95866452056907714,0.95848074352709234,0.96648067296344786,0.98609250449782937,0.90365096984324844,0.95398686237180064,0.88821576665109669,0.93312855652769677,0.97369250929099449,0.95165394326821484,0.98520129964853886,0.96870389719398398,0.94908705263787119,0.96122712874617411,0.95040572509210353,0.98642126775389638,0.95416752586054698,1.000787563099568,0.93459325886825084,0.95763994150852361,0.9810914357395395
0.9799274468032797,0.93677817788577444,0.96457571018068267,0.94950611728420975,0.94578103069086839,0.95238140646927516,0.93695441647987798,0.95189129033463127,0.97588760362823435,0.96503281677651542,0.94592563816436115,0.99624804846568771,0.98534838026020843,0.92943709950334796,0.92950433569000701,0.98628568395859839,0.94338884873875661,0.95965893595815144,0.94303790311970515,0.98748451220911071,0.98837156957189776,0.96742757369013999,0.98039741164885463,0.93675445587901784,0.99849110494599225
0.95886834116885244,0.96527844259179607,0.95743206114406887,1.0091556192404711,0.96564450308547212,0.94368604307541049,0.91231531769834973,0.98235837286401861,0.97949245749027614,0.98137922175725967,0.92540370290766372,0.98512800260147071,0.95157884598701692,0.96105978929683533,0.98729614932057708,0.97395780834677315,0.90692551024937174,0.92315915675692406,0.97756426863435208,0.93384292034125538,1.0008489511005156,0.97951513032565873,0.95703683595858724,0.96482848196887228,0.98632978714090991
0.97859048721666875,0.95632965730863928,0.90971032722929512,0.9267376072326603,0.95792522964533078,0.97167374728260636,0.98447080861034164,0.98569129893348251,0.98300094742138511,0.96708440871052193,0.99949500575141248,0.97492136869996504,0.99771494780648073,0.91387201264362516,0.96220999041587651,0.95899780819057912,0.87785119622047336,0.9852782864197952,0.91369105627387792,0.98586691757873768,1.0067409153313944,0.99738075524106606,0.91683410380054564,0.92502164255239527,0.9823952595198242
0.9522975411341057,0.97440640172442716,0.9208585668779008,0.9850986666678756,0.93899837443825496,0.93806206590719665,0.9897803197636339,1.0087347495907653,0.95508149734732439,0.94447184126064787,0.9609028912251707,0.92875237545432643,0.93925659759651903,0.97043308585857879,0.91239878655272866,0.9437104623580862,0.91106431671979482,0.93733304685768415,0.94311441566415077,1.0015582769777431,0.98131799420086385,0.97834148342377292,1.0097835168745888,0.89806741683004954,0.98247479294926587
0.98400976008362528,0.98221856451780953,0.86611949495222385,0.9340153257513355,0.92829599278638109,0.92401993801759374,0.98133482257294413,0.93692604534061408,0.9613010597121181,0.97918727414801143,0.9999946546957762,0.99291638350220324,0.97588245261736362,0.91710181740270369,0.96215917231368886,0.94660182634571122,0.89323179163940936,0.87852040898804895,0.93429798439135092,0.97336794969816987,0.9994027896018205,0.9569944465184721,0.99247583407423667,0.90636711767744305,0.95962779306666879
0.91858746527131796,0.97135222589092396,0.96709949948956309,0.92638695711622321,0.94329264007535762,0.93277314895824059,0.9942149802301341,0.96541100022728332,0.93287004917373506,0.98088131373375698,0.9888300829765494,0.94229188048784462,0.91317121335474094,0.92838662011734407,0.9677419148275801,0.97622360463021607,0.91286371649056763,0.94359132619963959,0.9773296822783849,0.9613269899413992,0.95838696372546517,0.96289109233845382,0.98985949252510674,0.96433021302228694,0.97487161064037497
0.88913026195790124,1.0064824213055001,0.98784313258540557,0.95483542529849808,0.94781345526147376,0.94440014527121163,0.99286536440567741,0.9803122853570766,0.95782824275559386,0.98457089030933742,0.97571747069145864,0.94032106878976685,0.89445831965210065,0.9587113862265475,0.94829638376275305,0.95871738103621229,0.91627865083493631,0.97809794343139977,0.93490169086889541,0.99280397506440587,0.94434571375190879,0.97132495953995701,0.9861500013951775,0.91706794725623009,1.0027022364462788
0.90750721281114732,0.97781429894780991,0.94509585310291877,0.96758070555843745,0.94704185760471593,0.92102891918066565,0.97232119389743932,0.9523683593197565,0.96232830851584061,0.95594299924174997,0.97659673634587152,0.96895814042432404,0.96497087486157906,0.9532307394663363,0.98297937431669291,0.96137876835059366,0.80426210924798536,0.94774633531439756,0.90050940407429081,0.98942454300383531,0.98196498194424797,0.97522938551199423,0.98812520777498769,0.91958556673890079,0.974786056586184
1.0217908693336548,0.95377651539688113,1.0043232241924867,0.96195550119370032,0.93308637947040274,0.92115062881269993,1.0131063342680997,0.96640291665084166,0.98689534242418619,0.96954758935559304,0.97697350819423801,0.96414683260902478,0.98507436138423843,0.94700396643625184,0.93408476281769814,0.96860499700284464,0.86638954829889581,0.9179681457189941,0.84712723746237684,0.96234829812011158,0.99930426973218112,0.99013184220936534,1.0288621641407092,0.90824859640119449,1.0014744242426856
0.97044618051882181,0.96185260127226702,0.97297498471519928,0.93795263861728639,0.92502846687236218,0.81028683107019683,1.0092057804459027,0.93647745027102081,0.98168634712163449,0.9861365218388628,0.99910126291772494,0.99838195931100226,0.96469728762541584,0.95552485698600886,0.94535556992003378,0.95844078818117229,0.8990954692623544,0.93430847377317883,0.97656534425056696,0.89999231644976174,0.9592203221276735,0.95388453157477593,0.97866006897474378,0.89781737862279942,1.005251998188446
1.008491986116627,0.96187308141334626,1.0009141601289342,0.97246633055659282,0.89100446448045767,0.90124149269410669,0.98435343439308554,0.94780273301679996,1.0052180214722481,0.95800617466893934,0.99736846876729268,0.9873985976432984,1.0232106934596426,0.94932211116718512,0.95058786490352509,0.94843284267553685,0.94352312425804652,0.86331271462929471,0.98420168770085603,0.99543567613124295,0.91722804379591183,0.99862100982572022,0.99538214748930909,0.91279616774845018,0.99418416139634513
0.96008587287058955,0.92610470188096905,0.99519798599127962,0.95928029646573298,0.98575879700795166,0.90337241665460399,0.99485035624079854,0.95989624737600987,0.96332054260101907,0.96130714295066755,0.91863462659013706,1.0004056357792956,0.96288292560221667,0.94171126036802799,0.99748095891841271,0.9948591535089587,0.91444363792007233,0.9259704370558457,0.99475414645685578,0.96901693334743599,0.93532786156610781,0.96937416606582416,1.0300982313016875,0.9650009533708126,0.91188016971530639
0.96270087284957473,0.93249367738485323,0.99649587561291075,0.96311541334002371,0.96730452606887185,0.80712767591614643,0.97379145297440828,0.99463873933338964,0.96764708282619105,0.96565799790621276,1.0156868227355853,0.98815529980815331,0.95070080466531492,0.95409286278167438,0.96196096627652095,0.93253929299129323,0.9480688830975541,0.96738222201160418,1.0112301529151062,0.98936801157232945,0.94739323821859889,0.98085464243893994,0.97226461879496695,0.98341402642978848,0.85924012611486045
0.96107745982756454,0.98055753315253702,0.95826270550538162,0.97679917887583312,1.0139510292365386,0.94556538640666676,0.97638673061183434,0.96968083860317733,0.98409227329120097,0.95890317584592355,1.0085514051261177,0.9902504045658741,1.0003464602478467,0.97765758610465148,0.91974661014930814,0.89999043897461994,0.96412757056753717,0.91139501167225512,0.98951567657938233,0.96199404799441401,0.9791648788661953,0.95252844428136696,0.98307347046266036,0.91333682825915385,1.0137537012051443
1.0066048362971007,1.0357117112339975,1.0301617412193191,0.96459449305779599,0.91634774225203164,0.94341859217157398,0.97867364054892225,0.96128687535699331,0.97851108977196088,0.95486925169024972,0.9742779117400322,0.98850308866523373,0.96502322746754721,0.94673993019423264,0.98549135202602212,0.96569256341442566,0.94891903655955612,0.9613813964592921,1.0439585913497074,0.98058481607076808,0.93911346307046084,0.99290063619488844,0.99760067580593115,0.96936640544067565,0.90792043510489406
1.0091020656800782,0.99094244102641049,0.97315852041379802,0.90793783323558419,1.00029515177336,0.90991358782637366,1.0048130854559802,0.9829451652754988,0.98328174403115265,0.97676956480114341,0.95931497403272614,0.9957346053431485,0.96529954009018959,0.94486635778370998,1.0312734378173771,0.98163728801392225,0.99909293679762445,0.87030279296205348,0.99201194004958293,1.0061749577513375,0.8953857890722895,0.97342064748229029,0.9952796856560775,0.96717294998621028,0.90519870709738404
0.96660742312509262,0.95121609493694959,1.0179283730296382,1.0363815627889437,1.0306676857820061,0.98804032065864122,0.94945678430063329,0.9512322704201569,0.95975096009692751,0.95417603987424349,1.0110563661492302,1.0207344032905934,0.94695668770736041,0.96621401775034144,0.96502846210408333,0.97885175484162268,0.91758269207373011,0.92376949239926454,1.0145178260390102,0.99860841106045295,0.96793270665500775,0.98462061755149599,0.97655072905999418,0.91536679322965286,0.85963498807537186
0.98731114988441027,0.97819101163220157,0.99274259825278754,1.0064418428440114,1.0134408628265996,0.98351228898125664,0.9827589298304541,0.97801059741987539,0.97364219555897435,0.96291553253088402,1.0159173338490912,0.97323385154897146,1.014139848749134,0.94007386638452917,1.0337503834778132,0.95733338565886872,0.89489659871117511,0.94854890376323708,1.0174838986652717,0.93740601643005528,0.96480803243092617,0.98895937954138546,0.95723874780649254,0.93180546621332616,0.97968702295703447
0.98145234216406008,1.0319309297880319,1.0169462576583146,1.0173342230250371,0.98764381020813352,0.95814958968169195,1.0209841410043892,0.95154351428290285,0.9825814971587683,0.98904739512647555,1.0087675253071804,0.98101002260211223,1.009452128955957,0.97177889850125176,1.03631700516124,0.93958266507288224,0.96660136500079008,0.88506598823456506,0.99338707134538773,0.91203744149632748,0.98588147392648318,0.98724877786808363,0.98274786590845065,0.95664200426903534,0.94794507632674641
0.97713909871155125,0.96882501851988279,0.97563543734020375,1.0351980391210458,0.92952945387351915,0.95275510751555026,0.99679128192984712,0.87839107944666273,0.93776180426457967,0.98205943960476216,1.0005882955697118,0.9871673680843206,0.99402080535642545,1.0052378191467535,1.0313120138328167,0.89628680901808022,0.93793389309167507,0.98722476009831706,1.0057407657342234,0.99353952291573011,1.0020651897246873,1.003118777226933,0.96589119563216885,0.91978484704357633,0.89800469483877277
0.95762426438788217,0.98765462052206721,0.98577811860507591,1.0115387281742205,0.94995384952233075,0.97474500013294341,0.99303883759149147,0.9825156890293949,0.96292686209585443,0.98580966918528756,0.97125192271660665,0.99337752910656429,1.0163091261990682,1.0095313750591521,1.006089132075547,0.96265100106735191,0.96410387681023835,0.97936220560491571,1.0149889482562227,0.98249527574168272,0.99748314900635004,0.94756598091712163,0.99425254069409519,1.0090455393645752,0.99914194214162666
1.0170349447305864,0.95991900022744392,1.0332940025381854,1.01948339628891,0.96323255199477109,0.97268816137939906,0.96933819989117498,1.0238472823695188,1.0082161749591194,0.96504391546253043,0.98232268245102239,0.98914636542029966,0.98636680697937329,1.0123448387861818,0.97180071973935267,0.98795926162728098,0.9688121902716168,0.98020946059661263,0.99280952564181779,1.0077912499665367,0.99501720149611861,0.97476137690858644,1.00155382083232,0.93030838450971176,0.99235891229018414
1.0234437599122821,0.93576042304764029,0.91706764669517704,1.0144113430261763,0.97291985687645111,0.98434287044148316,1.022230169602435,0.99053524954730143,0.99408419465007336,1.0379982662918985,0.98905904298889513,0.97404901696527291,0.97886934395456704,1.0011156959054268,1.0305530367530262,0.98685348901314796,1.0102759299308763,1.0224918508742817,1.0340866229798917,0.97059021633385645,1.0075005412590725,0.98504180307024614,0.99945689147564565,1.0056578280275907,1.0132897167177632
0.99651059739422454,0.93870122691570168,0.91644247923460787,1.0228415782393576,0.8942053094990382,0.9909586166646811,1.0439710201094219,1.0154614402050235,0.96199068219091555,1.034420602654651,0.99378679878647369,0.94582168346716111,0.96933206472282274,1.0323970480036884,1.0201728421085694,1.0011147268997509,0.98258392786864246,1.0082571949897663,0.99560197520288707,0.97817725027187108,0.97591726193638995,0.99501105561602676,0.96929831554787449,0.99716106541128646,0.98263177319329376
1.0418686262376458,0.93335935719346297,0.92434283073486156,1.0150170486067922,0.93113230255937129,0.98951199013543489,1.0202350641619562,0.98877955849364352,0.9323294339715491,0.96863928538097577,0.97710976044916353,0.88454731496278793,0.9446865629993364,1.0041086388998379,1.0225317352136833,0.9696550046075969,0.94413415435862069,0.98865756560769769,1.0374244943502362,0.97538090714475423,1.0100020066452202,0.9425973927518434,0.99813175175333024,1.0160346921702974,0.97127757807677806
0.98373695647518289,1.0004623639299872,0.93945380034907755,0.94909328998177833,1.0115383726465177,0.93387644117016977,0.98902664981974764,1.0419098048245732,0.9619906013391335,1.0707270786333201,0.99103524779650443,0.96400394481543106,0.98968242629574232,1.0033637224467162,1.0249226633782613,0.95051502100087482,1.0016557395498944,1.0332497192636245,1.0289110747777788,0.95822841086306421,0.99943931406475495,0.9430773081379501,0.96364727083511426,0.98363283629201881,0.96447325364859759
1.0349401216626899,1.0005511793980431,0.9947149771688274,0.9386264908107973,0.99085976364884787,0.99594432859878868,0.9535483591314875,0.98046449744191633,0.99299680844406324,1.0127968971211014,0.99980527325350066,1.0177076073665487,1.0090179761657752,1.0272527470040909,1.0196356410657901,0.95977834487462055,1.0055414947195034,1.0264640850386846,0.99788036661545476,0.94635591265441155,0.96867520230026893,0.9215246933231952,0.96489239014919892,0.95438399369472759,0.97398213533239297
1.0077039083927286,0.95263126569615419,0.949557935825182,0.99824385747496314,0.992271293633471,1.0159167531439726,1.0430390423092448,0.97445391480907884,1.0084284804655761,1.0584631230395956,0.99663151789571947,1.0431883487404119,1.0003165394317002,0.9891132492851753,1.014869493529732,0.9467726424354872,0.97389783546492059,0.99431996137196188,1.0322716998773693,0.9611125010373659,1.0193450560486026,0.94614255008081094,0.98625577079793658,0.95180143588085653,1.0126970205176236
0.99315739123637292,0.95467168374434808,0.97725579656643879,0.98151953979104423,0.96413364952874536,0.9931189498040971,0.99153472176137003,1.0259287059779845,1.0021023173879244,0.98074204327129189,0.93032265858802521,1.0274301616868506,0.95250537060603757,0.97343425175509724,1.0256660007789828,0.93501988344848608,0.95437249139068137,1.0125870780952293,1.0252927630602977,0.96339333249806036,0.98948669784337639,0.86653168188720398,1.002287326043328,1.026306014272192,0.95871835159387708
1.0152657657200135,0.95158861422544028,1.0169590632331995,0.95705887346909346,0.98900945937500673,0.97471260498716283,1.0132126459640804,0.99763234967955505,1.0468420589218623,1.0217644783213082,0.88165088539928649,0.99048962384156092,0.96566689322809807,0.99192330869814782,1.0113231350917531,0.86793573224910492,0.97764564021967426,1.014717861425386,0.99209194545672597,0.97586727507948523,1.004485332166315,1.0157722786876178,0.99372142208738723,0.99951218459959679,0.97696902316286971
0.97279394111855666,0.90735305642431685,0.98789336488681523,0.92346261983151834,0.98393958993001951,1.0406589885999318,0.97674237385769314,1.0013535191352494,0.99843007965204011,1.0137156676784382,1.0492514838022771,1.0007195443921744,0.9380049180994674,0.99650369236601699,1.0250622785411823,0.96698858545573918,0.9617576851048667,0.99959526197926651,1.0297708290365186,0.9764292280786494,0.99478342938826958,1.0268333960872629,1.0145003840539735,0.978097918138504,0.97870642113709949
1.024368895987585,0.93539714700470278,0.97374110910985401,0.98189861252471189,1.018125106644632,0.97819086121770304,0.99104710531819973,1.0358753468225386,1.0066625869170536,1.0497555246157406,0.98816757759358054,1.034281549110839,0.95014323566670567,1.0027848993447661,0.99637729305454725,0.98420080073433203,0.97957723647242101,1.0169142132087183,0.99701246833750889,0.91404203524899907,0.9732879795677033,1.082136569085276,1.0002070567937238,1.0076805276770242,0.97926621364847888
1.007699472331699,0.93493138949920995,0.96123922188001987,0.95529148344919435,1.0056969126586246,1.0285055865613049,1.0017366370844341,0.98860427379465277,1.0059595770219403,0.9767761900850187,0.9825934136890685,0.97988403178436057,0.88585874872301895,1.0058436958115671,1.0276096703999333,1.002667731460134,0.97900638477458113,0.98524230898965448,1.0234504133986499,0.93632273138709221,0.90825176382722461,1.0470198804199662,0.9831472522591983,0.99518364885656574,0.96816153020638995
1.0228948808601901,1.0135949386235494,1.0146219836394004,1.0028838202555346,0.97317582174355688,0.99755106929112058,1.008182943129367,0.99721026449274686,1.0057221311021169,1.0303188931719665,0.96163695600356303,1.0484798127346278,1.0490751556431048,1.0012000313504545,0.99817348299623687,0.96420052017739033,0.94031989134985317,0.98324760425746538,0.99549790977335784,0.95950555632796419,0.98513322762613298,1.031529825743867,1.0137303385752843,1.0264908003270612,0.95885421832243412
1.0215384537201493,1.0028150844993817,1.0090789295722218,0.99411451571812759,0.97969912280152871,0.97932679663953093,1.0249035404717122,0.99856217208250353,0.98267723851957645,1.0133548555979817,0.99512822023877678,1.0008499698711639,1.0272526660030243,1.0210958816551976,0.97287704382952755,0.97879075405480431,0.94521808291585241,1.0372757840142928,1.0030750526424175,0.97553468916659203,0.95929176643609315,1.0151672229049737,1.000517083400956,1.0075555701846639,1.0322774315790193
1.0261823752613854,1.0165467538335227,0.98324870695067534,0.98459968548081012,1.0004857711994266,0.9690150794733049,1.0207620805361022,1.0297181863963094,0.96178951558065329,1.0471674734024037,1.0247865399048535,0.95483361140112799,1.0589805923664986,1.0423354565517895,1.0220077883225378,1.0090819415395698,0.95601736765252576,0.98756203094401585,1.0156203436523923,1.0281831435511717,0.90343357240693745,1.0239429271963267,0.98923932550732929,1.0132463432056196,1.0064317494187605
0.98861003337745068,0.99204884698350926,1.0067849731666294,1.0365056599638014,1.01156357988526,1.0018621734942921,0.98077190429515648,1.0090328563990933,0.990283179819198,1.0326857444469195,0.97877301026512342,0.90944803847001554,1.038245847918742,1.0309356051453171,0.99807897505946974,0.9937054705207341,0.95849916706245375,0.98841723184899932,1.0332129162234325,1.0343928412049423,1.0235082086452072,1.0214109227362194,1.0152685355926931,0.96182338623832564,1.0041212675796685
0.984286567299124,1.0307678525526245,0.98808369825026698,1.0106042956560244,1.002747494534467,1.0205838134020857,1.0596639545296005,1.0188063046685598,0.98223704985414506,1.0330874559166756,1.0081963688246043,1.0558902074894729,1.0265394932618557,0.9887691647551442,0.99811134481434927,0.99229727314920091,0.93975518815416825,1.0154785779910198,0.98234356677024015,1.0212079412038364,1.0274952423469539,1.0427653902159733,1.0359111393457807,0.99262397679586889,1.0628848737628109
0.98071349506034,1.0072788385833662,0.96198607829221783,1.0065087528015266,0.99646300347400696,1.0158637250722331,1.0398506940444583,1.0166158565819807,0.98686134432130324,1.0276946741438748,1.0124142586060279,1.074469452334921,1.029986952515102,1.0112511101802768,0.99233226000590791,1.0043937099224671,0.92839750563131329,0.97959494760171772,0.96143169178758336,0.99996377708270467,1.0561007508668221,1.0409104814715104,1.0176698320399753,1.0472704488771265,0.98403431201128722
0.89380649116181832,1.0203310795974758,1.0208583923962411,1.0335170715831283,0.9731773620112113,1.0645908321341291,1.0377442160059758,1.019054880550617,0.95158416239718779,1.0308935534540637,0.95282076965339524,1.0516394671299212,1.0671898954995123,0.95065063333908573,1.0118372383407024,1.0181348277215245,1.048336921524833,1.036847948977544,0.90030458563386395,1.0548477416650914,1.0422951230058621,1.054767328552368,0.9923572654213445,1.0091783781527648,1.0110806591445589
1.0413053775596164,1.0216681723266585,1.0414829210326211,1.0093500744843602,0.97955526254109881,0.99871299280691628,1.0436182974126678,0.97211955413503692,1.02196687338785,1.0430018874128779,1.0504780320626872,1.0370846089649586,1.0321270008457073,1.0154256086707238,0.99722911302424211,1.0029342788433373,0.95824354139929713,0.99019709031589087,0.96508621655919136,1.0440888343552333,1.0240542505774084,0.99245465381351916,0.97237339240234277,1.0353709630813386,1.0203880201590294
1.0357765086777631,0.96514662703492682,0.96463051645568354,1.0092340577613854,1.0032678494462663,1.0142761206510897,1.0103935730310403,1.0040976131498476,1.0275760845027981,1.0611561201021025,1.0714262251531137,1.0384207215796311,1.0000420265945935,0.97189156321875414,1.0437135076822954,0.99602117757087849,1.0132058548082445,1.0335357909409273,1.0290887020754609,1.0093918461044729,1.0070659829882664,1.0494662230086267,1.0108720108106022,1.0557786347617053,0.99986747055169167
1.0394214836793947,0.90124300895931575,1.036603362859337,1.0167040866657873,0.96296225050957762,0.99681925354270029,1.0136323421857965,0.97952607322440843,0.96836011260438082,1.0437158972839073,1.0516028997542546,1.0511198881523998,1.0620754256269418,1.0046745058415003,1.0327435764363107,1.0019086806839741,1.0039338182263839,0.99127281950757284,1.0101506970452945,0.99314715424209776,0.99203196175215824,1.0325403021623867,0.99991351051749355,0.99919988225965151,1.0068736811871974
0.99975887401122088,0.96102838735234397,1.0484994030048296,1.0109017453697275,1.0206442049674298,1.0396041847581234,1.0232585630184405,1.0252019235121543,0.93520912252075838,1.0445199595920851,1.0499638489440273,1.0444012552116995,1.047487386594093,1.0024180248466528,1.002247020007534,1.0070319593500361,1.0028331057609188,1.0339948319579475,0.9986823520094309,1.0203464403136968,1.044023747874443,1.0390223358577222,0.9902305039533803,0.9999875101821839,1.0373360818551154
1.0290451508699507,1.0548855933588674,1.0041059001702286,1.0196381927054006,0.9904675006846918,1.0354031549965597,1.0058570662887691,1.0592147606989564,0.86498597192660587,0.95584160920374339,1.0532005004494758,1.0486662478559308,1.0550604125922929,0.96421234855612581,1.0249891563312061,0.97476486264894124,1.0582592842327823,0.99507789691342297,1.0291080698267283,1.0354507843913039,1.0407522742086377,0.98381615281739732,0.97348466566688052,1.0497378938555393,1.0386961704824262
1.0357103087905606,1.0696011009597934,1.0074172227187292,1.007003830960691,1.0159955820694051,1.0064122426642315,1.0269707290811765,1.0354430953219582,1.0069924492483835,1.0113399192258565,1.0651580636040314,0.97591279853661894,1.0396817525777173,1.0004102405980049,1.0075177734346163,1.0278326075019872,1.0480579945380937,1.0185181150459011,1.0144205322760691,1.0164053971088971,1.0597933333952536,1.0075466091690042,1.0447310428697725,1.0068815359013963,1.0569153605427217
1.0537070078932056,1.0194537495604625,0.95923760855499141,0.96988339151823166,0.98513518015251833,1.0576647469005673,1.0238480439419069,1.0306638113558995,0.92396584927706482,0.98014811064415386,1.0855475423521259,0.96034951117620271,1.0618304721976553,1.0376862774970323,0.99746159145979973,1.0333343616051982,1.0478529938543499,1.0313564806863389,0.99779918348965047,1.0508349929492342,1.0612911050832561,1.0454156059200732,1.0341433442332255,1.0095251271978218,1.0460890669960072
1.0238843019207911,1.0394673990951464,0.98362211848284176,0.99323697493096885,1.0519769972859832,1.0714812613319338,0.96579475322049713,0.98726646982579602,0.96031709670947274,1.0279198645938075,1.0316740589943769,0.98022259713919291,1.0203055127491785,1.0513971310020975,1.0098157931743228,1.014859606002638,1.0207225734950744,1.0351175494254414,1.0086416117034533,1.0204216300817257,1.0512702409973818,0.99974884526303653,1.0127694928274855,1.017321390822308,1.0658041137645979
1.0147841667879274,1.0344583851878923,1.0734878441141047,1.0359807079173355,1.0182558189258835,1.0051985639336831,1.0003089375902814,0.97648134178776158,1.0320573137577751,1.0323574841858882,1.0545523124549425,1.0449620492142175,1.0239204716895143,1.0480821675326837,1.0295317819129672,1.0070163516473534,0.99259650544859412,0.95801111857509846,1.0203685655386152,1.0277157311776595,0.9960891434368353,1.0091108837600677,0.97240390936178034,1.0112027692132823,1.059499493688872
1.062355491577607,1.0198545362376494,1.0510188351140328,1.0569631227736265,1.0306857734305446,1.0676598169359146,1.016397398856506,0.96495539566614386,1.0417870116757602,1.0070253617419218,1.0618712616683235,1.0416766618496296,1.0294616677816373,1.021799496234344,1.0274914023328963,0.9797741530798586,1.0373605120109026,0.98851548229751307,1.0018292456506337,1.0420732633730421,1.0359040988625459,1.0417940942227459,0.99671912168190524,1.001962753744331,0.99656982752442724
1.0489877034428519,1.0241924332740364,1.0308346857561432,0.96255300528784504,1.0569710746133039,1.0212596653383608,1.0319065208119178,0.99652088460682764,1.0355128338075463,1.0178395044957453,1.0671158887514369,1.0356537293944978,1.0448956451233586,1.042616101316167,1.0092557094762649,1.0246346798138009,1.0236984989273683,1.029772859648691,1.0357482271898928,1.0552752726351746,1.0029818752507229,1.0103562637899672,0.99598659980684301,1.0056321559648713,1.0705738464930252
1.0227986055768472,1.0657392317923777,1.0229030328870055,1.0109199702000915,1.0190989268350148,1.0510865937927611,1.0273731891338085,0.99440256010028405,0.99493458087121944,1.0040835733955962,1.06218097125069,1.0716374744245443,0.99848841993603354,1.011699148763231,0.98206335594412808,0.98915634740009672,1.0495976476847482,0.97115662104209877,1.0373432852141851,1.0450078429427494,0.98160875852920626,1.0116144842699206,0.99889081113594591,0.97220199981283317,0.99731436491468994
1.0133463617992939,1.0468657540407544,0.99849712431255411,1.0404676937578698,1.0349541492277043,1.065298193734858,1.0402471970137743,1.0324447056601047,1.0570180825802216,1.0054240825038796,1.0566834573800032,1.0356797300311236,1.0454809269429186,1.057781165426305,1.0088680590554926,1.0159367590208475,1.0408501816198317,0.9341814505634497,1.0177024192990995,1.0339583209140264,1.0009625213727786,0.99774894284141602,1.0435788038402714,0.96993695554984904,1.0684338759103382
1.0345891951477075,1.0168104800484172,1.0215103059979544,1.0362595843922782,1.0185553713109894,1.0582252649685739,0.99774810679586701,1.0202824159213382,1.0431779471047302,0.97124906422859625,1.0819129981400133,1.0073866219498944,1.0616124647126508,1.0064801574894449,1.0563045967077092,0.97618895455022536,1.051297929563801,0.969070299022875,0.98606345750278457,1.0205902140765177,0.97192568268799218,1.0367783121288892,0.97528055710635508,1.0203539942171891,0.99546897279089719
1.045277411321782,1.0532263969715467,1.0342741353615112,1.0252140330911652,1.0457842584002968,1.0306372578060055,1.0334829738052291,1.0016958408223662,1.0375525571159607,0.94485555348815098,1.0414231119467892,1.0175593343278244,1.0213983854136388,1.0652378495492822,1.0139912689743154,1.0510801789738411,1.0525305422981468,0.95492292881590157,0.99999078142042452,1.0150976071376905,1.0365657951431122,0.99176567374887614,1.018350208713994,0.99663371327691508,1.0705743582177516
1.0194676520822041,1.0086586552928751,1.0305862985060394,1.0459430618173702,1.0141973426638466,1.0724063140141125,0.99739582194167353,1.0192183973426316,1.0378628988779646,0.88790974110429621,1.0307169902484301,1.0056806585070486,1.0032956924784344,1.0287593419563139,1.0456627343540852,0.99408050173303308,1.0634818424071104,0.89042982579582985,1.0085384889556961,1.0351034942822337,1.0363351511063177,0.99033211273690192,0.94123043388542404,1.0264897494248821,1.0141157119369741
1.0193775997894001,0.99955141287516769,1.0480402030326343,1.0057721071935928,0.9720162450073796,1.0763682636608785,1.0155329459582041,1.0306354449666506,0.96462593390373041,1.0312894850006624,1.0587159985270491,1.0494591515252956,1.0405529645457459,0.97938174798737232,0.9850817707450148,1.0374478713858084,1.0323087426833941,1.0237779352477083,1.0125980667214505,1.0503281588617328,1.0499045365224182,0.99621136738971539,0.96078128539644836,1.0266388484230577,1.0301258610691337
1.0247915042945737,1.0058219456443571,1.029202376359639,1.0168584903041731,1.0279731055604731,1.0442357519921239,1.0269907138470786,1.0264253865259911,1.0211875532538026,1.0379480120105797,1.0545378395966509,1.0304492202304236,1.0560306797876777,1.0092462277432679,1.0295739586943582,1.0509560460595226,1.0079894328764976,1.0537390886760163,1.0437972922893886,1.0200518845900197,1.0421163451111699,1.0116602874834348,0.98077949706569301,1.0351483930410206,1.0362383125123598
0.97929836406275694,1.0286356543453741,1.0316515457598028,1.0401975545504425,1.037525279011519,1.0631793541712844,1.0021652383850479,1.0383110604037544,1.0524185048593082,0.99892758685620942,1.0561369758674406,1.0194719539306287,1.0663934084243798,1.0261945297146193,1.0056287974056795,1.017659905690302,1.0622671034745816,1.0412025168935448,0.97965174766350971,0.99266000662004505,1.0248221639268003,0.97153456914390135,1.0451332081023568,1.0084918229451501,0.99660748306000135
0.9808877894908774,0.996627784169833,0.95507006550834905,1.0098216014900911,1.0263124115934239,1.0569850713142115,0.98491582903733021,1.0420701711105662,1.0077943631822801,1.0112218382721019,1.0161411059548338,1.0157674327511221,1.0512126467928871,1.0647839567988808,1.0488730340428201,0.98727072348092082,1.0411593891299216,1.0662258069424273,1.0285743345536873,1.0012196082831653,1.0200520813301501,0.98353577642124157,1.0101934706242071,1.0419937233425194,1.0233083969062249
0.97463205247198614,0.99796869813818512,1.0033436672039371,1.0537883914650887,1.0172413740279755,1.0317234969056872,0.97091799835369375,0.97816306702122846,0.98466712522722644,1.0268263903936741,1.0726777371131111,1.022960852344073,1.0373602808374052,1.0277791494313058,0.98372387512871462,1.016866449766884,0.99473531510828395,1.0313977830077183,1.009650771973865,0.9927218679030021,1.0261623481338953,1.0071487937466974,1.0250890473107619,1.0310431662150084,1.0220141736824357
0.95385563284858532,1.0212950571618618,1.0497368089802299,1.0000203790612527,1.0249815800971167,1.0249508064632864,0.98609869768074376,1.0129845985575303,0.98219844701259151,1.0382057463530701,1.04879811137283,1.0069053316201177,1.0412251167701152,1.0193261316208269,1.0492846346982014,1.0014083437899592,1.0526524898669396,1.0176019978235256,1.0245572766704358,0.98674309242091884,1.0428007367446583,1.0365795378439289,1.0410181340773876,1.007803505426907,0.98841085718522737
0.98558579333951157,1.0108283169836658,1.0262827326669635,1.0044701573680188,1.0281706198604352,1.0432339907940289,0.9957529965230254,1.0446614618337056,1.0194287502568957,1.0221893364030024,1.0688229292037288,1.0376632674930235,1.0598773901764627,1.0181792920643777,1.0109894916115008,1.003786381356496,0.96685986362491994,1.0348127834353393,1.0045708687960933,1.0618519070681463,1.0175733401818581,1.0021171251527299,1.0270431279843724,1.0301067509711668,0.97201233854815661
0.98790689688629296,0.99018813602642086,1.0077111415904016,0.99236509948495422,1.0431341369588125,1.0316760511723808,1.0271838312820833,1.0058690996687247,1.0302455351507331,1.0237651762353568,1.043328501385427,1.0039118490449874,1.0716264156519149,1.0298307415306123,1.0432895625675098,1.0054242075297279,0.98720432692706017,1.010055938115376,1.0149121651932347,0.983810984267947,1.0295208700024767,0.97256253950944627,1.0238468284638913,1.0473958783312729,0.96309070684314835
1.04333702200227,0.98992394744131584,0.99124596927378794,1.0038178636244091,1.0094965646574587,1.0166817996032051,1.0278029392758996,0.99909468370690291,1.0162239196022089,0.97137910273796957,1.0574667892948961,1.0253879577786991,1.069316049975533,1.0441734771332578,1.0467352953977023,1.0073472546066171,1.0159022337303409,1.041162505983682,1.0269783685086891,1.0207267212362827,1.0099718704407754,1.0225777815342936,1.0558326616758607,1.0181408359369502,1.0119989636597764
1.0120290126265759,0.98789350832270784,1.0243194260666271,0.99561200390057025,1.0396881050799585,1.0257575701308481,1.0369673171676428,1.0172449082372075,1.0341456789391508,0.99506190090657398,1.0382230444323046,1.0140823137282349,1.0644725604102929,1.0395279434824996,1.0222227951787701,0.96635942368550265,1.0038637440549634,1.0247465861304688,1.0044212022456356,1.0570354874588404,1.0079735481513055,1.0244900546943447,1.0339205949976478,1.0022839734220217,1.024197967093736
0.99871063551233552,1.0018512929264283,1.0225203259834375,0.99329062898018994,1.0297773859091519,1.0207701564062017,1.0303520471305032,0.96781906815293917,1.0041891335628859,0.99608839717963982,1.0388940039641763,1.0391288103267731,1.0268935941107533,1.0465189618992712,1.0223432512742952,1.046771650276709,0.9846045757803854,1.0477141700684625,0.98750162449648937,0.99178787737226937,1.0390311850137299,1.0193481338978159,1.0381770607081502,1.0221592001090283,1.0255685500916871
1.0300549527526337,0.96549675708955696,1.0155842206569494,0.95897930706913215,1.0696083688305218,1.0539346932572211,1.0225242632496407,0.99291455485158464,1.0203531099156924,1.0226380833703403,1.0467600547308678,1.0253804130636546,0.99618407812537446,1.0155006565497668,1.011289597530139,1.021287211840695,1.0052016337474783,1.0199050351502184,1.0146103526815766,1.0446086387258766,1.037414746694761,1.0035184390248546,1.0239673834774277,1.0225344392178939,1.0068867074641794
0.9698113437847341,0.96242539189935394,0.98888541489039872,0.94803093548213913,1.0337314431547875,1.017335381041516,1.0450934866941493,0.92611768059329347,0.93313677819396523,1.0189017690414932,1.0516307134610938,1.037759974651197,0.98475853399328261,1.0468577844565246,1.0517351972934512,1.0169295170354504,0.98977288166472044,1.0278835401551476,1.0086690744662055,1.0198474785055904,1.0247633926456783,1.0453251310566045,1.0419677149808577,1.0199061590153475,0.99645742782180891
0.96881409184762735,1.0215055479100983,1.0202185215158699,1.0244010021993155,1.0276382059086919,1.0553610175891306,1.0325680015751775,1.0013447342063071,1.0142911897013147,0.99661057048106449,1.0742689889428745,1.0348747855335765,0.94890588071582815,1.0255752456716234,1.0533937103919302,1.0428765917401186,1.0385504990253058,1.0417572220854379,0.98578226180007789,1.0307460429228323,1.0451493344344733,1.0240604485757618,1.0427482697502002,0.98932983840385447,0.9893697952086451
1.0358998678144944,0.99696154508715173,1.0283033876270307,1.0334214080856359,1.031733458858082,1.0307405778954686,1.0269257978317829,1.0057841255767179,1.0088773373321138,1.0208531036293937,1.0598656618873232,1.0226403214162092,1.0069554880817058,1.0671124226920881,1.0309899244617537,1.002310655412499,1.0608389308891537,1.0274624220895261,1.0120978784068091,1.0350812444212425,1.0416858309125374,1.0392015228305622,0.99157445577801462,1.044879802153927,1.032859748664577
1.0102500500554434,0.92593805056809364,1.0018702958939094,1.0096891483518375,1.032072796967286,1.0399942564151259,1.0371954793906568,0.97653716319505157,1.0043764597046383,1.0284702131046284,1.0440583059778012,1.0157603871855774,0.97744528232379158,1.0265070240606113,1.021627028493115,0.98880487078314683,1.0415613087084341,0.98156358343425343,0.96340600153207634,1.0534686462937699,1.0341295950227287,1.0514026608448632,1.0271760815250655,1.0165500619197334,1.0242790247646596
1.0278092781112789,1.0202473086061763,1.0317122998488033,1.0496692228568421,1.0328473916652372,1.0631937697701341,1.030372946178864,0.95650064858265382,0.9459100037737479,1.0129223367156079,1.0486078092822317,1.026735451937133,1.0115226588478914,1.0200749215953553,1.0343169436561115,0.99298886593666802,1.0192343714237031,1.0181853439801745,0.94673391680358021,1.0353822734723701,1.0337464852923859,0.97088545816851279,1.028183871400975,1.0114863014324162,1.0274496208367752
1.0570230204028768,1.0287427845361141,1.0109092784508971,1.0291301380385161,0.99660308535924291,1.0628883026499685,1.0492843608087192,0.99840990332585944,1.0371244650112863,0.99440019455622775,1.0506459179324483,1.0353231800870808,0.99619280973009228,1.0019470885540034,1.0271392227862701,1.0071988922377899,1.0384203352197929,0.98286720418754592,1.0122953973002129,1.0087627659557077,1.0558466654386534,1.0456948832537243,1.0635533300642954,1.0324404103678932,0.98747325435382838
0.99753516435220357,1.0332035982118937,0.97699043107901828,1.0226993064893206,0.98110222375305767,1.0588404008738519,1.031256150894077,0.98691870049583963,1.0042692282700076,0.97876440265274034,1.0475544162268771,1.014659056075397,1.0151739380694891,1.0354912046585036,1.0232260715038486,1.0052977147223263,1.0540758617215833,0.9910380245578766,1.0594119449618002,1.0109153005930838,1.0416239994777701,0.99650356983355437,0.98218966156225163,1.0223285284427255,1.0497717318034776
0.99620003270711521,1.0405220110054723,0.99043296489482313,1.0190929826304564,1.0306318139381996,1.0222140176842864,1.0297268136582061,1.0436935624417609,1.0094410488271399,0.96589569934419228,1.0622077902649496,1.0136164131556005,1.0286453583803639,1.0454685141388567,1.0154951147158511,0.98007118457809683,1.0003923219637845,0.99315236813080598,1.0374380099016574,1.0006588135209593,1.0428303742028247,0.9883017872612524,0.97990992390939879,1.0547488824451994,1.0217116874730714
0.97474849729292357,1.030631234319574,1.0316870904618571,0.99302111158645434,0.94333308035506203,0.99667467745772909,1.019658822206762,1.0114790906532616,1.0348231813250492,1.0302867751441884,1.0231477839433045,1.0004720645341452,1.0413804707103189,1.0553913846743137,1.0358706896705303,0.99517245446588798,1.0567650007108307,0.97023736612467104,1.0548939396403181,1.0168452597835025,1.048153873076098,0.95220217662574813,0.9597191544069259,1.0457031923892044,1.0058298086143271
1.0673838398086684,1.0181216407853073,0.95287290303760108,0.99720312677690903,0.9731323223936067,1.043444117441565,1.0507140434185029,1.0215090431664267,1.0077375564630315,1.0161233074399973,1.0616880597337792,1.0487146503700171,0.99661655211788602,1.0688503581819861,1.0656487573650193,0.99459133842445135,1.0572875870721823,0.96804336987580775,0.99908129588811079,1.0475340247779343,1.0266086349603873,0.99766992688121547,0.96544042006175079,1.0057807907317058,1.0093122322666721
1.0446115171352568,1.0437964682428085,0.98430591962874336,1.0123523153063703,0.99006058278389242,1.0423617808498726,1.0435514839867566,1.0251756791775672,1.018417514187707,1.0275363582790833,1.0063013994247232,0.99421677163517697,1.0162371746234389,1.0182176626445261,1.0349137571017231,1.0121185395447263,1.0368924748917783,1.0193682633538126,1.0582023697257688,1.0420825250329091,1.0244556068382993,1.0142099153283379,0.99939873783798439,1.0116465099480023,1.0215028326766713
1.0358673774909539,1.0251737614544689,1.0222194310243025,0.98334366303581267,1.0904775394608308,1.0449772289469705,1.0485929467940307,1.0339645036176319,1.0238871868531414,1.0537450415130578,0.97967182169840006,1.0244535517133959,1.0452522749028523,1.0397523011023397,1.0244031372736633,0.98756913245310196,1.0002423627490398,1.041544000166311,1.0234688039008617,1.0213569180202768,1.0347991364014091,0.99430063111925715,0.94789517784145227,1.0326830951737158,1.0303726409842324
1.0137220667990374,1.047027565511758,0.99841857709420467,1.0483299472793515,1.0466629135529388,1.0392907660526174,1.0558957478132471,1.0458145627778554,1.0391723890657083,1.0382877837506668,1.0353343027906901,1.002962625524666,1.0434617841936817,0.99377069078288327,1.0184915873636169,1.0012159021911469,1.0003001799530453,1.0078628797146105,1.0199184941858723,1.0237513841522912,1.0302272938876813,1.0102702040782563,0.96810077459681187,1.0301436724984974,1.0099970273855479
1.0043155848250553,1.0312951506699308,1.0016979395492296,1.0214688615331216,1.0393282357305007,1.0324328356644761,1.0388938183504313,1.0519507622947792,1.0167141860676789,1.033957861256539,1.0487779629403338,0.99954140961367066,1.0168582744135606,0.97585001313950759,1.0411516992747805,0.99923014817500633,0.98176422098846561,1.0301967903778382,1.0499705502499244,1.0187240157994226,1.0574870800657028,1.0460368373822548,1.0615966713592098,1.0314374582508468,1.018472880665046
1.0040621869722539,1.0428256255983084,1.027086893136943,1.0257798308472288,1.0153706900148753,1.0489085676675942,1.0507202150160388,0.99462554676509718,1.0193735048488559,1.0345321526478235,1.0480074615069901,0.94843592305013147,1.0127087478509218,0.9734697666271247,1.05838793272517,1.0253823062284546,0.99435038481427529,1.0037648224851106,1.0261542628550058,1.0436124921523537,1.0490630469368731,1.0422297635459061,1.0221715711770742,1.037635841045444,1.0008815910933597
1.058413947497916,1.0649621490585974,1.0266554391383271,1.0496843411517809,1.0448042844450691,0.99596462393577168,1.0433393765025401,1.0390412078087727,1.0029341431522116,1.0285507353941996,1.0518141333079705,1.0455239332224966,1.0243359522690412,1.0573206897341081,1.0365656841077036,1.0050969399865464,0.98632687554489762,1.0341404142531689,1.0261936274292258,1.0603318125811492,1.0320132783140146,0.97590219245766485,1.0321743004706807,1.0031860371975645,1.0480943111350076
1.024728632402796,1.0379777057027826,1.02124194873491,1.0275462492623832,1.0545012120337216,1.042175747695202,1.0420659132943695,1.0129245179670789,1.0187214976416143,1.0056710492236227,1.0334794937973411,1.0490011091498666,1.0185797842775888,1.0157125238335583,1.0152576547883247,1.0120891611077214,1.0088867744912029,1.0439925757572808,1.0152964645649887,1.0318151200271937,1.0567209104991286,0.98634759585920151,1.0458198468139128,1.0041191179311579,1.0230628266341806
1.0175133978944724,1.0507001064401502,1.0370974892204072,1.0325197566666067,0.98748948100236922,1.0161750970739378,1.0479123084280733,1.0252970930521099,1.0221172044545224,0.96053746914607652,1.0057011852154794,0.98860453253629976,1.055641901651817,1.0334310599750902,1.0156705515957605,0.99007964336010512,1.0083553654503052,1.0262646686709118,1.0077594535442849,1.0427111016007669,1.0392861906446615,1.0371831095810438,1.026949852236765,0.97501989182383209,1.005404160060168
0.99990854057622902,1.0401848846646007,0.98372692082726931,1.0398859437314554,0.93948586578114834,1.0153485817084524,1.0261455451417716,1.048249046147387,1.0200226139385131,1.0242825275103882,1.043626071274782,0.97933703680477624,1.0124947854995738,1.0366188842745112,1.001173184916156,0.99465831829853679,0.99632595289062154,1.0249216621867274,1.0009676065081321,1.0267144788478526,1.028357526094807,1.0536534400101887,1.0485434285434334,0.96351097840478439,1.0014398276462777
1.0217206741604199,1.0212873691812034,1.0395288697295098,1.0178816822806069,1.0169312685830678,1.0084115971638277,1.0485862898651119,1.0336907303430682,1.0020110463141092,1.0108640846981909,1.0523031188760226,0.96101328772171568,1.0468957017040477,0.99616780321068554,1.0026991236490841,0.99313464370047266,0.96890046878367442,1.0080190924934052,0.98888295109246649,1.0279331337266226,1.0436677156053364,1.0275031068224822,0.98128460795646355,0.99729416606726529,1.0269446731028864
1.0341962857490463,1.026827643369052,1.0238602561000323,1.0127176855981632,1.0271400649444624,1.0097051736283669,1.0173927587969895,0.99411248701570298,0.9960936742192662,1.0590009912263174,1.0147490325110955,0.99533180897499984,0.99874090881361488,1.028166663003363,1.0157328149717986,1.0390615371857506,0.96108572653017466,1.060116959294215,0.94529664109353595,1.038180653587808,1.0470488516768726,1.0444883939024399,1.0180788255780302,1.0640603583897834,1.0281369210786371
0.99055350554479471,1.0431282565054445,1.0131624375075108,1.0217936149162499,1.0228632873736427,1.0242897432520948,1.0100233662647273,1.0481134487299277,1.0295043302094242,0.96632326302451732,0.99306850793570589,0.95194154599420477,1.0748382069775833,1.0168373730530345,1.0373961189367289,1.0147639945186944,1.0360179886800849,1.0608648796297528,1.0113353480335661,1.024967407458401,1.0191588403261091,1.0425282003597158,0.99835625660454497,1.0073291596473453,1.018413943755853
0.98644662389852933,1.0517506725795081,1.0132118673898427,1.0098605464204937,1.0465694152472964,1.0261646236840984,1.029718402198563,1.0657904882619222,1.0410835545357771,1.0348929639806701,1.0390493752975216,1.0741008511428498,0.98069407592609115,1.0207907336627169,1.0326679386708855,1.0305587872691762,1.0328906038497674,1.0308093553643018,1.0073681274707496,0.99694330405116816,1.0215507131439721,1.0707522630893995,0.978106239434965,1.0468085786397565,0.99640207079750776
0.98105713322931831,1.0528036486916195,0.98614810743507875,1.0488971060743628,1.0468025145300506,1.0301324050954286,1.0506809732716016,1.0362258767881445,1.0126566904545204,0.99643016911094873,1.0238511914282791,1.0295950036584114,0.98640362934844505,1.0306827495455582,0.99407848334877014,0.97505043415706427,1.0633131594238445,1.0414680812632551,1.0214023925198001,1.0084677643369886,1.040453878710826,1.0462067828109249,1.0319468555753406,1.0161356474142282,0.99521389690813145
1.0149274498219529,1.0291536271934167,1.0210300604347218,1.0266055526940314,1.0449664963165952,1.0557080642215839,1.0632568787145222,1.0117482594228699,1.0200067749649115,1.0097034473048598,1.0317135557176556,1.0185441104063655,1.0489958289632002,1.0337467481876652,1.0370201094514826,0.99802763881748091,1.0157732015044121,1.0286733708156632,1.0158236271940413,1.0169052388277933,1.0397489934230031,1.0394057683057283,0.97747313460122864,0.9395351426793469,0.98529680011963594
1.0309685582860117,0.99845429239766026,1.0091367223827861,1.0349384812784248,1.0287945796746116,1.0039605256815562,1.0440951184600016,1.0566384715933386,1.0480706077341928,1.0298034078482206,1.0222295484574331,1.0630460096303611,1.026710152684438,1.0374391776117775,1.0524755125750176,1.0074826764100231,1.0144717869255215,1.0186759219563086,0.99908812825148541,1.0075441712930897,1.018527119777034,1.0077915621884281,1.0223944305283046,1.0278567993693335,0.99725492610475297
1.040999199060773,0.95506708561651132,1.0177115768407554,1.0355017056543345,1.0076035138096811,0.98837961502040927,0.99170211283604881,1.0401183464410961,1.0144918357263693,1.033870103064078,1.0608928385843464,1.0179753471790021,1.0371176740526082,1.0392374271199947,1.0256223945821445,1.0365330743171426,1.0547958103969093,1.0279580625113769,1.0074440501105235,1.0036826469046469,1.0172967132413953,1.0506746789354378,1.0355983650715126,1.0430819414848209,1.0778644003093116
1.0162894521993253,1.0034189303069379,1.0206271892138139,1.0299645085116371,1.0351821548396034,1.0373366337842049,1.0387365959889907,1.0326148205464283,1.0500115142751163,1.0598490250633552,0.99078878569672701,1.0357804416473431,1.0473184723717333,1.00186712105758,1.0595278234701206,1.0477291684759877,0.98802377019429599,0.98340806924546442,0.93757187154140453,0.97708428596371,1.03976367321575,1.0227122902561376,1.0275439911353088,1.0727863196471514,1.0573110648892818
1.0456103416664164,0.99634322943014386,1.0302196743159511,1.0357958733505575,1.0444428362307836,1.0438630808932838,1.0493119863627125,1.0656742943197028,1.0347863579796803,1.006604320868316,1.0490245743033757,1.0202730555887765,1.0522504176520817,1.0432493971475696,1.0198161787267497,1.017260049470091,1.0015744177705728,1.0067803134174793,1.050722289418488,1.0050677835052435,1.0636414264887013,1.0599088428416441,1.0300758645601267,1.0326683846842897,1.0510995524515547
1.0472357094036666,0.99897183333421302,1.016050846149394,1.0495444582494453,1.031858218655302,1.0196574260950519,1.0666746942307754,1.0398203467802414,1.0166119606987776,1.0423565246719726,1.0382150743132115,1.0186257466340007,1.0233356354775582,1.0350717174964792,1.045204121271492,1.0465100409400607,1.0149327012203051,1.0206292524211265,1.0058155940208884,1.0268487438620379,1.0507649991191306,1.029393015138014,1.0443765062555126,1.0651638277742088,1.076744050356528
1.0444194289567834,1.0229312650398528,0.96719729617878558,1.0434950080525156,1.02041720240633,1.0152245442974528,1.0551854114749117,1.0268330427095567,0.96474188885923817,1.0439573555505084,1.0017183649030739,1.0277556640808236,1.069273332488164,1.033042790366786,1.0292983209773772,0.97471133671606291,1.0263729081378528,1.0081137441676875,1.0558008392938814,1.0124554562785064,1.0250424404045648,1.0389014070287084,1.0463578250828471,1.0624361373817219,1.03853057144681
1.0201321802453118,1.0135731632138556,0.99590964781739211,1.0183230846741125,1.0280310739773675,1.0831047650722245,0.99936163604116413,1.0403417145330633,1.0201253763618743,1.0389036297739609,1.0578318532512425,1.0264843325621091,1.0042929178792122,1.0196132922766408,1.0458464546637964,1.0085592992416998,0.98873236723253843,0.98506231266492894,1.0600494502328253,0.99737083552035966,1.0351790762168376,1.0378512434295775,1.009107177125105,1.0527118372286208,1.0599475860393084
1.0182103963105951,1.0201277619059663,1.0493459590419036,1.0350919255034483,1.0461870814399918,1.0618957557745263,1.0352362882059019,1.0353554107225142,1.0204136295639854,1.0545030523286643,1.0015273706795438,0.99354123773121417,1.0481264873843816,1.0236339844140845,1.0288738343856263,0.99615663703957003,0.9471454272342027,0.94376170529190151,1.0238991707860541,1.006763976044009,1.0687441674721727,1.0530094445049905,1.0153640995324797,1.0607902433856722,1.0795687412857302
1.0430128089637538,1.0122362088506585,1.0725632413327397,1.0181247355671967,1.033370709413268,1.0126797585355551,1.0177495466391584,1.0468174744023444,0.98736275678901075,1.0169014811155173,0.93599943440918487,0.97392935571325545,1.0537924703371124,1.0172392444831684,1.0178177574240606,0.99314943174607129,0.9673809154372357,1.0122331840336229,1.0510870261735947,1.0287561287237017,1.0373520787600121,1.0471725805216552,1.0066462582563649,1.0489478400743579,1.0298741769614483
0.99558206180774,1.0230274620385003,1.0241350490677117,1.0230514702637825,1.0133354111952793,1.0546774347954457,1.0329536998568762,1.0414721327329908,0.98005857799109108,1.0659841957662737,0.99698216248005445,0.9871989163948196,1.0435319255962834,1.0282676612593984,1.0360716441016447,1.0562458481036114,0.96071432562603276,1.0136910157321639,0.97482586644956659,0.97487122074908761,1.0107197377418102,1.0302694535164458,1.0482949765438709,1.0642593369067781,1.0441240148030637
1.0377862467562242,1.0474481026374041,0.99158177069520903,1.0248124274756616,1.045424652779412,1.0515709550194727,1.0139109723579922,1.0510530236581777,1.0012490322014396,1.0401871709897987,0.95426318779424124,0.98352137669651984,1.0254534056993336,1.0185837513703868,1.0307168262775288,0.99261525189341748,1.0350343906196937,1.0238616261989999,1.0230091649474031,0.99850669654560309,1.0273273264564768,1.0711976343961376,1.0015143574889205,1.0306202662241819,1.0468936623212952
1.0449576440989912,1.0052302735172249,1.0257660923163165,1.0322517744723063,1.038424890163101,1.0569950657062435,1.0058082227788323,1.0113179520076347,1.0409032568802155,1.053232686211627,0.99212172243450314,0.98005060043580583,1.0280730380804011,1.0233055914107285,1.0301700835766476,1.0001165651360007,1.0196063156596857,1.0298050194666839,0.9899918551304776,0.99166147719491937,1.0267903291967717,1.0643426769316342,1.0052793298027829,1.0251392889195385,1.0511411700033657
