0.79040554140639641,0.72838896706106349,0.76515795932863784,0.67880717426977744,0.83775024859293212,0.72657798902006987,0.94310621033636699,0.75989949437329596,0.73250970848397456,0.80332103594692372,0.74837772475894082,0.75097651669320764,0.75304801291727608,0.79105761451130796,0.73491484943380092,0.73717505391964366,0.6538431834779096,0.75716695429618019,0.64660966654392948,0.77996642330703381,0.76599323201373826,0.66025354452852203,0.70326840720333339,0.70714313224483261,0.91024053856976628
0.7486834760087322,0.78403365348844922,0.71904507971171372,0.85457643186767851,0.83597951767664203,0.78845324879508083,0.91825733327831516,0.74914526653347402,0.71619347977597303,0.78759623337973172,0.73558624326622135,0.80313261835959926,0.71408874362348851,0.78957833072890427,0.74954149878971765,0.67600547555896351,0.81090829200925929,0.7884371711757272,0.71135298140699454,0.76964973374415702,0.77704508122804383,0.60493941538464169,0.73214018230825573,0.80301095502665398,0.91619510520714031
0.79281495538848923,0.74486353600987953,0.75729663556630145,0.83086643837981289,0.8291369775405415,0.73226738801726743,0.89687499938067672,0.70946931002622271,0.89000068832103718,0.84800833738252757,0.74575928111525003,0.75966673741840429,0.67966187660349264,0.77542623240479958,0.74371017359260672,0.77268266691184306,0.79218105913412873,0.73711987896008968,0.59773704232927405,0.76119461166301849,0.79673604465393466,0.76017742530034338,0.70728974275929346,0.75736054926500762,0.92628926843916481
0.75325075923251228,0.76315030671679007,0.74006521223065058,0.89099510140329341,0.7782682397231484,0.82883266196874272,0.92414625457403687,0.85236550759902063,0.87029560620153856,0.7830091186394067,0.75230064921509854,0.70296318502725852,0.65842986756150368,0.7708036668986411,0.7405347384054336,0.76773954225491281,0.80219947062603192,0.72456063444029239,0.66706081208300039,0.77411029468671833,0.80703844309231665,0.77245975629640384,0.78682941163205466,0.7967617778572943,0.90782972888954094
0.72889473130781512,0.75944941926710829,0.85671449428402535,0.8379850133569664,0.8440421781538705,0.84227796367979801,0.88832732858599328,0.8493351991367265,0.87855333161346405,0.7802049149751803,0.72815743254892773,0.69285760224221749,0.77028273265083891,0.76664601587232095,0.76788710596970677,0.77775024118084657,0.83145041012867338,0.61423099618774468,0.59024400968511759,0.76495353535947053,0.80359555287983764,0.74027648896998843,0.80068418901294558,0.73092725871946573,0.89767449238182884
0.74157888553189422,0.73226720118885436,0.85877903492382757,0.88263032464926017,0.80470644739398833,0.80822090466421426,0.90711147305912199,0.84726397301572209,0.90967825387985146,0.77482322473391063,0.86323823871857563,0.70320238764264154,0.71497366873925616,0.75375997962849317,0.73752350997314697,0.75613631121484004,0.84032019978985617,0.82686020859603071,0.89847581939633137,0.73247084477090318,0.85064395858922448,0.76840804812087549,0.78203761936063043,0.81848849363129361,0.90655617432338587
0.77876490855996516,0.71383605618521184,0.85770486781929167,0.86493783048953476,0.82838725931053758,0.85091064858724863,0.91396035787960672,0.86621679819220088,0.84220857364845225,0.8196947542430435,0.87308172774408677,0.62127769963650925,0.79203443482019842,0.77772188594600933,0.6292599418965853,0.77325165244569316,0.85300608112861398,0.83084185692664503,0.94542907899942208,0.84460270225868805,0.78586456061630572,0.74961772697073614,0.8184301971157415,0.76136238333659556,0.87798060258153876
0.77750247489501323,0.7973716550935227,0.86225485093940324,0.87355544075892255,0.83380805128567437,0.83088431959665165,0.93806432165951259,0.85133777359374174,0.85464526611010783,0.78234316896929557,0.88134117075827656,0.60552438428736333,0.77324143915862809,0.75471581181813074,0.74725116585385976,0.77307469221101366,0.81020044512294698,0.82061697099422626,0.89630170024539746,0.79971156929450349,0.79939567872998984,0.70427858056313986,0.79360346938185178,0.78619417088729093,0.89926683973299693
0.77825786775547379,0.79669164877339083,0.85388666858360596,0.88779275125013757,0.83120095284346018,0.80615100601562262,0.9196754136919254,0.87447126092591787,0.85946528160513036,0.82190615106929632,0.89192418786371397,0.88807365608478617,0.76699621427407794,0.81117013169041741,0.76971136376097904,0.84011612289674809,0.78736575243558204,0.8362411543334225,0.93158199475242132,0.85334730741045717,0.77488537661092849,0.79727099792838518,0.80259774184380805,0.78181089292500505,0.89542368576107945
0.78235144874568341,0.78889778846863812,0.8651627222910746,0.87590093611043418,0.81622399733353368,0.82383230883677772,0.92240444376764996,0.86658499014675272,0.8701977053417087,0.81284868892254725,0.85649572588053213,0.86279659729993063,0.67365132327644228,0.80279423846759779,0.84771516902663091,0.83438066118559995,0.79324266575380775,0.8144314194587039,0.91102196610435526,0.77465161333066535,0.58829272849087955,0.80197575579672609,0.80677538059652643,0.78088179934208757,0.90029467954223397
0.71466722593961762,0.7631964290239126,0.86934397192943891,0.86320958630075129,0.83516122946083349,0.8414737468337472,0.9344539077901638,0.81586564314618171,0.86280626404638516,0.83350764837267455,0.87432419353884483,0.85473471528260059,0.760456371218317,0.78451266422078791,0.93777113204723661,0.83240681915032477,0.81088338920496728,0.84035755493607467,0.8715406595863695,0.72101954830310977,0.86797469247184222,0.77934763495123882,0.76955112932103431,0.84027730414498458,0.93195444506207314
0.70900427181149694,0.84660658577002768,0.86076832849292195,0.87519203158306491,0.82100151023179391,0.81398020422192496,0.93569572220672437,0.87072405354081639,0.91080891191524882,0.79275562591199911,0.85258631922298389,0.82408293936696053,0.85868716555238822,0.81238856596310682,0.89363176734237681,0.84218971410922139,0.79509413861932499,0.83964452092386432,0.93305216842371652,0.71763436659481106,0.90386835963688006,0.79895794295626166,0.86195151779379398,0.80367378874296846,0.92457563244199981
0.90906357238579438,0.84736708718412102,0.8518613933849235,0.85488771124252949,0.82539743600478244,0.83291276316321738,0.93659638588392224,0.85831391008936331,0.83010694736397228,0.5907873473911982,0.87146121362476925,0.8507499944469219,0.87372741860504954,0.84821354816027195,0.91348429994577252,0.77488783154835339,0.88131712843690546,0.82293926714950461,0.94365980467413535,0.65325777503377425,0.88437195112797484,0.76965050309384164,0.87070359287775501,0.80410768886920037,0.87556575543517523
0.92285239698179222,0.84648260319059399,0.84813516989424131,0.85179766430365811,0.79801326426200836,0.8196902327207003,0.93553464691342958,0.8213472547267564,0.87483196034222011,0.7553976207271248,0.83857640799963895,0.89953734493433546,0.87068354474819343,0.79207845195811488,0.91977860553926127,0.59304032419022135,0.89419402529510317,0.8434069650012701,0.9037920109394989,0.64276312864912888,0.9127126629923733,0.82792567228409919,0.88656934779045049,0.78642648980259322,0.87862546100528482
0.8891885095471278,0.84967150618713549,0.85434718873273519,0.84693252965641319,0.84067114624252892,0.8402868125844104,0.94229538133662305,0.82104025715534823,0.87403668265761114,0.75661891789602143,0.87328283236900017,0.85740356902710979,0.82020316299577867,0.77729204147940179,0.84474528127216564,0.74703035171986754,0.85576230799004438,0.83913287358447985,0.87767359140252477,0.68303911815846863,0.90706853659785613,0.84777371868642259,0.87332847833290173,0.81132816274983022,0.90614554604085396
0.89697969771485764,0.85222101137795592,0.85395597876879559,0.83780318228325579,0.82638427082118759,0.79838530199087698,0.92373080328599855,0.81323448041446622,0.89290362939566181,0.65217383869040602,0.86501662949181823,0.89796367245345843,0.83218770272406861,0.79337785004800387,0.84483783891892683,0.71430518297983603,0.87873426847853819,0.84742176488064191,0.94290139313340238,0.89248861964096804,0.93482888752147397,0.82744309720093856,0.89765067955029021,0.71528207404826916,0.90828489772215626
0.90097970324727494,0.84249616759143209,0.86704002458218365,0.85716085417450716,0.79385869766610573,0.90138046751600087,0.92207237011457677,0.8344644947233506,0.85894398532084426,0.85275555195955299,0.84679049441751775,0.85469298846880626,0.8692720188467451,0.84940905894101226,0.92420543075392259,0.6371706247078287,0.87807410726296753,0.84520295536182,0.8783367113385433,0.86370835436300308,0.92603196816605815,0.77563374991887635,0.83443693866058632,0.82444869438147317,0.90923090615631974
0.9122553360540594,0.83338748029769549,0.82954792501750008,0.83912035075503089,0.86055533415794971,0.90566589231073391,0.92874469697983075,0.84891375866589813,0.88074964326770044,0.77229830575844149,0.85933957285538254,0.91385729630482648,0.8776738945076672,0.85612814833207251,0.89537638604796133,0.82863884919323072,0.88883631793635487,0.81978033790037796,0.91610048163062907,0.8732880766573301,0.87898894309989117,0.71158942350688603,0.74939116691286201,0.78277963826395558,0.89773743390523486
0.90655095628446825,0.84105923204546829,0.86330838996558323,0.88094898014472012,0.88048564830289555,0.89407989277952038,0.94417746210115538,0.85791377194654006,0.84181064508485681,0.81610072476666562,0.86988706493586887,0.87447825100852927,0.84989967894318508,0.88630682886512524,0.8842755738927387,0.83181890736100472,0.87599435524129154,0.92454644682034626,0.90111355389115788,0.88077494938776602,0.89741654257998771,0.77907744669187484,0.79924820930720264,0.79925843969379384,0.8797288717042322
0.89257208671021337,0.81965831581505877,0.8832831273465922,0.84546645255516484,0.90737144815186499,0.94213479651503418,0.88900622008165364,0.83040365869641075,0.84519541485126015,0.8392521173144043,0.89615901281100774,0.84328216136082046,0.79858871096204276,0.8769680159820733,0.92351345431217835,0.88649556506439453,0.88329746517303098,0.9223838068129131,0.92084274935292565,0.88552455502328065,0.89024099937178147,0.79163696022116714,0.7321954436936029,0.60364726783755074,0.91433507822565419
0.89983241886148035,0.82168045156252623,0.83233828311992231,0.860260734046007,0.90379102322661131,0.89328463051666551,0.91099692534336429,0.85948366218017969,0.85599798288376894,0.80802453349658854,0.86711088804607062,0.87102362436222613,0.65774955817434477,0.87841614718170591,0.86494818116312522,0.87883942992309594,0.87763133422457229,0.94961283534869145,0.93053030952643379,0.89279513210842787,0.90960515467165215,0.76402572134574209,0.92671102296430907,0.81491233265008445,0.90869012793781534
0.8720742120721392,0.8555750151729925,0.86869787422924238,0.85930599173527678,0.90925619024700766,0.96288928456791223,0.92957106372595533,0.86522322147662389,0.85636409807833147,0.81470506263560605,0.89370784604933795,0.82692072656050297,0.83341991862023401,0.87357739333025253,0.9346758120772205,0.8807314038291344,0.86258632643161204,0.93147757178944646,0.92075544715639124,0.85340679461892854,0.88887705054794153,0.71451496735138453,0.94807573116320876,0.89455227448203034,0.91972822274495225
0.91142735631111205,0.82078589917147171,0.87875717902534289,0.84338874429614263,0.87436900146010121,0.87934559031404014,0.93917072347371733,0.83676632534324658,0.85746178572161535,0.90211037039341224,0.86099671687882195,0.78524061354398067,0.81246060530386455,0.85224584864328334,0.90697962424014811,0.89843238573418771,0.86706247662175207,0.93242128318075246,0.91042771175234494,0.81993992596748333,0.9458373914447995,0.82042058178798438,0.92158935119933083,0.80981346370668927,0.903439820621462
0.85909199196222552,0.82364679921908479,0.84903586111028728,0.89148711181106433,0.92474782014647816,0.88899765297886313,0.92319621729226731,0.87558533353164181,0.84650547831160516,0.94126332338147611,0.88094728116138377,0.68616231870826738,0.81137063137936338,0.90536717950113044,0.92178670858794642,0.92759305781857082,0.91240171113020097,0.93074282396702412,0.87838078431845601,0.77325745435849635,0.9172805425527244,0.7800821193766817,0.94206112394604591,0.87445220213385344,0.89402149273860465
0.91510150487493302,0.61273587068122981,0.85944550214803839,0.84563084948411205,0.90357024698343136,0.89063947549113487,0.93346388208851994,0.86364163566897612,0.84315349061627676,0.86560257946548225,0.83365252015448654,0.75537752374785438,0.73682083294064926,0.86473755372877814,0.88592562093295779,0.90297103007029944,0.88331917435334695,0.90902511428433896,0.85254037206671662,0.81431018827345536,0.88479943498128111,0.79150478742713315,0.92900588207526136,0.87654046484967241,0.88902812692952626
0.89474897057747182,0.72726631351956106,0.85081257976539559,0.8538808566777315,0.89074506603578729,0.9352801276491497,0.90667431705378421,0.86302690559595574,0.86196704924044687,0.90083919233803622,0.88105333380881556,0.66093147956953213,0.7085041305721389,0.85845071556532193,0.88204199020028784,0.86579255079453199,0.89543996339499332,0.91350042245201246,0.89497624753134308,0.83526875024869784,0.89027325703058624,0.7454286098783639,0.9613323187985916,0.86257732618930094,0.91735534055341528
0.89226947434550496,0.83038289564384571,0.83749257078592776,0.87355692991562206,0.91750539388591756,0.89084848718984821,0.90608679484484689,0.86911815395517977,0.87285763533561078,0.89496250425723423,0.87807961896214171,0.7914772727078111,0.85834673965131392,0.86052414280745504,0.91802042961692931,0.87911250015345466,0.92038575603176043,0.90864413066296279,0.88630222527441482,0.78017595578450738,0.88517078658866566,0.76606877442908206,0.97303993596419869,0.85944631033080143,0.91598103175755607
0.90631831742664393,0.9019156132262629,0.8431097004794913,0.86485754379700186,0.89582967717282835,0.90901845636824985,0.92031472249747892,0.82385225683477215,0.87055924050758404,0.89621189400608892,0.86979318548553997,0.77851536033268676,0.82102905480246224,0.90656957535830718,0.91641889388113207,0.90578525173348889,0.9095563532725468,0.95246207508791836,0.88388188022664227,0.87911801065277118,0.91742811071838004,0.86845251563167813,0.92965882153406276,0.80740147198737577,0.92876302316062043
0.89423951122823497,0.92326953414310808,0.89870659950350629,0.88120773412466114,0.89129397011039979,0.90296335224319879,0.93081471209304989,0.88523579041004352,0.87513513916583296,0.91191019588018185,0.84837066833207786,0.81155097739527926,0.70717017933293547,0.88121962537160847,0.89810073177562999,0.89704147595568529,0.85844789872737504,0.90673817247807187,0.90901934272106122,0.88703102714469551,0.86675038199501009,0.83620842653532845,0.92184234830815048,0.79238455257618368,0.8924113549988516
0.88069514834793627,0.87384698692278207,0.87329486860948502,0.8774224855440631,0.88077746682111024,0.88548491714491062,0.94251986930021858,0.93076364950958146,0.86905014919418067,0.94415025425341959,0.78467991719272312,0.77393699320385134,0.84008063442696135,0.90333207830861351,0.89734792452279022,0.89866468578579761,0.85179535861802158,0.93476708919322715,0.92393856907689231,0.88595527349069303,0.92932257907932392,0.71333466305475757,0.95680670216423813,0.68417329135740534,0.91994716620144523
0.88143492626709918,0.85429829268037016,0.84863244543217531,0.85617265517397534,0.88608212733898384,0.93220697281803022,0.92902231610624431,0.89269712340847973,0.88887024461968478,0.93569922214944423,0.75472897482757595,0.90251214982209793,0.76907439418692958,0.863809097807409,0.93419584821195312,0.92314533887645023,0.90562131351813413,0.93492405135175249,0.90957989947717222,0.86389362038852524,0.88771822728973937,0.79875619476928605,0.94180184166902248,0.86211617311773403,0.90632419452261836
0.85910667832125087,0.93133137459050241,0.85748547392152252,0.86869988786877617,0.8868679519132362,0.9347456771141337,0.92048401484819165,0.88514661209923351,0.89358840744070522,0.92081823534840257,0.68720188139986149,0.90717812280845422,0.83974666287735422,0.85543288859836064,0.86608460124198738,0.90148730698928548,0.90140689412752906,0.9130260565116427,0.87726307417250327,0.88195574465862892,0.87063735631004036,0.55814728383340562,0.91642634064544848,0.83211464805377178,0.88506215246767517
0.88719033950885851,0.89196852803091886,0.82503986436577503,0.87543462011104389,0.90726060606012371,0.92886194313218362,0.9229333214979123,0.93057396138822346,0.89315486117765397,0.86960096328457315,0.86483471667897083,0.88828026851966158,0.84451042754042005,0.84748207835550826,0.92226422617815018,0.91915448180731429,0.8976418732292859,0.9495539625198367,0.92320569528626284,0.90122292377450386,0.90066308796512129,0.88125608351985663,0.91368500862411528,0.81821696028603963,0.91284601295157586
0.88043339906100504,0.9370133446378176,0.85356280433130949,0.86961849117393963,0.8735004882252615,0.88979919446480205,0.93284936427866683,0.90538701191658466,0.85095493047295423,0.89624718503763356,0.74296420287378118,0.900385480385549,0.69493327793470638,0.91103882261213076,0.93059544806585903,0.88713104820455035,0.88216442214600288,0.92274521933168308,0.94070999428155888,0.86088473951524402,0.92442880712624675,0.92218099553182942,0.91357372984009022,0.89579616608240276,0.93759669338476292
0.90127758101153677,0.98496946546703312,0.81187793268446795,0.84352306339542471,0.88018478586692728,0.90785887888518979,0.93200567437592396,0.88467356166616984,0.7532727430241013,0.92509541409029039,0.83658462746131812,0.87602421744463732,0.79415792351807757,0.79714592624424951,0.87710907533935689,0.89174444906885553,0.87486182907619747,0.90384588455363435,0.89305244180860355,0.88215159576569691,0.90303387426332726,0.8925724102382091,0.93731972477913761,0.92938672220863527,0.9027761717880679
0.94339176579792727,1.0039199332205695,0.57679972064668128,0.86510143929561667,0.84055923378213504,0.87473728319623434,0.9319083392331633,0.89367185669532834,0.79483142902621207,0.90772877883721881,0.98502183244618458,0.85179222396831034,0.84394785025920316,0.83762095867658748,0.89476831751504149,0.84019396877622132,0.86289467653376051,0.94242684704332158,0.88647453094462303,0.96153620699662623,0.86521300289665415,0.92725680605505811,0.93725776619769852,0.97264906093299186,0.88394187973345861
0.92756098473411863,0.98187656965860548,0.81594472382653871,0.86414159314183459,0.58524544473078266,0.96961484777647111,0.9247347982655576,0.90588749338983832,0.91492122227048855,0.89464708382100089,0.88081058600293971,0.85271961527930351,0.8222909343713154,0.77958091076441527,0.85272899187759554,0.70088395639723966,0.90757335297800967,0.90381544934667157,0.91053901072854504,0.86902539671074963,0.86146863364807513,0.93041281187197611,0.93368917536271301,0.92119143189379193,0.91295480259621042
0.90236124354570013,0.9819109061422101,0.71121022944103462,0.87307500095099544,0.7562281765825648,0.95123092966942824,0.93270182259022594,0.91524458335261871,0.92442574466668193,0.90261257018355945,0.86678100031468452,0.89975996381367151,0.77732946753676546,0.78750776518511356,0.91145336018947953,0.80068151714877145,0.89096911795976863,0.93009088955835684,0.92134338934038995,0.89117913906216784,0.89185423309073242,0.8831760670690384,0.90479616645735084,0.92978026349780596,0.91940728129340155
0.86823605839146656,0.9378667585513345,0.82462505025477795,0.86443755691247803,0.8918743566675974,0.88793975137815884,0.90981551276556483,0.9092605696701157,0.93508779792905816,0.89341822967983098,0.94476421679581502,0.93420260400692712,0.96788573974842884,0.72670307603721651,0.86489470897353182,0.75658930184816053,0.90236911928734131,0.96292014145001514,0.89145316660474339,0.89250849402877486,0.89608259680947888,0.91194929548182835,0.94244005219365556,0.91652140800504256,0.90392261040176547
0.86710355491099544,0.98589741335127978,0.75824707384162104,0.88907183610959617,0.89641800942580896,0.9344694301441403,0.92325556090054839,0.937837558801771,0.88712206479515543,0.92490920271906918,0.86719537600669305,0.90191340983282287,0.9216216346089543,0.68239034491923756,0.83152113057276889,0.89242946372240572,0.88655561657760296,0.93180017151275563,0.82213911013549423,0.93747506483832721,0.92447658660917409,0.91581889487530443,0.94783493523762763,0.94907195373937492,0.91147403287943762
0.88691192579920919,0.9859003317018884,0.7713436271528441,0.90466273879934089,0.94596379402642605,0.9435742385055772,0.90441689476441256,0.90058677157264966,0.93517035780936619,0.87248887336386094,0.87727326382065152,0.88715063273312877,0.93106585490841309,0.78746133288746389,0.82057899125153155,0.85957443436209802,0.88213825077981556,0.90846754749359437,0.75560680841474437,0.89950924165074719,0.86396849984113677,0.94123514570289901,0.91014004920741332,0.87240701335490156,0.90169075660555498
0.88846890477633389,0.93189167668872397,0.85251628606305563,0.87869321788984456,0.93343739105950896,0.9107395679170488,0.9330333849759278,0.92492156462875641,0.9081422048208857,0.91557623003441113,0.93638011130595322,0.84747907539275313,0.89121951187609305,0.74492289866298167,0.86642543231961899,0.7305608605580044,0.90566001781642691,0.94533277763965451,0.94660919891418172,0.89726135310461186,0.87568020844155503,0.9580775323552243,0.96171889971626823,0.96158482237244147,0.90981331063484427
0.88879257582556681,0.96664231963697944,0.89575908474996213,0.85833707824088545,0.9399997572889478,0.92847898704424425,0.95910298088067814,0.91642782466349981,0.91535023603449217,0.9058788324013346,0.94130998330981264,0.92231906423023613,0.94618549407087971,0.81739226864681191,0.8535142175707563,0.63913460962463287,0.8899072975789416,0.95486368384253817,0.90328276870198831,0.93363674375700711,0.83706965543314849,0.8868926831446815,0.93027275549191946,0.94303700470594698,0.9096959615060497
0.89136520777087425,0.95972107798818429,0.87688303334699802,0.75041202636248205,0.92473946479092017,0.88915931303014528,0.93704276685453458,0.91419951241736008,0.89378206581334207,0.894320752264118,0.9035206236919624,0.91457508472264548,0.9633239974843828,0.93685398782181306,0.81865705824279722,0.79111238587180766,0.90141480014398123,0.93413404780807718,0.9549832043575015,0.90813605930694197,0.70999996728961312,0.91352224856238351,0.96157598242590403,0.90540133627569175,0.9210161551143965
0.86746269886542049,0.92504767607536476,0.77618669048229272,0.74693066234200234,0.92993022917206958,0.94011353995302249,0.91236126372251547,0.8927349404567152,0.9213004094522258,0.88221112699421234,0.82909650554476189,0.85667649171958504,0.93756690432327328,0.92344092096409636,0.83958608871598261,0.73796983167825048,0.89373627006798684,0.92424118033941649,0.94477313127964513,0.9229755216140143,0.91460341020344582,0.90259357125679218,0.94597784994033662,0.92481515883767962,0.90127167776884543
0.88801570876231206,0.98397525234072725,0.81812615510322229,0.79387861666537807,0.90338731691121588,0.9246479869799491,0.92988053690365835,0.90997488859436859,0.92569473291694326,0.92305397385141263,0.8333328694960952,0.8902817798056053,0.88300879530798537,0.90853029884265735,0.76355288090169038,0.97484114856266624,0.90781723777857271,0.91651391551540018,0.88991304919865255,0.92851822670978057,0.88545004825152018,0.88715541038441037,0.94289394310437236,0.94432016357849391,0.89910949663596251
0.87304571635022687,0.95295848265514449,0.91083146114550295,0.7832512636235861,0.92373599736070733,0.90194735816708349,0.92777018718983606,0.9116804402647114,0.92282150825974263,0.8672853899814511,0.88163713293043444,0.9439620380914191,0.81152650021575035,0.94650106380468957,0.65998580383625827,0.95206732587927079,0.90829828271315638,0.9410089402130003,0.90117349448324524,0.92250089587922501,0.93462749884468754,0.90023326180380525,0.91664177110743272,0.91718045850123187,0.91054188759110299
0.81205913322173195,0.95350569100379112,0.84596316284237161,0.8737267453081653,0.92621634700073507,0.90935530807922238,0.90264701672126901,0.92047366439581357,0.92727749979096774,0.73977228584447985,0.82804952641058205,0.86993147790964087,0.74655027685013198,0.92023860642258482,0.96084937302363282,0.94412152451732412,0.95551251563187878,0.91527833521276614,0.91650551627616639,0.92468092664474921,0.95440758703250439,0.92736678489002411,0.96738054293850184,0.9148879961478058,0.89499407663027986
0.84850199969132178,0.93473217890874438,0.78723069984871508,0.89152962413675851,0.93240443931343242,0.9027469883954341,0.92912148418679152,0.92024945858548857,0.89577126808505048,0.94852833323641961,0.76051100494020096,0.88789418430669143,0.86191700883596523,0.92194356328245253,0.98158208260352209,0.92101994132495446,0.87593322930065587,0.9008474170349926,0.89049438762880928,0.91765813378734562,0.93973057744944688,0.92900779471429029,0.91900504386115289,0.93107228583528334,0.91877954640557957
0.93033028472752888,0.93657118862979771,0.8668972298933566,0.93244209797551691,0.90801433584576696,0.89844899465196615,0.91910508696673276,0.91162839045056565,0.92054785407135309,0.88420505599182209,0.93356020872407708,0.95963110600779167,0.85958034260970406,0.91694796431517533,0.95158355013307938,0.95338975134266513,0.88532288206578025,0.94687354171986127,0.91149864321505703,0.93531463954052929,0.89873605286440805,0.89369573653848855,0.95665964875930021,0.91499488485475255,0.89902191767458473
0.93296127346295099,0.97263076671465609,0.86489045590540781,0.85413966505774874,0.92431459818312012,0.90525262622816705,0.90829864668361593,0.91015911448752218,0.89294237678541111,0.94293903013193225,0.90898888133720224,0.88639462753118292,0.70821934679221321,0.90937236482699702,1.0140977756029188,0.95261661016999,0.73870139607863294,0.94715134773286314,0.91827844897607414,0.90738872459045183,0.91916428832191666,0.8567474465601812,0.94553529555132332,0.94625932677354707,0.90858758742808798
0.94395145437518002,0.95897037263408103,0.70174040824969219,0.87964836165861704,0.93957398396875391,0.89600979967111127,0.92510237323264877,0.9172800075513855,0.92238149218399668,0.96140029515547032,0.85773956362817727,0.8783194613666967,0.62592438025483677,0.91846366072487429,0.96524239580736571,0.94768055914566918,0.81634893781749862,0.92405355214057427,0.93631211986623053,0.91721913027825586,0.8942808903549081,0.85772129466524305,0.89582890099909407,0.92315212874527164,0.92354909020100329
0.93838057904656713,0.96955606707612096,0.93175693292440154,0.8918759651283007,0.9015985536237664,0.92844497857696651,0.93066974916362577,0.93708992765078147,0.87772998683322057,0.88980104140464544,0.93235570005060309,0.88098670169441429,0.81973350663352029,0.89934301681552498,0.93453658219601055,0.93244254272721705,0.8000962258868044,0.90725980162297726,0.88003105533872039,0.91870969398749169,0.91727831530283099,0.82097603914529427,0.97678386328585376,0.91825121365096629,0.93152566243423696
0.94444532603285103,0.98974734739722803,0.90914773086113709,0.85992019892662497,0.90364866494712615,0.90454247463166959,0.93798836280539266,0.89469760215023009,0.88317965196163439,0.95448528761967,0.94760109174273865,0.87799032445791636,0.94837653869456862,0.89399244611998563,0.94493882173595833,0.97479846786320923,0.83565624948840656,0.93686196902701935,0.79692409072280679,0.89802699750779236,0.88628284187004547,0.88208718860483537,0.95134283730544167,0.94549229557541969,0.87993244758777767
0.92279901380130525,0.95811152050908788,0.87936592120841017,0.87167565111642786,0.9204015419692626,0.95711744679129473,0.92015080854934739,0.91428675562426232,0.9328433093550228,0.90632168359184284,0.94165684729019794,0.76070540590104985,0.94833230047002437,0.9024695119581948,1.012254178689548,0.9215402757156288,0.76970536094687991,0.91585737395184841,0.87816845386982922,0.89164865350146338,0.93602033990197142,0.88155556358035381,0.91855963064465573,0.94623317684972053,0.88007377582603563
0.91923709063052972,0.96347115640911252,0.68881506297342077,0.7920275409958738,0.93160316530925769,0.91692148446006616,0.93424758283967368,0.89868757354372863,0.89039918899426596,0.91531216319063746,0.95437012259041254,0.7510586162540086,0.89719832337058458,0.88262575097161311,0.963275908082734,0.94701654941907909,0.87390265033272463,0.91099547667413661,0.86909651735996463,0.90275531458243707,0.87242647735302226,0.89517363817283513,0.94228357965456055,0.94871296985908371,0.88434410388888685
0.97559968060892344,0.96880676708870272,0.94382755540970231,0.78349512487650597,0.90301415261112872,0.89694527260859624,0.92580420994860546,0.89473464064745023,0.92164869097954127,0.90537910737140015,0.92402272420243692,0.91746605457592934,0.93618421516261408,0.91242678452232251,1.0151462926378374,0.93610785090947279,0.88614734083539337,0.94276205074569774,0.81524510452396415,0.90061266426610265,0.93831782838608557,0.87186783277980395,0.94814249380652638,0.92409042953070886,0.89941645076631127
0.92311692868104511,0.9764595299220542,0.91759651161133282,0.9075142170206022,0.91681189340177627,0.91438934258942384,0.91087200059781648,0.85752598480663866,0.85344034686270065,0.92735425820353734,0.92157076628342849,0.93773066598945753,0.96895835589672186,0.89823234229090254,0.96049283201527846,0.92846927627505493,0.88804459259310387,0.94676398095773073,0.87130185650820235,0.8592341084639723,0.96420217723062707,0.9320051766383618,0.90268752631497939,0.93744343835467869,0.86819174898641749
0.90865971223712794,0.97808404057611509,0.95200519098574832,0.90431900049349601,0.95020072092977881,0.90690835698520578,0.93217801142461509,0.92785264873499107,0.9092377184670577,0.91953618056444952,0.93074045848631648,0.97379094264464927,0.94144988266214602,0.91732443680827003,0.94140330423273177,0.92318158970811248,0.92773856367666163,0.93703061261781939,0.76093040104327814,0.89191776411818013,0.91782497995685774,0.94535142749241574,0.90433681250964548,0.93889793744127692,0.95338245238051156
0.93810273603071292,0.96297226842219374,0.95031698486116067,0.9603116558988094,0.90484726356467227,0.92131450070058107,0.90772807414742507,0.94723443793187878,0.96407586699937675,0.9349358094015312,0.90460736428284183,0.9785631444885361,0.94146708270854629,0.88730859714164623,0.95406067499446778,0.91445798827346181,0.97480220764550474,0.93135828956446409,0.83755822998576412,0.91351280097459486,0.94458118506277788,0.92309806999092914,0.98577622129587006,0.94186065238057526,0.93782765284286196
0.91133224005755764,0.97772863803699628,0.95031092341979717,0.93313007748237553,0.91714973241972886,0.96083176702523843,0.8371729983950017,0.8991816472175036,0.97744265811122089,0.88838548363015224,0.88103112583733978,0.94307202274923951,0.94589762868916982,0.88960724589382822,0.94044242838489711,0.9223354846606231,0.91794723492894148,0.93449754932344198,0.95419982805290671,0.9634732182055763,0.9388108679327567,0.94334428382278257,0.94645100983705743,0.92650695205549982,0.93625630403253002
0.92611027772853893,0.9618607531782799,0.92019629831494121,0.95271896336490769,0.94277175188931428,0.93028138086603729,0.92176270831439944,0.93550580394987715,0.93767625190298987,0.86244691374127058,0.95510279606311843,0.95848003005498583,0.92485391770612624,0.88941833727216191,0.8566361273588734,0.91293190845528172,0.88546725371976998,0.90525457535315379,0.88296890218255397,0.92818803786748361,0.95189151523876592,0.92886695949436004,0.93906506599221728,0.93183005701705623,0.94482672585155247
0.91019299872204573,0.94083084180489152,0.92129035788590408,0.98350748568461244,0.98216438360513403,0.9507660545764236,0.85341431587426864,0.90942374916183477,0.9511544737271882,0.93689274668139522,0.94425538555084831,0.94911315405509844,0.94953002608703763,0.90416308123696632,0.91728907588427822,0.94819921462031775,0.92786375715429059,0.93346180115774369,0.96644685401219221,0.92614563758644453,0.96395976294202479,0.87088271805409978,0.94346196233877577,0.90770004977006136,0.91688412032576583
0.9540869989696571,0.89114868952548754,0.95860064523417554,0.97099063131665964,0.94185488690278352,0.95164341165466715,0.89095909831523679,0.87095966642493938,0.97170871697260552,0.93181152782667387,0.96821172824625656,0.96894095662940738,0.95265806087417992,0.96752040593184285,0.9484087184222737,0.97032369787273853,0.9413783947870642,0.9378423995939581,0.94486074330837844,0.95147192499791999,0.95962549555469667,0.86693081277829109,0.97940630163992937,0.90101308110641931,0.94672182325824106
0.94372788642882055,0.9366088858334638,0.89262770964849869,0.96561813185229739,0.9693748952404454,0.93351516214163222,0.96839573840279103,0.97856455467167458,0.96098464919441462,0.93262261163831583,0.9275084462371056,0.97880117181383208,0.93088910219395271,0.96898538196362327,0.91819616131167503,0.97094396776528791,0.9466666722492838,0.93839242009664803,0.9462468329608078,0.92044950901028555,0.94042688833648969,0.9041476810207959,0.95811671424787093,0.902966480916637,0.99497277991348221
0.93832909033254752,0.93211505776943893,0.97489893101201552,0.9530510773430817,0.92452954996615222,0.97051283815556921,0.92197790500011156,0.92812374885162607,0.95845755847839109,0.94378212056594768,0.96484416720371569,0.9450036468275349,0.92270365824095324,0.92936350907019738,0.96131917777595577,0.97587985570508196,0.92395846540590953,0.93493793824568305,0.94233592467285021,0.95841139185106516,0.96162671457508309,0.80627637652563411,0.90894429673677946,0.91084527369808332,0.9432418814384147
0.93661214134752657,0.90351247281811142,0.96636168975500292,1.0000554601378882,0.96180689388800322,0.91425534461638303,0.81685019281290838,0.96406647626604824,0.93613896291716914,0.92253862985442936,0.97443416787167803,0.9190498036574174,0.8970360134541755,0.93743102140494816,0.93861481221970267,0.95320712717565825,0.90630420627857611,0.94937636490114929,0.97516487513515715,0.94347367232179469,0.96792740089119134,0.86322384371235572,0.88343858311377255,0.94018580044400368,0.93512047904960161
0.92962851941000135,0.87677051379936088,0.94360484880428119,0.96351392732865515,0.96209884572565574,0.96821644309683752,0.89441511120628514,0.96950417123297805,0.94867924220453725,0.94919632088210049,0.95222431071714808,0.90676273037042154,0.8646544355423712,0.95865147167836151,0.93201887039185149,0.92925536901706551,0.89260410126910994,0.91766262227723039,0.95087427898739341,0.97019679797261815,0.93691566649946489,1.007333653883242,0.8699879846749341,0.94959541779149081,0.90786174324109203
0.95359891840658395,0.9061884552612528,0.93049930913610679,0.95729867346605368,0.95379320179685456,0.91279721685487214,0.97984274241152092,0.95003871835774367,0.90959726639843674,0.90785213355186423,0.93315534917918341,0.9199628431121335,0.94747306631399408,0.96183616551730089,0.93806264956164043,0.95258555632209574,0.8462725790673149,0.92212454873089489,0.97354604423403213,0.94084840988300089,0.94124719835734272,0.99235981813764851,0.91805684265663134,0.90621222623646891,0.93856669358178169
0.95687788029571874,0.90824009887123069,0.9310628917538426,0.95923583501940035,0.97880711251498953,0.94178415103748303,0.92691742270568422,0.96537470394682157,0.96199486244614663,0.91636905148027703,0.91911972185977553,0.96546327782399777,0.92268653257006872,0.94490579278567088,0.97901933541922914,0.90615823664330786,0.9054824617017625,0.9454384672676478,0.95724856028466998,0.94352312895014945,0.96732907683286862,0.96453165299964727,0.91427514479513861,0.86379048982246986,0.99528275576025138
0.93647414400581674,0.96993673595976304,0.96475250855559236,0.9317992281897568,0.95149884086474679,0.95321237822198579,0.95800213423892011,0.93606381735767796,0.9669736356725529,0.93680210314432,0.9437071985920038,0.96882588803010761,0.92458938426638393,0.95342526037174069,0.91330784434875945,0.97095437162886289,0.7464793274524999,0.91931897588393918,0.96338614700752156,0.94403713233797948,0.96423217975697917,0.95273221380205886,0.87497270594307586,0.89419695493955742,0.97593876885337927
0.93412129932787336,0.95479186552892381,0.96562504375901981,0.95024657211040242,0.91966604683729636,0.95939115902586192,0.9496505698491462,0.97582601485348863,0.9535116202221624,0.93797219951984601,0.94136153398972899,0.93849723123767226,0.91217595141095043,0.95459707622447565,0.89961985468611838,0.98146049499748322,0.8976477321365065,0.9032016231088118,0.93388531741649239,0.96253871529984636,0.94001517448532135,0.97858344599929681,0.9575659894383185,0.94115430929532318,0.96658241048786631
0.93469905755276605,0.92319652110833184,0.95804762340319449,0.96939091437781177,1.0115382040560499,0.95358814116645041,0.93225746026823986,0.95437438479816028,0.95724760446358992,0.9406483893311679,0.94912541958419949,0.95293977559310727,0.96187814473176014,0.96167593649252647,0.88209852684186363,0.94796259120484916,0.89999714551241783,0.95605990316936007,0.95697805755712306,0.92801827029025952,0.97885002228021933,0.99863977161711537,0.95077164700732597,0.90464866430782354,0.87255707006231631
0.95023531238785763,0.94563177280728061,0.95902333674763707,0.95107972484959957,0.99257869355971051,0.93368730584838433,0.95697053564111523,0.97825040575729527,0.91595130109965817,0.91983314360993917,0.94282493183580185,0.94045007915420398,0.96021890077830818,0.94991866914981793,0.870742820878876,0.9451452119369298,0.89510606854603547,0.94841683765645912,0.94078158967935455,0.98136537371526111,0.96067564728546317,0.93728028047820289,0.95170693052465216,0.90559753445491886,0.80121880583801985
0.91544095120107183,0.94927719201222749,0.93179608184072493,0.95766532572955343,0.97051487264989234,0.9053519867913542,0.9526525199783431,0.93109893401412047,0.8844118345922326,0.94478451003163888,0.94578157782435757,0.9707811084688146,0.92801500946371018,0.93836273305814288,0.89401258803997552,1.0029497595704164,0.89723371653604833,0.95382148524102928,0.91613278309026891,0.95080098010083991,0.95172836608842293,0.99677989194481176,0.96934317866057429,0.98556863755503832,0.9354683665569028
0.93316548346516115,0.9539181395408256,0.94212997717612712,0.9754871374591001,0.96511716768089506,0.94196305870918329,0.93376725056034671,0.97056044576718159,0.91769399225132775,0.96429291259814176,0.92505785494634751,0.94624251112012914,0.96356059921240134,0.94400751545830064,0.86261007057648087,0.91132516689598497,0.91403125211644776,0.92257290111556944,0.91431277705879721,0.95745810232862594,0.98583663469621896,1.0135197210379223,0.97390302300914733,0.96660143405860111,0.9184339862174522
0.90514480852738066,0.93960998048360456,0.96869837735996001,0.95793905275053881,0.97876034386975641,0.94173580502748144,0.97258473963915815,0.94780156124153503,0.92779298029849555,0.94314370727110819,0.92624623608764234,0.95507060646907149,0.95937152691576622,0.94945040164312888,0.92535931000335436,0.89549775485281413,0.92310421603162174,0.96051835576861544,0.95267969243636774,0.95790490791144023,0.93513359518027472,0.94568908735118107,0.95438098620051204,0.98480159972141901,0.93719229346538457
0.95840285631733624,0.92368547545122082,0.95557483873430116,0.95190074887067733,1.0225225408980734,0.91754785787549109,0.94438552124621356,0.9459185318781077,0.91996560499307112,0.93492362481669966,0.94018942115699755,0.91841020605852819,0.97094303158123685,0.94888739881768058,0.99888266641145784,0.93706460001316927,0.89071121440616041,0.93698743412713392,0.98930066109450854,0.98355833391496861,0.93244920850301094,0.96320333432788507,0.94643212726905335,0.96084116735040881,0.89492501594187235
0.95795838991235371,0.94204471844416848,0.97672812522473729,0.96912074400945469,0.97480077900205331,0.92921947720875964,0.97805291795426585,0.96564215736787939,0.95833382236702047,0.95966904077870219,0.94848618169305698,0.91430620860044065,0.96673813679021325,0.93533700893837013,0.99715893745886408,0.95100958046928696,0.88393231595317867,0.9408196041928456,0.95902875939240295,0.95326583777682505,0.94230417977744685,0.97380818978302752,0.96624980999760723,0.96961123149268413,0.91023100830071946
0.94701092125304331,0.96056416515684429,0.94551092308258078,0.97087816550902994,0.93378669094750444,0.94036239092976204,0.93586627234049413,0.91247267369571938,0.94306361215099577,0.91887969095824973,0.93767567883238223,0.89474598710020548,0.9360415393503666,0.94293418163052545,0.95739972203409551,0.94816638363509465,0.90807964788556061,0.97124309818562937,0.95293488904611101,0.94176911233722249,0.9572076403418418,1.0325055168996224,0.96485517748973804,0.95647626101128846,0.96054822963189901
0.95667489208841405,0.92871589763494422,0.97927753655224103,0.98780156048696466,0.92715622769388673,0.99620425687882097,0.94101201137344226,0.9297829936255807,0.94525833499695511,0.87493308504878886,0.96615772302667413,0.9478780492100074,0.98463037468019832,0.9521273368580665,0.9770147241423196,0.93692889850626415,0.92641779310988537,0.95910081204131792,1.0231715710493692,0.95232156115573108,0.92778485657457122,0.97247387831978005,0.9421031110238749,0.96765057513861841,0.96061245554757313
0.9333077745043542,0.94179976951218636,0.9571279729866734,0.9415273989595454,0.9279953886942276,0.97687189070806779,0.97058550789035025,0.91797462670838348,0.9716939165645081,0.93994735190893519,0.94884552385977039,1.0030053837514594,0.97871720534674711,0.95724668107927746,1.0006663728603904,0.96470621200346107,0.95286252956908013,0.97693816966313696,0.99457738968132159,0.93493813611021004,0.92461326261345655,0.98680431145220437,0.96701181050187335,0.96782542841482333,0.94343806752767534
0.90689785334964401,0.95960308984690879,0.9911255755609647,0.96591533069326796,0.93271489074121405,0.97413461878536578,0.96787489196627263,0.95748989869801027,0.98032560235942612,0.90959685527540479,0.95984871783107584,0.95255889356952195,0.96037390854371762,0.93853012934923929,0.99954676730114311,0.94291420403199155,0.97760116365441807,0.94372045303754271,0.96474534841430815,0.94528735367975647,1.0016169255677541,1.0205780983095176,0.96591121400693658,0.97148952594438243,0.98431506602264229
0.95591893662401795,0.91507884922228311,0.95317516818268733,0.95422999582088019,0.97231436889866618,0.97415900742287587,0.93745832521314931,0.98158449447045493,0.97303800171194721,0.9799065185598167,0.98500579642031783,0.99919599040308205,0.97711824236285261,0.94964645921311852,0.93992892631636971,0.97024996768250282,0.95427724841040817,0.95392574509870276,0.95408494118601206,0.90202608414090646,0.97551921798983809,0.9715073876047976,0.94810014641137896,0.95716148137241885,0.96308292387518968
0.9477398724414593,0.96003179638939085,0.96516393243577703,0.93263825903534692,0.92260420418378586,0.92127546418776118,0.94692457273403718,0.96572937923054858,0.97392892692471256,0.93656890845369989,0.9284381484726334,0.97835699423154387,0.94917769234038174,0.9112640168027204,0.93226430268273175,0.96702544736807083,0.98529069204656838,0.96773010845281693,0.93849097579504426,0.94621935025278481,0.96433322614377526,0.98397347265299784,0.96927791689694076,0.96728999205247113,0.95936414820099414
0.93977203539793985,0.95729185287662832,0.95869706309270597,0.95900646509430809,0.98110991565227235,0.92761891318093725,0.97006627056545747,0.9799245472260768,0.97054588592031177,0.96829227322365863,0.91590973925699926,0.95014498637078471,0.95896763027919296,0.91148901386817083,0.95665035224453432,0.96558693072207491,0.96424520320513429,0.92913269189153491,0.97514946288221205,0.95834539461104351,0.94024813893770431,0.94752593079309,0.9097096173408491,0.95751897773426309,0.94193544165471865
0.93590587947243398,0.94061668632654316,0.96812217781684007,0.94163281125586484,0.97170976857678115,0.98801506809144968,0.92595216685002979,0.95440348374935813,0.95875299100685585,0.97193256203069234,0.96503391777816538,0.98083051902219553,0.95278684050946472,0.92391233355198576,0.97961712237409315,0.96567535041794816,0.96172577569514539,0.96147072722924465,0.96397059676338326,0.94133504249091537,0.96870646996961696,0.94406731895351337,0.89303656130823394,0.97809563898919627,0.94590561389453853
0.93471509141830633,0.98012481133022167,0.96524164614168051,0.91815871044910013,0.9563223581494974,0.95665640177435951,0.95025767502655967,0.98782345188808041,0.96536702183945478,0.95477848615890692,0.940113635546723,0.97169933014036447,0.94648105599575116,0.92236872626447464,0.93718326311441769,0.97149838436737268,0.96820170926873717,0.95663596044624899,0.99782359637461582,0.9811381454206195,0.96838208279249738,0.93238659494632814,0.96511504798071179,0.98625839238538138,0.96277687379518639
0.94686406920727872,0.9746834181392483,0.95702246125109236,0.91122859247189814,0.92923124224829301,0.95956200994902707,0.95178286354209651,0.97689936551569112,0.94916032990727162,0.98071266185680761,0.99473647609806382,0.98680997807534498,0.96260355699080735,0.98716574632389498,0.98511114853439041,0.99150462067924838,0.92399597924525156,0.97564830915918421,0.99596459114883107,0.93560861769120784,0.94516045473858235,0.98224850005739039,0.94245691649794661,0.95906614255403955,0.95937308510517672
0.95784930990958961,0.96309438316737794,0.94180656665917473,0.97336121296665634,0.97119916333579326,0.98521579911393653,0.9272121573110097,0.9476939829370965,0.95897734280936009,0.96716964972542019,0.90314991885274976,0.97460999363872214,0.95692759102759473,1.003878819115853,0.95020525806269174,0.9897839909899091,0.93781783960909226,0.96433708415829766,0.9612558906502886,0.9531867259346497,0.91258748806101819,0.96401795433003556,0.97708706434983461,0.96732935768587591,0.97124976983438149
0.96370224841316887,0.96624131427651772,0.95079894584132019,0.94264092213765571,0.94767425322719612,1.0070273632632845,0.95128289186573967,0.96244707677498076,0.95193461798597401,0.98648809727232822,0.86730442789625917,0.96172347977347927,0.95519886546715149,0.9493007528830566,0.94763439106888214,0.99941050430025902,0.94670173647755185,0.94634965168990537,0.93825547250677999,0.97444396707274006,0.91897753763152645,0.97765400689986381,0.96102537864321669,0.99599892003274493,0.93844835575930008
0.94078533435737111,0.93223335680511887,0.95813512928590439,0.95256118371736143,0.96947828743767939,1.0007632410496514,0.94450734375701295,0.91621132444394326,0.96022651022527872,0.95502639084760621,0.90980738574475084,1.0022806339701662,0.93455074216898282,0.93118555920978707,0.96020185088784848,0.96971162318803306,0.95082550074707572,0.98379040646141525,0.93897978196749365,0.96449738060001677,0.91395037759681108,0.94855191790823301,0.9447054231198484,0.95675050718632204,0.94392217019019009
0.94896035248665656,0.9251491953623604,0.97975762923424425,1.0054163922255441,0.98659676756695602,0.97321782117860789,0.94220176566204217,0.97819922468271481,0.9726654028656293,0.92924017406553205,0.92692993244993493,0.98467244091157613,0.96477085614196567,0.92361295536200516,0.95674620941647059,0.9655031696116384,0.90749691375182595,0.96508612177696429,0.92462601137042655,0.96746340666160768,0.92024428581061224,0.93385555512024954,0.99149600064884769,0.95048012440114238,0.94998927824413948
0.9408270019188687,0.9498376160936125,0.93877748796991811,0.91134015433921356,0.94703599910570901,0.99176670453050386,0.95033279010391392,0.9581776251255264,0.96619839574262245,0.97076979318195833,0.96433008707727896,0.97980586208786924,0.94938135614223373,0.91263376112003991,0.93101789831753246,0.96692871558009719,0.98876177448656444,0.97379208366693171,0.93697448168190878,0.94975463075845035,0.90385946159573838,0.9826537338018827,0.98203004006583106,0.94639945911584611,0.96407064031308465
0.93680486350875203,0.9538671650110585,0.94399579283916213,0.94024035880862677,0.94023454881252899,0.97960112862164117,0.94940552480337437,0.97298014199567018,0.96796505063539984,0.94270714304946934,0.94385645464053425,0.99948596384382271,0.93319978773309231,0.96060375940914122,0.90484952819975983,0.95017024611895251,0.98510575498890496,0.94310750717677716,1.0027651406995379,0.98338196149418811,0.94451241313807122,0.95255964549438166,0.95360543951508936,0.98876554189403154,0.96325828416883008
0.93460683335383776,0.93923421249548555,0.95527717192825601,0.92019264066252038,0.90945081216547841,0.9945125155702158,0.96504511922962066,0.98365970553325366,0.96638575315796615,0.95642407491647774,0.93517870216498478,1.0030846934816249,0.95902690844530292,0.93680251454280761,0.92884952329068671,0.99511565381349087,0.99594054084086214,0.9458092101252803,0.93672535874824714,0.96626348564303277,0.96679421406841237,0.97301590095279245,1.0129234509163241,0.98187757569853396,0.97949445013023895
0.91501186382632738,0.9585693736383466,0.94091011661944723,0.98374454982997717,0.8945393198409618,0.99264699441563453,0.94339050455364659,0.97435194002684899,0.9839217009910014,0.95066374952760935,0.94515584182203494,1.000272726995167,0.95843928896055641,0.95596567130367405,0.96322441826605298,0.94266158329443606,0.97177239259252457,0.98258494114538952,0.93044284126846766,0.97492319459187515,0.96356171467879725,0.98924559857723038,0.94528659139092386,0.98418206740406078,0.9416547689893433
0.99086235780761267,0.98585136200040391,0.99624756469960174,0.92153169106540322,0.94723377382197693,0.96479964267892115,0.92822239814469742,0.94986614882663745,0.95075655085291522,0.97237208557732946,0.94468898417624469,0.98881042364671057,0.98430665663614314,0.98044196726445609,0.9662710455507727,0.95313280527666777,0.98405555584012605,0.93557241187565621,0.95547304464861282,0.97693463004819192,0.96270535367310572,0.98182879293051839,0.96031292397085821,0.97428238319195037,0.96455004858451143
0.95889613011016106,0.96527567965851135,0.94415865325278014,0.93206081400039653,0.9778696517266694,0.98383907729259168,0.91810367755568889,0.94886322349812413,0.993796622382767,0.9578372574184586,0.9353536462577996,1.0052774839998095,0.95071649276143233,0.967176695176312,0.97212826012509956,0.96073277165701976,0.93861589025405512,0.91349874915432849,0.96233868741762385,0.97878137545883936,0.96671770186685047,0.95412115040553969,0.98204614291607661,0.97962000551823336,0.9641776214944342
0.95579277093035409,0.95692881485280668,0.96801000168651496,0.96281816224880634,0.9621702979765846,0.99258240766674988,0.92360782235110817,0.96396331806402946,0.95971275401362843,0.9513140757332158,0.87079181780994341,0.98372663703383745,0.93735024535998535,0.96516654052791739,0.99032715197138066,1.0184500568189481,0.98108083736016605,0.91083643601859099,0.95657753284975922,0.95713179195986098,0.90468884040437547,0.96277870780138219,0.94894976713508827,0.96794877699474269,0.94659068677429992
0.94925237436709164,0.95267257723839793,0.97427509285030012,0.9924966087012298,1.004785159091153,0.97175237463704567,0.94667120392416093,0.97451598559546937,0.9569397328812469,0.95414838412187819,0.92946166450210044,0.97842016440578428,0.98665195078258072,0.95330371414643511,0.97927589086561462,0.96142701087847149,0.96403163086911281,0.94209161834006883,0.96894995077256718,0.93463339079324381,0.90477553380630749,0.91863821643583587,0.96671384387317527,0.95569482828926544,0.97452000297739616
0.95553610537604072,0.96125093644331505,0.96208022101091062,0.95062145817239274,0.97436119529720955,0.97175597940248071,0.93858574387661553,0.97441886354920138,0.96455010531285779,0.98556594333472747,0.94106869403401006,0.96797815576033241,0.97629493295452507,0.95087594511325901,0.94234069896887329,0.96487586033604456,0.99336237732685295,0.91105228354636436,0.93702191592916007,0.92104382231324033,0.90436548485207513,0.95846932198581236,0.93913538148246312,0.96311435380231714,0.94930761883474502
0.93341813814599495,0.96519637807393088,0.95663083290170758,0.97817704463848898,0.97284907843784474,0.95078392499294706,0.95918613410092135,0.96296354296734465,0.95788006443821028,0.96773851658358756,0.95398214417964788,1.0078347826712812,0.96002301438187754,0.9633593888955041,0.93983276426672713,0.96345490002712464,0.988398334660339,0.98507610523736977,0.943592296383572,0.8960913954215538,0.9596538321422925,0.96140171226144,0.97159024162648555,0.96063072025759766,1.0056864027292705
0.94035468434433322,0.97507395447826128,0.98299190645511436,0.97355571184951017,0.99015595394963973,0.93139264735937077,0.96080684602421762,0.9809431340507806,0.95234037763978496,0.97989429526111782,0.96085296732612158,0.97207457721435431,0.96568229488174073,0.95100908282131214,0.94700620543328751,1.0014165053596082,0.97986977357960248,0.93777294248453302,0.92403356738632414,0.91016636284099373,0.95301831244496082,0.93919796982999448,0.95118048899015062,0.97972424156492244,0.98257139247002623
0.9245453701690759,0.95643345517774925,0.97088398526857855,0.95797576148728314,0.95982808432880451,0.9476488497271055,0.96795639487722318,0.95877450186043933,0.961739654616521,0.96668698915546403,0.92180822801005935,0.95860503693631549,0.9525119517027667,0.97445002553896864,0.98432871079522333,1.0016291429245554,0.98101649322292739,0.92973353241497281,0.98954889177711292,1.0046767051595547,0.97430985794189762,0.95010496243595199,0.97664834332851647,0.97770945146609178,0.9033806629008212
0.95275330823142912,0.97976956026405049,0.99421739461573755,0.94380788714739694,0.96009647147243737,0.9153314858843481,0.97932652529836439,0.95984389886292376,0.96721475440645399,0.99836844650401413,0.94603524065875588,0.96736484507675125,0.9785280347027232,0.95116533392933311,0.9424121727993352,0.99891617556090406,0.979566212803473,0.92202858550646827,0.96734821830947049,0.99248410622366423,0.93515284973653856,0.97865510623882945,0.97307364889677062,0.95412501311321063,0.91867158719973729
0.96531341241013691,0.95909035185489,0.98619123933945207,0.95755839637525508,0.95899517557728986,0.92512310018843569,0.93633711876670489,0.97044131801045619,0.9374025611586928,0.96611320473559692,0.90499659297463686,0.98011906150127903,0.95536309938610964,0.98746294110946731,0.94690698574600418,0.97638069631380875,1.009626339147812,0.93302605556669338,0.94207895884301307,0.97623888927300517,0.92208974529727072,0.96265609053434331,0.97931713062415993,0.97130016177125922,0.95722009989652546
0.96612297995397312,0.98649972852812229,0.95254189447457871,0.97537331190000942,0.97402967899913051,0.92629235350435868,0.99246056936012017,0.96327558673408309,0.95645769937209302,0.97831888864321004,0.86459535488992922,0.98771899427626131,0.95944124871481828,0.97823224345482596,0.93916397586666522,0.94442701425683806,0.95024549223582289,1.0115106746830975,0.96574917687147954,0.95978222190361828,0.94335365640328728,0.97596576190730211,0.94988037874276854,0.97716179042706397,0.91027115348303933
0.98501360002844485,0.98181828816542893,0.93053643805215225,0.97408105057896943,0.93587670099495313,0.94581848036816007,1.0044952191754162,0.96353350055537423,0.97726821598469826,0.9527748105707754,0.93742812115417951,0.9725009399610316,0.93261372112973528,0.97140737186810688,0.96783819002596994,0.97934229742584999,0.98350947565051838,0.99657308780061415,0.93520674246708291,0.94407144848700564,0.99564596961802865,0.96917713506960179,0.94273124943041842,0.95199347641359877,0.87175730591373335
0.97140660689414682,0.93999251433301656,0.9682837164658078,0.96559081389135948,0.9341885111215944,0.94572099743981974,0.98543378682940752,0.96224735344580725,0.96674887703275814,0.95952226592560297,0.9197580238609826,0.98043771221649856,0.95794798348253685,0.97855094660018693,0.94443841039508147,0.95632029696157406,0.99431502995821963,0.96621980904109017,0.97282504562868355,1.0017399908308215,0.98493339508490396,0.93848780958415323,0.9784017218282135,0.97048719238154479,0.96111813055490369
0.95663517909040396,1.0136873370772088,0.94680402953740306,0.98221576963341917,0.92245520205063569,0.95472147652670136,0.96512885602549481,0.95527096329843608,0.97661875683486388,0.96092829640177557,0.99601788515500167,0.95085387404482025,0.96273639746798501,0.98746738594801464,0.95863238639182924,0.96189618361258922,0.96930106876970501,0.99774263226972348,0.95449354820056598,0.93639114069102092,0.97354689003958339,0.90325913501056609,0.99248087667293827,0.94544468040721241,1.007168008536276
0.97043162150617557,1.0111735029180533,0.98295920374747892,0.95517451415035481,0.97394554090836905,0.89544581820699098,0.98818724528964452,0.93815388797207944,0.93233701721451046,0.9771097222904277,1.0009791077226999,0.99395762853532443,0.97695668138620306,0.99996262735035046,0.94820734024281617,0.96438096443019639,0.99361982997618981,0.97795595760558818,0.94163825574345605,0.92255991778464064,1.0176921117236331,0.98759064196650359,1.0075118385876289,0.94814387910831888,0.97177583204368423
0.98663761959149909,0.98618115596810241,0.94406747481679798,0.97183751825275722,0.95680986521514555,0.97809658659445342,0.9894295003163166,0.97060166825984884,0.92866045753932835,0.92643781801104608,0.97179028133852952,0.98840897953915974,1.0095951954054347,0.95467825845720333,0.98344829470271244,0.99022173034119176,0.96256797975795416,0.98721184771696813,1.0160721743685199,0.90596694798137178,0.98218477112191782,0.96190501909706139,0.95987811974567683,0.94562842037776551,0.97379829566335974
0.96367477318196093,0.99245059111191747,0.94717840732234926,0.95753420510002751,0.98583803470415843,0.94235996338536288,0.99835888302835107,1.0138509606424906,0.95530020156023565,0.92730282825395316,1.0029890571115379,0.98003343474335147,0.98324629888270387,0.93791857521613609,0.95078728256940004,0.97696384529747038,0.96487946471201191,1.0030361149805065,0.96515067921878761,0.97928847897681315,1.0223089909416321,0.99102973149757123,0.95547123334488604,0.94818044023435089,0.92791984528403892
0.97007840003477375,1.0000597512512019,0.97145401850405022,0.9637792713750436,0.98276095772615601,0.97987992136479052,0.99637312468670325,1.0127594942291209,0.96231548093253783,0.91954302474514604,0.97090607796641526,1.0048703559574708,0.99092952510188492,0.92512500778947815,0.97523827920881434,0.99829626296391172,0.99316091954689589,0.99309366557222767,0.96584121551857405,0.9691926842658164,0.99036937583650864,0.99354386010559181,0.96259550481191503,0.98391075648901749,1.0027030400603096
0.97391433267784711,0.98555447229444215,0.97169721298886813,0.83510378783307893,0.93416268481448661,0.96941334451029137,0.98457540972532398,0.98981220120697877,0.95116135636118426,0.96967583969502857,0.9860178608548269,0.97649047552116408,0.99219765882164712,0.9849517955380277,0.98828180098029195,0.97244258858289512,0.97466587279214234,1.0084493014638509,0.96755161835782821,0.97991939367890635,0.98599929939151321,0.99874461953665106,0.97960149740752389,1.011522344795752,0.97469194553223015
0.95697989206589007,0.99725429380462138,0.96497591552011064,0.97928610337968292,0.93165806653507077,0.90080131929182328,0.9798966703842179,0.9813123789450835,1.0037359357985314,0.94353881008629348,0.98069191157765245,0.95786101430802284,0.99797926049930274,0.96804382196662697,0.95450630531826197,0.96426888942785016,1.0129285188723669,0.96065357099520854,0.92776110126363553,0.96574348953159161,0.98456854597968624,0.98832083211689026,0.97778845715372797,0.95919351457149127,0.97504731039503945
0.97778624451593577,0.9879367710189747,0.97121437481217354,1.001522854438075,0.99567290426150967,0.98785930161849911,0.99053826600367811,0.98658281543339033,0.98946990163682036,1.0105514927291759,0.98463100764502942,0.9675709690529537,0.9919521855457486,0.97669124183264699,0.93724865702590809,0.97732191282929415,0.97150024097213705,0.96264590051669041,0.93171110159900328,0.98304599260451109,0.97029019276981199,1.0082370121666941,0.97518957227446523,0.97189771594850649,0.98860451734065935
0.98877264459409586,0.97404871404901283,0.97331071563778215,1.0143956541140526,0.93475427321736682,0.96968790435312446,0.9786523933463942,0.96426405916924229,0.98157921806908033,0.95289782785477717,0.96845146533130111,0.92515467908668048,0.9996936952708525,0.9586886608959313,1.0091164056378976,0.97728638892625697,0.97771705246691676,0.95494016753524569,0.85671055509536898,0.99123891213956861,0.88604374845959188,0.99342282388897096,0.99559010653195645,0.97897359261980299,0.97617567377548553
0.97011306553430354,0.98198271521599156,0.95266031893846514,0.97943208428636586,0.98130398758044379,1.0008621952763213,0.94457902645304914,1.0064204993474508,0.97444618378652803,0.95394705902075372,0.99211313174142002,0.96207410204194932,0.97133702751969075,0.9765405543669412,0.96722811780199713,0.9599693520759337,0.93933772125859882,0.86483691198406965,0.93554646921913387,0.97796168112505266,0.9511703678586223,0.95817760109359507,0.9739896851212777,0.96778010982129326,0.96118601963629091
0.99305624146488414,1.0215226329445377,0.9878698828019139,1.0023185897672839,0.92944050746218354,0.96260294882869013,0.94528210861222228,0.97336045731605536,1.0052440233977895,0.97528886118086133,0.98033848839821369,0.98081100719865977,0.98413638422627869,0.95673531521255495,0.98328061058524718,0.98689473964447716,0.93612460590445101,0.96746409282830326,0.96711419818453237,1.007723805860554,0.9646220594978393,0.98674152098992562,0.95985412264217518,0.96561040436266843,0.98542418638359708
0.97303193531599852,0.97878016829327752,1.0108541224095569,0.98125529760089003,0.96594482520564995,1.0100149007242358,0.96087217415435255,0.96010357530943602,0.92819153026900647,0.97885854638388847,1.0043480113999645,0.94771519528629999,0.95657381104052253,0.9529078845708423,0.97688211234345024,0.98583748457707798,0.95727767808589914,0.95478591997277606,0.93305968068949008,1.0046520232129135,0.96099098278277972,0.94096011503140564,0.97703095456386646,0.95661711756651546,1.0048778637593507
0.96059221813041895,0.99747407679007694,0.9818459611114988,0.99918422940380047,0.95951704686085615,1.0038770505284844,0.95279557361086176,1.0100697902102254,0.96174799063229888,0.96906159409868498,0.96343916234411575,0.91241687827477291,0.9429410282067886,0.90079320533602358,0.99036062556129945,0.99394999086701374,0.95035213418107045,0.96034513971154767,0.9227209667764894,0.97769010816894064,0.97059547320660144,0.97733123678833067,0.96169244856602987,0.97410294465576497,0.95679469292125974
0.95373910737183809,1.0001167594218785,0.98085853256276134,1.0061240591928802,0.97305576395725124,0.99036592207434404,0.97169855778493042,1.0045781601548527,0.98471754209634677,0.9606779667639006,1.0203582013562773,0.94761056124716692,0.92181477555540936,0.95275659638060384,1.033216729370664,0.97968531766369427,0.95243775392583341,0.97672002617903264,0.95987827478210297,0.96982606164458163,0.95382281535145219,0.94972913026834871,0.92242419209510973,0.96115148400639183,1.0065410499692724
0.99016730374819995,0.95992152434072431,0.98068271526916251,0.97869059333329411,0.95546921418140429,0.9854372413454493,0.94588569165386127,0.99246420082349285,0.99204891126391004,0.98460238165112424,0.97444101598463062,0.93933298340259641,0.94301938805035213,0.97147999157879783,1.0076441045285378,0.96500115681168019,0.91347438824195315,0.9702734204830864,0.9592410454225212,0.99306971188588744,0.98482382772254529,0.93673022485200286,0.98711935943123019,0.95795711613265611,0.96894565932174093
0.98535362188458031,0.99349136420591222,0.97334941150952337,0.99961847021452432,0.99588720502774553,0.98395880268149394,0.91558657054759152,0.96408697694045231,0.96710115272150965,0.96734236575525878,0.95067389439963679,0.96444848697355257,0.97678344136725026,0.99873370114404614,1.0158702841180236,0.97959659269958976,0.97094420585739205,0.96082831623160292,0.91410893330172116,0.97665575446936748,0.95192473755770624,0.93873176332737607,0.95174903947008738,0.9697096970470066,1.0038391937617737
0.97800361387040924,0.99042443933720903,0.95578593780722443,0.99608332792249532,0.9594712945941487,1.0047886737438001,0.94120539909925116,0.99706880744977011,0.98699661827981666,0.96028714887295352,0.94486909882687276,0.97233765622974833,0.91986242473274316,0.9560045177914015,1.0022600601151537,0.98440066303661244,0.966168448514789,0.951767521194815,0.9721875584554297,0.96839885306069196,0.98596791757249713,0.95231685857967829,0.97280983800894849,0.97185416804352598,1.0003272209524745
0.94157422931153045,0.99311797448949157,0.93061031638115443,0.9523242651682442,0.98470116242367789,1.0050681123173399,0.99279410994708828,0.96411363768055081,0.96335887279530497,0.95063716576817237,0.95566417539291126,0.94040803043203358,0.98816521009657809,0.98372202014607013,0.99750126725534505,1.0042548713389634,0.93737483630438545,1.00240357694572,0.9328663899113,0.97032627390445203,0.94101459294987788,0.99550196168786265,0.97477969683267041,0.96767343479897616,0.96823356642861458
0.96500038978773206,0.9998385339309741,0.97923141335477482,0.9593707597534189,0.99849137960237588,0.99311912007469549,0.97625241247560235,0.99035969939720436,0.95872620379486317,0.94368623230418225,0.95605259037313184,0.94128139760508456,0.96895628859175831,0.96833991404511544,1.0185868713570978,0.97633932063598416,0.95592072101316228,0.95381943377389078,0.99071461304721786,0.9973127871149674,0.9853899174318399,0.98244841975347952,0.93583957221055392,0.96211647155104896,1.0192620123194966
0.96748778922050604,0.98975402180525496,0.92788005078124591,0.97796074814597656,0.99299883856242255,0.9852817909531626,0.96023101592636717,0.98801560614052797,0.97035198696476044,1.001549000324802,0.96014016648753941,0.95460836009422345,0.96363279648445443,0.97120157017446362,0.98811734883002356,0.96710580897493859,0.93201321911342083,0.89558376295571385,0.98782716812781146,1.0012106347259886,1.0171238863132905,1.0077137543574308,0.94565701151846016,0.99897822059850361,1.0062010144665665
0.96375091506770505,0.99811279466904623,0.86242934541097194,0.96716588218455124,0.99922998592586409,1.0004621669573046,0.96854068154033113,0.96864775223120125,0.94571434232709228,0.9957123305652954,0.96849994696836339,0.90595032135060949,0.97139045255445278,0.96162842347426425,0.99139560539190907,0.96707582149200777,0.95034052199898555,0.94906380883633457,0.98442282570519812,1.003344463692144,0.97671595126218913,0.97971328998657015,0.84005527552223558,0.96795494599889198,0.99685632161164828
1.0061440058703732,1.0040891318854177,1.0066338244485824,0.97551055567682099,0.9956561134167502,0.99862763250067588,0.97554960964303816,0.96609993806794059,0.99822233189733167,1.0039179446671391,0.95837266107473984,0.92093482388326775,0.97662595819482623,0.99446557402266689,0.99366902545627922,0.96301151485371028,0.94192874147741368,0.97343209833294497,0.99268259937200254,0.96418813719119656,0.99312591952879414,1.0114003331440562,0.93114105015285775,0.97001961215575827,0.98680280647485652
0.99540218229853727,1.00163261130565,0.96111016232847635,0.98328372213021431,1.0070918821330928,1.005968847606056,0.97034224281723058,0.99682582989617918,0.9981651260805986,0.99925166477877148,0.97691894300147231,0.84352728805532473,0.94829836420669045,0.98912637438447171,0.99459338721919222,0.88083831527786371,0.96369096665681819,0.97889433928960823,0.98645370919291553,1.0027133892846298,0.99586025172632442,0.99284474317708271,0.95929526603117199,0.98404924488329326,0.99658236927634092
0.98841762165016156,1.0013541391915481,0.93454780402698268,0.96419107741135568,0.9864131164716573,0.99819046020182811,1.000387321385926,0.97545370185466973,0.96389059133523791,0.98605232641844121,0.94320254369335277,0.95290892021836282,0.97144144031506097,0.97767967546570966,0.98910201787952012,0.98211055137643921,0.9757392450343999,0.95530778159395535,0.99540442157642539,0.94941770022659167,0.99019157544217828,0.97339137447146251,0.9288278460164402,0.96153668122305935,0.95797711673344688
0.97333985357295505,1.0139497335801724,0.9833669857974171,1.0106340625842778,0.98953787825096118,0.98290083794880823,0.93877671109646965,0.97822252926010544,0.92958232255565354,1.0217191506742083,0.91395907357340112,0.94903459555248626,0.97677296116557732,0.98155037478741347,1.0212464391857996,0.98336732538316374,0.99540488403212257,0.94058487562531168,1.0009882346442098,0.95641785384628353,0.99894330005879661,0.98781428057520138,0.96810751118123251,0.98165173426752772,1.0086760946426885
0.94648172184303769,0.98981893624983353,0.98109972011250524,0.989252174495305,0.97872295439338097,0.99204748649163832,0.88944030591077938,0.96794185560407453,0.97438256214445651,0.98748834804803931,0.99748682018337365,0.94962712550932615,0.99097713948969957,0.98387156535403553,1.0245500593293106,0.9653205885944921,1.0131046420355381,0.92245929762616241,0.98230680183002961,0.95237363074016701,1.0067712561174562,0.98018119591080177,0.947093840441534,0.9636204827314746,0.96767692599842914
0.93545372112071845,0.97879483105489762,0.97716365605633881,0.950756807036506,0.94360061735074163,0.98601197019299658,0.85333712440209308,0.92552727227913234,0.96197451798758593,0.96926603561960001,1.0123355432979217,0.94356960670803358,0.98168872601959034,0.96745573613662972,0.99897887050307599,0.96289699013745478,0.99068162127433923,0.96466953893988583,0.98900056274552883,0.95365102453216755,0.96980065240752689,1.0037000260227733,0.98797994160592251,0.96345897189742224,0.95838996283849953
0.95243344452066203,0.98381848967855823,1.000447163601049,0.97186137921547966,0.95367472213368587,0.98334600447034903,0.97145169477957782,0.95879324317801973,0.98011599076736733,0.98592015147428214,0.97939917943170274,0.9560797142391142,0.969514329008478,0.94583557237744487,1.0121534784667661,0.97173731210685887,0.95461789596807045,0.90563539619565292,0.99986476303125227,0.97461136983106156,0.96878613472797837,1.0037390740991781,0.96400683609119042,0.98578426038455202,0.98987624872736457
0.96380616274817843,0.97209360897837827,0.97144472271536042,1.0049890204203455,0.97126549354318237,0.98072184968716025,0.95797642956409568,0.95138814363582913,0.94575359937259718,0.98461368470625454,1.0044895819218542,0.95969692859130873,0.96861777869986376,0.97091657621487037,0.97552370576995684,1.0159029309091017,0.98586824906775594,0.93761020513000626,0.99661318713589031,1.0032144693754526,1.0018103668645557,0.96768133886772278,0.96877002353731334,0.96466777296043638,0.96287883929217966
0.99137038454502924,0.99347561669060946,0.9849720603106854,1.0037565596614042,0.94362703541622694,1.0077135589204878,0.97966774285826208,0.97353716270071256,0.88907341670628315,0.98651283577348459,0.97632659511435071,0.9497277993277875,0.96423533380641424,0.98570031888453002,1.0103570813208551,0.99906874089198072,0.97744312808092337,0.92218700461596359,0.97465928645333078,0.96365677884350032,0.99098874412983595,1.0071150381124507,0.97524149485358136,0.98328959754857781,1.0043816510656767
0.96387624656046389,0.98880614048789506,0.99255957678415085,0.98105017177689746,0.92860289131303553,0.99118986340896176,0.9410654133506321,0.9599781238805225,0.96854082348529646,1.0003941011162933,0.97651262051697929,0.94173516802409041,1.0038235432170124,0.95774667019495763,0.9639040990642368,0.98020518132200019,0.98158102175638673,0.93361996707410211,0.98344527175031515,0.97976225316743215,1.0099507992416519,0.97329974138729458,0.96501105151665711,0.96069302556488489,0.98193562820853353
0.9682647588381188,0.9800666964875383,0.99797842682372151,1.0089250374601373,0.99084280454579299,0.97807028788919159,0.97698741718129278,0.92154087771241577,0.95885928897861383,0.98607050437534915,0.99232925823654883,0.98592434181228561,0.99844840269365043,1.0188821442498666,0.97988757979710772,1.011263533895141,0.97514801383445016,0.96971788526025804,1.0014581581219177,0.93908255445707389,0.99338304967932567,0.99581199750651583,0.96812279648340782,0.99944946298815496,0.97924767138147251
0.96446993192339292,0.99293037309760523,0.97189039061325166,0.98913514898267907,0.99748572051223727,0.98893065247266454,0.96222808822249772,0.99428019021576697,0.91800847855290424,0.99491337902798282,0.9881046696594632,1.0008277450666254,1.0087801242529566,0.96523409322638309,0.98207067291745209,0.99073444757793461,0.97444853165916601,0.97921887141114727,0.98521117538190472,0.94410861358458897,0.97885432228640246,0.98413521036393359,0.97328574295640558,0.99925812847988826,0.97444143795114613
0.9360676335579069,0.98900320072651249,0.97632679765893537,0.99653921499990217,0.97336210151396374,0.99499944426709996,0.95963681571919968,0.98546119621260597,0.98218460705638599,1.0019680410136411,0.9870554777814089,0.99835523424989725,0.96583172851988697,0.99067630574197962,1.0169283667789035,0.97996388931143619,0.98009811232777966,0.95074271132687227,1.0001419943271483,0.94712444976134347,0.99925459278621331,0.968267764297286,0.96710313027471795,0.99306292212419256,0.98325525545679138
0.92423402142112798,0.97907046101058892,0.99629140936794824,1.0042554675616218,0.99872904590553302,0.98517459366938342,0.94995456386661614,0.97653837280901801,0.95790115240039242,0.94612048474646349,0.99343863218010964,0.98036110999376069,0.97963685398889699,0.9787948681337757,1.0019017345392887,0.97929962980542262,0.96220339538743005,0.94348834005034621,0.98211562893564786,0.92349267783319333,0.97206746683976164,0.99872152242045975,0.98373312397562274,1.0059181491463036,0.96675092115141437
0.98140114842288251,1.0034018476158908,0.93168995836137825,1.0207090313227769,0.96149998152370275,0.97868099726059399,0.91875213792664512,0.97199440473834675,0.97127216877344813,0.94329278362439084,0.98656690530536617,0.97612591328534848,0.98105028128063176,0.94682341404125137,0.99346628219635036,0.97807712407106839,0.99158886012885761,0.90841370142563149,0.96434084652778773,0.9522205012913284,1.0148755057919712,0.98848414379468841,0.98033774451904887,1.008157801031528,0.95335251497563633
0.97220010922187794,0.96791650411263608,0.99692871436938502,0.9623204506126809,0.9654836027586029,0.99186798365116036,0.88656094054717305,0.94544051338107893,0.99481095784573326,0.96346818207151719,0.99415478990825357,0.98056097726814251,0.96020790335031991,0.95072824962359848,0.98486632922540662,0.96373648841041359,0.95216998139681586,0.95049020038617271,0.97113334434803034,0.90082025403875143,0.93824624830642922,1.0126358006589473,0.96050363085812185,0.94820125016230783,0.95583892568513429
0.96986797689304183,1.0014750804248671,0.95512704558572759,1.0158985415140516,0.98340938746466044,0.97353579202268437,0.94791400034478124,0.95846080566397263,0.97015153917380592,0.95871681850627188,0.98240581383149927,0.99952574556514273,0.98221652379173141,0.9373478954994291,0.97474480955461074,0.96962892698544079,0.97748097040403126,1.0074729103742328,0.9717500287159736,0.96133647424672031,0.93963328236751698,0.99071582056648588,0.93474388344086812,0.9775631534533149,0.99163674077732189
0.97451599585429305,0.98372509612644066,0.90890055428693972,1.0074599569525013,0.96910371811912854,0.99579861989662855,0.96622460446921621,0.97708820544144215,0.96356500892259744,0.94336202356788135,0.96398353901324152,0.9416200097705435,0.94552320378727595,0.93858399587585795,1.0236754170863678,1.0097141624885018,0.97301815863139274,0.95276067767955375,0.97942958546574843,0.96718569325942982,0.98215403089607733,0.99863291232349294,0.92092727382852591,0.96763620100030223,0.96136776471581642
0.94865633315839237,1.0021535621527522,0.96378651661033299,1.0218930154838024,0.97528502114659954,0.98789854855557502,0.97959275188571049,0.92583492479632012,0.95802382686727505,0.96886922186069779,0.98249709079733039,0.98632210999398462,0.9575243377951218,1.0123608333470175,1.0056461351593176,0.96672915167286533,0.95559878194218639,0.93512371436709507,0.98391747046442801,0.95604795898592132,0.962931722698815,1.0027733837995747,0.96535771096100631,0.94583900817663891,1.007037280575352
0.90989206623186281,0.99419057615315753,0.92596373280293554,0.98330956321435248,0.99656601737129513,0.99342564141105061,0.93234832730000738,0.96425350611087213,0.96155771105494525,0.94067779902230886,0.98022101174008314,0.97433328091751914,0.94354129269039999,0.97422273837808582,1.0141544901446662,0.98213105641907461,0.86174266004482958,0.96983465948980319,0.99069714331281999,0.97506500576068034,0.96017464800728713,0.98611725723486021,0.96268283397217191,0.96842567187891948,0.96679495778548052
0.9483945558690019,0.99941958192986058,0.9357431694670203,1.0238123296258894,0.98828614277334181,0.98971224477046116,0.9399302808691814,0.97525002269597216,0.97525431605786539,0.95415441040692373,1.0061089510310173,1.0020993489565952,0.93211112572192023,0.98373618796041229,1.0041698152623764,0.97264675842421,0.97676608480674587,0.97248344897792316,0.98062312184026657,0.91134612071296184,0.95803792812576083,0.98612322268022956,0.96326823730413891,0.90781266711660413,0.98993743431270842
0.95333500587765541,1.0021210257837059,0.94038711579250289,0.9641492240943671,0.99747699669473389,0.98497808969895906,0.93263264819974045,0.99519127500090754,0.98919833145989489,0.99188145988191789,1.0152706598434775,1.0034767377215306,0.98911643347499145,0.96451015140395879,1.0163525441900554,0.95703371550243355,0.9767292837946413,0.95944361386776067,0.99575112031082436,0.97390633977960195,0.97505725558979206,0.96468055958660781,0.91988251234801144,0.97892944976187257,1.0000164153502917
0.92073716013444917,1.0036650136933565,0.97978540910131895,1.0153857114907436,0.9586226494609269,0.98164268883062356,0.97152335305115245,0.96693822759425219,0.96992532150926269,0.99116332550511133,1.0013885237492968,0.99775317181301326,0.94300868350379552,0.96175836766732903,1.0061709057948145,1.0094263453722452,0.95465959529538325,1.0138816474218488,0.97518232037059016,0.99021844294623163,0.95722194439290931,1.020779825183201,0.96134922265868228,0.99925493874025106,0.96813362562839567
0.98764749392210682,1.0045665790106106,0.99539026643767081,0.97528669933401346,1.0020473500546145,0.98434045431899531,0.97474794981859914,0.96712369227092221,0.98759234066242119,0.97402226774110345,0.99773155305489536,0.96867329438095617,0.92602570407698204,0.99693770441828877,1.0203051759877066,0.97746134640203064,0.94349187570384352,0.9904563180714826,0.98421676638755951,0.94546429959702816,0.94279579372618039,0.99477735079718665,0.98040143816756364,0.95595219844567125,0.97470774152752004
1.0328965614885257,0.99377442857838094,0.99010638113885496,1.0180626506866943,1.002780073049381,1.0130346971338517,0.98041357973468601,0.99193115954524613,0.95809476254884485,0.95046599933593789,0.98205899662430529,0.99605331150540699,0.9452890589277706,0.96180742418799459,0.98808094207629449,0.98344454192754227,0.88113219492272055,0.950085558338575,0.99090185800554742,0.97399582078482061,1.0162639396030622,0.97161289231383252,0.96245318352680864,0.94532857435611761,0.94267739332335398
0.99962829264920472,0.98278851299679515,0.99681322657744786,0.98788147756228784,0.99128672845420662,0.97631502331447584,0.97284113617491208,0.97773861321269828,0.94959226458091828,0.93658019668498615,0.96431818703121441,0.97849516758354171,0.96299798068761799,0.95963832184127074,0.97923293067264716,0.97208854519921506,0.95697178824711937,0.90591132856314849,0.99389777639949539,0.99135884696760568,0.96036671395278583,0.99981260569133712,0.9589826537418471,0.9134769000058558,0.99339481279013131
0.97742438198795278,0.98316920863454038,0.99824193350997292,0.97696698930214987,0.96781431283849106,0.96262794880344726,0.9689655802344822,0.94116750587732123,0.99689659404258146,0.93257892439537982,0.99492654273332792,1.0048866036798221,0.95227854044701121,0.97886940322941385,1.036827555381364,1.0063870091766745,1.001816622996909,0.8782212499923483,0.97090107590418873,0.97223007415398388,0.93632239516535332,0.96997932393539477,0.98341232789331623,0.97943685051840967,0.95074803617612791
0.99356806974413836,1.0013314185015638,1.0153914324998989,0.99908343013477952,1.022473512918147,0.96407224900820032,0.94481418131624917,0.95476843834298031,0.967819916455402,0.95379263168232387,0.98620036558534996,1.0057170511412656,0.98707271575029254,0.96819332924281387,1.0152817797127058,0.96295716699944456,0.97233108912034327,0.8974313496483074,0.98310539820133069,1.0115994474349663,0.96051257817565161,0.99063975534704629,0.96587039775585304,0.93262987390541452,0.95548961765203966
0.99939837390868946,1.0080866092323373,0.96679633528717501,1.0069027376646951,0.93028545113770722,1.008420237753328,0.99986582417937619,0.96357041127366005,0.94407670157997281,0.96130822234629476,0.97828126021991446,0.9752624549991612,0.96781085732469663,0.98170826110471943,1.0162225799953954,0.97902120696144213,1.0090226142147323,0.94488167393155509,1.0066349322837227,0.97793364656769899,0.93716180992790044,1.0054690376062758,0.94639737971811588,0.93155380583254666,0.94529916121719604
1.0078639442956205,0.98777890477143804,0.95687467175176832,0.99219264770530635,0.9566895512319884,0.9638770299578332,0.99568211169927556,0.98264917855085865,0.96274248894570924,0.97650681036811282,0.97387828860982872,1.0103669075337329,0.95064406788330202,0.96835962670249642,1.0028506200549896,0.99823245185677112,0.97463489946215609,0.92751020003187234,0.96277292529674563,0.96320824860881415,0.96868097113072549,0.98880285034393145,0.93770951980332984,0.95504988350056841,1.0186238446572589
1.0084199823139495,0.98762541679567362,0.9846559523602787,1.0027000153291863,0.95903242985859471,1.0165694143258079,1.0035781147776386,0.93579801683653119,0.96922014822695202,1.0211234335144832,0.99489185456924578,0.96924991917754855,0.94823706639585759,0.96850844168990102,0.98904323885238865,0.9261616664793243,0.98368647587250313,0.93914420948496358,0.98979234439671826,0.9742498427926487,0.91857496902852398,0.981768064571794,0.95677011699458581,0.95610398314141165,0.89322752961491192
1.0049755072942612,0.99078765435246618,1.0079873908180423,0.95729902456272176,0.95580151679579362,0.98040931156860933,0.98824264199167611,0.99130782253507199,0.95449822999543321,1.0045419571937315,0.95353915864020433,0.97575001569475861,0.9980793825971187,0.97012371231211214,0.98699860254468752,0.94159399346479777,0.98757758028507292,1.0109677816834719,0.99315812380356971,1.0176548025447059,0.98514310607265443,1.0019027396179614,0.97117471026358004,0.95780677798875546,0.91904991762173216
0.98870368456560109,1.0115731424958441,1.0291494466856739,0.97662494181163961,0.92696370545071438,0.97676575758411244,0.99930089012005674,0.99277433809946203,1.0129771057362171,0.9764219938350569,0.92935747157752391,1.009874318526889,1.0125983218008734,0.94616077708689017,0.95067842862599661,0.97715540640999721,0.98894338124439773,1.010996043110534,0.98835848739355303,0.96158826857227975,0.96621717491644632,0.96063111353782971,0.98542484284807597,0.97432537265602737,0.91444961725184326
0.99861391043653913,0.92906451017977398,0.96592081466148294,0.99440717925091193,0.93216115592686122,0.96331782765955587,0.99434456011402483,0.96391710529447805,0.98203744316497688,1.0168246035480744,0.96261212105804994,0.99771072548234241,1.0095284694104867,0.95749971944043,0.98986662597473463,0.97827299231594633,1.0017781176313867,0.99803505767665601,0.96373222513249901,0.98671944337278217,0.94922609954447656,0.95073952936085826,0.92989956813096319,0.94162653335436397,1.033169893933312
0.99309399967187562,0.88107611803609898,1.0095313274315763,0.98039437397778695,0.95100297924706279,0.9930700443014121,0.97459968615469672,1.0120674736388835,1.0232894803642065,0.99529933245920166,0.98933257544077247,1.0135827864746749,0.94093112578936178,0.9331052570332482,0.98444711713901112,0.96272391559034909,0.93383231425585156,1.0107376178064633,0.9880636074953516,0.97420217791620489,0.94944819707169059,0.99421808257460498,0.94397932061014378,0.96979659807505314,1.0122850166007218
1.0050902478738706,0.96371931389462273,0.98262656498279566,0.98568879402033016,0.93541591091101428,0.974418879620225,0.98976524734118831,0.9736004782675276,1.017208462333447,1.0139728314270899,0.98061808289583319,1.0134910146721601,0.97019659993933904,1.0144882718458514,0.95978664831156857,0.99662091864683133,1.0117937678244573,1.0165922338505782,0.98321312737481126,0.9815716370284131,0.94928009187856821,0.95935426963162329,0.95424380169270484,0.95281810801349565,1.0099642187187809
0.97300934252765048,0.98788957659282095,0.97112616178340461,0.9951636804554358,0.94795245791875971,0.97416304972806689,0.98635692533001162,0.95943675885094293,1.024224335533914,1.0176184387835958,0.97179437433107441,0.99134932271753595,0.97538596094579422,1.0360417980507217,0.98264038685933341,0.96744871286595047,0.98847653280213166,0.99596927785530387,1.0075683800268029,0.96376962466562233,0.94989577801433822,1.0225070383456221,0.92575542730694094,0.92007061683621871,1.009853630086448
0.98351433814540579,0.97252514528465239,0.98937864072950099,0.99006306184714143,0.98336620876204706,1.0046265213268375,1.0072582851399392,0.98771437469005774,1.0215260553892236,0.9494993499608303,0.94818439588336823,0.98687496541947117,0.98541773227342688,1.038825350765511,0.95135764078424645,0.98231536839343214,0.9955168052507376,1.0111253129234261,0.99191938503576005,0.99403549361940657,0.95275803389539204,0.99621457065376284,0.90344577676159821,0.96645607587080951,1.0259980970974509
1.0092148333730586,0.99965961441833362,0.98925275652475864,0.97919287561616075,0.98754641474691929,0.98078927210463329,1.010547619817791,0.93282048009597152,1.0371719488535032,0.96351292451377946,0.93052777000065301,1.0034378200314511,0.96202262085097179,1.0236839475484607,0.95287332417131831,0.98018988678672914,0.99737188055197323,1.0024957828397427,0.97000413247189088,0.97208416129211772,0.99238799811731215,0.95859791818851892,0.96158257728801144,0.98234467245620394,1.0082022502938313
0.99221480725678379,0.96780547968086961,0.9860125859356379,0.95081619511124371,0.98636045009087503,0.96325487530929343,0.96280645083207594,0.99837213755816967,1.0259712551275211,0.94964398540488204,0.93664284012470977,1.0056751427737665,0.94407451236571249,1.0095919382524843,0.94691851964509433,0.99383731379263252,0.98896258433221673,0.98767937091227898,0.96792827617973287,0.9883119238865119,0.95027896779664756,0.93502446741160172,0.92908945873729698,0.95116194406460308,1.008691619006586
0.98059785231749508,0.98201093136541462,1.0389563506564472,0.98367809661202432,0.97967306980832825,0.97431678864668569,0.99054785112283739,0.98891600324733075,1.0178357598491374,0.9638998635828282,0.95929013800252871,0.98891408367568934,0.92738036715799232,1.0262274335411703,0.97260497477560492,0.9571025331953138,0.9797047661467827,1.0210650066692708,0.97429802702170676,0.94810168048213728,0.97532269282788353,0.95469566082678692,0.90126742232536083,0.99261254528683207,1.0116133291162694
1.0141191566777938,0.96143894670595942,0.97762874925058008,0.96778113572414393,0.96764480926731089,0.99017652071173157,0.97715464799513163,0.96091798788798066,1.0212636842043299,0.96828653811492194,0.99207693118565732,1.0115451561633451,0.95389346009328613,1.0177789413723526,0.93045155466791363,0.96623429098242397,1.0159358478087031,0.99486432381471768,0.98071032077460862,0.94638261096990561,0.97370659966703399,0.99172263282058815,0.97810700352612745,0.9792717073258429,0.99310016470510187
0.99365283933774751,0.93930054423818832,0.98122178049602238,0.97625323220005467,0.9710424750559169,0.96515270006226983,1.0041613942220915,0.97738410538383014,1.0317344687076448,0.94374488275601087,0.96399199416673242,0.99631248965287822,0.94048397425415553,1.0106252129486197,0.98090405337183295,0.931986187978883,0.97799739990350743,1.0267451681659046,0.99794344767158938,0.96506006757452645,0.97953123013170607,0.99690740703120162,0.97414184153496564,0.9619259803814022,0.97312128537398324
1.0040535106587429,0.96363391397424236,0.98544183679066411,0.9970719437073835,0.97340900807416619,0.97673251471277944,1.0085749837176872,0.98889525911353293,1.0203951481546987,0.95545539622742559,0.9981185030872437,0.98740032780754661,0.963894996426227,1.0038432602254095,0.98172106830396366,0.95401921429987602,0.97297478026503437,1.0146060125954459,1.0058974235042544,0.9578000954506759,0.9639235513371448,0.99714217037287967,0.96191171192990499,1.0057936034079515,0.96811803202310232
0.95389857230831854,0.95386888070187636,1.0036036123421637,1.0076911357405096,0.96680346393997674,0.97272076085289083,0.99339781264117311,0.98208260970208117,1.0208208183189764,0.96369038444737065,0.96661571919951794,1.0085253801297103,0.90519558963130875,1.0324152710218493,1.0018643110781837,1.0240147342579196,0.9936797701518526,0.97966362730386647,1.0044124098142446,0.98715210619016081,0.9901157227362245,1.0072660954836048,0.97485838391390311,0.98393404294142339,1.0383134014463913
0.97644489119928313,0.92101616490389981,1.004566275014364,0.96004251441231081,0.97786827787150554,0.98701409592545697,0.98366885952655836,0.98309903010619315,0.9798811411636652,0.98044965189367161,0.98681690076692663,1.0057696406515038,1.0164882459995832,1.0032340140258831,0.99269750386296773,0.97988351433070797,1.0266567389120584,0.99292758144991533,0.97817902901417497,0.94846761838721672,0.94875708344467147,0.97280408579511235,0.97967883790999721,0.96908130907051371,0.98359010912708478
0.95614040306092918,0.95736770026828277,1.0290515763676598,1.0075883969665036,1.0075954092604491,0.98729468330204073,1.0055400664987508,1.0106626313395279,1.0227185586112497,1.0127806298881437,0.9897838435359898,0.98283688639993938,0.99084078557053545,1.0259708510329417,0.97250262820574085,1.0355511518123248,1.0122006089583329,1.0003049124659573,1.0161558962830466,0.94291034997801138,0.88938947732032736,1.0095214088986657,0.96314785167122086,0.95453428969319287,1.0195462944762137
0.96215683449755751,0.93414400296623779,0.97570437524833187,1.02005841425081,0.98251862984642502,0.98400670394353196,0.98060491684998263,1.0108543206089777,1.0281409304980644,0.98221556150827316,0.99160086636681566,1.0173139191909313,0.99220184213519635,1.0254019714752036,0.98079445696882717,1.0332964207857707,1.0190369244113919,1.0277832273979961,0.9860117286447394,0.99900478559333628,0.99080608055116626,1.0008486171851054,0.97949739502806621,0.97960282312489888,1.0151863939733177
0.94046800424338028,0.9700025183847879,0.94232082694990338,1.0125752837263124,0.97731626004257544,0.94975754949444235,1.0021263377233227,0.99459887498087041,1.0234295080550664,0.98836160305294685,0.97410561890205505,0.9909892960025346,1.0159970890899563,1.0255648558040673,0.94329734453165792,0.97806657674460895,1.0054615026566545,1.0023151628599452,0.97472818851323706,0.9608914160473806,0.93920198371257657,0.98907309477057359,0.99979555983055002,0.90245091566780566,1.042919669657286
0.90895358363267031,0.95668288621501518,0.93113106032836812,1.0088266171063753,1.0214503686091321,0.96591274605084476,0.96903866789664561,1.0159360239054693,1.0012668946074694,0.97547723566864819,0.97368213380675284,1.0030200207564215,0.98390154463417046,1.016603768777508,0.99051089352445842,1.0223341293309285,0.98549734989733107,1.0088433257112981,0.97759626715818293,0.96895497486330517,0.93863641895777405,0.97303682893070265,0.97323621074377387,0.9939205488718249,1.0027403454445698
0.96947693618841402,0.99356231203013912,0.95571329449946996,1.0259621845364262,0.97332901036929365,0.95270461527826644,0.98198834801336066,1.0147522416702053,1.0073733394060229,1.0170350238401176,1.0032501920006864,1.0053846539017004,1.0120987578554033,1.0294500813230678,0.96906911957583564,1.0022773465396391,0.96607770972924933,0.99033047669792251,1.0053457867706206,1.0134167423594964,1.0171058298401277,0.9678939829849369,0.98372035568270255,0.99989940818791911,1.0273946078120029
0.99505703509924692,0.98981717868364472,0.94424952731055056,0.97404726187752588,0.96407933452025008,0.9940941987169799,1.0227795065791567,0.97509081007027831,1.0087928943136437,0.98324994026707047,0.99046810794063755,0.9877282161329477,1.0211610897064654,1.0404041579660275,0.9497838863917385,0.95680782270570863,1.0190631023979508,0.98503214537149042,0.99542624486473319,0.96349708902277875,0.98486554304615548,0.95623186012131234,0.97229349082685212,0.99090718593594285,0.98822059088410452
0.93505648828742627,1.0033835931648452,0.99498032323514307,0.99494929777292329,0.98877629016492707,0.96409095279973789,0.98439927990007015,1.0249287567416234,1.0086822454961004,0.99164157720406176,0.98146373171794588,0.9766208136197605,0.98308354629636352,1.000672975462952,0.97829457225095406,1.0155229455805392,0.97792736719665352,1.014112345648583,0.98055932901046838,0.96474212419594108,0.99909208467106581,0.94443211621401746,0.98699806530490219,0.98811361168667922,0.99170233907854866
0.90561712560496876,0.98484243017519058,0.99751748796043194,1.0223312189559064,0.96694623613344566,0.96919618475645974,0.96531313312284528,0.97866747559740319,1.0109914972968312,0.9996006181553132,0.96448715263992058,0.99607250231055833,0.9730179852137858,0.98756066332689729,0.96580877992244618,0.9884888908721623,0.97503482791960916,0.98177692032998221,0.99399752332943148,0.92035382577025915,0.99190708752982737,0.90861302039895908,0.99045028199823792,1.0128995671688512,1.0216625696526722
0.98918872417013559,1.0269940952171848,0.97180243150913359,1.0074663103831509,0.96193136631234533,0.98817648853972717,1.0127116966781766,0.97535900803658293,0.98186562431851943,1.0104135612910314,0.96912730075065401,1.0113607165964749,1.0066933228062098,1.0187123168394914,0.96635906908294944,0.98860497056889962,0.93668752519840237,1.0066224142739566,0.97498424121468064,0.96580750052121445,0.99465826087771181,0.96522365271483412,0.9749158554393208,0.98994674978971486,0.99389800301410547
0.98770851616399113,0.99253419072739535,0.97069266261426979,0.99386519845332089,0.96709536586554612,0.97477168668986269,1.0340938157623702,0.99411683262423145,1.0262378472944924,0.98446539085040552,0.9831712363529217,0.98990752985598784,1.0072178783396242,1.0176129688315487,0.89489039304406226,0.99631318828735671,0.95243394883778343,1.0217640028907051,0.98724957037630467,0.95925645808331828,1.0332041296562098,1.0329440298263908,0.97408517317167065,0.98158858238882662,0.99068705969040305
0.88287517747744204,1.0194927381874106,0.99032792646322831,1.0157415278419502,0.93864237709560927,0.98798359827468973,1.0070180002757969,1.0077442410211379,1.0223416261320928,0.99553330595270917,0.98517480176013406,0.98535574736398179,1.0103756831508903,1.0072443044891752,0.98053158180981792,0.97651320962119237,0.94227495356181734,0.96778716069124748,0.96751854067311538,0.97078983646397798,1.0106193791815108,0.99955537625716162,0.98578300758697834,0.99652787268687293,0.9874491861086383
0.99743212131206671,0.99328360756083001,0.94002492399511361,0.98176201779441785,0.96292596682060094,0.98558332827846729,1.017996531144195,0.98496690915967333,1.0258667519804898,0.98210405965195868,0.98174746600922469,0.97009054671006123,0.95275265556323263,1.0090493115038119,0.96015458105808149,1.0179926734800975,1.0099959294642509,0.96477811497991139,0.95143389164763237,0.99474430921938628,1.011462477832419,0.96391462066904954,0.96541084367498287,0.93982376979724069,1.0108893286525966
0.97613523688435166,1.0218965611388446,0.98328176677464063,1.0013624221600992,0.97706587052787996,0.99159519983528854,1.023733920368658,0.99978160707489983,1.0073243311500744,0.98361708706052298,0.99571474180262409,0.97941207268924757,0.99443325389187176,1.0302081974809199,0.93085728098186593,1.0112322924659658,1.0268396054882003,0.98967189356582252,0.93573839215756882,0.95677134321680812,1.0017474864959173,0.98859674195123226,0.96598749106760518,0.97708718389182059,0.99028327323139886
0.98422683901350183,1.0063162822775764,0.93372550556112177,1.0165892042819678,0.99010161289968279,0.99669955374436914,1.0246843792462439,0.98780460849171547,1.0242505467726042,0.95638030095495241,0.97170168346467101,0.99160202849692536,0.93456540767354279,1.0177917160948193,1.0101928650389849,1.0200585406864533,1.0123917933102746,0.98894522727396861,0.96395185988552212,0.93376910143073566,1.0042329093412552,1.0194154719454367,0.93897716303447154,0.95166419979818018,1.001110451549708
0.91830948260299516,1.0069147247848642,0.9860120587190222,1.0089350497267442,0.99540007176256362,0.9453280134597144,0.97022974047724175,0.99032581894864291,1.0215838027691728,0.94665133245672073,0.99454899393397878,0.97992009707123418,0.91641682831229321,1.01024050279239,0.9798537450112853,0.94947204379089256,1.0133776035805628,0.94718904449885721,0.98423184987432477,0.97215956273439885,0.98944779759910861,1.0109011418214453,0.97540657202940984,1.0152266511279473,1.0054548983333957
0.96597911154376892,1.0223121926708314,0.98550643210971389,0.95282358823015667,1.0236862029588503,0.92669987333376758,1.0354036492680621,0.97249122039487801,1.0016412325654287,0.9472896798943865,0.98092611558142029,0.99621466935905179,0.98651226995762142,1.0233092918424069,0.95119641325903026,0.97217244838363381,0.97909222040420896,0.97714416633991596,0.95203518052770952,0.97414965980737456,0.98818311139833659,0.99425809498857975,0.98543966905443581,0.9813688596832254,0.99272330058324509
0.94820813365742451,0.98892015563201707,0.98227932806324048,0.98483718147093946,0.98321680567239056,1.0114474956691,0.9568975148455664,0.99232483380231962,1.0361450157720198,0.93594064513690567,1.0215804315327,0.98647962242031006,1.0297964701156836,1.0097367498749181,0.98169760573079345,0.9891720132480919,1.0237610086675004,0.98284425606256542,0.9621075028295244,0.93604848392795803,1.0112229303468214,1.0031560052321682,1.0021448584988959,0.95932834264128697,1.0222943233228938
0.94353614168346678,0.99391561584938926,0.96268550645754081,1.0084364318302719,0.96266921384046911,0.96469423015394873,0.95369058120697592,1.0128774113311876,0.99564395483453472,0.96228588216919664,0.97206399092761797,0.98653124031748063,0.9954445593227651,1.0021363094906368,0.94666799832792436,0.97074113332849821,1.0157310495413507,0.93388281157575104,0.97910934413234929,1.0035545329788611,1.0139247640082507,0.98280109937845017,0.96445843457264524,0.98702498803638017,0.97895097644550744
0.93204368319750641,1.0018675511346822,0.97716455176969819,1.0132797230571327,0.9356881284157027,0.95666421673057001,0.93878558636330667,0.99298526197423387,1.0352290454768116,0.9757936589441939,0.99695097728750492,0.99623013581892816,0.97493045390843847,1.0226960272948717,0.99882431298700591,1.0066357061247682,0.97618990462335353,0.96650864307423501,1.0044569682655922,0.99124667278163159,1.0187130427089495,1.0053723140756725,0.98795960951715434,0.98737046317813126,1.0055065669386731
0.9210688554530142,1.0118969094378536,0.96621708062389089,0.97597360691797619,1.0123301995430591,0.94331357485772327,0.99107016076113386,0.98683963518940288,0.997650488823005,0.96874567362651198,0.99335963020374218,0.99185504147371784,1.0265440565731299,1.0295659252575549,0.98327912553892349,1.0050993940782407,0.97640240393788202,0.98401812835405089,0.96673571021619353,0.99029996695137523,0.98984729457288823,1.0163833505971385,1.0014897807298162,1.011187972267493,1.0052182015593141
0.9870731400813183,1.0230444470117612,0.96405929114352518,0.97948418430716022,0.99587218205637107,0.97001467210384384,0.96622061313482388,0.9922590079808804,0.99602805515854387,0.95144644272174117,0.94717869288473178,0.99108041201172914,1.001132013902494,1.0117572063440594,1.0177774751490929,0.97823444242718272,0.97286421137042789,0.964920183931396,0.996756443169029,0.97858403387075266,1.0090129845096087,0.99862992469551271,0.97337664754057096,0.97593491280280309,0.9880928835177154
0.97372244122306206,1.0211531684054869,1.0101574938813012,0.99703960540007874,1.0204519436260751,1.0217602485376367,0.97928628149540486,0.97785589713909948,0.98291673650759792,1.0035188324214246,0.9268871958731556,1.0237046177647295,1.02782464825919,1.0123759960256575,1.0204537420128144,1.0069171120744962,1.0042695629814036,0.94425488167763316,0.9661564788431426,0.99245858098393569,0.99271438853473515,0.97828442552836115,0.99654383625672793,0.95496476690900844,1.0049017376458933
0.97946834624023604,1.0028769535392714,1.0204674519653287,0.94925007422380459,1.0106452387207558,0.99959148147135979,0.96314209374067217,1.0060523687298784,1.0087457852691579,1.019754518833722,1.0016874202137842,1.0165668733778273,0.97147157456378475,1.003052586066675,0.99358350684454255,0.92030406194731396,0.98975606350209444,0.96799772550634189,1.0029512892693477,0.99856585145542986,0.98995550518460373,0.98852714236881734,0.96149245016450635,0.93896731211522433,0.99382001574715151
