0.68287481612586909,0.66768046773529577,0.70200245933588523,0.80574321025671836,0.78916950796921126,0.764423008262756,0.84009975902614553,0.85409584189549537,0.66875664761860676,0.76072832374153954,0.70086534734186712,0.71976929851327365,0.74320263834830635,0.74720579835596768,0.77502292228031366,0.61460872365760755,0.73956804797403275,0.78959102098440959,0.76947911987598683,0.72518690454897272,0.95043990836466341,0.70173204506322562,0.69067759922515182,0.81463528380332051,0.79323825607242271
0.6206211278992706,0.7067044346930762,0.79403970052316708,0.80736793147198804,0.79587931268269918,0.80739781998587257,0.8029511526112364,0.88133452773977206,0.60580667305270608,0.80012626707322732,0.65945851274727962,0.72283374699065994,0.74488878570773742,0.72710657050791783,0.78791141141527032,0.61875849886451129,0.76569452393393433,0.75941738340223974,0.83930483236901143,0.71248524904140431,0.91696785131096048,0.69239788648255063,0.61620815118949535,0.76191536849889974,0.78718298089745076
0.85093911510416331,0.73648165765852702,0.74002630655980417,0.80169528821625646,0.79726325639993778,0.79741243922062643,0.84205230553197497,0.85070963586315085,0.84586922386104724,0.78314762341310529,0.75866023554760886,0.6965729085452298,0.78344272643769008,0.7770104274480012,0.75253666772458405,0.637983729069731,0.76375759571813018,0.78313572315124269,0.80089220052279764,0.79839639548415642,0.92798344724830739,0.69791123390314824,0.7432368005489518,0.81765115169044611,0.75290521487432571
0.84746295384422454,0.84002565600947077,0.70780931943267467,0.82269448170840798,0.78720971797907591,0.79504926831962108,0.79388683038087393,0.87466838946468772,0.7648069475382967,0.8128935512585147,0.83845656122744749,0.86006460580498656,0.74985378165244365,0.75680674977792473,0.76133054918156473,0.75819908215460408,0.76298352251548018,0.85631130485259488,0.86537720785408179,0.72690110611300673,0.94381561655851409,0.7454245018567407,0.80553260112671765,0.76926332824194588,0.79978062978802233
0.83932840390753161,0.78543482371547269,0.79433080719522131,0.80205063471415827,0.79923373622157423,0.80420833057126506,0.8110501178516103,0.84730370016984469,0.81701165293759126,0.77769107918864633,0.7812595082659205,0.81884556305276346,0.83093525668047286,0.7428213348781818,0.7919745841462168,0.75891103451849007,0.74500450346363789,0.80217626010367293,0.82368908336013336,0.86217105901941293,0.94981511966092691,0.81638041436636899,0.80019408509554513,0.81260293739716749,0.78222530042828842
0.81371621211151579,0.82331588005453138,0.76567693059904762,0.78588004849936877,0.77955138433637639,0.76808397592670963,0.81002551963242098,0.80863884903979799,0.89962635380983391,0.58022920583816551,0.69594884205721175,0.81935828315910209,0.76514460252094108,0.83611523988729164,0.74875251783710228,0.82444469880963434,0.6035267246755055,0.81508840749764455,0.8327919954251719,0.82113057477657836,0.94677784469436699,0.80315590702301931,0.79725751467892569,0.76553016398129203,0.78465222396507561
0.82884114447124568,0.81824672852467717,0.82527234183503606,0.77715188603110097,0.8200750999800227,0.7713986584889142,0.83303400571205533,0.86161462832180413,0.9063687816856526,0.78921713265865467,0.7722143596014539,0.82091926450500941,0.66342882515318591,0.87774687279801811,0.74761524383024514,0.80489370286174322,0.64293643719288263,0.83329645499244087,0.86255603844339812,0.85541822045312654,0.9233691844914651,0.82473958650903345,0.80830479774838482,0.82202919528968654,0.78563904802021101
0.82487379203582956,0.8458147639313669,0.8053579320933747,0.82747314496828006,0.80764796997280819,0.90239695375542517,0.79267963030486344,0.87274656051685429,0.83105890516860526,0.81407826899431024,0.80344337402615595,0.80376391316326457,0.83513322953797531,0.86090187843361432,0.72144118302427196,0.81853871317839011,0.63259206178271632,0.78310253865705204,0.82600911179664571,0.82763922035456772,0.92530152014976919,0.80955971546111283,0.7394527872546236,0.79028478948020608,0.77736473876205769
0.84816680518954235,0.78738753554952323,0.80410583506192179,0.79175795363377022,0.79851905999902317,0.93285481539237014,0.7990075388342518,0.81115593746333825,0.80193115634156953,0.81652754278958539,0.79176679149442497,0.8286232476173061,0.80599780258212295,0.85527814122688006,0.87122029840204629,0.78414388189420337,0.64481962630479217,0.73352235380132502,0.84493945114330227,0.88119503187900616,0.95641240102872371,0.79987703433732815,0.75358579686476856,0.75788068800135266,0.76351463843508971
0.83906302347243211,0.85281586487647632,0.77180088789683077,0.81956174682405947,0.78584546846553494,0.89465758411357321,0.78823137387398123,0.85294464601213116,0.88486241027339907,0.80065487011824266,0.77261096079890335,0.80591741458265398,0.85627717161249028,0.75217407537020098,0.87093733941583851,0.81736741478671882,0.75134804964514768,0.75670200204963267,0.80001111073859532,0.88503036755123132,0.9259095714503025,0.8375524387590717,0.77848627733032327,0.8254893336336907,0.80210713000774914
0.8561032936936982,0.86245750727085313,0.77538034127529487,0.80466269483681774,0.81406747079968822,0.91399175536725785,0.80790783811537281,0.86063169868480682,0.88204127231130036,0.8090153352015258,0.83684019765459405,0.82374954635437003,0.82618216102660391,0.81642828120484823,0.88086574856581334,0.79402367097846061,0.64102442367100076,0.65263314384204407,0.85591390229976994,0.87556332251002322,0.93887967241722781,0.81084247810817511,0.81561448424219252,0.81362517473167972,0.79408593991793641
0.85601349431671703,0.79090129283877431,0.79301511373767841,0.78190881630433118,0.79287442855286194,0.88168030861586189,0.78155746823654915,0.84426588245806244,0.87663672368441103,0.80469297988368105,0.85918722525750579,0.8354774113444795,0.85378041690700013,0.81032344305671977,0.89043466480690281,0.76585935665798854,0.93473423523049715,0.75292237999980571,0.84057966695449438,0.83398318381125036,0.95297184391980017,0.8770380595123457,0.8078427867670942,0.80827603303225792,0.81767777207782533
0.83469059720264205,0.58766625788537397,0.74219802181968486,0.92191584858839781,0.78814215442003743,0.97163359490327628,0.85957446663538539,0.84662928938381721,0.9012865876554127,0.77065682171453243,0.8148718573512681,0.80306294207396711,0.85510455531497676,0.81109108580702449,0.89676496969806119,0.79150591213639521,0.92475317744445162,0.69944175735738634,0.82591219401880889,0.80509465371337974,0.9125955989768203,0.80933266743150256,0.8076338742384952,0.81031923398131411,0.83343624375435255
0.81881090745699059,0.90570649611463117,0.86610175423519986,0.92524422542011675,0.70487884322854466,0.90842093758601417,0.83695386539268235,0.82383718249680171,0.86378167875098277,0.67496717094736414,0.80268882541970221,0.82359834790321429,0.82653003537544401,0.81251983183935017,0.91548566696954559,0.81412927311528549,0.86689330672953635,0.77433151390677579,0.88539567043057055,0.80666839428477322,0.95277058191167874,0.83958911605245556,0.78432661844934271,0.79980458693553835,0.84669331792671898
0.8234098962637787,0.92363101923655,0.86366063925961045,0.93162472228887783,0.65739868230799958,0.95113209156321632,0.84662681732096268,0.84596707423393303,0.85508600199603424,0.742922216638493,0.81544608626341841,0.81335113668619596,0.86188969901782586,0.81199123033651421,0.88498393204607562,0.79495444218732414,0.89421278111189983,0.7752188132054304,0.87744063010750928,0.86881147438498496,0.93362097357969542,0.77018333780937542,0.82306224571919184,0.82221960334229482,0.83293020957149611
0.8370685912908773,0.92357414737867027,0.89642240178488464,0.9091055366923716,0.78580025637012085,0.97232375819076244,0.77960978459943509,0.87909368376962427,0.9053091773340981,0.68374184082941492,0.80063065401023992,0.86720908917964912,0.81793429809436569,0.80268625981045183,0.86878310054940544,0.88659459062661961,0.90661139061656659,0.73737313851324782,0.85420658653451387,0.84072496717642842,0.91852968962306725,0.88644870803540343,0.82606698607967166,0.79109541602704747,0.86190423617684531
0.85071749915539319,0.94197730640457666,0.8612674482533369,0.93270287978357758,0.72406293373611574,0.92641075810419138,0.85742574842249364,0.82112235145397894,0.89349913093598099,0.79589560251062974,0.86395952143952592,0.83733352341805722,0.82027258852884244,0.81761066762518786,0.88844942796493098,0.88743633293483581,0.87465349080965848,0.71391183362295529,0.85153417728480485,0.8326873009377288,0.95086920135645547,0.90761184767539271,0.8362560150605316,0.65467219270167998,0.83834112735560007
0.8034651509850177,0.92852647209495809,0.85484415420668347,0.92966223881758614,0.74737161684322295,0.87926267087280996,0.80218160976631336,0.82938196938784559,0.8447415395779484,0.66749297384814688,0.7910764074851222,0.80547928990616768,0.81964049553200691,0.7627101694458911,0.90025574610291836,0.90980133961476339,0.91331204235800445,0.84403585719160301,0.85204060363198586,0.86343500566856701,0.90529665524803871,0.91086492730445445,0.76619755203250084,0.77171257702006679,0.84271085940455015
0.83242212845126562,0.90591148210837946,0.86831577674847071,0.90772426123431971,0.73424804455282844,0.94146725376609675,0.79488747888557587,0.85392728760313341,0.89592167888430518,0.60974598758930731,0.85710871657772658,0.83428686256617413,0.82466336521039896,0.88083207526621943,0.8773806527555339,0.84273178835987739,0.91252702826638066,0.85784364035658478,0.85347054717345572,0.90956406846957194,0.90712185226977848,0.90169223523075714,0.75519525208094618,0.70147926471685251,0.8532204237694585
0.81669846618440822,0.93769839242698472,0.87649828235163429,0.90837277268438121,0.74963366872573634,0.93834784202188404,0.7285558928309751,0.82773394858802263,0.84545731439835681,0.80657184522453962,0.82200991808170076,0.82361355631918409,0.84695487732149322,0.84811245491872189,0.88036275513509443,0.8897413149492106,0.92991718774584819,0.88889718028996645,0.82674262475285265,0.79438282942075022,0.961036493932512,0.88359936675073714,0.73429041737321743,0.76571153209053233,0.83746850479980617
0.80550019043767496,0.92672147373746583,0.87975658702285631,0.93441602250572287,0.74092175466306265,0.87797289333906714,0.91214773583443254,0.83447529379503294,0.8818907228738242,0.88691266190097773,0.81385572008788098,0.83033743390496162,0.80808740611469076,0.85395277960649985,0.89232667116915854,0.88528768466940366,0.89904327942536955,0.86673916031516174,0.86286044384969618,0.67751879426255435,0.93355096658065972,0.92214981015149999,0.63480382750163777,0.73711790315748593,0.83188353936937787
0.84864413859509802,0.91978594443215889,0.85911141024104098,0.93660793545699539,0.75839588614350728,0.86101343572645883,0.91739268967736931,0.84749496269647995,0.81793999994066846,0.84441622250028348,0.80462782862138238,0.82657192880101837,0.81582855878248861,0.86954963840963595,0.89987502577364897,0.92734887769718888,0.93138774879405817,0.85015224593043426,0.83855453015712267,0.75449157405267353,0.94477202115908332,0.87425583194770295,0.71370464465654526,0.91820090446835634,0.8413215517811149
0.91709335940637349,0.92420616465507466,0.9191671272161801,0.93052850383543295,0.82822267564584839,0.92781780060487851,0.88843724045191663,0.86724965588626746,0.87021414190940627,0.82297324089559187,0.8528398070400649,0.80620552097796472,0.81661767513359218,0.85271851096242202,0.84236535692921199,0.86250435524028912,0.86687312389762683,0.84516344586565106,0.8610409168090124,0.76849019525212436,0.96011382704039061,0.91059794409689176,0.83896626364583049,0.91411637592422035,0.83111849200355947
0.8586380305881407,0.92064400403790481,0.88652725328716253,0.91282838095326213,0.85200853015088696,0.92064476678005858,0.91205193435857113,0.85329849420662351,0.84262804799274649,0.79096412819694994,0.83654137738409828,0.82490877731620749,0.79247836010052741,0.90434436041733579,0.86482606556130492,0.90519279885879778,0.91636544207656667,0.87021455046541474,0.839516437603262,0.84602972837493917,0.95531225101392858,0.89881915290523362,0.83652559751718791,0.90323540734258401,0.85554753828246677
0.84173891572189041,0.90178093384159486,0.88740503641068591,0.89766530543061263,0.88782061854576111,0.87460474988912607,0.87843068857027296,0.83935358627684276,0.88262551293536706,0.74819209142806453,0.91297840739596803,0.6763301353855814,0.7288248409481638,0.84605117634525406,0.88709942221804861,0.8992763803411582,0.89714463058048111,0.8372824863186108,0.82475789462789184,0.8607711821911419,0.91335880170126571,0.91187936261837255,0.88031075169320616,0.93111686738466415,0.85626409501417056
0.86710981283586197,0.90591728978165176,0.87319143488079709,0.89673750575348754,0.88958644950527732,0.87677461572265891,0.93022612837714169,0.82819566937261035,0.89771285681851576,0.74172461626363251,0.90737261041270312,0.84980178734798983,0.7001649742287025,0.88599990270325835,0.86622059301827736,0.90757358401688204,0.9243098238919043,0.6200970937869813,0.70953241400400624,0.89490570664270541,0.89570140986201741,0.91347746584558243,0.84992779645031213,0.92984583748530003,0.82794587590372148
0.9208396526901067,0.92800261644332049,0.85031505499260385,0.92918218076099002,0.86033480721193911,0.95088105197850337,0.91384060914728238,0.85049624242036959,0.77278787184961417,0.8139035365625118,0.92397019868721664,0.87539209417420083,0.66348662522374136,0.84729332669138013,0.88400900653352654,0.82257774175867127,0.92289668479700115,0.88707233081682568,0.65247978678819896,0.85953564432775031,0.91440166633547482,0.90370215335392201,0.91347175336338604,0.92679224480744482,0.91537303207490672
0.86914415137751122,0.94231579841171376,0.88571165829776177,0.92337153987464227,0.87595474868091616,0.88611205763641487,0.91755701670293666,0.82977461129947194,0.86419265446668025,0.90127595410340167,0.90195466891681497,0.85240773729393293,0.80555030885028089,0.87174601689240128,0.88184930661586003,0.85597435049670556,0.91552782366200469,0.89593591008991325,0.78057054434447914,0.86925799850064955,0.97952561781313763,0.90456856003040931,0.88005477808814181,0.90833061450564501,0.91555527908929613
0.83222223745904067,0.91964878754906554,0.87535837387229265,0.93500331045035634,0.8507343227630092,0.95908670081336667,0.91045154069717427,0.7948263201976199,0.85276477720267541,0.8740761128971628,0.89744545899980543,0.89191270242383447,0.85533383774140859,0.86777243057118236,0.89877367409880438,0.73453077801147193,0.89613956557528351,0.95210151417396482,0.85217598851172105,0.85574072241609345,0.94895920916976861,0.91335521576713075,0.79579868788814068,0.92499946707526082,0.8963540952343142
0.93690365351834026,0.90817323833982011,0.87830977332843663,0.95499460046216866,0.82802340758086368,0.94670612854713965,0.9236910100035044,0.81531198297205543,0.88893682127850349,0.87757050048162688,0.89810623925585142,0.90316508889078684,0.89183238331075632,0.85219998022383625,0.87603612227368277,0.88389465267691147,0.90214082230845372,0.89339492120714492,0.81301582929716687,0.82411592320625449,0.91872734652562116,0.92075283968482902,0.91434762272882042,0.90598976094950467,0.88863877614520936
0.9383278765515245,0.90745236524413253,0.86597093493066635,0.92980863455437235,0.70382688926061088,0.87971987828150544,0.93990470094473699,0.79766380344391863,0.9011724466303529,0.91023976685017016,0.89477541400791161,0.92875802938710295,0.87109791989429797,0.79759396005296945,0.86612421322005606,0.88429462168462891,0.87607362005279166,0.83773181546476061,0.79622058308889887,0.70103706353002504,0.94061740591569509,0.89172998160580264,0.85294490443598048,0.92208909738542688,0.89506339779577204
0.90350521430783315,0.93161997894856141,0.83850545126425513,0.93084383726432807,0.71693879610390943,0.85927986740457318,0.91225215243551061,0.81036857681908037,0.86182639366920855,0.88815094163084496,0.86780349482704711,0.89859655149039852,0.877786057800377,0.77264831508018861,0.87245030924576006,0.88113141119199656,0.90044237768423041,0.86398273816169613,0.91189326440772567,0.90850080363552499,0.9611118493906704,0.89726910410214633,0.85730958810989411,0.92515121752810892,0.92951141787212299
0.89046617675411932,0.90996103545420814,0.60486664602156037,0.93211050735624479,0.77442600614978052,0.88465733411002379,0.90051793735552832,0.75246160273806872,0.85128601468526111,0.87406047953788257,0.88482367816885843,0.88498132521727224,0.86268874352140723,0.88184628767739315,0.86725580231657273,0.86976813742795434,0.87339313464217139,0.90358144073668634,0.91394625793142503,0.93864628490372704,0.97225235307019364,0.90447605419169108,0.81172570047793924,0.89393115256975608,0.89017338194407947
0.93283681171308297,0.92853053927962037,0.86709475222426735,0.90936586404052921,0.92036579191916834,0.92426646109992017,0.90069114877689105,0.78585712023836063,0.86116804128782765,0.88515440659716049,0.92751319603557958,0.9190571076021018,0.84806581315748197,0.8895798504738246,0.86493606420496205,0.85737757216227184,0.9015297447690338,0.91078217421967178,0.87047596837204433,0.88850790573604999,0.93993650349580138,0.88227172125474707,0.84990737676817785,0.92028321486737596,0.92327719750313242
0.934372225567628,0.90692899897010026,0.87021783286197008,0.91715151252414284,0.88086028767262636,0.91971915024889306,0.91796159620350071,0.82224570718940748,0.70076114882185103,0.88270982447587221,0.88715724702439902,0.88992322497020249,0.77451249147878909,0.89394745443851709,0.88223117984312238,0.85869752371779584,0.90430239713982841,0.9314740246517571,0.89389196546036376,0.90423861545853135,0.94705024523246639,0.92660761747943698,0.88284689263643013,0.91485169013714085,0.92091544998635277
0.92629902131740116,0.92211056028810889,0.89296680115200455,0.91571898988519995,0.88897955477726476,0.9378070462164384,0.93139255443561542,0.77089734319157299,0.78400804761079501,0.87080398190367736,0.93096131383655556,0.90929538871927074,0.74643456060704505,0.87931760135376336,0.8782396850569304,0.89852052775907454,0.937638214062811,0.84984773344504072,0.872915364274223,0.86224351936452404,0.94703419739260708,0.89248406402160307,0.86230256897215185,0.92830036355575318,0.90974289984138568
0.92673517573792952,0.90348958657563638,0.86883811733278205,0.93036854835236682,0.87143872665276123,0.90568727737604671,0.89472158711506922,0.8721255674505638,0.7701034475435744,0.89050372671058065,0.89649291217490301,0.92016689446602595,0.89030835363282701,0.8894258317475211,0.85992427357557633,0.91719684274181157,0.91964339886381608,0.72403945885355769,0.90526568503852234,0.79775781505602261,0.9239460381464395,0.89657763724797201,0.84678985207293178,0.90918091744372431,0.88107658854363113
0.92526384512477478,0.91448613114527599,0.85940022300031915,0.91749945605292016,0.90944047508390879,0.86516947635838171,0.92456442395406613,0.86606958635025277,0.7642154875097954,0.90775635774409213,0.8743958162757185,0.89238148832591269,0.89786149434398055,0.89498728952862183,0.81143124780425491,0.91831915709060108,0.86969672913138141,0.76607965304865544,0.92010273961757594,0.88051571332885625,0.9125997736839595,0.88014084993330499,0.75262288320800064,0.90834345461548682,0.91183116996745139
0.92665489429685566,0.90349858306271769,0.8208126374762057,0.93927806417322979,0.88772731741139865,0.8782299238790775,0.88594403965145729,0.84874206706424637,0.88191238088593082,0.89123891516231546,0.91247339114320303,0.89103537477997463,0.90882942571189929,0.88995430063717784,0.72161099683269536,0.92756051408082041,0.92643249572748609,0.86296118530821131,0.88397963846078109,0.8707754997867917,0.94255465657974791,0.8741021921979466,0.83475550789796626,0.92611053790847675,0.91809624983252669
0.91138803385617706,0.92699443650328284,0.85985357384819106,0.90899355462094467,0.94014474210038823,0.88477176819523018,0.95303909062442871,0.92429003341128047,0.90622503027701584,0.91138581080984671,0.92941939843237753,0.91946014631148876,0.91264749293417646,0.89514118788126218,0.91184167265392824,0.90363910173017736,0.92024510652540059,0.87472375384611101,0.8812746649612998,0.83652235364967675,0.95786279135293473,0.87959424274835063,0.8535791823793778,0.91670659496011986,0.93135559095976816
0.91187418826176425,0.92030961753117335,0.68780956563239737,0.92038039219554735,0.83723243850217655,0.8997426517288345,0.91823463596975452,0.92621680889021296,0.8821462613362494,0.89764877118624831,0.92191352482456301,0.92016033875391234,0.87470988769265801,0.90106970235129391,0.92541046705828156,0.95253038359510012,0.92388984439031596,0.89269646267242198,0.88730387211119377,0.7994542034328489,0.92411461247668703,0.96167312871864119,0.89955742545841577,0.91333400456576186,0.9095378082377259
0.89559236917010343,0.91194882816005896,0.89898437143862742,0.97763108172108903,0.90723551461991581,0.91255771976864386,0.92382716634194351,0.88694400468084611,0.89226554305741745,0.90005825505733539,0.92189027336860108,0.88299859732080166,0.81283065583038294,0.90954195953632166,0.91654704340277571,0.9623148994507541,0.90430278074196591,0.8779366858060037,0.9052445370162463,0.72513458938538167,0.95853770723324916,0.95910158518529443,0.89931081989939432,0.91382824451795241,0.92583964257345852
0.92149291540981892,0.90109795197652909,0.90959277720187826,0.94202713466079924,0.86141923784284102,0.85425918101471432,0.93706211049698696,0.89996793329499869,0.81816779906985115,0.88852250719449744,0.92066703555911356,0.77706480632884267,0.88389120080255346,0.89758224406042142,0.94626268062148089,0.94487487190221908,0.88193529969770201,0.75957996203036127,0.89528631822542437,0.82774651842943214,0.97168012244892144,0.94973164266155907,0.87217781216108614,0.92081832639524452,0.88329531960165375
0.91796455823325618,0.91379486015979661,0.90167547995887543,0.90119092261026179,0.848212884465813,0.71589589099204165,0.90091098989873564,0.86124644784104831,0.81926826234069583,0.85670313274228593,0.8721601423758748,0.89744280540034183,0.90243433949734764,0.87398829232008779,0.93658792146744085,0.90813852555926766,0.93402797165077789,0.89230649134593809,0.86534964574172368,0.7215505918359657,0.9228362908584733,0.94136038190121196,0.87890996388470011,0.92174825365496993,0.91534770253633213
0.91430814416093265,0.9247680539939177,0.88892471827623887,0.90916452438770134,0.84844052564758154,0.78378768296733348,0.88814941632458932,0.88227483759020231,0.91967280739667301,0.60975910973057201,0.90383175027715379,0.88330915088723572,0.94343075216288241,0.8925846519135372,0.94370524377406095,0.91389273947465366,0.89898334827410098,0.85739502566112935,0.87989890298584372,0.89033426075663957,0.9402396308238411,0.93572065596249399,0.90556370244222961,0.94380680769332814,0.91703727099524979
0.92902754490963013,0.92970652036112,0.86385724247937956,0.91989174606202362,0.68772778575602145,0.8649753927334789,0.93616662293586073,0.86690884774221455,0.90236688743239613,0.77012847557909159,0.88685792253621543,0.79423046943311038,0.85273747696880553,0.90142083098533088,0.93289408165000154,0.8966604634481502,0.9023038766494873,0.86827164834057458,0.77577925563685834,0.88159363034227156,0.9529359095194202,0.93385274188277057,0.86029802331983207,0.90804737646612754,0.90984001676099768
0.92673874312366511,0.88993187863297563,0.86225306395172885,0.911780838916046,0.88817335890735705,0.84356745107470898,0.90850345705039648,0.87927697032266139,0.91292121350224353,0.72617333674062745,0.92987988173535685,0.78274172988578339,0.81814029639256935,0.86281173001917899,0.90031391696103802,0.91843572778600102,0.93193253306761925,0.88036603756474197,0.90241414074183435,0.920337763346741,0.94507361068248219,0.94994946821441073,0.91203908875175099,0.89321961355018298,0.90403610307938975
0.93430577019123895,0.90648024183309628,0.87302228357014944,0.93957119971943004,0.84496500950358888,0.88727039064294455,0.91354521618659756,0.8650915263341129,0.90921395400164495,0.81466525018891112,0.88664953019900938,0.73937852688466932,0.75139088097766893,0.87838297345880023,0.89598988851949524,0.94237591016576971,0.94176524546575235,0.91170056762813279,0.90162059329027922,0.89877929785681399,0.93662757584645884,0.92145374407552572,0.87438645283776217,0.91440454822970396,0.8852192310640401
0.93657698749205054,0.91107573200067082,0.8645163638783725,0.92481444769975441,0.89459302604172608,0.89353538557211554,0.90654534253149521,0.66227411548412107,0.94776609792400002,0.59885760842798119,0.89701304830953921,0.93349815377120415,0.66663147769899667,0.87328089061869307,0.91266239074696842,0.92942001302403243,0.87397722545893686,0.86310859144808716,0.87135912813566574,0.89788625539913647,0.94052629318945014,0.95221547253452699,0.88856443034793786,0.91098848977078029,0.93606124015369452
0.86776075104641914,0.89771947527356599,0.78365080069985593,0.90756348822322086,0.89573924616828204,0.84420897001359851,0.90374459192839873,0.82049740236815139,0.89916236938533634,0.89828415544405782,0.8771313486964194,0.90919245502625068,0.81745498641771897,0.87477434100684559,0.90766365668442883,0.94048445007012071,0.89118548676877141,0.68929270543673093,0.87330747175313428,0.86513427073846672,0.91998838853511966,0.94618624162941711,0.83795193011263358,0.90048062328848244,0.90253427282660226
0.93767892299568822,0.91638510201116863,0.82493151204728798,0.93293019888900797,0.8903304414539428,0.92650890544814379,0.91877362096067605,0.81982643982407,0.8937359213358046,0.8697979322035706,0.90700429019485596,0.95179691652486231,0.80251706221377817,0.89005568436560767,0.89018298564592169,0.94195356716287559,0.86599888290796112,0.7822910002713761,0.91645451132941913,0.90487589057240847,0.92455441750689293,0.9577228743373819,0.76162963713004206,0.9058988093306245,0.87432582155894767
0.89773879452811334,0.90699002430585829,0.87376395584462618,0.94121568223516994,0.86653955572142893,0.92347468813414224,0.90825345903011234,0.65051180523869678,0.91065808110996027,0.90312302226048202,0.89257504552437905,0.94545495526514856,0.71899772366261983,0.89888385909113333,0.89538284765533349,0.92497750062372674,0.8924069634676367,0.7443444164296672,0.84204164401928105,0.89946628602339496,0.94971402002548899,0.95605412178409355,0.8108971165619796,0.931943623606315,0.92192315237673217
0.95130552517927591,0.91461086380777601,0.90866784561636516,0.93763741851746873,0.90424288420294197,0.88285260262259102,0.90827406817397738,0.73519003341617584,0.93007281881451198,0.89645277929525446,0.9494563836421761,0.91338190149818144,0.74215392244566736,0.88388624425974938,0.91284418515529431,0.93505494648573839,0.90172430918092672,0.77107511694125064,0.92797519047455612,0.90245910046738309,0.94197492941185357,0.92219261738528258,0.71016805358015556,0.92602825554255097,0.89456648206278366
0.8853943263707319,0.90362382509766093,0.91967628221135633,0.91484752118727253,0.90472616079546153,0.83679968713442243,0.91570903223384792,0.78325498209173516,0.91560586156285706,0.87550731166405649,0.90566867073411239,0.95557832039035395,0.8543694637177609,0.86733260094253839,0.89872332448954595,0.92823747463719386,0.93286485805779273,0.77207904123655369,0.93853691617846191,0.88541562957351694,0.96510701161330925,0.94727278905810242,0.68446104114531003,0.91281526690204917,0.92268375669268798
0.9435475038495359,0.8898562804994502,0.95714857600584291,0.9332267183477061,0.91247747446511052,0.76639767003338888,0.90827556064177617,0.94267065863950594,0.919361314428364,0.90153874163476777,0.91126657238436781,0.93562084525330991,0.89878375266426869,0.86845436016001276,0.91757344102825233,0.92723474988373955,0.93474855631574927,0.78298467662535032,0.93024498658719423,0.90366856701992482,0.9193036744715265,0.96555170415237201,0.78993672460079667,0.89179621066506998,0.89602187380029208
0.94012944640164509,0.84360946874716869,0.91838182171841121,0.91320072199278823,0.88605183340217097,0.75708609369614321,0.93018827555547889,0.90278815297740855,0.89461093396181668,0.91183618170209679,0.90235334534129885,0.95082321098767364,0.88645444898035775,0.93300863710324355,0.95321555232793698,0.91047582924783366,0.88035563443854514,0.89456071582382257,0.94803099692580284,0.90120698846576786,0.93829271515505563,0.9146573990734036,0.87509204976524779,0.93491175000882065,0.91682719388308553
0.92805122715682786,0.8551661520950079,0.87162406828818895,0.90809598400263847,0.86695182988210928,0.77039856743304824,0.92418277303238694,0.9017047315527813,0.91809860012641298,0.88571554877537373,0.88384796273690369,0.91706020864773008,0.88997210381999714,0.89722855800275914,0.94409916114776149,0.92751979480492097,0.81990722508101166,0.85384200487319284,0.92342811466800279,0.89466389193540863,0.97478447108230004,0.9683209262284711,0.75111214931124715,0.90079170328185953,0.88602080742443601
0.88712298179670412,0.8070654681192051,0.89655455724444566,0.90191692116936195,0.87519342162555946,0.88947167679315375,0.89408824022611388,0.92400269802232204,0.92570389036566791,0.92157982567982877,0.85734095564762691,0.92356978037089532,0.89302488437547478,0.91550986581339144,0.92078327938604199,0.90919004292927985,0.83873007471482319,0.8127399026152341,0.94624637470631301,0.86594550275868731,0.94896502907044078,0.94632346703865611,0.90743415295432617,0.91657555443827365,0.90788102580046426
0.92242091362294343,0.79197864562061882,0.92017494412820788,0.89343897113465232,0.88985088943724966,0.90423144563241054,0.92970765823938206,0.89549037561089717,0.89658172560622806,0.89325797699893239,0.87393151193207308,0.8875834866468415,0.87446285360583598,0.8628172141975603,0.91219371973246433,0.92130526809571611,0.79337097362579467,0.95823007797693516,0.93125405952602325,0.87806869451174141,0.94221999824153346,0.9383045642499338,0.89560865557399605,0.9298673051315921,0.88245561729146504
0.96017712728404003,0.90698516430766118,0.9270059168162339,0.94755224930818549,0.88091402429047949,0.91454428311279434,0.90760334520233577,0.93039248595051594,0.89916103341468179,0.88563833133035386,0.85310462562841127,0.93860084337560712,0.93341550760688674,0.84166022534242102,0.89749752895835111,0.93208841998972547,0.91582576166045171,0.93320011863623165,0.89576466907699648,0.88679666047453198,0.93457407131785264,0.94039764571309792,0.92683057234032784,0.90366327614672515,0.91166056944170393
0.92177236583353461,0.9077108248424266,0.87844563974879264,0.93128791003332889,0.81962786624275297,0.90695017399011624,0.93015250359087165,0.91047103783642158,0.91635143835053001,0.86576220022763861,0.80757129199655142,0.94076016866362933,0.91385780028699137,0.74883816200959252,0.93041099767573598,0.9458315970718375,0.86049316446035029,0.95094881762626615,0.93611663259951927,0.81493385890777936,0.97515774893449059,0.99294305724767296,0.89945897940708519,0.91315656767850661,0.92761263776388525
0.92220699367540826,0.9244048674809705,0.9162015089351313,0.93196970111207889,0.87540165236891354,0.86609424140740132,0.90702360176476571,0.92256136506398845,0.91790163203712982,0.90180381708601987,0.87045126000844752,0.92041451559458909,0.93542177361601686,0.88133674427272324,0.94287292325626193,0.926562329687451,0.72039085147015236,0.93138644349892696,0.92328031535225652,0.66442129130174987,0.97761733320188471,0.97983460503613806,0.94888909134506272,0.90536839899110022,0.91532803270789753
0.93559296923588264,0.87379432715991334,0.91827615348679592,0.93312110211051069,0.86259123433867568,0.75853701087861158,0.91200650722932552,0.93984778977485706,0.90009189240817289,0.87653157526807801,0.69862425993118504,0.93562171861447707,0.92481087305098897,0.87318154137354409,0.92912864248615901,0.94030138351574821,0.87521299637229499,0.95916630387608559,0.91493716111510959,0.95052195141324225,0.90954995821453277,0.95151233702618954,0.92574285839714499,0.899057505836236,0.91457187033292742
0.91006211336113252,0.88971697135881311,0.89807305397195103,0.92138019522786307,0.73607376813813052,0.81979795634432873,0.91542873485624332,0.91396437720440571,0.90478073241370149,0.87523803342630524,0.87698452809520755,0.935725866132472,0.92389712189086137,0.8612344642105757,0.92091882553752935,0.898814551888653,0.88304808079124408,0.91158595257714492,0.93611774944447146,0.91056020436446183,0.9207711856697649,0.964134302256485,0.88363870409396095,0.91214312017193655,0.9154897322872505
0.9379806828747792,0.90466240512798357,0.91325381177963838,0.91231846253692017,0.90043474209186625,0.89025648834864313,0.91660249755083456,0.91611363442838689,0.90684047179903449,0.92255142550814706,0.8531067651427362,0.92634228181453826,0.90229418812973583,0.84739625768098348,0.93735412558017039,0.89724613973117884,0.8947905949725361,0.94981196484388186,0.92841629827053873,0.93139702142832403,0.85690180215838629,0.95243422238869513,0.9283538900982824,0.94452261206800525,0.87288084836493152
0.88311148686908147,0.89577298670556382,0.89694830808921377,0.94386178923394248,0.90410314585894869,0.89375338983109698,0.92507406332183906,0.93923541107090758,0.91049894110857887,0.94139016501622019,0.90240109344443775,0.91080224017362921,0.93436401840506711,0.78050751995441781,0.89332576930532293,0.93634090579361984,0.86213604760568552,0.95877385414976724,0.88791771726864388,0.8964971277023317,0.95425337137529298,0.95843911769775159,0.93209126628620231,0.90270735118950873,0.89670836926584752
0.86590048511021522,0.89905118631287873,0.91387622476825392,0.92065474558447369,0.90583443124165208,0.88134269764588302,0.91683033550387538,0.91238166651243813,0.91980930842785447,0.93583971938707944,0.89629769411436544,0.91974556758465886,0.92726897464738789,0.79200072538166177,0.86213883471445873,0.91739677950995813,0.88131466304856543,0.92486410449439393,0.90190895129014992,0.96994899839626147,0.91325581251869692,0.92723749518417586,0.90585028952777136,0.90063828490831399,0.88669970498324369
0.92585714019459986,0.90331776007408915,0.93520429930376769,0.94024759143368364,0.90942593385177184,0.90610637887341938,0.92011719704849648,0.91270139405287865,0.91566305480890731,0.92764847946109141,0.89707465786033713,0.9116276807826047,0.9294665965657869,0.91633309154329179,0.91331100534434007,0.90654461446843126,0.8681359524625506,0.9331818691746715,0.90192680712459894,0.92948317812112269,0.96231433207216932,0.93279384728760939,0.90701924589979221,0.90435140417749127,0.90965223634776227
0.90319432532710198,0.86665795136920654,0.87891952788169903,0.93954843336230787,0.90660536292351734,0.90851060425753249,0.92602320915090175,0.89513927092224754,0.91408736082614428,0.93635786918421504,0.94660680177023515,0.94620461758014052,0.93741527603457597,0.86116414145485509,0.89674049263299782,0.9270693116087011,0.90954347466416652,0.92300369858089726,0.90934208751567602,0.93736839456266097,0.90451330769552907,0.94474597716355457,0.89206924874719185,0.73013570807230721,0.91879552030841505
0.90390814270837128,0.82220580345933125,0.98012546603910666,0.91085967801623957,0.92534386014464576,0.92857999431989824,0.9301833129332967,0.90684442261552656,0.93135274361742182,0.94145128610429041,0.90837545420273391,0.95075684871873556,0.92187394717037452,0.8897115274260351,0.87378775339550008,0.90146401327099301,0.92546775546907589,0.91500071616061662,0.92858598649716051,0.91170304734457785,0.9179597898026246,0.88821712720512758,0.93481866711044248,0.83297008117450011,0.89506152539921446
0.91057068340577507,0.92449921116339695,0.93277342609227087,0.90962136849508868,0.93803030843948731,0.90963645672393656,0.91747309765286933,0.91975711205182842,0.92231526998133528,0.93489277915443514,0.92564273217721171,0.91533845818807258,0.91631051391798779,0.94004707863777592,0.90803764994406433,0.90951398479798329,0.92108726347998449,0.9693045439863659,0.89031567979109982,0.89799096001259004,0.89671194867100856,0.86446150909195985,0.86568224715674436,0.73596694658024997,0.88860560693797996
0.96943134648656359,0.89525207484931868,0.94874231383100616,0.91699593756436337,0.89649990266796609,0.92646222154881108,0.93379434965147101,0.90254984199269161,0.89524502168989628,0.92961162695883426,0.91263869346046844,0.92219287276095196,0.92166040046603326,0.93838624227164313,0.94190348576170457,0.90942289679457688,0.94063055909404691,0.94335468585413673,0.88909376581217603,0.94431517198804849,0.92111439904418058,0.90679762200562564,0.84515733684999028,0.87041607382574715,0.86982276304794959
0.95967496352464576,0.89447783351877641,0.95394082774497235,0.9212026035468277,0.8834771268099183,0.91705166134846283,0.90053968063954326,0.91147927822993768,0.95120602706206614,0.93092518402234492,0.89623053626047067,0.92014246481417961,0.93502057080941503,0.92087652271930664,0.92323634523306353,0.91548939802594775,0.89821500098227613,0.94936817643645544,0.94063034678759316,0.88631057581738892,0.90240070378266746,0.96074518901204697,0.91564802446515559,0.88719435034063521,0.84393286540402057
0.98472374332179724,0.90166267400973699,0.9463438532463061,0.91615505189913804,0.87756584049233066,0.89305987155108379,0.9042921146363494,0.89108104650585984,0.91959092444586699,0.94614799466153321,0.91982185300093122,0.95027359125775346,0.95017877894406355,0.94544876337910699,0.93111626755021748,0.92869511630872026,0.91449176211249472,0.94103065010968578,0.9018217197427284,0.92324631422556291,0.9547405554813656,0.9174097192389955,0.96434779037531315,0.95003437876422514,0.81236733600748845
0.92442666733117074,0.94642801556643119,0.95366271339202946,0.92791784583935799,0.92994539599184955,0.91040642441062591,0.92508857711982961,0.90739517999413533,0.94270094050278541,0.9351582971274971,0.90944426707336012,0.91830534862634472,0.97211737472376314,0.96241901530743457,0.85937758037759848,0.92324150496508639,0.90785098786915575,0.9369633520741153,0.92629546523076223,0.89964408722299272,0.91925326184301892,0.97626041658061624,0.94568069817163369,0.94078229664815649,0.82855567695861665
0.91103032942464535,0.99271201932003361,0.96062936281750744,0.91342534301599332,0.95762644416808962,0.92725161390955058,0.90785477106241141,0.82362266144656415,0.92157828107391249,0.91275336169251919,0.91054645455876115,0.91637992910730182,0.90601939084582905,0.90979160632317291,0.78862942985223194,0.91729916825459734,0.95625113948918661,0.9480547796214307,0.928783550619104,0.89005634322811056,0.92678944049669054,0.93044369371512747,0.92849716744308297,0.97716571703406652,0.79386837537866473
0.96121181578406578,0.99174397376466827,0.97172672154901918,0.91696591117828763,0.94513508548188363,0.90141729328083042,0.89810243624864661,0.97237074665861867,0.91912916182148829,0.92891009351176557,0.92646815652344328,0.91433039683426143,0.94330124259311554,0.93874362824024826,0.95400922513380981,0.95106771546797297,0.96749797736914589,0.96177492457542946,0.9237807984597346,0.79841743790859376,0.91816828728544941,0.90185623249596591,0.95989420509468182,0.96925265225772017,0.86706413616107481
0.93424682177809149,0.9624305266538481,0.95659410972803804,0.94163165634422319,0.88974335225697443,0.9719455964963758,0.90794385285181201,0.94607014459919769,0.92121349137054875,0.94558289159372011,0.92393112533240074,0.91496870408227704,0.88245357365249133,0.91780601195875822,0.93778754935798769,0.92137830952874455,0.97375880450456909,0.94963652714841851,0.90074734581555982,0.87511191923725062,0.90385294978114494,0.9254499049601651,0.92169226804884175,0.94544519793768345,0.92880357462152774
0.94251616025222373,0.97355489181981769,0.95891905502967612,0.92306448969524602,0.86153704962064015,0.96307965774851845,0.90190170322378693,0.92760653753447275,0.93955977694970005,0.94495451659129426,0.90598880350868105,0.91597888684061612,0.90741920652327401,0.92551176956799097,0.96078452797333225,0.93286222718572265,0.94360299425694838,0.95272351380861209,0.92674850245187923,0.9435265925711025,0.91159726329196034,0.86212789587427607,0.96537944352491278,0.94207936504624235,0.93131337347274579
0.9251644317512312,0.9885016484077801,0.92873437254344471,0.9260963968181164,0.91044927614115323,0.92193271516465858,0.90827607750277639,0.93329304522943213,0.92071703790461612,0.91771074020476762,0.94012430170011907,0.94032536659113164,0.9194788253047117,0.93772850890968962,0.95648767090630937,0.93285149329729189,0.94958086594049274,0.96113520140281106,0.92248384718484622,0.90109052805135326,0.93268974152355133,0.90867542149581204,0.96304715234328531,0.95666483939562641,0.93886855310668837
0.92377731070510116,0.94740760971843041,0.98134663029756497,0.91415680418382816,0.90715585581888991,0.94085573085103091,0.9422008994026243,0.95182786469611802,0.91450252026700052,0.86472449561477216,0.91629500154103238,0.9253952318405323,0.91175897803915551,0.898205850026769,0.96578003405020763,0.93044971303411927,0.94387137807816213,0.91856528357849754,0.95460438349550403,0.88620856634559475,0.94403845591780511,0.88523850548175176,0.95710457724677922,0.94444570516179172,0.96249686530473888
0.91590851444989851,0.95735913389161742,0.94715729984320418,0.91141545100777277,0.92050854793085779,0.94627194069615383,0.96315662813726466,0.90676215789491454,0.9369233576574556,0.87647436988899563,0.91772202841399686,0.93488311028788984,0.93046543543973692,0.91531199396174767,0.97764791625026048,0.93119222637577659,0.94889926249897283,0.94835109695763442,0.92718158503220349,0.94887523752338576,0.93917378164921206,0.94377955820244752,0.94714791789258268,0.92682314612625305,0.89597015885247744
0.92547929120388628,0.96093859858418551,0.94578365088001781,0.95530493893160362,0.92117402458061659,0.91006400106559271,0.9812030882145476,0.94061627659118463,0.92448452528798442,0.93780193038859283,0.90854762098114672,0.91220622832261644,0.93803534119877952,0.9071000197990462,0.96099372069973832,0.92620404074372242,0.95634898920120359,0.94152476871723656,0.92188873084478229,0.93083173377456685,0.90412373799990042,0.95167348797708695,0.93498303138332561,0.94390471870876114,0.94856879899119828
0.95117979491396332,0.9501531249394044,0.94024361094893916,0.95864861888977282,0.94644843450424998,0.94121010947000938,0.9398782918230143,0.93706589135664942,0.91975909638938247,0.89771032092148495,0.89983300809027222,0.95958482767523934,0.96490498806604486,0.93004357664652404,1.0005847330052364,0.924479856060752,0.97679442378291803,0.95047544393690231,0.88644822587662953,0.93074042115877442,0.93135122822925187,0.97935614316825714,0.9491009685494971,0.94512859120235226,0.94299982760589207
0.95032629183537853,0.92260655056714858,0.91097358651957649,0.9708661113280449,0.93582037095540049,0.9394827568182228,0.95805725672081643,0.94407156786536328,0.93261684309982384,0.93327724381715793,0.95444420710267897,0.95130561718294726,0.93423241221099251,0.91069023264735594,0.97077806120816812,0.96226231879811763,0.95279325257507919,0.94191777932270315,0.84758370085171686,0.8889737801729396,0.93077361285431714,0.93324473665971719,0.93371778241364634,0.92982920018975967,0.92237184560669339
0.92240811791386346,0.9635282895253594,0.91044221294347083,0.96773864276838506,0.89974399861618426,0.93561068201732567,0.9992143984806876,0.93882030669151084,0.94014605939798623,0.96523070122277699,0.9304503503174647,0.89495448839978187,0.94881064944317184,0.93899147176817166,0.96933363788200932,0.96176769418841357,0.96238094618344572,0.94214298780192096,0.89706302104565694,0.92214669743234101,0.90235859588226597,0.94079248449224651,0.89554685620523644,0.94281326860572179,0.92126212402020569
0.89703130268441966,0.97471612478740222,0.87914375973173753,0.9072671648693087,0.9461482756157682,0.91711634490839455,0.93467964438388929,0.91339834534783659,0.93141282746414167,0.88057016905210794,0.95828940248447558,0.93605390009410072,0.95733698297412506,0.91603201358553155,0.97006017295619362,0.92991031544705904,0.92581181704527804,0.91656342588487594,0.92858607894795375,0.94874075575770178,0.94943595986423956,0.93814087123698597,0.85233641596056398,0.95963910337628422,0.9464308124865155
0.91162875227304141,0.93137550837213079,0.93116363235531863,0.92181875505885036,0.96887410173198307,0.93284104771986132,0.99144227077871783,0.95424127898253996,0.9196986298383103,0.91356945154421265,0.98412024835237999,0.96155573584085086,0.90979636756386606,0.92493767790328763,1.0038438527240938,0.97908025734027349,0.95690645177120648,0.94662631413778686,0.94467855895692188,0.93696084336838781,0.93718733631513307,0.95386191532873932,0.95370997819261372,0.96610554030511775,0.9698901751884722
0.94871303894664738,0.92626248431654801,0.98531673697222955,0.93422823903069063,0.95064536432825597,0.93302621677120168,0.9627046222570852,0.96266803615308583,0.87296060665482189,0.93880745356681894,0.94272117673120126,0.94058483815381388,0.92009683737167636,0.92977753581098299,0.96316163160198576,0.96739750516747003,0.95169471715182297,0.93395924400259933,0.96585078879864161,0.94642649306472837,0.92870953271704215,0.96664148276520501,0.97436023396072668,0.92406092066777135,0.954085395943577
0.96287935150446458,0.90343506265588525,0.95117168688295928,0.91988623283597015,0.96974608861185363,0.91718562389031877,0.97902828153258925,0.91837987889714812,0.80925506528427604,0.93470776633838137,0.93887272440850478,0.93844878535300991,0.93419959812925157,0.93080174469024979,0.95355911441753061,0.95495072878443332,0.95752883535291833,0.95488117910650916,0.94652844657266466,0.9691607579232645,0.94629116417628589,0.90434690530423933,0.95441753653134631,0.94939031596399259,0.95360694137044655
0.93016269701808041,0.90236245700836337,0.97210291863853793,0.9341730139004738,0.98099818865700761,0.94506772523833515,0.94924668553973113,0.87611497230543411,0.90180999230655046,0.92013291721523471,0.93338375515002614,0.92991696074754993,0.99278805689983041,0.92204167183531416,0.97482656006871493,0.97432857243194781,0.94357755923772779,0.95271510365310186,0.95163867995977314,0.92386830313074386,0.95034111287841083,0.899164731838485,0.95013590903233269,0.90555760396357121,0.89764779229684544
0.90203756857812623,0.91385004737921349,0.91822839497366637,0.92961974028839112,0.95726298387165587,0.95450574039253511,0.96468595814783786,1.0075583746529575,0.94266389023044694,0.9437172018587453,0.97137424889592971,0.93124412876062379,0.90699179421747722,0.92649143442957993,1.019557672107527,0.94934358787626238,0.98472210510335334,0.94998005981862543,0.92579473603024598,0.92097449720431612,0.93441309174057552,0.92403986984749653,0.92980427919470487,0.93952256001174406,0.90306981727188329
0.89450120097533825,0.96925217046014334,0.93194003486733934,0.92503266579394205,0.95340885497621597,0.95153914688911001,0.94242992938943804,0.98825805520351451,0.97324901352210769,0.94779098429773601,0.97411386372193653,0.95734848665053807,0.94356887715404314,0.90529964719918654,0.97906663494886625,0.93849760846031438,0.95165421020039032,0.96865999746247733,0.9480235897497693,0.9407574426941927,0.93864069462394306,0.90167377317171249,0.90311934581257414,0.91970056970196701,0.93845521296911827
0.87895608558964244,0.92731220883649323,0.91384337801002224,0.92944150918309743,0.88627608234546684,0.95399233564933328,0.9587984706525009,0.91529128412056082,0.97809793932490763,0.93769047785540172,0.99020205754711266,0.94151318211928658,0.9717567421791703,0.93979369020919146,0.97806983641238954,0.95461555344529359,0.95469840483405799,0.96114229619109115,0.95526710174381957,0.92375363770278662,0.93976269704566362,0.9305788766718861,0.91565566366173756,0.89087895687097318,0.96567111142442841
0.9249568000964814,0.96596114426287416,0.88826288747266668,0.89293754401703029,0.92361078075125314,0.94561058321946279,0.9746165042371937,0.94780519017623066,0.96070046763395078,0.93008060090170597,0.93270200360115385,0.89032510578636248,0.92634696434918351,0.95263341385427291,0.9601230754532557,0.93782071255270316,0.9401957341818995,0.93143839312324517,0.93427088826461391,0.95866276733784739,0.93067333182391787,0.92933482894560793,0.9406857859586405,0.95845473596491082,0.92103429454383501
0.91393990782631374,0.94243204639731948,0.90756404212398167,0.87904777714789928,0.97399731464971606,0.91731099703085894,0.98288917897401062,0.9521240575980926,0.95384432386978757,0.94064609819315548,0.93515930522299162,0.94409249719384514,0.96865738377832256,0.94548210280397138,0.97772287514633605,0.95385453840181322,0.95345387930696113,0.94631098400834091,0.93914591940877168,0.95517055397453876,0.96120284976634962,0.94726412350357536,0.94933313825388499,0.94737419767689601,0.93989322886556992
0.92357035804107057,0.92670904675055044,0.88823060899498385,0.89984551953384084,0.96777499140069867,0.96846447811128644,0.9462405256942289,0.94593236501519695,0.96168780289374134,0.93960784985736279,0.82909386049930722,0.90998390073194169,0.98318861360557297,0.96889095889133936,0.97748296039537641,0.95885860573121884,0.96024100418859437,0.95891780947935612,0.9425155530932986,0.94699998436384958,0.93058479614254463,0.89463877137193537,0.93423591646743653,0.9599370693007796,0.91573354423216302
0.94080234381825389,0.95958879590553203,0.93537880636269122,0.96773099083920733,0.96322384313972109,0.96250076036253374,0.95053521396411744,0.94097469384613919,0.97783630799277965,0.9409893982581029,0.90160428428662609,0.88671475528760357,0.94214732140074364,0.89491353409884078,0.9377827157842773,0.94361250468316116,0.95965996487590199,0.94774289561976066,0.93309968674509136,0.94317364143232574,0.95005204675542998,0.92518844037898029,0.90340319314878015,0.95057661056042642,0.92743677584403283
0.925124529344996,0.93251484457718925,0.93678882091490845,0.96652290285464937,0.94198849460128964,0.9493263356250049,0.96957582438903755,0.934974838489122,1.0002678940396665,0.93603269256341237,0.94934984919209475,0.90452666716895913,0.9584470263856153,0.94586840151321239,0.98366836916055267,0.9344575202821308,0.97572600067180115,0.94893329316537667,0.93950407602603336,0.94513079411227618,0.93969369564563232,0.94295110116992209,0.96420954267752257,0.91809508035645671,0.92098766223735296
0.95776280523789359,0.93492716978963608,0.90717495878910703,0.9607211460928754,0.96331582513716119,0.91357790759280322,0.97739115358635276,0.96509565099357908,0.95471757107649069,0.95239353557070927,0.96744699202390605,0.91868041266228218,0.92872046344571813,0.91582261021888345,0.94214478733321216,0.93863975084555606,0.96204218786096618,0.940538511171363,0.92846104107008198,0.94026556943427886,0.97103690635442752,0.9395501166525867,0.98108070493591049,0.90610973806281569,0.91032035253856958
0.9230073916396353,0.88782700038732465,0.90986338074579542,0.93684398094417243,0.97408985059377518,0.93065791324033964,0.98771512150410878,0.92972565738158675,0.98585505961768605,0.95542106776764113,0.96779048055440264,0.90596784074526981,0.92728666810963889,0.91542006028077005,0.94237713951954138,0.95852623032025763,0.92336054680844493,0.9536769599331224,0.93297124474305237,0.95339876245096045,0.93277079482498015,0.9860307598747361,0.96794706795021845,0.95650185105693897,0.97042865499119679
0.96186867592077629,0.93322258362698518,0.94691132744147732,0.99333211181646186,0.97591741766795526,0.9521283354012654,0.98459282287892069,0.92034667983333462,0.98966203777509809,0.92972436110299972,0.98895361041248042,0.87008457613900436,0.97537230612554748,0.85539462453125636,0.99118122834533995,0.94662558342301983,0.94622443349746355,0.94429093044398205,0.90933905311014807,0.9784184852877077,0.97540085583637515,0.94612744677794325,0.97802504905342547,0.97749844525536234,0.92612302035570149
0.96211409359536681,0.96409542423433847,0.93385659344430116,0.93005527635595686,0.96667731177750382,0.96773245655689899,0.95660234654188203,0.97242801863579964,0.98713641244450345,0.95018012426243748,0.97173410863818832,0.87045464616043744,0.95953027159605875,0.97250354242574133,1.0025504079021099,0.94585895932460529,0.9660275655170163,0.94891479833846659,0.95085660266610039,0.94915688241847229,0.93777467159027039,0.94852648613710122,0.98279061628905062,0.96925091120285123,0.93025836653679805
0.9475432117937056,0.89633279438336577,0.88411705035499144,0.91209959050501721,0.97272595084426505,0.95189497311743387,0.94408236031874437,0.99606822430986075,0.97541655577574227,0.93883551701416612,0.97866899062272183,0.79832139237242794,0.94846216561866803,0.9658290345213385,0.94752498776888783,0.94756635008347612,0.99018767349549808,0.9518681563371264,0.92035099314635704,0.90862426026204868,0.9449851510736097,0.95844116083490016,0.97693437766710489,0.9495740308680658,0.93552214682504431
0.95637575682909715,0.93375516186843044,0.88120125298770147,0.92940814192171139,0.89964078933822345,0.93284489111011881,1.0005870749754022,0.99930416423185497,0.94509570453045377,0.92671909643958905,0.95826172157389589,0.94095558063226181,0.92869249617463556,0.97255539646063016,0.98907316275750556,0.94490497793180739,0.96737609579722572,0.94928629234824369,0.92980816333391425,0.89462231658150249,0.96266682095190659,0.94285239157223732,0.99235153578094448,0.97012163237557947,0.91848257428063285
0.96596746823392998,0.95196129292354015,0.83061435627478075,0.97899181985374284,0.95986248699423438,0.97519458683449189,0.99254814469223795,0.96376509090618767,0.95266938273531476,0.93807757770733791,0.97032188382317419,0.98911403483029114,0.96162326079679794,0.94451812797004286,0.96884777273831668,0.9597411946930281,0.95946836788423595,0.89743756152220222,0.91628535938349287,0.99059149368916588,0.95687658439293721,0.93041392095662567,0.9888082315695611,0.96314132284305609,0.99658365892001732
0.96884005633930337,0.93018590242248189,0.97056968268023169,0.87863908204614716,0.93156050853769534,0.96946543836300181,0.95888875472638502,0.99599648590496692,0.96187016517044921,0.93626380906483797,0.97208541199142928,0.96559272256357409,0.9609722094661366,0.98550268189089074,0.97073266216174436,0.95025899632020649,0.94003791882053256,0.96228127849419898,0.90270092567537619,0.91823038542296309,0.95320760418116646,0.94331568621609829,0.95312191367585775,0.97842035265645122,0.97893073677187503
0.93218800968555049,0.92880844190755518,0.98778279685539128,0.98408313237826761,0.95694821352681336,0.94290838309218461,0.98457086386617321,0.9968751973487785,0.9552433467964756,0.96786546777651794,0.95953102664595513,0.93817251315095185,0.9428030933721131,0.9670873393945808,0.94618117331429952,0.97261152622488067,0.91691437330736358,0.94656798576529799,0.93931747087462913,0.91457840790342626,0.94700880735369874,0.95073354360011397,0.98670154674185639,0.91092854111374988,1.0115781621533186
0.98478799361254299,0.90702367107366,0.93718911356165424,0.96540202836067635,0.94750010188613176,0.96960341472228351,0.97363955420655168,0.99707014803115879,0.96214250133376256,0.92140439196590473,0.95263084357777195,0.99498291289785723,0.95372275006360629,0.9370599216035238,0.96616160582081956,0.95605781694452985,0.96463328310921459,0.96662763638126725,0.95600855007135999,0.9295077475197675,0.95080298960886267,0.93009045413379732,0.95978272860040259,0.98173594547975773,0.98243960486302762
0.97468067632081168,0.94264437676957524,0.94626815732576319,0.95799697335383105,0.95755879258189647,0.97082819969087208,0.99719690833521257,0.97568744587865475,0.98619558463747992,0.96152477248747625,0.98589920524707586,0.9182796482376373,0.9660726760111471,0.92692017906500024,0.96932125835912608,0.94284034315579945,0.95244911798245446,0.95455951534980032,0.90262708558463667,0.96071470549485083,0.93183762104689249,0.90808468932861353,0.96519630989730221,0.94747516977054047,0.99620409004323951
0.97863959861195782,0.97212912625494452,0.93543588634946895,0.98023744708593541,0.92475297347059571,0.93399738178116787,1.0198585388419665,0.99496498302800152,0.97893112022516116,0.90934355954914581,1.0045216925168459,0.94604387433411896,0.95434449056608683,0.95089284668897189,0.97354468094708402,0.9676011377420084,0.96363800477574224,0.93665318513478024,0.97562216412184588,0.96253209833292885,0.93158225775178227,0.93036676544985708,0.96901157939517046,0.94577868267214305,0.97090193451033535
0.9567024878424345,0.93464015710214288,0.93794131635381139,0.95547917949899752,0.95328330544819484,0.89842135198601769,0.98168159099836483,0.97673716836647473,0.96932367865918856,0.93478581561548102,0.98328132615023822,0.97956665477888227,0.96778138739996977,0.93727835016483374,0.98129431466059869,0.97090885720214282,0.9719296202303862,0.97511225992790262,1.0015447668066559,0.92912485657173782,0.95722028046357843,0.97824469639557854,0.95768797788331261,0.94821987098459992,0.98139064861661085
0.95519413805274411,0.94467603911134401,0.92529133133057273,0.95983087042976212,0.93496162683715267,0.9091943826215122,0.95446865718279528,1.0039024470364828,0.96570340696045076,0.97135554285869219,0.98166044529782004,0.94745976692977374,0.93447345784280467,0.97851358883948591,0.93897106432238764,0.98365628355187062,0.96719029171000237,0.99004659742357237,0.98462950904806534,0.95105759455506911,0.936344009920691,0.93864043422201604,0.93707530836122044,0.93775148775906036,0.99526395074993645
0.94936080890348684,0.92956063170932612,0.94291574478609574,0.95400499909409886,0.91214174799057157,0.94684755848118629,0.9798342586386114,0.96809570831700864,1.0110513159423811,0.96161020557191956,0.97025334629849291,0.99337809619459705,0.94552059950256928,0.95520783477763405,0.98444667435494759,0.96383142244719511,0.9373771244500213,0.9477927378165858,0.98867059483035391,0.95776872540210156,0.93358136494992972,0.91992595555609957,0.93926371938951281,0.93104389927843534,0.99777179251118908
0.92291333158652522,0.96506385542126749,0.91853149999719674,0.9585371899296713,0.94550853979697613,0.967027719762107,0.96776107239118436,0.99634813062195071,0.97115168684771069,0.9468509992105959,0.98260775695531477,0.981694524214898,0.93053540233323551,1.0052947092482842,0.96130861800685841,0.95072570910095855,0.9393817933880847,0.96564453478703549,0.98162735812193069,0.96628843021281519,0.9615226696362823,0.94104196472126733,0.97909331168483549,0.9596557570388895,0.99361793485600902
0.93623173688948857,0.96646703852207339,0.95683430110564094,0.94160669802700103,0.94170179498723006,0.9492936712076453,0.97286130971280771,1.0129373661401613,0.94437634317043762,0.95777102351942955,0.98362137850374221,0.96593865568711845,0.94413376526482784,0.95902748967702478,0.97126645280626522,0.93559245965089288,0.89044325060826335,0.95430524031868014,0.98687516762798455,0.96297200026197349,0.91317242388262332,0.9644058307973693,0.95356277191520533,0.95424618375349035,1.0276759104693916
0.90015353083748884,0.9582525346392966,0.92901340551162537,0.97485593629957956,0.93682957835307223,0.94297458659477329,1.0082651217283123,0.98155131926159167,0.95591779903936425,0.94002158315829809,0.98463988449553963,0.96904427524157144,0.94983067689594969,0.96508509784434082,0.94804555477685204,0.93272913356650111,0.96531378979716065,0.94574065084636572,0.96862220314299574,0.95419240951652451,0.94089453367118703,0.929668089027189,0.97775266601289779,0.92137610224836475,1.0168459633104632
0.90163202930368325,0.9266127573783528,0.96471818159177836,0.98577744368316633,0.92087314844914836,0.9533581758744134,0.96050034065744583,0.99508482096525974,0.96593932329374521,0.96656400791802777,0.97177207063682858,0.95263236448519184,0.94129982381917732,1.0071160984634895,0.96769254255435011,0.93489708297316776,0.9567761229091496,0.95657893257543658,0.9996716750635577,0.9511568361388496,0.9051181510268812,0.92828417181860734,0.98205446318248302,0.92731009353781124,1.0219379929181911
0.98230898097957042,0.9433854407249348,0.96803935779480554,0.98083239322138271,0.94917861348792576,0.91779933938690539,0.96496874103703734,0.99731077655946576,0.99341597044292274,0.95357041055275993,0.99263883359989213,0.93020899424446979,0.96776549831971193,0.95563350881819087,0.94758684692224093,0.98234627114827744,0.98111225681519143,0.9579125001677391,0.97648537234170329,0.96949303027764222,0.90494108742386481,0.93972308993886977,0.97683094107413382,0.96021856594611954,0.97885267681592592
0.94900737104094079,0.94122390479613183,0.95622040147009213,0.98296833707181763,0.97572732924468275,0.96673842191467285,0.99320075986945999,0.96543220755222525,0.98185066035217328,0.93627993553982936,0.95494136325739898,0.98023289625723475,0.95317706101289157,0.95506546267017101,0.95179631333191017,0.96238701182011377,0.980548828610457,0.97901390349780815,0.95632320992393316,0.96092443985865039,0.97368846053706382,0.97708916733131634,0.93180427631034601,0.9505414820039404,0.96566360690363195
0.94939945663020042,0.93272572385610408,0.97250132152509361,0.97145620286291556,0.95929996525884564,0.9573814154486886,0.99315631319891662,1.00302064803375,1.0021156681894177,0.91434573035386302,0.98213165941731395,0.97285545073675095,0.94559940717852364,0.97772397292815694,0.96985343070110397,0.96224580708539731,0.9528607666027894,0.97583165060576416,0.95267681205974186,0.95553924987845673,0.97182703771107626,0.93367969023060882,0.95601554923189114,0.93367253694308761,0.9991549365939757
0.96189331416160306,0.99922485229962776,0.9926642790707213,1.0033829430603416,0.95203199728436894,0.95362508465102513,0.98074826737861942,0.9694300528085712,0.96048445936067206,0.95308626934789875,0.97429081062510714,0.9468033931788149,0.95412725508347374,0.96961224063153173,0.97304286767701909,0.95807897945994402,0.94174413785801914,0.95563389407011679,0.97693320032288444,0.93796637562807805,0.94526850417804331,0.94524691006482364,0.90416714759659089,0.96820512740157638,1.0037109493415113
0.93369650640484303,0.98712835488226347,0.97730735199515706,0.97225772497755703,0.91867026065552815,0.97482700374099285,0.95126115055391847,1.0058609470931992,0.95862435369687848,0.94098649448530758,0.95548421008682127,0.99551761662055349,0.9339761010629849,0.9295705980679293,0.97291636326990627,0.96481190004123707,0.99751708431837582,0.94606446723807147,1.0079759948879456,0.94600296159816843,0.95923427413616391,0.92053273419479831,0.96138781312354515,0.95205101893663069,0.97638377322663594
0.9581556942007674,0.96957890593538443,0.94715691231471066,1.0006578826801593,0.95015335328210826,1.0114755923393677,0.96718401219273931,0.97106402924393631,0.95761045940825629,0.93038774860868001,0.99510643777267127,0.9748380070390098,0.96492525542780139,0.99618964242822605,0.96630093671289408,1.0158840819291637,0.99298445212765218,0.96463563427588794,0.95232790811603996,0.94074586211606592,0.95392219180929283,0.91976485421083842,0.97709232700774284,0.94717776383975694,1.0054594135206958
0.94064578126790976,0.96652789075879053,0.96501626010813235,0.98352563785124958,0.96046172414041786,0.97537869938480148,0.96730520639623352,0.98436352941943184,0.9553360810188315,0.95822598492268218,0.97316146027621941,0.96472351596984607,0.95461848553130957,0.96459027983726831,0.97856159656109065,0.96489721818440422,0.97551684111922943,0.95237492035390103,0.97099601941880342,0.9697772405315036,0.92762687321456805,0.95483796886242456,0.95914657971290473,0.96738017279860866,1.0268193273121293
0.96002579666590249,0.96205072242911038,0.97726186636236245,0.99173379141458107,0.91104146667490349,0.94729362170959108,0.9585365436079889,1.0232401248305465,0.94413438743197098,0.95306227186915837,0.96682866656717004,0.94450707937175249,0.90386418014197478,0.98984120859213698,0.97278137534834852,0.94270282051440113,0.96493165843116846,0.98128897658659631,0.96702033870774784,0.97253754424931049,1.0102198171238015,0.90371467120610316,0.94410061998230321,0.97881725050112522,0.98937149112518208
0.98681807736852067,0.98844009589694448,0.99751812044666222,0.98181254832651621,0.93235704404195685,0.94890192894467418,0.98040196943966507,1.0001704696307014,0.96713090494414722,0.94192680991388822,0.96615186815279752,0.95815505903448506,0.90552206315024131,0.99314568604509712,0.96798495039191168,0.97596117180522113,0.97312360120584707,0.97494018042567931,0.96767010939424924,0.94655491076675335,0.99874310656259047,0.97393704723223784,0.90338320088893664,0.95576710599469539,0.95676772776138097
0.98184313148837288,1.0065496246714529,0.94178002665607119,0.98663109897267731,0.9794840649564952,0.92888937018242601,0.93664681357820223,0.98854472914436142,0.97940331543717241,0.94941167488237066,0.98705345810762901,0.95001896834818522,0.94688207388948642,0.96536033844866009,0.99390450376182771,0.95881068243541467,0.98215083349615351,0.93874314239290169,0.96170742155052846,0.94944540003357603,0.98645859517901302,0.98019662618985059,0.9727388539699573,0.95050794980092745,0.98666903681472062
0.97350024919317624,0.97869392714690973,0.94377064032965774,1.0059370695376886,0.96778358221979344,0.96353605035095014,0.86512570047909398,0.9699825002505007,0.97979192431672679,0.93024724038490059,0.96337127367220077,0.96097645439794666,0.95329502949291411,0.99074257528382381,0.97694809148259709,0.94583634896056179,0.99333651592110084,0.94355312634908828,0.99861917095624608,0.93846140015129542,0.99342484382259511,0.96724034200246922,0.97201094641874997,0.9448291892139824,1.0170279783787011
0.97359575007343735,0.97080374280100568,0.91870846084790347,0.97910251791500647,0.98275486538392409,0.9701941823375827,0.9510404411901231,0.99870363090362102,0.96246693322725851,0.96306721921471239,1.0174260316134636,0.99046138651813675,0.96132527808222179,0.97129717123102266,0.93962854176879196,0.97262725126076266,0.98020893948994314,0.90613493879515561,0.97915051947555198,0.92843467003753455,0.97518450067597373,0.99555085591498904,0.97383560072250752,0.96400201349969372,0.99141181607031847
0.9456702841445549,0.96354388458711349,0.94617330535550248,0.98836520805722605,0.96874386828959547,0.95073624533742784,0.92930738804054003,1.0066574433620008,0.97430905716507621,0.92933222752127742,0.99283293449298937,0.96921506175176653,0.95376200290758284,0.97531577281341297,0.94853402432593292,0.99140449991695045,0.99209935040828767,0.97030921536778103,0.97935075116527692,0.90298959954542823,0.97584463190886039,0.99238451024620122,0.96325689488586319,0.96979222023988498,0.98598554395992144
0.9798541064996561,0.98980921041130665,0.93955648847645723,1.0048158659884781,0.94956775914064129,0.9778631844621285,0.97326347734451191,1.0118939275119279,0.98424105031289488,0.9619474630280187,0.99935961454282363,0.97722432471860465,0.99303679183830318,0.97320811839305887,0.9895053342197786,0.94724665207483394,0.98759435201264212,0.98293901361650471,0.98057696463256905,0.97763948873286211,0.99288173893692544,0.96914744904192784,0.99478205934821906,0.97019028945315156,0.98625387073676007
0.96210402164631059,1.0011004082990833,0.93178210020633256,0.96547822816341966,0.95826465570564467,0.96856611850088625,1.0081650849228654,0.98629465832185248,0.96914415055458969,0.94748374744471786,0.99481854862421937,0.92424344875880982,0.96458036175144191,1.0005406122779328,0.9454130952866866,0.96949848980201592,1.0014378795431238,0.96755130556227831,0.9783725192538919,0.97715671830426853,0.94975519591208468,0.94266031789456228,0.9700143186525072,0.93960502744536467,0.97108578945990176
0.99637503958625673,0.96303512863998852,0.93835951436551968,0.99630764266609706,0.95998029073057567,0.9733271463735278,0.98832832065620679,1.0087146494983834,0.93412670427168842,0.94812807819652622,0.95569348389438058,0.97420989252753842,0.90866731050909111,1.0191663831041429,0.98566150151640441,0.94755678044025071,1.0010298006783658,0.98471021402818948,0.99331105022836008,0.95099900393187331,0.96668404177483502,0.96418876389240904,0.97897204980719166,0.97022094173524376,1.0344814705520367
0.99671469943201341,0.98041505727241329,0.94232059629565001,0.98489605628166144,0.97917730855001783,0.99084021605099448,1.000635725097305,0.97957940463211413,0.97758121615445481,0.97724415346898952,0.96761934837248642,0.97275857673230459,0.96975030253542338,0.95938402928240007,0.94839530299084807,0.97796621998958688,0.98729792290400409,0.98985837342047123,0.97995951318153751,0.97271781710178451,0.99638962314014645,0.97881564518269215,0.9591940249262364,0.97505235392522283,1.0148407310910572
1.0063540112390668,0.98129274418279477,1.0077210684225368,0.99425773589845257,0.95209976310543853,0.95863411756680605,0.93345797580613055,0.98276841142142346,0.95825530566880257,0.93305506599947774,0.98357969492455466,0.95717622518775913,0.95859219287271968,0.92884342863349445,0.94809222895456013,0.93687185044626098,0.98242903470379306,0.98830118391628441,1.019536712128206,0.97428824043229367,0.98960323859283628,0.97496230150439245,0.96430602175111479,0.95216050370545657,0.97673248117546252
0.96351167511064584,0.96842694549117037,0.97601590024612772,0.97645847646847783,1.0011535330107182,0.9819928361602307,0.96298975977296986,0.99296835533130767,0.99234108737111892,0.93508952958098968,0.98540848368751588,0.94282495579521974,0.97010075037393317,0.97986880420717326,0.94022034915432795,0.90605316537842395,0.97892502163020434,0.96888193013519863,0.95001360501447818,0.97367762935462909,0.97808332955137567,0.96101493385882142,0.93088737353054407,0.94143049116159472,0.97161219866839343
0.99229257277604344,0.98960253551182886,0.99402470387006081,0.97701387908667969,0.97889343297288167,0.96047870198322338,0.96728555057316479,0.95874176049249271,0.99391834904034793,0.96789630931551129,0.95705870056065723,0.97177409894964917,0.95370327987748738,0.92416652800056487,0.96545664278223442,0.96418951128276786,0.99532964536205182,0.98550991945039457,0.99420414235749821,0.96467545577301717,0.98457777354554121,0.95005806708004914,0.94707199102913231,0.90953186058085655,1.0250983248155143
0.97905307785439577,0.99132461160304519,0.99443827242909533,0.97843020984530116,0.98871089006667134,0.9780765965254401,0.96389708463125912,0.98493001625687215,0.9998811088948113,0.96717664017524441,0.98132283730690162,0.99454556892388013,0.97422934469395206,0.93973154646121193,0.95703090726754692,0.93170218730833032,1.0096435740954004,0.97360701562764362,0.97171254747379254,0.93279843357403114,0.96884214685633718,0.92013738302717962,0.92893109440999244,0.98308771079123913,0.97213365717939326
0.99978185675352915,0.98311659381904737,0.9919062943290341,0.98079268652508123,1.0161906678090751,0.95982235916196057,0.96572182430984999,0.96667515340808574,0.99371583610544145,0.94607907297916161,0.94072653087871205,0.98320291757974132,0.95684127399690178,0.97964253072882246,0.96063612840955492,0.93184219800481305,0.95592172594290481,0.96225231810314804,0.98773069432481231,0.93731315664745263,0.99037079797727623,0.977439417156727,0.95281745180250177,0.95239531223885066,0.99112728828793539
0.97291815003774251,0.99419386188401615,0.9625840316499219,0.9667051541851277,0.98236238105792861,0.96796189468016713,0.95652675986652891,1.004484842122171,0.98205519321434542,0.98978977829659953,0.93258196800472482,0.96255198337679504,0.88536839969720948,0.94295596237767854,0.98057980225309671,0.96348354863111629,1.0045963784223799,0.95269122691574326,0.95908517035766261,0.97636990870992058,0.96390945531783834,0.97609588961329141,0.9619690895374492,0.90052309947573439,0.98340287034838636
0.97876516891292609,0.97243654024993964,0.98986522554593226,1.0066058942697658,0.97685397170672528,0.97382356204816978,0.94298324201426875,0.99370801644251139,1.0171324954379912,0.98081782544410911,0.97234549795414638,0.99405620919729387,0.99097948821744175,0.96439621955697163,0.9761560119932613,0.98122675759088518,0.98517515747001561,0.94060239567960002,0.96849527862649321,0.96368661958524082,0.99592175405383565,0.97948256512734055,0.94791598564184298,0.98699195055282929,0.97074439791267209
0.99109500819716345,0.98682346009776933,0.97609898701886355,0.97444490647936544,0.99561735762631176,0.97047328568587954,0.91068131574143307,1.0209783383343656,0.99135039465180397,1.0107182774966113,0.99353478259593253,0.97823338172607777,0.92323310164487415,0.94800277588965864,0.93379046385374076,0.95301958036130952,0.97987952788534438,0.92922048871730045,0.94786460643101955,0.97273756443680437,0.99072140284121446,0.97539577499164665,0.97450520655503858,0.99329271658410989,0.99708776135481747
1.0066334984223781,0.984645213797262,0.97053874890961001,0.99587049341214917,0.94459153381864658,0.97770723854491515,0.93465631800920124,1.0009107383928835,0.99199894201245853,0.93780370911868849,0.98597932665056909,0.96058677916319346,0.96374633152830402,0.96075649251380624,0.91143560902638521,0.95125097123710434,0.96722255893613607,0.93930834605171454,0.94948130061103386,0.96505876059783113,1.0016353289975508,0.99382421727421111,0.96483738711304767,1.0018788647262096,0.98111866040034212
0.98384112405104973,1.0201306459269903,1.0164563343736266,1.0046204380320096,0.94308459767593367,0.97891323224737359,0.97205081770856205,0.97295376673597089,0.9743526516145572,0.99874970162356069,0.99498932843108445,0.94238622397583727,0.97077064286225345,0.92775855037047994,0.96296918073812898,0.94056543139071069,1.0160486652661218,0.97338740541026059,0.92171795054191374,0.9701219202789011,0.9754461434036491,0.97121946352665678,0.97135479446200468,0.97298845875106199,0.97836299637245427
0.97312296060415571,0.99235381198374506,0.97019173216036014,0.99377815722677476,1.0162760186681861,0.96112326702024986,0.97212790456782194,1.0026096287144914,0.97054436865998983,0.98005105135556003,0.97891250285326759,0.92229463161797198,0.96814282786124328,0.93077910977460643,0.95924934673395634,0.94940755954209022,0.98913611343465568,0.97960667317500072,0.97675498701124319,0.97973504443914994,0.93587635484740128,0.96125756466795154,0.95943286712918585,0.96657381117321006,1.0164126073041913
0.96718394271930486,1.0181220507511677,1.0013695661178701,0.97678542394510026,0.98541101317960078,0.94800615527600418,0.97934024268508146,1.0032957055641416,0.97107310070576147,1.0126874623989934,0.94055547970612119,0.95746804059502377,0.96288713752987054,1.0087349785718518,0.95739715408625836,0.9971247789567157,0.99488465891245725,0.97440128125739056,0.96183068845467867,0.97716567136427013,0.95680928836866308,0.98639567539353934,1.0074973443728776,0.97701867121555996,1.0271521302932884
0.9664690702563371,0.97972572167039351,0.99118836294034962,1.0006871939074855,1.0269820311267868,0.9378784065857183,0.98780192373865572,0.99512402843119019,0.98484504324619482,1.0015447466038521,0.94531535563359104,0.96943549104477533,0.98390760115867404,0.96932868481038115,0.97148850638241802,0.97699628229504709,0.95341491157542435,0.9802254042245977,0.99879083142023051,0.99611254553972495,0.9887489528518244,0.98159964014400403,0.95685220859688547,0.97720596955278849,0.98806464113669978
0.9417863416456872,0.96494776516361813,1.0119058736048314,1.0078074809930821,1.0298887673803874,0.93549375049044714,0.97434646081098841,0.96713659660053697,0.96160526567027627,0.99794714116020677,0.9950550471944315,0.9587348004092332,0.96744452862727404,0.9861445873383633,0.9716254430657143,0.88911858374593145,0.94758239567719671,0.97936652534361968,1.0088357467978868,0.96951722196869017,0.9543368795449616,0.98060646660066741,0.97297408966242649,0.95582051770577758,0.97038459232056484
0.94544946213094661,0.96989282096458129,0.99888531558816362,0.97420301762340822,0.98765427232500103,0.9539483332926384,0.97882094599400338,0.99458493282133587,0.99418876224894503,0.98924022688438651,0.95901681882263168,0.96959288111854613,0.92705974485692033,0.92783188130297078,0.96607791683568844,0.9451267900949758,0.95225192090930955,0.94176858858140056,1.0202017255852369,0.96135577187085297,0.91941032740728279,0.9667939976394504,0.9735838671727175,0.95313925720462289,0.96160277029279118
0.96904868332054495,1.0009045532997132,0.98113057661414882,0.95883934492065059,1.0022161641254272,0.96125051411219598,1.0008004669224879,1.0117127835916482,0.96401107831237332,0.9962660844232063,0.98472539269595527,0.97775176220120785,0.96695963659452921,0.93172039236241344,0.95816214137844924,0.99425515304477963,0.95162010490350224,0.9568924965740957,0.95220678510784518,0.95932028953671367,0.96106556474033644,1.0025960174769808,0.97210387376619822,0.98624003957725326,0.96668291224943481
0.94610651893813347,0.97337207736557096,0.99321967928557753,0.97543331418176416,1.0135561287827943,0.98782463795483266,1.0099245478359928,0.99865792100632556,0.98029096704324659,1.0016426795113516,0.9915383102880686,0.9848053552621886,0.9678530341512781,0.97792130534626076,0.94283685548854179,1.005148196946035,0.96065268377664292,0.94410659081744108,0.95043691124292007,0.99793917936066046,0.92365347844730383,0.97199910765345854,0.97991583689073591,0.97069039662795198,1.007971832414184
0.94722670348378335,0.97277130947082457,0.98076270884562877,0.9781585091137166,1.0330374293036964,0.95585403969691585,0.98754007335459149,1.0075699997854619,1.0099945439706473,0.98992200264300489,0.98605835637678496,0.93664373521990552,0.9631806387172912,0.96196672033711617,1.0000297612572129,0.99189805339243986,0.92626231657686353,0.96251179475179605,0.97271940271943236,0.96119443052063958,0.98696688957286227,0.95933560136471729,0.97591681617017434,0.99940767778213302,1.0063552231845636
0.95178398493507954,0.97741351575911817,0.98639623982514313,1.0040839777949195,0.9939785295935577,0.95077389059776152,0.98100248812261881,0.99672457729066211,0.96399913469226217,0.96980856957404715,0.98759654969703403,0.94893625648593527,0.94621578660485439,0.94655540930549209,0.99327799444575293,1.0058428153301049,0.94371563165249284,0.97597475049518445,0.97054527388640399,0.98014548368252419,0.95671366662661317,0.93884153172624274,0.99531813541198233,1.0089939769287783,0.9577404415576769
0.94726370158639805,1.0052870792298638,0.9951759677812464,0.97633854178946822,1.0199591180150045,0.93577565974564925,1.0177338335679795,0.99699763302542721,1.0013303029702598,0.95643845548931117,0.99113865573813409,0.9409582495429355,0.94582968122873512,0.98786894828467309,0.98691410010521508,0.95943384265669807,0.95796486312998241,0.99115536639974555,0.96153108061910875,0.99525883614131605,0.99351890713978752,0.97612732746317099,0.98000775372803695,0.99904618483189245,0.99869818911979413
0.9476018336104497,0.97261582488174503,0.97205986888822582,0.97330427454633983,0.98772567072936579,0.96976163494489698,0.9904940038298703,0.99861511492840038,0.98051957401761247,0.94488375868130547,0.98278453505803287,1.0094866819730526,0.92634818033980448,0.99495814398627314,0.98288114132500415,0.96579755889953833,0.97466417062012556,0.96649181365203529,0.98087641215148036,0.94801476482947389,0.95952037441057447,0.95307994610513735,0.96733978677852017,0.99314920916350535,0.98103622402070556
0.93610882150445696,0.97503746429210092,0.98560168096067802,0.98080616861315217,1.0111246689462157,0.98351465480350819,0.97257805984166701,0.98747104350897907,0.99215129903235066,0.95851571346654252,0.96060935407764592,0.95181419092294706,0.91216306868114483,0.98196094951830371,0.97870766105073026,0.96240979094978951,0.9916365308057995,0.95813621834301277,0.96589642509990659,0.92904798211483175,0.95059746919258592,0.95921536535662577,0.97690728337778088,0.95687274864169269,0.97831703227867484
0.92106548701645374,0.96404787368762901,0.95210743339950632,0.98799810253267961,1.0140544831227911,0.94987200499773727,0.97905762847927191,0.9861102305533952,0.9862400513013776,0.95527178753252862,1.008342025803503,0.92049446022955517,0.9725717550258286,0.97942373466954757,0.9793836661713976,0.97726187673237419,0.96742074454001059,0.97905463061061637,0.9717404755375163,0.95902109924283419,0.95965954320885549,0.97937888753722191,0.96564571169569513,0.97208055116598913,0.99886147467402131
0.96622973789657918,0.97460879541877687,0.957666659335626,0.96405781196603013,1.0184088062973622,0.95950486256004597,0.99764772489406672,0.98345116884339934,0.9618957325991262,0.92776073003960335,0.97611535990718357,0.95831173699905925,0.99957090622086398,0.95931070821020548,0.97891868027184903,1.002385782670244,0.95180335360627788,0.95166789805703389,0.96841212943496913,0.97575981725467809,0.93985665209120406,0.92320857456126038,0.98474339617154816,1.0105650169811353,0.99354790610213073
0.95958842758315588,0.97886020463052503,0.97210039541360738,0.99204116809613763,1.0160753354497007,0.99309860025504693,0.95420489772191552,0.98426434057192769,0.96349675553359559,0.9516710960497875,0.95836822068256489,0.94487337821499606,0.98969655144779334,0.98733813903392798,1.0129492572103709,0.96250356164691608,0.9516050386879753,0.97041803701344986,0.91988390756352467,0.92069640355462501,0.93726739480141563,0.91583902912517812,0.97475324185563061,0.97393141697740138,0.98439819674634921
0.95142206963394804,1.0070092005549751,0.97090025014928405,0.96893892044766117,0.95075995021668047,0.96834086394213914,0.99596209635845123,0.95954996925268488,0.95881943612804466,0.97727648262953271,0.99067045187683089,0.9437915645142918,1.0165058102083284,0.95175970628771545,0.96279612609821275,0.97886587229936395,0.96455069666190973,0.97473789470001859,0.97925350873745021,0.94981794132009245,0.91028647719838374,0.96820038631004213,0.9787598829888825,1.0120430825690552,1.0041242479910462
0.97108132616026022,0.9806815364155228,0.96605049306942936,1.0015348956730643,0.94186133303935593,0.97077811608938513,0.95157976478931483,0.99818997647671781,0.98313696492650127,0.96221596127208797,0.99089765921630568,0.97717028827626606,0.95614202528259662,0.998863956849668,0.97452120046247059,1.01444726017984,0.96067433116933898,0.93399934014197683,0.95867127952969211,0.92934023007257838,0.92149067899922288,0.93816366664628881,0.96456088746365842,0.96578231866687825,0.99129819104238903
0.98674828283942673,0.97616870345681872,0.96938477740321871,0.98837030637905943,1.0015545495328906,0.97106731362186616,0.94643105776024949,0.99187183121888278,0.98076303235161955,0.97178380122255115,0.99017090176226374,0.9690113453677921,0.97855895362505163,0.95268324029044804,0.99435980190950235,0.97395059486446089,0.94377673358406045,0.94250111577854456,0.96508554335700469,0.92436941576517628,0.97818157464297673,0.9875819551139553,0.97816156190117176,0.9922348640615849,1.0247920982161505
0.97373780713990643,0.96653212086296914,0.94433362218553818,0.99196390750715835,0.99322470491707826,0.96892996669790843,0.91953972278348706,0.99021226245296723,0.94218716209347453,0.9773817220507377,0.97345857462249685,0.95969980091324358,1.0018898465044892,0.94305953999173897,0.97844825905294153,0.98940456631556839,0.93835293886382665,0.98334736134488521,0.97369126010182949,0.965391627639132,0.96015086701337149,0.97466281004286004,0.97572540155125509,0.95218565158461055,0.99993156546386119
0.98915247576489651,0.98058306666678596,0.95893124124641294,0.95953781193398602,1.0080527200211125,1.0079784904176263,0.96285834755506361,1.0066936256255257,0.97020147201222173,0.94911502857667629,0.97206434229631555,0.95283742992869636,0.98488430691812157,0.93837394623300674,0.99207421536859242,0.98078184560447779,0.96769101581984396,0.95220181021662742,0.96029891525602817,0.94144201655398507,0.9458733041406141,0.97779849269679264,0.98323208797772133,0.9769256289804179,1.0138352021282631
0.95593873826013509,0.98581171460192929,0.99407092148456744,0.98620665233975746,0.9564764795663272,0.95349409088408799,0.95547121298063453,0.98739255970743145,0.96150562220085245,0.88974273964883754,0.96413465441122004,0.98043134213423477,0.94745553036534713,0.96711099150835766,0.99855727950203077,0.99104028875167782,0.95804086525361676,0.95775441477911294,0.96473248508363163,0.8638357807493281,0.95824076230416388,0.97328802339868581,0.97685615608569076,1.0013081166906008,1.0066411419038022
0.96427594084529011,0.97268577249614219,0.96983420940987886,1.008846390051122,0.95794926403749847,0.94959623836963269,0.94519990522473063,0.98704659152218865,0.94879818350292455,0.93115958941422949,0.96856020646228436,0.94941058139820489,0.94952020089657918,0.95252956490857077,0.96697845699538343,0.9935866502028271,0.99131793305828142,0.97799474308904033,0.95434753560209351,1.0069087067326934,0.93437675148844679,0.95729839866314259,0.98485305636019982,0.9745474525356731,0.95695929380086719
0.99140224116410525,0.98655918447747093,0.94972880792682024,0.9454242307550571,0.98664963704385333,0.95392708853635877,0.91858892285379512,0.98939447282380388,0.94829993613300523,0.91252933700191463,0.95887639130700397,0.92373553105857231,0.96418217867877787,0.95375784390638174,1.0125485391001987,1.0041370704017984,0.9529806002913298,0.93847571749535397,0.92468453855814969,0.98011658839893079,0.95574631869137783,0.96938544808458482,0.9756848338373405,0.96938624813391516,0.97704485065863789
0.98602430049303069,0.95512325587525682,0.99568661663736735,1.001092430642734,1.0027993876460681,0.97478442216656314,0.99417250581083683,0.97950056591085843,0.97739348025615613,0.96326979478405539,0.98811572018804805,0.96004035266199239,0.9710650106231119,0.95188484487965486,0.98599808228533248,0.9987167315462997,0.99472027657279949,0.95153640625131375,0.94014692649364417,0.97167344861627569,1.0008463048915621,0.99388278429472166,0.98410394876076612,0.98245047236915151,0.99480127695632414
0.97570528990811778,0.95021305929131328,0.96811259214791445,0.97802541957191647,1.0051141511275949,0.96610741918838505,0.99332761859104557,0.99503207210419131,0.95819121979717348,0.95094025511324953,0.98414377029093125,0.96290214739052638,0.94352844988165008,0.96497499154627375,0.98568181537375621,1.0022263753128522,0.95569783279060971,0.94747926277729444,0.91869197091743926,0.99911179963346286,0.95220131973775435,0.97380923989255519,0.9841376828368984,0.96932440606343273,1.0048806496907108
0.97317720982287936,0.94520364285883773,0.98215162737255879,0.97129605688019205,0.97567739625857808,0.93441638045337538,1.0024616493424412,0.98424104675223412,0.95764329999723763,0.97380615363368528,0.96563668643846046,0.93886176309238401,0.93845995204429433,0.95328736312244755,0.97780728494208102,1.0177727107617436,1.0052745879470115,0.95408762457286034,0.95766505292249837,0.96987572682860101,0.97983806767106563,0.977554935119616,0.96767661872990729,0.97846604719481445,1.0004078997311301
0.9520752183871658,0.97418208072304879,0.96545279874132472,0.96456795948304375,0.97898481050971198,0.98156190336093996,1.0284437650087697,0.9624889352034679,0.98164066616310264,0.96318975388381123,0.96279710586298328,0.95505754832000711,0.93902765083307915,0.92946720222104307,0.9702496143041891,0.99635021162855375,0.97572726293849255,0.94635088306047876,0.9385886395930233,0.98725374147080425,0.97313666410629218,0.95126320960137445,0.99216258598090801,0.97047342756247412,0.97214714914622602
0.96266734644427887,0.96107421265750392,0.99832854111940295,0.97005956494476642,0.99726839433106584,0.98894926123873439,0.95487422491816953,0.95777335182461798,0.99655976407069979,0.95701620527858999,0.99003317470175989,0.94125330669021134,0.99941738430075733,0.97170963652413955,0.96888064630841741,0.97614934636654727,1.0191284706972576,0.97507150845898338,0.91452844361062646,0.95966200767168242,0.98288037898406133,0.9573908708234895,0.94580338200087211,0.96941012033838059,1.0145210098450905
0.99939817720551694,1.0057240039187583,0.98213632598069256,0.95698921704271434,0.99308538629200827,0.99668320296797053,0.9402819499193229,0.96558494560573271,0.95801641256682324,0.98332985428256059,0.99225762954415786,0.95528835037987736,1.0045458499547537,0.97436124813184666,0.98973164832846439,0.97572191250834184,0.99950230110409088,0.98432045901117893,0.92852210312936878,0.9862474928477325,0.98597966229538048,0.94512888773836812,0.99749318758613159,0.9576332567307988,0.95017175100640261
0.9495655875918485,0.97944605639980142,0.95970438951731196,0.98575754088665013,0.98946105040987264,0.97479049529623418,0.93639930690286777,0.99147872961146122,0.9758594915519786,0.96307001358192523,1.0019363838449205,0.9807242327409067,1.0064417152387055,0.98502880621354494,0.96923461939516053,0.96515071200174596,0.98188841089285828,0.95461547962952154,0.95025295560394618,0.96079076518630058,0.97369426145227056,0.94261275491107022,0.99493949703297202,0.97825351360142687,0.96891683873915935
0.98311333835055081,0.95585297853211482,0.93506101460919711,0.97385804464750814,0.94771289809640136,0.95572435676485468,0.98902432098385862,0.98912408676191421,0.94537230522847504,0.93103675319514234,0.9716092145588936,0.98692116683398579,0.97983723845987292,0.9485803372795667,0.96762089732491174,1.0019198946702839,1.0019002236379411,0.95400327170366206,0.94163356279785837,1.0021191838745851,0.97830143235744227,0.94735611610113535,0.99635143171140861,0.99439593726871334,0.93975394894156317
0.96964161985960895,0.96586032492575868,0.9321609757548055,0.98112743041612804,1.004689559290135,0.95832640180067441,0.97444951274861258,0.97688733312223586,0.9661372337783759,0.95246087090615261,0.99900481222660598,0.93520670502157299,0.97355669853361093,0.99030126977451882,0.97670511553132999,1.0000137664783908,0.99880524455323938,0.96627997714176705,0.93813395764808483,0.9603618846217532,0.95701980773320461,0.95956109929341982,0.99030757683202453,0.97992627341443361,0.94393901650349266
0.95282436490969591,0.99783183560944677,0.95197154658990568,1.0082904677375641,0.984204007158618,0.98958130301572866,0.94028142055168573,0.96780902069428232,0.96346435420497367,0.95690287867042656,0.9879519802172162,0.93401767561483529,0.96478192881045532,0.98016098465238766,0.97949343893915319,0.9731154389108555,0.98516478198408985,0.97860599389109482,0.91940186386547829,0.98431053055750761,0.97175643393708033,0.95784571469783375,0.96454861815849569,0.96292032726375798,0.9133173940565612
0.92555684942471994,0.93117928542012551,0.9340083732871709,1.0044284193473692,0.96010357490876885,0.96580912490748216,0.983907074110002,0.99688220995362609,0.9302827393850357,0.95577074765892434,0.99726016397498629,0.9538028714788529,0.95999939647703891,1.0063043549822972,0.99485061731821967,0.9836045234662496,0.99219071756848731,0.94414879554730569,0.91377436928046096,0.96029600636331081,0.98275333715435265,0.98035218546783232,0.96840330387864504,0.99964799790008319,0.97595112104689263
0.90429324728458282,0.9601382305387931,0.9392745424908796,0.96767102044597975,0.99350860869188673,0.95366552375955471,0.93105644326446824,1.0065069322300479,0.97995241977543779,0.94041823879950481,1.0140209945726804,0.96136509385459279,0.99118990934164763,0.97875941420759749,0.97841753339606796,0.97391488032461859,0.96572038869798815,0.97648403032137432,1.0071486976406596,0.98218658308289697,0.97430055342101929,0.94516753002422704,0.98898450350258338,0.95056933929454912,0.96233962692486119
0.971714953923839,0.93393472020145962,0.98272217514925764,0.99128733069033181,0.97517742186432421,0.98072337170063983,0.97570545764644623,0.95454328054462056,0.97918375823155268,0.96073841191266185,1.0014988264781035,0.93727635252118868,1.0109132620927972,0.97203139661171778,0.96569044581113817,0.96456549083821119,0.96657459558539405,0.94398056479484527,0.99723243349940194,0.97851170026963985,0.97898299173334935,0.95218198516878605,0.96994379380264195,0.95056634180136346,0.94713992113321943
1.0194697654690557,0.9166756317153778,0.93127798160805386,0.95915344017406601,0.99410839848491106,0.91071224817668295,0.9603082604121469,0.98338284323523395,0.98657780657313832,0.93243809060497673,0.9183773973531143,0.92650138832585494,0.98266061296326823,0.96323722295894365,0.98433277953737697,0.98229160460411291,0.99245388047237815,0.93306857464082404,0.95461824829005082,1.003777128440245,0.98216921435314308,0.96551979296234303,1.0040053000623554,0.9596204861862756,0.97918024707587703
0.96387148300002512,0.92966131256534323,0.94377462574511994,0.98125081405338832,0.93746338288696651,0.9702466149189708,0.9820515046922651,0.99524374762505752,0.9736113875695549,0.96490409742121175,0.98750297684739374,0.83406898670462182,0.96422165305120722,0.98344461296378305,0.97485467099133161,0.96840847096541349,0.95655893344144116,0.92126378869452685,0.99809326637148577,0.99954545515722792,0.98503468986146581,0.90856020220788669,0.98732585792347705,0.97630798313084011,0.98270459184963799
0.97694198716161229,0.98688210004899224,0.93071326251505071,1.0108491768865784,0.93668166875006564,0.96035001820354038,0.96997068305221923,1.0037658663016338,1.0070839018344881,0.92665051457807268,0.98745020326494271,0.99711575624538351,1.0037189087225136,0.9484326439127031,1.0135121166884669,0.96176509042721048,0.98440332127260377,0.90368106495988232,0.97999275286416565,0.95996795849841621,0.96328596829086377,0.93908565948254596,0.9618849896309194,0.98201349023403794,0.97229021967305573
0.98669240545537973,0.95693998792657353,0.99930136470232112,0.98237987515442959,0.97852809824957465,0.96912424129494978,0.96877552885219387,0.99494468339190145,0.99620088353821434,0.97757225239119427,0.98072066997265839,0.96129134249475057,0.97171464125880558,0.96273864091918326,1.0032134753253978,0.98051492592193068,0.99672296168212693,0.95211451251071166,0.99997824061843632,0.98005404471020829,0.96600426483127599,0.96089145164607193,0.98803257296524172,0.98627198650192349,0.99031442915750889
0.98997181941294843,0.99909011897672695,0.97363097384155173,0.98746911294074424,0.96402112815133278,0.97638945335364768,0.98661968634802766,0.99040863075743246,0.98044255744967534,0.95981793552719818,0.96419518775598734,0.9605012355223268,0.99045720347360011,0.97580311539717912,0.98660294453899477,0.94551531643696507,0.98624995398285942,0.93844518001450672,0.97206271807554689,0.97610189834995487,0.99189432369705333,0.93115879460877715,0.98715931914153765,0.99664131920279608,0.97512898948203874
0.9393079095849326,0.96619273540486106,0.98143832016145793,0.96581050534535584,0.95267543659970122,0.97560717538772601,0.9817372402326856,0.95384033706878923,0.9841584945002223,1.0134702695076698,1.0023137122151151,0.92908352682274986,0.97598402881254287,0.98229268763402522,1.0011721754974547,0.95623195683045059,0.95937581075737854,0.93533183575382628,0.97642291427126182,0.98877806716878813,0.97865733734628702,1.0068746059005897,0.97934332398169588,0.98019573327972109,0.95573778804087317
0.9042604579173501,0.97410612586412804,0.97397814047988163,0.98849681448637139,0.9757442460444633,0.97655356363325696,0.96925600739062223,0.93182514488931811,0.97818506249648152,1.0081388428374085,0.97955843589814795,0.96702012121113268,0.95532592131484617,0.9831096373230076,0.98640472675837887,0.95223374716377251,0.96373255467194829,0.93231344670112815,0.94889648328455611,0.99783729341846705,0.97429338871902504,0.96344820035118472,0.9840845318179483,0.96532705817754683,0.96282799724629897
0.97144728038612527,1.0036853724956503,0.98112770208475619,0.96803205036799334,0.98219451439899919,0.96372745423856765,0.9357505187149443,0.95814063407572958,0.97157391409831717,0.96121064174441395,0.97568933727963825,0.92365545883026989,0.96755588552669958,0.97699192400196999,0.96229313847566411,0.99354967078626133,0.97430885790712585,0.99524542682814199,0.969117696977291,0.97876276751761049,0.98477531552143427,0.97181313095652277,0.99662860186077062,0.96349938271318247,0.96513780227613455
0.99121864527047809,0.96770119469117488,0.95744830747680798,0.97733362922447387,0.94955864907001952,0.98653074323464174,0.97141594078669324,0.95113956246692266,0.99231313593359882,0.94069354852224818,0.97674083605546158,0.98446184805869141,0.99865204311762934,0.9516774596966957,0.92266958751070416,0.98736529624420499,0.95485737815686333,0.97317429685911327,0.94795774679732647,1.0014078846897316,0.98352216077416177,0.99553905869106685,0.97391160456431258,0.97168220826607943,0.9689456648982202
0.96622824394458096,0.98667307866301956,0.94818364116840226,0.98887890167749526,0.94645011114690969,0.95863473956178025,0.93198189661385245,0.9708177517974399,0.96155110696213153,0.9017847123250623,0.99119499429744906,1.0018839695940029,0.96744852279227789,0.97411335156955914,0.97173278396656249,0.97169952396194026,0.98416720912315325,0.9529988202251316,1.0316831706314962,0.98147265535415407,0.96740940598914049,0.987527782650231,0.95756503702885754,0.98173208770695652,0.96532421568798954
0.94897892884522506,1.0011502582957188,0.9603358960200945,0.97268852943267181,0.97014258593852576,0.96825443710477987,0.94840373187627502,0.97900697475405418,0.96492294072361384,0.9588782344346537,0.9917666953584795,0.97779011904258883,0.9826524969917052,0.98408784392066773,0.95167481668337561,0.99686772786552036,0.95863967826875296,0.91265179537200469,0.96540518584335033,0.95634287058321155,0.95456413069168167,0.96347336473742329,0.98633317741020698,0.98433784053615359,0.99590880638748924
0.98700120488181942,0.99083678187582125,0.99349921449377954,1.0235633008406664,0.97228100843047571,0.96785856672765636,0.99818756108926598,0.98185721402188064,0.97410295975536454,0.97526109869834787,0.9549499075607476,0.98751214515832642,0.96371774717335501,0.95164865978655511,0.91651746549353552,0.97642882049776814,0.98808514083694632,0.90486368543379847,0.99198477179136335,0.97786355639954836,0.93948531241319844,0.94712106347027958,0.97327063660989244,0.96310319067422323,0.98133673162869461
0.98195084248927234,0.96087663578527527,0.96419264299754326,0.98622362539408526,0.93746642340208397,0.9187909930970326,0.99941472157490518,0.96422589991530205,0.94723565322176462,0.96647454781515185,0.95359877610960386,1.0064913132936346,0.99485896239752614,0.96271638103809543,0.97510339806324742,0.9666198405322981,0.98691652228807625,0.99021190883520793,0.99620341228273868,0.98868060431055005,0.97491669415756343,0.99517916004535922,1.0055811006655386,0.96585673465057664,0.95227731584666986
0.95661357355899945,0.95960443797801509,0.95730889563972721,0.97964331308214314,0.95288165930511248,0.88439663553087422,0.96541064744829252,0.96305397212912613,0.94719419996135568,0.98798614483409652,0.97474784958281835,1.0040606243830354,1.0057613640954781,0.93152184010056527,0.95123729938652557,0.95040471873191779,0.99444937457123439,0.93575394347014573,0.99146415378587116,0.98245834643275476,0.93221007500565889,0.99601296343504742,0.98089315947928768,0.99431952157630632,0.95301253797968077
0.98214725016467197,0.99719397197418003,0.97571883298690576,0.9609634151978802,0.97322616846779375,0.96325324368734422,0.99725379441172868,0.96738525703715927,1.000193966339247,0.9694898997417718,1.0036231477598079,0.99853207297046598,0.98753794920834137,1.0023131246556927,0.95202391456853741,0.94220998058046557,0.98096828369270261,0.99127932675023378,0.96874132976733607,0.98819798185780494,0.98611692613981161,0.97895471822269597,0.9730304873803669,0.99002899959390489,0.9450878934709267
0.98376181503250726,0.95851254729197888,0.95747492403616419,0.93495011108805692,0.9642731312130014,0.9250751805929246,0.98976570186058277,1.0013028146092553,0.97862077955619919,0.9594545136290229,0.96394628056409437,0.99287584479258872,1.000117457644059,1.0063853194906753,0.98538593676416897,0.97801872687578795,1.0034376227512445,0.97009363941689852,0.97716322481595341,0.97361732276381929,0.93098307887661791,0.9854774931513649,0.98280861246465623,0.93357395568875468,0.95470134401131546
0.99496272951462339,0.98550268920830797,0.9933119530078498,0.93474356545341009,0.94081123342333606,0.94910619336092761,0.94638536901987658,0.94861167822132242,0.9694204793063339,0.95783344686674365,0.95218771167427385,1.0061166900437055,0.99719879100919717,0.97137145524755819,0.9873349406905696,0.97569023273979183,0.99586521930518246,1.001333349232699,0.97153393653845943,0.97694695632067852,0.94010869642048756,0.99584338396795391,0.97345370658467334,0.88151572396308731,0.95958002810788989
0.98017647765181826,0.99594238875538277,0.97911389260090231,0.93881708693371102,0.96855120466970557,0.96084367552607908,0.95784351906672527,0.94480165040245234,0.96329421550036587,0.9678538441094845,0.95551606481124707,0.98028122694503372,0.97084763284037146,0.95015235447822066,0.94778218580709284,0.98660646732646928,0.99157458959796951,0.96546987726000866,0.98782388209239924,0.96556605417342212,0.96896503606881068,0.95220863165166525,0.99859743151259461,0.9074645658782523,0.98660077772474941
0.97293575334193494,0.9857802956145747,0.97453512167494405,0.96209455623757212,0.98594001066668102,0.94215234904775624,0.98484763235297679,0.95956306994393292,0.99486305596744473,0.98948726190663328,0.94538312101663857,0.99924438415394334,1.0038974926922604,0.94106938283122121,0.94619213042536221,0.96197436573004325,1.0088885289302152,0.96731811153682035,0.9704624461097574,0.98816247057678108,0.96543677308206777,0.97167868318491979,0.98098093240553375,0.94004852815780093,1.0013371647581006
