0.64039077927079768,0.66748701816201439,0.73987678734071005,0.79957289253424013,0.71468746977780684,0.76316705511130278,0.69923349645381239,0.71013365583303667,0.84802951413800021,0.79488104945897087,0.82049460700668309,0.73276217145913158,0.80905351852953733,0.80126526725463865,0.84578274578375612,0.63963363788940775,0.54689189496795532,0.53122385629845115,0.85249438663184662,0.65634107929160945,0.76755745871200032,0.91334244205971926,0.61856287361146878,0.73742442065893143,0.80329228213252002
0.69288623127604143,0.6664534810526016,0.7710074417967272,0.73337040516169594,0.70432738697403685,0.71074216290578862,0.67670934648862535,0.71721211312568378,0.85662707568491581,0.82200000815071361,0.79419462092468895,0.80830760245113786,0.79693955985103437,0.84921275370674509,0.8463006095664084,0.82547647155119575,0.62396390412293856,0.57290476158486681,0.86968267614500872,0.70524672177114112,0.74669683901251727,0.9041833660393116,0.77910335685160903,0.70537801327715677,0.82657069987081622
0.88121779539960177,0.78081806527260156,0.72664128950665186,0.78625000901963926,0.68534537998622003,0.74266949049402209,0.70392629554615582,0.7187751652833575,0.82114455188166524,0.8142389548800909,0.80689681573274219,0.8298696344061125,0.82795163088078982,0.8087948132759093,0.85051095681398292,0.84719763282299532,0.68683442080900281,0.85199010229768946,0.80697086116499728,0.70021004063762604,0.7774480849401455,0.87370118097707294,0.77409730677716526,0.76312023064544454,0.78850035905492355
0.90097167756515539,0.76519604451624146,0.7455022004605848,0.77450453469592861,0.82346127723950258,0.6893527178435892,0.76513092314376663,0.7099095727281638,0.84062404493482712,0.74525694747548243,0.7892930556492358,0.82234625742553991,0.78083345736135301,0.8113937077733141,0.82357191397520435,0.81962696424950343,0.67434512936735347,0.83436358799343047,0.7911024270298691,0.88813599333714233,0.79516354606382111,0.92348905399069325,0.78205312509816494,0.70056611491878329,0.78279995294025406
0.89512085434967792,0.79968356751373693,0.78295933195625955,0.72398940765109299,0.79135259243395861,0.81017158942422529,0.74056269276723452,0.83857666628296523,0.85452664880918883,0.7954998384524723,0.77288913146229588,0.8393609196390639,0.73352239061606272,0.83034863950777904,0.841535590366706,0.86133827286294795,0.60334702436256271,0.91487194052744247,0.85383159755934523,0.88070064882135546,0.79100471923840754,0.91837915533845327,0.77207060581651987,0.81543093564942282,0.77579422174937163
0.84458191482200295,0.8040974549083395,0.76322683841111016,0.7102413287861572,0.78067074201819431,0.8212005569858023,0.85533911001448315,0.89098198665612882,0.8327903673023932,0.81240169804140105,0.76627662571770905,0.77175375351186437,0.86481391558748544,0.81886959161387207,0.85083133033292191,0.88120728752271926,0.69815804812455207,0.88021493994627231,0.87551852403496511,0.8606903070749935,0.77275200580653813,0.90487884928636431,0.84434220593649079,0.85194296060678121,0.7904703559859344
0.87383643662321531,0.79785794304860003,0.59697531161001482,0.85675479836348256,0.79614788640830336,0.83355265285851332,0.8202014833025012,0.83720914460672691,0.86161200724532661,0.78358954459302665,0.78777865808091108,0.87761022154767876,0.88310794623230371,0.81201647798191467,0.84176816211357719,0.84324864092300666,0.79741322130794068,0.81181441681978528,0.81779819962228917,0.84989428685572077,0.77344166305474926,0.87113871119072162,0.82630053808781234,0.8401265938006951,0.78475495343655566
0.84487162362227053,0.82008441878847282,0.80628623905532837,0.85188109436273129,0.82273794996591376,0.81856181929204841,0.88064215266471668,0.83976522442430546,0.82504224272350768,0.84180570375914621,0.7935182227216333,0.70435798139854666,0.87452478402622646,0.83242598292457792,0.8634052641311607,0.81034444732795241,0.79491714528049862,0.82365552712060663,0.83640819155833457,0.83868748052873199,0.80760365449617111,0.91553225537972305,0.82036052946272031,0.80180018280178678,0.73700771573581259
0.9061715025286754,0.80661635421344013,0.86523877026430474,0.88983489808587668,0.81553183051642175,0.81988480314748891,0.86191902358462336,0.87806883878636188,0.83577779088249915,0.85765277467583712,0.78261801413204712,0.76587279763721561,0.89260548869988376,0.81023474177882682,0.84838849494705471,0.83765048417936672,0.6143843015167979,0.82880291350296831,0.86087286125708695,0.8867782637033369,0.74445786815564641,0.89202701042013943,0.83442680304820227,0.80057401452979315,0.81009219123468867
0.87603049793824372,0.80709200367246103,0.86192273239584605,0.89371278244816987,0.83739809313986169,0.79874678278650779,0.85826958295068456,0.86269446125393301,0.82601643908882805,0.86383527017590123,0.6766594814442467,0.730815487508089,0.8461188260494531,0.82443812103286385,0.86507749861456551,0.83360281813171144,0.82975356876327067,0.83488168027858911,0.88716350970347269,0.8695435064106013,0.72632673542543524,0.87253499214726138,0.84942167541853886,0.79685509541836241,0.78176324532795738
0.8759040297251427,0.80166524563040997,0.82822007442311885,0.83432718619436175,0.81387867582095108,0.80773185849165408,0.85332133253240838,0.84684163384642985,0.84061018478727523,0.83177759813232222,0.68518563226537366,0.85818935249242445,0.88723189266061031,0.81751321088585005,0.81707941974578169,0.89573406631581587,0.79392629073918208,0.78389838256244282,0.89157894001503712,0.86821543929397449,0.83983227816444161,0.92054568879100573,0.80405098030728339,0.7665615799814085,0.87152760980067989
0.89859622665313288,0.83564425373319862,0.78637075531571743,0.88266118241906355,0.75840066875133982,0.80084274361429242,0.78242143709188738,0.86936606263371441,0.82412232019637999,0.87548588048580467,0.85552367439529864,0.86200365402662205,0.84620303054698587,0.80904460700397496,0.83512448092989022,0.82673445395449097,0.68329614198587796,0.79191560600096234,0.8241244706710793,0.85877493304017205,0.83020334977364973,0.91447013856438419,0.80940993714047171,0.71708792897204221,0.82477214929824927
0.89557027983212634,0.81299538813515404,0.7710390194748189,0.85458560489927404,0.83501199839822271,0.82116854852742027,0.74658771974817595,0.84793214470738631,0.82075648499821241,0.88197044872769803,0.84110544101851059,0.87510548955551459,0.877587265023689,0.79638305459214487,0.84383717165478145,0.86235562780097708,0.79774333052894042,0.70619054831770012,0.85055659154273033,0.8709061336707643,0.81359402067369146,0.933497606556558,0.82284470668488807,0.72762578667904565,0.81332083123652199
0.90869086487061979,0.81867433261897171,0.8890187744471717,0.88966968732265039,0.83594272772469025,0.84000193763762254,0.80929224047605108,0.87292747234637769,0.79335747615569385,0.85564607437783236,0.88107158267850638,0.85693830549483485,0.90822952267000168,0.74793830690651575,0.84754483098263034,0.79835882632643085,0.78334001563636868,0.84301782863887842,0.88876119840499423,0.91003607001648601,0.86103248437464663,0.93162380924809807,0.79721940189618778,0.77696941526143859,0.84183026183666088
0.86470299051598509,0.82560595290202854,0.87219236624416074,0.87648875197489584,0.84265405436077689,0.84074128451100893,0.83127445875360928,0.81268530541390238,0.86665040225447298,0.87143905379898134,0.82669559497433864,0.856859178061811,0.89750397090575884,0.69245678112769871,0.85342175416301125,0.8095336895688815,0.8341343443815008,0.82898279837208022,0.86908995638702957,0.86738335288269497,0.82827677983206405,0.91361377524140641,0.83803965743331954,0.88835938801724779,0.82864106202419163
0.9605856562613081,0.78433237218390728,0.88277484173336906,0.85568502025275195,0.80180031473724556,0.81411389554168789,0.78654246996662658,0.87586319688889669,0.88763226209295643,0.86769392644637899,0.73236358623693265,0.85421573391724792,0.86669473691352639,0.61730641700309585,0.83902748876497391,0.77736604053639058,0.84786206450351653,0.83961771101246663,0.89246810998944659,0.88314111057709332,0.81300328638103303,0.90985938144371692,0.84205377614397681,0.87800035999437254,0.82303285674162607
0.89047179220843364,0.79901966027055304,0.81046819019715854,0.89374847295804105,0.81578144939039499,0.82051938960521953,0.80640898715913789,0.83252958079414818,0.87437283043512981,0.86289232402207572,0.78111467141833435,0.8521407530111198,0.87101013439536934,0.93106140098283396,0.85220487576168846,0.6796410478530317,0.76077380664500605,0.8361603181281716,0.87940622328800189,0.83286764373172639,0.80253286721834982,0.91101109670062785,0.75497993091436921,0.91725289574536695,0.83914904468242657
0.91188893461924359,0.6678609336797805,0.87823505000948032,0.88733617497045858,0.82385783047313998,0.82980143598560452,0.78199863550529525,0.84061128413449471,0.88367426664875859,0.86265025201902246,0.86547137285368358,0.85011911238051774,0.87094781411328381,0.96881501082442123,0.83513145905153729,0.77725621535554779,0.85581343108668317,0.82759294137656692,0.79468216997670715,0.85651144340931407,0.83237171229521789,0.93780991413606318,0.7486066708816731,0.88612350654324923,0.8248673795112631
0.88251249410399679,0.92000898481737248,0.82002290199071615,0.87041192604425854,0.78725652375135624,0.79941757856990858,0.74200233381376757,0.82970850084803727,0.90818997937808443,0.87022742581028223,0.8409129953799851,0.86241051962647053,0.90884687505258177,0.96318493186056076,0.81908443488246774,0.87777132458457086,0.88385103616689309,0.79608369676562607,0.83862647780829092,0.88769391887028481,0.87357382189821242,0.92809592586019174,0.827331008799152,0.90437456597320809,0.86045690809841935
0.91141572039243424,0.89046297082213677,0.85322776339020623,0.88053129783503159,0.75452613173820016,0.82170688193632513,0.76216172986821074,0.82695975449373049,0.878731057382934,0.85841596953945554,0.84989129006274966,0.89734707515837786,0.88215583309539858,0.9309407532372147,0.8892062227949018,0.89926895788037664,0.88391261867713244,0.75750170228997848,0.80386723817823291,0.82034461288356431,0.82128801146886332,0.93278277972829182,0.75090959144717195,0.87295025669539683,0.87675676355529997
0.86440890374964452,0.89302859240586729,0.84010398560412669,0.87200998101273786,0.70559944246128126,0.84271772869387596,0.7333157406153118,0.85822472099248925,0.792212481684203,0.85169306024299629,0.83858621751126416,0.85630897363150316,0.89504806503144096,0.93809368805804794,0.92631851552518429,0.87942610498487717,0.91011341447790162,0.73905677778838785,0.79219400229535175,0.86544654481437999,0.81969916248612718,0.90162477480349879,0.82754781819077883,0.91622521178393013,0.81509496813996785
0.88855122112995122,0.92305220068990979,0.8635332787709048,0.87910953407731141,0.84058340605587312,0.82893958715827021,0.80050904443966564,0.85781644433678028,0.8301367412793863,0.8375628080614117,0.87523709574353081,0.87613390886872256,0.89885905968428315,0.93090353661776737,0.9019641649561454,0.9006900200048723,0.89741920675579268,0.83912226594214667,0.6123530209896203,0.8419035574323358,0.85415059172880903,0.88831363966640475,0.76573566007493177,0.87119662450463542,0.82638821606398316
0.88288726852433963,0.88601895420793797,0.86385271605944158,0.88347795869832269,0.79770935757582639,0.88999850206768083,0.86855967905971954,0.83238220322979595,0.83417539673068886,0.83538322187733682,0.84102185193660994,0.90133016429044799,0.86183318795164221,0.95683541188239785,0.89998632088920139,0.86591478176048853,0.84451707224361094,0.83443343077225007,0.75390711899355956,0.88019472428212131,0.79151095734658938,0.91116892188393606,0.81193120900850413,0.84563564509237221,0.83093582854160164
0.8830305563281553,0.89124591850158885,0.85455030616325134,0.87683319025312578,0.85821985747583862,0.84499666054561551,0.79588277115882256,0.79894517718277569,0.81513983042159399,0.86587081816858036,0.83826923934680642,0.86492677869710077,0.89368575647499815,0.91135658506246242,0.86236514292579836,0.85832808898349977,0.80989956073320712,0.85686057119245274,0.72414749062492278,0.83461672281603849,0.87970881839621506,0.93211879863879654,0.93432223375075751,0.89732346528680051,0.8266884810805456
0.88367879584178677,0.89519981392518921,0.82710471645941985,0.87588213405791959,0.89736874426162927,0.87581347890677885,0.9543955813788173,0.88261520446733754,0.91415422805095103,0.86171364729732336,0.87055661786845706,0.84499975945934092,0.88109286060351577,0.91678238204297302,0.87113952656308047,0.87573190948276913,0.86047125955606907,0.73708706135844704,0.79698149280620045,0.84392959911642906,0.89154369936976885,0.90465341482910466,0.92010214070266105,0.89529459035239356,0.84140057981512117
0.915026250160767,0.9012094264557784,0.86366148120058817,0.88843762343376931,0.85017132509409499,0.85553853446082306,0.95214738638431873,0.8990844102347032,0.9611723951364417,0.85783890824862519,0.84356575518239263,0.85175397347586901,0.88614051964103702,0.94991832926754771,0.90151629541901512,0.86851904671566926,0.9080525798032959,0.89479445895709731,0.73360039060397697,0.7815263764478636,0.86950370624746121,0.92745339762408097,0.92113638794030872,0.8849755475833827,0.72821466372523114
0.88901180476916897,0.92644121302776428,0.84350294222149969,0.84871309930149497,0.83318405970446296,0.84487399184649881,0.95367246907239345,0.87801210033267374,0.9211027938866525,0.87203344430546337,0.78424029596222899,0.85739744381941252,0.90109997025684108,0.96076876108740317,0.89736915758793978,0.91317958293942192,0.84537754336897397,0.86981190060148894,0.69113613742944879,0.83679217154768004,0.87011426495607025,0.92634408706581939,0.92144890090057996,0.90542189740422352,0.87458525959231026
0.90590179049379982,0.86799080258066408,0.70473366250097047,0.83912433233330708,0.89532687012757695,0.87723468606079757,0.94088745967721987,0.88911903714015295,0.94788111252893836,0.87719613140644026,0.66996081852301614,0.84351149771997891,0.87596339832841763,0.9389701176318932,0.90404641126822671,0.92984870840217648,0.8498970611590112,0.87502569045848155,0.88202755986818338,0.88353140184042844,0.85539870647016891,0.91675034225684249,0.90481371825098278,0.90312584490107317,0.88087084002535143
0.88537035064951808,0.92595313847692251,0.71935381359072215,0.8504106924657866,0.91307756103664584,0.84690830768574143,0.92910988049519649,0.86580648143748618,0.91332794219141489,0.86214301360637824,0.75194779620185703,0.68700180237929276,0.88707233700075938,0.95996286546922593,0.86243326508888318,0.87571784360679861,0.8306363344952773,0.8412958959924467,0.91479515467510675,0.88424180404098185,0.85208329022073481,0.87121916095951368,0.90469275306522379,0.91588075925635981,0.9058452194920944
0.88016779943092172,0.92925859187301318,0.79487914814316718,0.83356656177329846,0.9362967477775912,0.85442767035317746,0.97743007627731227,0.9113632007802307,0.94589312259111424,0.84615700167713548,0.78895889241962358,0.80588740949097493,0.85573725602934758,0.95552408049159276,0.88237796704540461,0.91919912911561719,0.88537035948903409,0.93802661717820968,0.80625388927750674,0.91410919148246006,0.84879864913009462,0.92500787957035646,0.88607677041567656,0.87245046936084947,0.91481784191472515
0.8898864268657124,0.87495452789787465,0.6591128073035275,0.9481036329173389,0.89137163539749864,0.85918150180398301,0.94957428145559164,0.87423411678123186,0.91948972470339974,0.8550889789614694,0.6906116659938718,0.74548781971475853,0.86795159048605952,0.92528725268273271,0.87370778607173594,0.91008006958913024,0.88221050747606788,0.90011086474349111,0.87080663226569788,0.88349273136375461,0.89359366423301223,0.90265213841724212,0.91217105745653093,0.9028546238584938,0.89986025075472198
0.91681144558743566,0.89476534597259827,0.86594009013433437,0.9543222984171863,0.90038918495124132,0.78405607006860589,0.9437740642445599,0.85677269388788746,0.93551873877261571,0.94387345475055573,0.86885590925036738,0.86352730262136967,0.89189201965692777,0.93162831106703381,0.86149221343921734,0.92228593423745653,0.89503327756599083,0.90341845851729219,0.85585865623363055,0.88668807543614936,0.89659714590852968,0.92498464118095802,0.89880852129380817,0.86101552566047801,0.83403548914343262
0.88193605266513131,0.89964142754180265,0.83795230033232448,0.94074022752792519,0.91863394467457937,0.82533150575728786,0.97118714653649807,0.80866963200602693,0.95470635570878604,0.9151734311895644,0.87625862173404256,0.89525607393420881,0.84953474923807359,0.93634162299218249,0.90162309939516483,0.8761663106718045,0.89048586708123501,0.92624761582197235,0.8302879687724718,0.89142500486144871,0.84654963521233173,0.90815184278659,0.89212456539190599,0.90248040220999637,0.80701714331522778
0.89916489744264894,0.90465726514771883,0.82865204498301237,0.94892271947602924,0.93375125970344497,0.77236330889418225,0.96227694487546933,0.74992900294049525,0.92221537870660875,0.91937735446013047,0.88203221776023677,0.890145253176721,0.89570614041181462,0.94862371210795582,0.881231362502088,0.89061222382702587,0.89005294366136045,0.94191108204405816,0.9579199660595159,0.89022825276415984,0.87177261788553329,0.94112304786285617,0.89005241899744347,0.92325898412188268,0.96301791473260123
0.90334627010578661,0.90817124451024189,0.88591830339416189,0.95056890661611215,0.89397355069419449,0.74854834389092118,0.9503434575666212,0.88719850205718354,0.94074584682445117,0.91338869516310872,0.88577988029633425,0.88547851436222036,0.91723870612284142,0.95779914152437384,0.8873025135854421,0.88738373529516623,0.90283318238475863,0.90372643240758288,0.90670065374269315,0.8692009998066923,0.87673606751169653,0.87002185537571308,0.91908038206401976,0.88403345881309803,0.9796482857056602
0.86163461966158539,0.93036256949917429,0.90179913988801175,0.93863747796242036,0.88861801124791318,0.88212165107358875,0.95346815143400299,0.84391576706213833,0.92214823816281888,0.91792011261499262,0.86870257454311584,0.88985395726484884,0.86532768724357489,0.92243490822950824,0.93493595173520483,0.91540369951147915,0.87579732737243299,0.9302219859008285,0.9059905086234834,0.94014131249258792,0.70534561719242173,0.92751648669852271,0.89845110688414731,0.9056769348943432,0.9497821087853231
0.91467816875875962,0.92323231405975936,0.88231893266663142,0.9539497008024489,0.90498886545169388,0.91117195264752293,0.95549974730328013,0.80566713283403713,0.91165181665361594,0.91851247803952485,0.87408947357472866,0.91999319219050124,0.75514675198029613,0.9348280647752415,0.88546881655889076,0.90281378248895416,0.88815709066786064,0.91084554094108994,0.9042531576678563,0.92670837845157861,0.9030436723190316,0.91855713313821274,0.90463880213487291,0.94097770693497018,0.95823350766227555
0.88594051822070852,0.90735069854296657,0.87947825260167356,0.95293815597209763,0.90320262296673326,0.94352893127496007,0.94107272682267429,0.85561040344017436,0.91487035559119723,0.94297629794688409,0.95827169323765848,0.86851604295369045,0.92359758446648332,0.93702001764049181,0.80263710976631752,0.9146419327160763,0.91387445009439061,0.92144658220797082,0.95797428864640499,0.93186111305430697,0.8741396879426061,0.89016695610690877,0.91436040451980483,0.90855506386129647,0.9097232271098914
0.89925343362312471,0.89249104805539625,0.91107810750024265,0.93733105014938845,0.92423583524725728,0.89101747987961544,0.98644536047046805,0.79598133471550292,0.90061254474895747,0.9264515244142848,0.93674337602573932,0.90847080248421042,0.90978343157630115,0.97126944446033914,0.96967818939891925,0.88277524479749669,0.90540168503220275,0.90701941195637092,0.92091633543062001,0.95009843643816716,0.94755850866851909,0.90542085451049126,0.88709972144672078,0.93216066644528428,0.92008900042452257
0.91353370437992754,0.87259918680462578,0.90015187677115205,0.95711902871426513,0.91932965357787222,0.95840651460244253,0.96564125323206618,0.90641704546378143,0.92027471366832547,0.94607533936719146,0.93816046523415664,0.93437834825430222,0.91726006719346465,0.94829127609028097,0.94747220313773695,0.91193451234428757,0.91060808866666598,0.95011719378058257,0.93188112527605393,0.95286317660841247,0.95139820069584802,0.90575777647706024,0.89178456569838016,0.93872994763016437,0.95396856729911628
0.88107199318856211,0.79125117979899617,0.85458271575150868,0.9499954287782133,0.90064803147816297,0.93429004026536622,0.963925921024685,0.9832605634182161,0.92752461182478196,0.90917785703979814,0.91859133593872899,0.90766535104898749,0.91928562220228871,0.93966975234181838,0.99143059434895298,0.92260295659124381,0.8986478264417801,0.89260738003822937,0.90647201482207196,0.95069406480507512,0.97698534564322237,0.93925678553568759,0.98222669810992413,0.91629484289692831,0.94947324245829112
0.81099576317754429,0.92368038928489249,0.84669241111601756,0.95438000089700481,0.87537742669112972,0.96079183835665061,1.0071999565723027,0.93331219530580389,0.92231025741998296,0.91850477094389904,0.94312349269684792,0.91812418671441698,0.90701837964629572,0.905097375132905,0.93553492551927708,0.92624680492025968,0.93855760120675413,0.90841909954321676,0.92539286528945175,0.93238521398847873,0.93710275066646975,0.92575453845803157,0.93765846317086521,0.95217249666042025,0.93838841603327738
0.89308875042453617,0.91787591574808924,0.90318262594802046,0.94699127355739343,0.9457269978400451,0.90061818684599781,0.95874413302251671,0.93595781196753147,0.91447240749405789,0.90096591814821303,0.9564173813027802,0.88585072195877101,0.9143083200611628,0.93512407804566877,0.93954585599166607,0.92750865151184836,0.93555939740349225,0.91096886340166039,0.92089157262796018,0.9522275235409593,0.94555508093628671,0.92232416254936478,0.93387367856685188,0.93756251636869548,0.96359880406287146
0.95404341515137636,0.97129929617070654,0.8836644650842479,0.95423849331206401,0.951538662023656,0.92445215034312378,0.96311554788165554,0.95530406689953129,0.92536083846374872,0.89837044451252512,0.98370104301513617,0.86315292100336083,0.91256644691054123,0.89382748728871109,0.96409056537540438,0.92272617104993493,0.93580842276961973,0.90622617657631166,0.9200125210413258,0.94222365654524132,0.96809199342593999,0.91238668602936679,0.95036735951585605,0.94643001023504381,0.9629592914335543
0.97975171763059254,0.95984803953947218,0.91470120356269191,0.95787881008903331,0.94297029825232981,0.92605374890693415,0.97804065626712477,0.93654266994742097,0.90590199478629074,0.96717908376414363,0.93560768206789313,0.96415339069090944,0.93239664860136273,0.74258479642067821,0.94542593578710088,0.93685332733450633,0.95249568038427457,0.95765496558958851,0.9219769559315899,0.97029589598694721,0.98407487169929586,0.90225258073299786,0.91840881028050059,0.91029382069970344,0.96370899844968805
0.99004453943826032,0.95490845141642311,0.92382383150356673,0.96031869883219056,0.93883278888287736,0.89376882531896196,0.9681542065238905,0.96146787855714821,0.9350207476414053,0.94003114531162868,0.94239952906281987,0.96315972421568397,0.89031630642900017,0.93775469097522834,0.96754651928088042,0.94514863657056114,0.93084778170210791,0.91856404758454935,0.92843162193213224,0.95809177103215715,0.95976223162972663,0.96552584781711659,0.9016597375509785,0.89403752433815942,0.94760133892694121
0.98058103120977358,0.96972088360149633,0.94185078633375152,0.96365917553584424,0.97702700513733909,0.9384133667537875,0.91626273505466893,0.94843401117052961,0.95338793473476413,0.95207515564875644,0.97954055195156686,0.94867790880094882,0.95946755855788746,0.93704254232119311,0.93343718633285244,0.94132651050700944,0.93368050733667463,0.75943171987538249,0.88322344348683135,0.95048043550273997,0.94592841157377228,0.95249247845306606,0.92876856530886998,0.91784732966548088,0.93660158779254576
0.96675692104657085,0.95510593258256549,0.94316959607900053,0.95639913525914355,0.95188215390335429,0.94389913897397637,0.88807183986556948,0.96386674670467132,0.95302932918448291,0.95465825594489306,0.92936707509708283,0.94025400972287976,0.9279003383210439,0.96734733590949418,0.94944439822996785,0.95342299754062676,0.9504298721140344,0.93974998027308676,0.95488702770192524,0.9455025908383925,0.94936279233372034,0.96813349537372662,1.0136903867712468,0.95559982138045685,1.0151004877663734
0.96351495022772826,0.9628890171403045,0.97274989460180827,0.95060679502657119,0.93802986613424677,0.9102342250172788,0.8720504582425237,0.93220047299751829,0.93960681577776817,0.95488369249391891,0.82387502299529247,0.93304104650148145,0.87057079786891534,0.95010992066093569,0.94038928124274068,0.93219600611453213,0.95599168889546648,0.93534428688264259,0.96175811273030065,0.96026723325065422,0.9847832816726908,0.98727331481689917,0.96747213855955461,0.95907789119610976,0.91429554234967392
0.94523664375072081,0.94252576808862698,0.96320198600350282,0.9718733636770196,0.97665486677660907,0.93889416971154993,0.9560425140282347,0.90196731438243827,0.9625133692816672,0.96019402358225214,0.97469366441183225,0.93348386153896579,0.95242168402105132,0.94577989315320676,0.94653726900148649,0.93464805300439524,0.94628231903353333,0.94710704508385257,0.94655820422698722,0.94758809820587853,0.93880591438904426,0.94636491410248103,0.96519104109895026,0.92866185393750145,0.93579466035116687
0.95522704701375127,0.98403793606608958,0.95636351676046061,0.96102428431796372,1.0256047642039441,0.97381186155519417,0.94273564629762774,0.99770995528142115,0.95042201169312146,0.94664626090629767,0.95247049541532924,0.93465171217809528,0.93670664246509971,0.95670582430241558,0.91809709164290787,0.94249236983252516,0.93598224176963107,0.95023446735124395,0.97276156714698836,0.93914547635964807,0.95838607547037713,0.92272043289752914,0.94932951353517592,0.96522784236355208,0.93827462736206246
0.97710854815455117,0.93496238835866097,0.93285193047770698,0.94357904086005207,0.94082130789109986,0.95618734576647502,0.93024155723064428,1.0042488548885182,0.96050935524863368,0.95543697597757538,0.98164994073542422,0.84642442789966243,0.95684213701964371,0.96085761936452996,0.95869918312147784,0.96151662590235609,0.8640409833124425,0.95668366733586219,0.94042861534587163,0.93189481072529512,0.98076671213616895,1.0016008085277428,0.97749495088221683,0.95347184723579048,0.94508858215682556
0.96167917197936659,0.95581160394656639,0.8628183103722965,0.94504491806251578,0.97873267976239886,0.96341479374673455,0.84122848858033872,1.0081639596782477,0.95690645101101868,0.97514284990944566,0.98891146933871865,0.96197206637590604,0.96764247888397381,0.965953501059307,0.98525735136914716,0.9841608230938016,0.9384914127144538,0.93833497043676573,0.96711010153216692,0.939319636000018,0.95317013662013961,0.9817909454910132,0.9264028164044974,0.9599118210087747,0.95050600657684614
0.99394623175293872,0.99153292995156028,1.0000264555142211,0.94143310092398536,0.98416159975685946,0.96220274215422241,0.98296597905148508,1.0081563333855272,0.92835024540998912,0.93363823404727131,0.91184959066472404,0.98386923292095718,0.94178455825054497,0.94782134764833192,0.96936250562782855,0.96130259916741834,0.95544542064340043,0.96521208060986374,0.958219873295997,0.92917784872865561,0.96547465027282287,0.95321857717950198,0.9909666032959612,0.95681702126679935,0.91356691792019806
0.98286373863585907,0.94967752057867139,0.96434083481484623,0.95791916873158833,0.99222049471888196,0.97289463865003245,0.9557434493897905,1.0259255966204344,0.96229442989103742,0.99522799491526137,0.83939099953804197,0.96317504435389012,0.93712294894379011,0.95660356963222515,0.96080390213034261,0.95850092380423535,1.0004460071720083,0.97463401447021913,0.95903226663920216,0.9302982994325445,0.97587037965839585,0.99091020118098805,0.97518962800463638,0.95524973405256308,0.90320757434126486
0.93912867061803806,0.94138028512252914,0.97313443590292847,0.93170917364965677,0.96972568535987125,0.96752479226743848,0.97188510668124817,1.0142209233738357,0.94915862757340674,0.98876296416049791,0.97462269113928102,0.99640674997369805,0.96009193499724454,0.94580014662183109,0.95624230637135987,0.9669905818619976,0.98441181975135472,0.94781865845922264,0.92777679613460717,0.93097848190914123,0.93425138882352488,0.97114925634196336,0.93896245257035849,0.97819987749699677,0.98676134144249694
0.94952350709068156,0.93249582118743812,1.0348178149561666,0.98668271287322529,0.97340676823624239,0.99410295075483301,0.97574551319656277,1.0166970662428463,0.95694134794032493,0.97555939295036953,0.98853299030913711,0.9382870150396565,0.95656776280037292,0.93676770072454729,0.97392620650650585,0.95727785472884941,0.97231897347520402,0.96513493331265299,0.91808998898361971,0.97692918498699843,0.97909048873577642,0.99037153579314097,0.95211101881674187,0.97659515021402687,0.99638292628942615
0.97211829958411333,0.98199709581744221,1.0152784015448553,0.9481675099203396,0.99741876062317447,0.94630926598679765,0.97739172944081798,1.0120465898705417,0.93536585280982742,0.97584613049067037,0.94615195934002139,0.93940495037671912,0.95621189551661989,0.93153509007687751,0.97412921233793714,0.95986349355885892,0.97153977458693996,0.97573390244624503,0.97978659019344705,0.97672273463018688,0.94995667595601097,0.97893444847970235,0.96319553500865029,0.96244172866497568,0.95909566373522526
0.95116462340019881,0.90527950133791812,1.0021340184826277,0.98436900556701923,0.95323114168576351,0.909236600897527,0.95146080619231455,1.0039945723986423,0.95785424946801889,0.97464340608575517,0.96612687312683254,0.94533872125387908,0.92604404814984775,0.96580587386257899,0.97053638393041897,0.96535185220971964,0.97765867858455358,0.97642933338783711,0.98052842116366778,0.94259220026040358,0.98541744165102751,1.0094666587146799,0.9128413467406773,0.96381200193041661,0.98735493076931891
0.96759546282620423,0.99822925471708501,0.9756008217851122,0.94476239703298892,0.97062494507738328,0.9034046296324989,0.97634596894089198,0.99741115487658905,0.92259315163133737,1.0126642953671872,0.97128674913691571,0.93917404704413932,0.96638584276937356,0.96827940551775349,0.98364129530111744,0.94704825600508558,0.98471635877541974,0.98694776814579621,0.9599739816429248,0.9683130387384441,0.97095300596409817,0.97208571437144031,0.9692949313634277,0.96110817993294129,0.98308239840575751
0.97096203277186621,0.97156110446545818,1.0039528380416285,0.96778744758866875,0.98826174420707413,0.96610760603513335,0.96860916306023481,1.0005497540505859,0.9481099647340484,0.98093445326946305,0.95496310270999618,0.9524903183986142,0.91820720836329361,0.98866560173023743,0.95864019505994624,0.90027367367515676,0.98085834031496988,0.96181757727182893,0.97201639117107486,0.92882707825414468,0.96591408962631931,0.99917459086157245,0.95792285886280748,0.94144369851532661,0.9628010210115161
0.9426128553361014,0.96132249494665911,0.89770359860669247,0.96763948032441582,0.9619692186424369,0.93175593060339268,0.96536492306826849,0.99925628963847934,0.97833810173057634,0.99259320048978372,0.96912018476151651,0.98440006294396409,0.92007099282402316,0.95265686427930041,0.97065235846473175,0.960603992618415,0.98452995185204917,0.98535114137888025,1.0018288756110616,0.96865028282336441,0.94999595909214274,0.97204765973907914,0.98067399632553875,1.0089564051812188,0.95962101535906774
0.92959879875937945,0.99174249632762324,0.94476672901013936,0.96705944589867088,0.99536962110196514,0.99090215415503902,0.97625998108099299,0.98089562479265646,0.99410605947441877,0.97031767705029981,0.96182007461785557,0.96254100323096625,0.96436651121549977,0.98440910995223418,0.95398398700896769,0.92254519629277365,0.99931401488931371,0.97805259451610782,0.98924712776120183,1.0126131363791748,0.91016998722882403,0.9993352805407506,0.95766884591095425,1.013593554669679,1.0232962095680629
1.0031672996765035,0.97459661159537936,0.9427572672272253,0.98957018487689097,0.93218048471214499,0.98429460409201364,0.99601705936010543,1.0239344679395819,0.96726419079601711,0.95605247944291827,0.97072030001175869,0.97427605040904186,0.95161136599721863,0.97783762455764323,0.90002087633646688,0.972072989279264,0.96835372925132412,0.96975360069257177,0.98425877255312866,0.97849011692439147,0.94217905322220841,0.98498316930592356,0.99781192422306264,0.97153172313484626,0.96107153224840869
0.98838830183403048,0.98270989977648748,0.94280404926115613,0.95553347459069005,0.95330412016337096,1.0128343806667393,0.96931737321458378,1.0054470840317289,0.9575781704264964,0.96503387499067905,0.92765102576639147,0.95571441867803464,0.95704168308054882,0.96989822948441207,0.97381139608729617,1.0088972328282753,0.97652798185529766,0.95903711682581927,0.99030879324588916,0.98048716110022449,0.96380268588564444,0.97529177794950617,0.98095139005421395,1.0140831729257367,0.96403143233666266
1.0111134248564386,0.97365242539505981,0.93475599300879986,0.93766153204156888,0.95294205711356206,1.0056571572587099,0.93953440139601319,1.0030187291716692,0.96472966570696783,0.95347182616921577,0.93975621806347476,0.96104531992889686,0.97690037357372961,0.97718840948612007,0.95361940092516417,0.98812039159759457,0.96082489027538265,0.9692575052720166,0.98042684253783385,0.93990119253265059,0.9742988998866422,1.0086117166130724,0.92848398455409897,0.97514890037628965,0.96751410277554439
0.98351179055022941,0.96724161197821268,0.96903433076212264,0.92542844983088501,0.95586809652072546,1.0047889285918674,1.0263870876923464,1.0257999374594544,0.95870205187552393,0.96259357611780794,0.96268167125004034,0.96808352503106698,0.9106310730213979,0.97861153791551114,0.9920599047463371,0.98316562533592711,0.96499303138137282,0.95547172363472699,0.99264608915594932,1.0068371921430177,0.947736336458743,0.97039092453099818,0.93216680924651529,1.0211855463349191,0.9833308432618989
0.95042921141584769,0.955975935367258,0.96204171012392659,0.95911624300554765,0.94770462124870591,0.97870919850128768,0.95676855977229913,0.99609881771772724,0.97426625859847871,0.98702382974410074,0.95606620470674719,0.9156508996544388,0.96383989018333682,0.97873323498611431,0.9773401595494281,0.97006403700471733,0.96904209243944894,1.0242805266600932,0.97209263015514102,0.96363257656052625,0.96741742561224875,0.97131640241637907,0.9484497621124689,1.0044268250841202,0.98798091957544976
0.97677807582383247,0.92811975932064017,0.9800811161660794,0.93271112234851994,0.91023345309592929,0.96605348780008193,0.97834783934301595,0.99962150384838711,0.95914560707659391,0.9692228897295061,0.95174028716369019,0.94865850797827467,1.0011809729602941,0.96379542823144393,0.98395749645243658,0.98996063538740053,0.98830710941563849,1.0028472437323952,0.98806904913766347,0.95367621152175441,0.92484554240735617,1.0029677068720391,0.98013517176638076,1.0126150995008676,0.94343249115783046
0.97082646566425135,0.97542322422352767,0.95051623593367085,0.91024219237591442,0.94513309597894124,1.0130975600319609,1.0003850339857316,1.0134612709622346,0.95270249156244247,0.97658774726256536,0.96717137997757485,0.96821152882277051,0.97843525459511849,0.95482275901171509,0.97546060525351286,0.97540663833013608,0.99150119657913249,0.99900497145144085,0.99774877731224643,0.98795705344867701,0.99358549262397677,0.95992830327289735,0.9575451326064901,0.97822423848377937,0.97108008725809303
0.97043666557338681,0.95564173589680856,0.95592251506061632,0.95403654466853582,0.94002300374759618,0.94529025627295871,0.99150292900636516,0.98588787100203401,0.9941087591689981,0.96442843419916013,0.96771595328839266,0.96617782573615862,0.99925810520560832,0.97868367189601679,1.005751801973062,0.99050408803766388,0.98143800472415643,1.0416909798583038,0.96701879279772163,1.004059674942632,1.0016268447778338,1.0099301378658707,0.96886041035804948,0.97440377686947688,0.94605739004487677
1.0048587232582793,0.97856336574711067,0.98809435519682609,0.96057630666758975,1.0206458960013991,0.95823970628538302,0.95800934505197244,1.0108775091241389,1.0044808423183127,0.90898095781386368,0.989627094685671,1.002574958399524,1.0020125992984907,0.98874771807743733,0.96925878870729598,0.99292971264734253,0.94867290463085807,1.0383314194517135,0.98501550890758527,0.96535158287384992,0.97745957471194023,0.99216935171354526,0.96852404554456339,1.0321037688708612,0.91886247910341012
0.9856818394547765,0.9867652500433679,0.94830010180654212,0.95672691724767001,1.0090032520598111,0.94203395916375177,0.99204180126770503,1.0107948243222598,0.98021135498343248,0.94870949695552842,0.98129137173634584,0.96527117519219019,0.99591577469694226,0.96443035578775838,0.98640711962357919,0.98249735824176887,0.97534248655038858,1.0291095146271112,0.977176539639251,0.98081353207514543,0.94935042269688552,0.98368502809275149,0.94033943297554001,1.0124512095328515,0.96281908989347864
1.0015902007588551,0.98917100384560241,0.99554095802858755,0.94493910727291874,1.0102339403553593,0.95375367485008156,0.97155052331478042,1.009215949151443,0.99881982961197724,0.99758565037541114,0.94464373004219793,0.96749913090273376,0.99613862648065765,0.96451477490088777,0.9748219912709154,1.0057554499757388,0.95227462690533038,0.98953336737891218,0.99690834667292216,0.95010201877667044,0.95736829211489116,0.94615016053215384,0.91020901268305621,1.0028211555603628,0.96936491686167603
0.97278500359699416,0.96536614093064421,0.97875569659018979,0.96740581372534595,1.0081042763135752,0.96057674445749708,0.98734731549046395,0.98648047446409048,0.95999104372530664,0.98245005622163262,0.96690579147437417,1.0075917157817873,0.99574975726404791,0.98401800410712226,0.9900087278326366,0.97083375310480247,1.0011289443316764,0.98584882198383006,0.99804614876595499,0.92490547506373821,0.93789231499558912,0.95434689379971438,0.95572130410171063,1.0086743136932217,0.97392431206083685
1.0133347963530432,0.99382887305910395,0.91169897965720281,0.98808301462175041,0.95169402722488095,0.95345686405316554,0.9945369923230204,0.99859598668566985,0.94441185664655714,0.92915045291630383,0.95694434605351497,0.95766345237243666,1.0040185471244194,0.96239004763722291,0.9770106228930836,0.95230223108205214,0.97492432623233938,1.0092588835084926,0.98767474421708823,0.99928422646997361,0.95161785204022853,0.97100894875799437,0.98383762370065519,1.0159105782216209,0.93728730747817501
0.96794993225333958,0.9876718239853457,1.0009724936308271,0.95636046945916198,0.99788268126321755,0.94108115643952706,0.95681513982794908,1.0341117232904664,0.99718378085756965,0.96879384853688144,0.93200951932701759,0.99487646666074747,0.99790050882333847,0.97455159867267604,0.9576799389811852,0.9985062775527549,0.98636779427074117,0.98698230304544998,1.0052879570219391,0.96428767195369913,0.95155887347277557,0.95575877433494461,0.94862353186141912,0.98104446102024367,1.0117239226866728
0.97950533108235727,0.99157448570951834,0.96485069655435962,1.0095421482624658,1.0256343292281205,1.0156560756436375,0.97896157545578411,1.0006487457777331,0.95370187997849987,0.90297480530432561,0.91922911843742949,0.93860366418589047,0.97781816349656014,0.98646995499534107,0.97444460581979264,0.99625931396454337,0.98304459607095507,1.0191409345128102,0.98959559532514885,0.97110114239596368,0.92974679884000255,0.96827148411883568,0.94752025240896698,1.0089320443499514,1.0153108222164935
0.97604333993583914,0.97198126070066027,0.99956551586488795,1.0025073746677351,1.0126826905927475,1.0343018435262126,0.9949943812991211,1.0167564312041306,0.98866461460006416,0.97631533684229543,0.94036311416740892,0.93559328455746227,0.97273215658919199,0.96414257549017468,1.0107405462243082,0.95124853580808189,0.95394777398601738,1.027221205096249,0.98202313055493895,0.96254513348342718,0.97527291520441184,0.96629371434534439,0.97806018856910948,0.96980021886108347,1.01091373191154
0.95293946591026002,0.95992536606609824,0.98167927032745739,0.99742302865248389,0.99796772652693821,1.0284643878015354,0.96701499767270838,1.0115761289042875,0.99811737921968136,0.96827846670561657,0.9613441501549187,0.97038860671730454,0.98787867942591334,0.97044782724904666,0.98682670669461392,0.91411611095410061,0.99337539999624835,1.0199133031536416,0.95106811345274289,0.92542542190388566,0.96194034394803773,0.99544446226583494,0.96810513015707822,1.0069273838935506,1.0346383456543153
0.98115955944073252,0.9403379635102147,0.99058566625240951,0.95030272943268534,1.0251734679039246,1.0413108828974833,0.98739221824585888,1.0193109794007529,0.95244024894681589,0.95543361719485476,0.96033885442793299,0.95497920033679862,0.97725896462149109,0.96867997054512256,0.99868581859833694,0.97858761297423769,0.99656792514247672,1.0242792840838841,1.0062807062299823,0.95882661251389067,0.94490430444746376,0.97210743737437466,0.96177183781563358,0.98368595997424979,1.0138562445735881
0.97393402934771878,0.95117415029525276,0.96544238367879798,0.96792860330622088,0.99730308136109214,0.993494665356913,0.97081256799909899,1.0092470575503667,1.0224094197679905,0.92647307182811522,0.97141785091583355,0.90213079332281998,0.97479711751913056,0.95064658204607067,0.98627525452916509,1.0125974679798104,1.0150380857241026,1.0278396541005377,0.9951487094364424,0.97587578811645959,0.96746422318846215,0.98895397360037018,0.92363116807235679,1.0161468107519966,1.0201989428504048
0.9833196351524931,0.968631303374896,1.0026359817320594,0.98741199176696581,1.0041501001240056,0.9972101131460952,0.9672452214419297,0.99794688069636195,0.99278309753822158,0.96453543891354698,1.0081135377496391,0.99822180680218775,1.0003514558005591,0.99028480876954639,0.98070117467096307,0.97709999392028823,1.0001430209083777,0.9747756162994422,0.98927839445275567,0.93900761822739265,0.98726100723396926,0.98711325653643311,1.0126718925448188,1.0081635090327128,1.0000221971530792
0.97916069643213721,0.95274625618794517,0.9440192754283,0.91997324473756581,0.97461517871845149,0.99269939853856493,0.95908757802304645,1.0048743248428322,0.96879888922936663,0.97605366597354593,0.97626696122144641,1.0257109563677675,0.99212394210076837,0.97528430318746029,0.98610513472506245,1.0063077747754181,0.99627070822979336,0.99379209748451247,1.0240795542991077,0.94949693098254762,0.93722368481962059,0.99443049007033879,0.94749526605279344,0.98851382956271472,1.0373900839146417
0.98054974798744121,0.94021853588471616,0.93686233856301626,0.95198466575992446,0.98710996308331123,0.98224738383158072,1.0078543472003023,0.99337928167638379,0.98098961182231226,0.92699073466195003,0.95891455616533716,0.97899696197645536,0.9826993456346943,0.98062324240584331,0.97963432372158321,1.0066107284020951,0.97122303927290998,1.0009019763507891,0.97172916104543872,0.96185251122656223,0.95653427850519934,1.0028097640890139,0.96348573865910569,1.0108562348930648,1.0170928672698687
0.96703076827424561,0.99373101162723232,0.96026077653630348,0.97626522000911586,1.00082109721337,1.0164325351144639,0.94900052238623811,0.98524507551092977,0.98502916986504796,0.9716515550814534,0.99013559598258649,0.96881803248895992,0.99029844946870993,0.95560627782803309,0.96385757457477328,0.99190518973337549,1.0064856608815207,1.0005310049854395,0.97225419070150232,0.99770136953451871,0.97325959861857314,0.96970940026765318,0.90547350593914078,0.99292281797559923,1.0122524056352624
0.94690694729905456,0.99667286242872055,0.96974470141555869,0.97213828999638729,0.97119478615699384,0.9928998620878613,0.99277570904409396,1.0108128629327378,0.97169026112130774,0.95392479763549709,0.99991232037322364,0.98266084589529012,0.99296179612203539,0.93618528234306397,0.95196644345879877,1.0121989140331302,0.97164760872728839,1.0132157647657773,0.99332966741996331,0.96580147791053117,0.99842401028897942,0.9853825929949841,0.97650580231666995,0.96989617398212824,1.0119831096870104
0.99375531981432974,0.96836136707529852,0.95821942111285341,0.95739710310085913,0.99618677076248907,1.0383391814057006,0.97294251060364323,0.99096878325899806,0.98543215078218416,0.99573760107149689,0.98240413889905476,0.99207864656787725,0.98708961315720256,0.898709229448726,0.94387444521363917,0.99705311009178377,1.0066429761921147,0.99391633300601301,0.98384092348845775,0.94659195660910311,0.95411705908730782,0.9975391174560807,0.97514478385949943,1.027638967985516,1.0065441705137952
0.96870787012977033,1.0060006613730175,0.97878805607766284,0.94866489454415237,1.0441934583746857,0.99250495598599031,1.0346582926514565,1.0141743706938073,0.978689433747019,0.99284933309618995,0.97562906465852473,0.99479031509802573,1.0075801200082961,1.0018058870979332,1.0249607503900242,1.0047257392059066,0.97153860450375096,0.99139461434124387,0.99088257706894189,0.96479855340117293,0.96917363306821269,0.96208090805654822,1.0013594472881544,0.99973268633214907,1.0167871462143625
0.92210879811640345,1.0089503159345845,0.99768637184432007,0.98498601867275071,0.99392945396123045,0.99864249419523055,0.95925046074467857,0.99684931740457317,0.96437852205166574,0.97889055690650162,0.98820230377793905,0.96923973473111447,0.99254477120349427,0.98428680108997024,0.97355679595102229,0.95797842132662248,0.94561397927464674,0.97405193579305283,1.0039474159632744,0.97618589981533477,0.95206146828843341,0.93387189448614161,0.95803007603754697,1.0055360434196898,1.0217344679176679
0.93302871226069617,1.0032554790723303,0.97754523907979884,0.98723463512776999,1.0526033019768566,0.98116013381091793,1.0078170587360042,0.99634126304953929,0.98898641907299278,1.0193233146615066,0.97235973359224182,0.98960198243918107,0.98670987007284938,0.99398854517481849,1.0117231736032661,0.91890981367511737,0.9555457518300623,0.98443173352761093,0.9927814948204412,0.98287592021285242,1.0239424774902852,0.98268056631189615,1.0040094002242093,1.0159336934719199,1.0252995505570635
0.97269753270462211,0.98488938746880195,0.99497844548080161,1.010103509880355,1.0242892811772788,0.94044959070787548,0.94411530723109571,1.0053721065366501,1.0061451841239153,0.95696173743741952,0.92518071325134632,0.96280703146579005,1.0036978315132725,0.97370936732561397,0.96600061064740106,1.0075981494306023,0.96761931501614595,1.0124375692947103,0.9910309082547536,0.98881908536172569,1.0040944933357818,0.96674755055787975,0.97847970760407599,0.98302335548816888,1.0370756770239737
1.0153504638311119,0.9926649777561275,0.99582297345238258,1.0049153228832797,1.0091354929593808,0.97703624017253143,0.94088088040813156,1.0169178199044753,1.0087571331498018,0.97974966742321468,1.0141160527015132,0.98461403222105737,1.000121304780162,0.97862168052713894,0.99916205284846027,0.97608039259258972,0.94877278809026278,0.99880314033535122,0.99005310391699763,0.98850581687155781,1.0208053681998916,0.95715023603501803,0.94067092015163178,0.98624787558158755,1.0164705862594829
0.99803163673698447,0.96876767433996924,0.97445008342112993,1.0105748720434373,0.99633312509109884,0.95166064373325532,0.93069940542115404,1.0272002669955256,0.98037139697181608,0.99320574096047098,0.98498054336674223,1.0139061151360997,0.97507656337857107,0.96696116922195952,1.0188208161166945,0.95895271701588358,0.94109275307239859,1.011114081658907,0.97408961069548383,1.013257552365973,1.0024505599014704,0.99918604984159343,0.99661093187002225,0.95995877765051618,1.0180550569413462
1.0079285957369082,0.99289800077132051,0.94159536223068707,1.0024717982986098,0.99007644744089507,1.0343270983107298,0.96384095907458611,0.99940248856708624,0.99543898466977676,0.96486314017028729,0.96723486526209812,1.001908831185313,0.98103373981107023,0.95485319660771772,1.0127406454854313,0.98999830290108293,0.95410878227985751,0.99588672751121088,0.99247445169497139,0.96949635397234712,1.0366845667839668,1.0372644996396512,0.97737628425502376,0.98246212235694685,1.0062652144877577
0.96702808942936258,0.97521838686484996,0.91885320544256299,0.99609809200180321,0.99260389801931381,0.97921209770917961,0.95712177743015259,0.989483827395227,0.9658763920810135,1.0130773734586049,0.98486113502187578,1.0060265655805098,1.0164266621242948,0.97352069696791599,1.0120777913974017,0.93820028684543977,0.94974694628445389,0.98440729672061711,1.0053171515636787,0.98437406251973414,0.9858665254169674,0.99880241723285212,1.0124900566273496,1.0056704243574319,1.012086257146344
1.0016835813037956,0.99631239542124828,1.0167371629582447,0.96857541358447197,1.0236455693370854,1.0155535059456511,0.92673397057174556,1.0019714281781329,0.99966891851774531,0.98779536809632251,0.97886112112596435,0.96180162056410701,0.98059612809495189,0.95264085590160952,0.99847081634432033,0.96102990913973541,0.99159998515370062,0.97395431036042579,0.97095250835608116,0.98740248362163363,1.005325419806397,0.99810736306944714,0.95265519557959699,1.0279873045960828,1.0060032193269364
1.0230346825559924,0.98913986979859658,1.0161991063473219,1.0038646157937205,0.96377749810746438,0.94444725390634487,0.9681888023477333,1.0047951123199892,1.0123432867915512,0.97247146318079369,0.97587977851192176,1.0163155170076312,0.98251455601672244,1.0142428146688875,0.96849940402461909,0.93859120577308164,0.99360322618252528,0.96392531978729667,0.99161843862529941,1.0026157737182613,1.0184840225546807,1.0223073533232259,0.9864112514197132,1.0011468924610898,0.98816880078569547
1.0251042931719647,0.99474784884733491,0.97555176523816234,1.0161191989157299,0.97765188109454715,1.0249887646679057,0.98605401419322836,0.99894562786190466,0.97901895169408581,0.96971087121188349,1.0177948765433737,0.99995986446005614,0.98031635937887918,0.95578520440095349,0.98037805077205398,0.957424494191355,1.0029083615513323,0.95382959881518237,1.0022758113358292,0.95642341941412634,0.978150107658732,0.99698084260579523,0.96299218572618284,1.0165711459142717,1.0193394433764522
0.99976103149087248,0.96958452345716972,0.97520781289545466,1.0156579142007436,0.97126107290845354,1.0489772750298436,1.005723679848016,1.0000294442411872,0.91703553589184217,0.98813339466167494,0.9814386331995778,0.98018651316971683,0.9852520591809093,0.96213838129832252,0.99620650123758447,0.96882930178521776,1.0083655056036593,0.91454805321598165,0.94582277873889709,0.96436964730036989,0.98781144306201862,0.98931093609415077,0.95047733398552614,0.97042988814833131,1.0158696484659493
0.99614775479324358,0.97461060419446621,0.97432955486774031,1.0089350556317822,0.98730400008608588,0.99556036733598952,1.0002196007434483,1.0170127427432685,0.97201369395826975,0.99916358285784257,1.0025382818468687,0.96501601485423572,1.0092327774502379,0.92447192462803529,1.0160503659493052,0.9661024411033875,1.0067483587744619,0.91512269220183917,0.95291245786143386,0.96502207317348265,1.0025363460590697,0.97231003333832111,0.98744550430888789,0.99733240389373179,0.99761313130287665
0.96665917691292946,1.0151385506190169,0.99993458459387241,1.004114520453903,0.98070429297858419,0.99389985213895948,0.97508694069244461,1.0134099286202214,0.98214880482922984,0.98594406280775804,0.97593731695224684,0.99995791209037732,0.9836949896406032,0.93625103958339484,0.97326195862634468,0.94069030925166253,1.0110241649384759,0.98050373804263669,1.0239343337826445,0.97874641073030921,1.0023626610677261,1.0229228251180531,0.97352580561930413,1.005679947073477,1.0063156362209256
1.0095907581288714,1.0070613060515596,0.96912615514729938,0.99405074708335506,0.9687354927929368,1.008105961763917,1.0017336273086781,1.0128850498731945,0.95737530182190478,0.99517372800469039,1.024420216347609,0.97725555445284717,0.95604504946244484,1.0001377074748197,1.0020121441187508,0.98050522241144045,0.9890958072211653,0.97864027848641522,0.98810678229597293,0.98339627884832859,0.9940723025048106,0.98650630589555632,0.9672385157318536,0.97617577101328568,1.0096744564389757
1.0385234010728852,0.96809633357657665,0.9925596324412117,0.97654414444232607,0.99431473316295549,0.99151319699091123,1.0122095804673283,0.98305367447373959,1.0092039919289668,0.96389002549262226,1.022512047665997,0.99544006679583052,0.96121822226118525,0.97787141946281031,0.97579638704588001,0.97937352632928354,1.010009027892971,0.95078035838957931,0.97791319848049041,0.93985783613364948,1.0083831466275137,1.004256467552433,0.94275613963087923,0.99555653060981719,1.0205381383148038
0.9852539578335715,1.0094030679101778,0.97623268702577071,0.97697808005365261,0.95153319719825258,0.99430101060538867,0.95662212290328896,0.98957384126960668,1.0073088286552154,0.98044161877261715,1.0000882523867856,0.98662804641760049,1.0044265666480348,0.98488099876545154,0.96641814812046112,1.0146583033496079,0.96570978225373583,0.99283715033507358,0.99138912524850042,0.93391995479585754,1.0025440454672438,0.99838085798112064,0.97277890396974098,0.97163172699339473,1.0160478267346571
1.0254411963037564,0.99359600711786455,1.0090504541827188,1.0082868138283838,0.94484917747191433,1.0422719997156022,0.9661381649147992,0.96791792465434823,1.0172667447037047,0.99558846688838909,0.99644640147858909,0.96423693912281461,0.99120866112378347,0.98682356468256138,0.99927855310134028,0.98407872351915404,1.0009230820966277,0.96049382264341288,0.99026422087834842,0.94681161776424749,0.97893269526659776,1.0216916400122051,0.96428679570260012,0.99058549733657919,1.0103126782797363
1.0245701813218813,0.95844140395863076,0.97157375283754488,1.0057326034420604,0.94532616059276786,0.98512278579179813,0.96968081007528528,0.99945319787128473,1.020614611140944,0.977534730794822,1.0106421442095781,0.99080301783530189,0.9857328611427173,1.016742298688152,0.95835581409585024,0.96280356637852416,0.96655959772616329,0.96184544439756203,1.0051603140560099,1.0034377624817175,0.99192446941026347,1.0092182987957845,0.91316475901844663,1.020652023877183,1.0099700930886164
0.96798186017627263,0.95640563613925744,1.0059050175980109,1.002203679220641,0.97852016418553978,0.96860473714864481,0.99695542458558151,1.0297411384508512,1.0215793115827319,1.0346260987492177,0.98091112364586863,0.95354173472050052,0.97654710304821213,1.0049610036716521,0.96243767017136783,0.99583786550646303,1.0156725758427516,0.94142285466280384,0.96681996276380699,1.0326342991903459,0.99391078482879691,1.0264836139546927,1.0140456984184083,0.94048450158648333,1.0301794789483165
1.0368481040618234,0.97967058047882061,0.95903144022342457,1.0285927688941616,1.017505322138428,1.0112867833014096,0.9887949377579025,1.0174642517895316,0.99277032598298898,0.94698977958300645,0.98625755077555066,0.93355520813092374,1.0019521301765606,0.98445328745716731,0.98233951541251219,0.98086132510960655,1.0030355061089382,0.93936719859681661,0.97956891622367992,1.0227058829641513,1.0169597449769141,1.0254905456399961,0.97063024420905264,1.0196899765413669,1.0204629404903482
0.980534817215309,0.96838304163481592,0.95682599411083369,1.0235410535289395,0.96294959142964875,0.9922526351034634,0.98782255261760166,1.0027725516382739,1.0199863780979783,0.99249196811233287,1.0301313645364656,0.94616772434841445,1.0100933423645997,0.98613697138236245,0.98014753861153026,0.9788821481484995,0.97322401714832973,0.94172328767539648,0.99251033179692283,0.98297147498956128,0.98435675282911872,0.98414767594587871,0.98722662318571919,1.0032030567808954,0.99993955074781937
0.98014124476267206,0.91138927077236942,0.96379719609498093,1.0038589799513646,0.96395773883226465,1.0105817667784103,0.98437801574906325,1.0110787577188707,1.0037027491487081,0.98018736727639477,0.95122195514640773,1.0097535603393886,0.9920818642021676,0.97195522269136292,1.005072886673227,0.99303911151972857,0.99554031734985537,0.98582110379464283,1.0132912345035885,0.97247460617247794,0.99481884060561632,1.0201423663234876,0.99303895686822496,0.99982976556953207,0.98262728698126811
1.0233928571803819,0.9556306789160548,0.9821737166861314,0.99391731443645548,0.95077451660160417,0.9965100957178088,0.98204840432673302,1.0062513461307481,0.98148843314405798,1.0124220949782918,0.97334935742382545,0.99603912824899898,0.98602040051168194,0.92543731956074271,1.0338096193941217,1.0051448434064396,0.95348289914907769,0.95627429677763709,0.98315738767453664,0.99770006902112573,0.99589454153166157,1.0065568878414248,0.95253869904143051,0.98926226190462418,1.0342173436111228
0.99724809428172378,1.0229927177827776,0.96522669264590588,0.99824493150429539,0.94017666396263677,1.0021173531886152,0.98617239733078221,1.0010023381168933,0.99949985431839761,0.99575155286502903,0.98260601344573462,1.0100952597102109,0.95278213960102143,0.95462747396661241,0.96634130572749066,0.95487023103793889,0.99334801300269104,0.95546514603200428,1.00441187123238,1.0120512290559081,0.98803568846913481,1.0183482662272381,0.9775753960020549,1.0222344520973821,0.99450967231994369
1.015805073385873,0.92017922607133473,0.97234097532858654,1.0075720682947773,1.0068874024353716,1.0142829328833372,1.0000157314053522,1.0005322926767215,1.0198787366926163,1.006022906811695,0.93983257720345126,1.0193017065617511,1.0071747747133215,0.99584476183747472,0.99264453549606679,0.96773597358562991,0.97553023057750021,0.92967558324668453,0.97761730546384262,0.96861607910820124,0.99020562344571639,0.96661409485355909,0.94539013557493479,0.98952132186696207,1.0107148256677214
0.97621323708841778,0.93617276108205716,0.95306072907820805,1.000223709085696,0.97225007208565351,1.012283060499787,1.0013949870278551,0.98673603728490067,1.0085419807202636,1.0143081143677088,1.0147719798327688,1.0388061956983528,1.0004000478161854,1.0037945675950737,0.98199655376711559,0.96395927435876672,0.96771561916250537,0.99787187585207138,0.99005968930680788,1.0312265427840268,1.0013262011523816,1.0420264680885112,0.92149852255338682,0.99455598600553885,1.035968846801256
1.0064060814271722,0.9773099148235489,0.9587986703946535,0.97889658971766014,0.95673358111784579,0.97561432027076389,0.96596060718357324,1.001917998709382,1.0299975828380745,0.98593859469701683,0.98561472487251856,1.0330123401864026,0.9673605030654594,0.98097047312163577,1.0128768824234604,0.9464954497913326,1.0340649908334616,0.99214885188999979,0.97381278055169895,0.9937475271612688,1.0246828574013973,0.99770720455024176,0.98109983150948077,1.0184524856033621,1.0054609483081351
0.97781808066236653,0.95956974310988419,0.96641196635570159,0.98061760189217695,0.9781280117021921,1.007037826058562,0.99604972285201643,1.0022778984351786,0.96380142123870871,1.0114875997505945,0.99868029779070466,1.002492535513632,0.99909138339235914,0.96721053645784394,0.99338558935128485,0.93406462251372602,1.016352182494721,0.97533584597331124,0.98844042652148201,0.9870098975247007,0.96816846067300422,1.0024624763552668,0.97452608842251076,1.0139808054792214,0.98309965207508943
0.95335134520139675,0.99189179003069683,1.0044848178893204,0.99380502457803754,0.98556916802563621,1.012756296298051,0.97077719889349656,0.96728712346403123,1.0136519745664618,1.0152895958653387,1.0069164416453109,1.0105252561573248,1.0161366302722126,0.971542262127157,0.96353923550014098,0.96604994308473358,1.0136333595891829,1.0033132771745623,1.0097463227722117,0.96807101844179533,1.0183080477501929,1.0091884610938506,1.0111847706689621,1.0101348944599757,1.0065004459599158
0.9391766903829657,0.93711704532886919,1.0189225011969258,1.0023163286725447,1.0110217252729528,0.98979890586991504,0.97620181441808707,0.99929646725542565,1.0062607569174769,1.0248154700624916,1.0218886607515634,1.0017207394196765,1.0001431535292844,1.002722883865389,1.0007541835921063,0.90908230740365448,0.96975071750319719,0.98412011233253738,1.0005845013469421,0.98282154548515288,1.0202297127953646,0.98231428433486667,0.98163712261262237,0.99056463403987149,1.0160912451799671
0.9726466622712242,0.96697579636884112,1.0161526417532349,1.0119429262359867,0.98593640013912198,0.99889094549317614,1.01940519102187,0.93430819708733437,1.009585040315597,1.0032505648711219,1.0074923111956049,1.0307731357365502,0.99872094826288627,0.96389033361474741,0.97131392015811391,0.95619852649696124,1.0067311746827678,0.96815617130241727,0.97799231331589276,0.94540892390972375,0.99966331011514953,0.9954703141904031,1.009256707519673,0.98305626452217532,1.0401089639654173
0.95910345269436736,1.035068118731582,0.98685718888519669,0.99915727029925239,0.9577811448128043,0.98731244890797809,0.97895008578117693,1.0010118683532354,0.9652470140938294,0.9689346794044007,0.98387238637623653,1.0548122570846661,1.000746372858935,0.98371294709281831,0.96337906336800472,1.0013891885941679,1.0651972048034637,0.96792408442460076,0.95920896026667879,0.94431657773796973,0.98620200306314787,1.0336791484644958,0.96095966685563172,1.0062244419046282,0.99532088639526606
0.95703060183687427,0.96444598716257601,1.0111961024765006,0.99861735699220799,1.0116397618242319,0.98335064250538518,1.0146478117559745,0.95590495444095225,1.0025980807963539,0.98081718096590864,1.0228180650016248,0.99455617620462022,1.0667015285563262,0.95514216552921671,0.99861909529431325,1.0081078562676629,1.0040966474183162,0.99183129658664049,0.98460892853832171,0.98093860682527279,0.98700010677449868,0.99888940974834117,0.95713183594225892,0.98369467143569667,1.0079369882493017
1.0045833923099408,0.97796817312086615,0.97535824655900938,0.99121633493301697,1.0009292491243613,0.99431625799351542,1.0103263680113543,0.96067230863310893,0.99331468634139064,0.97734159544760757,0.97494547831226541,1.0108503475709534,1.0290235094335236,0.99321649634283149,1.0108524137131234,0.96805552353395874,1.0440098662409947,0.97892072035842126,0.99838165955174496,0.91870860645104946,0.98083979847978442,1.0025610407671104,0.99101304941937507,1.034338212900821,0.99584403515583753
1.0176058245085835,0.99524089486499867,0.97409339388323579,0.97130829926897511,0.97719249206508652,0.99245123120957934,0.96650247240517406,0.98377089331021361,1.0114455198071302,0.97451589523670634,0.99705952601023151,1.0093289944868118,1.0509879151889354,1.0236268752281905,0.99032685514812258,0.97743848909882947,1.0120227114498648,0.97732895358866712,0.978452139324407,0.97015675331973439,1.0155113609195092,1.0206762632327964,0.99365215479904168,0.96887339280865103,1.0171710296977245
0.95992229433711995,0.99703914807568628,0.93528857347876726,0.8628789424563601,0.99291664760824327,0.98186534412635917,0.97502038572650507,1.0131103983211629,0.99908976841563379,1.002627074286736,0.99673891053638808,1.0060087401275064,1.012313759633553,0.9838811713951624,1.0092124230110673,1.0320848883389526,1.0351982652698937,1.0026705784293666,0.98248199644987266,0.97559332184568692,0.96530801945790079,1.0181181889473001,0.99268705209705721,1.011984610378732,1.012157636916267
0.96352456973356271,0.99970290780043058,1.0252154764486454,0.99260326755464023,1.0293813257219941,1.019436583308921,0.94270586152617608,1.0274572796733752,0.99580576833877521,0.99556111648320578,0.95963285273092713,0.99344439252840955,1.0320425578268513,1.0324354119637444,0.93498856211377812,1.0079021383499396,1.0052358230227216,1.0045662167374332,0.98089785309323696,0.96352041039271208,1.0051515011252807,1.0094498117848461,0.99081797470364519,0.98175136048013212,1.0310650872393954
0.95383400456943723,0.99901614319338738,0.96741721942838821,0.97438016447053599,1.0023120108962058,1.037449896070147,0.96453072434751919,1.0126546810752382,1.0385455281528846,0.98414670067981447,0.99646910684138035,1.021329684739027,1.0175466214446014,1.029394743400418,0.98129633289614182,0.99075063479901182,1.0207784560800952,0.97915833443227274,0.91401375727663858,0.93750560062007493,0.98713590603135104,1.0284406360394713,1.0289582417470324,1.0077172140633399,1.01332897646686
0.94370705069021044,1.0237767580287764,0.97450180119942542,0.93105055987395935,0.99639579335191153,1.0129347566181985,0.95817520267858258,0.99311391286213824,1.035233139801071,0.9883262364516785,1.0416586839633015,1.02499059430219,1.019884155763668,0.99063300960625533,0.95706714200622878,0.96052627475258157,1.0437056691545585,0.97052268977481704,1.0014814262793672,1.0027480704407399,1.0354543738043951,1.0197102937501665,1.0198325862299111,0.94474343231193891,1.0240485984997922
0.99806649696167837,1.01448073904375,0.96165903967631161,1.0051148714357874,1.0034878663111197,1.0049213386013194,1.0283864330290122,0.97402309864832404,1.0059129535054494,1.0216889413090566,1.0401152327869603,1.0190643227955691,1.0023133817750247,1.0129726161713766,1.0263261824055931,1.0060215527285521,1.0162548300254,0.99015300386280125,0.94918790885815452,1.0077807600280628,1.0149518251254837,1.0188698302605632,0.98980693458747182,0.98493025385771982,0.98557648859075775
1.0135721261766866,0.99219988874981568,0.92341349636753811,1.0268638511933832,1.0530265988951328,1.0512835904710116,1.0171832339448368,1.0118617100214282,0.97864502038258261,1.0076862258136212,1.0497396047027092,1.0296226115955507,1.0038956441124014,0.97857640818569702,1.0163753082314373,1.021479302507927,1.0710262459140782,0.99541814288378461,1.0057766518863842,1.043294630639896,1.0197855276175016,1.0362439836339612,1.0015755508384763,0.97129693961739083,1.0104765138807026
1.041632289288291,0.95830942983076461,1.0530401336113104,1.0105459012924007,1.0447601377193383,1.0382101506431354,1.0022960679644517,1.0286770455641638,1.0146469011695554,0.97695895234825869,1.0137280963307937,1.0192292781591328,0.98731390122725793,0.97950156931104626,0.98052887968324864,0.99203679449250615,1.0030436543800387,0.99105405485887366,0.979116511107615,0.99929685699803972,1.0403176907507903,0.97310699577639048,1.0197924773692641,1.0157549393697551,0.97985661969598981
1.0020495492036452,0.97964247398473114,0.98934222969931396,0.9724700800358097,0.99712097367603758,0.99623711796411252,0.98788248818899826,1.0052665712506832,0.96766895994132507,0.92852707980949178,1.0251493755322341,1.0025263800820581,0.97860957974945784,0.95440101489169471,1.0084481260659266,1.01921080053442,0.98449371699450605,0.9969784683110029,1.0221067086579039,0.97577726349567184,0.98638817380160337,0.93388974213258369,0.98491239399345143,0.98069261215587045,1.0042271226820891
0.98954482706091462,0.95591183255536971,1.0151050765953684,0.93444833724415632,0.97790562078548071,0.9972879361720105,1.0327829926505439,0.9495946971554392,0.87320091251886578,0.98178722715133904,1.0380910213479537,0.96984429336219558,1.0299918334398157,0.99851441354853288,0.99984105626993358,0.9894218473331744,1.0292981133505739,1.0009758455044928,1.0303311224900398,0.97087417002703369,1.0291071836641488,1.0118580604119625,1.0032577756356436,1.0024567075432018,0.962546721072851
0.99366000652841213,0.98205462774844721,1.0143105129840393,1.0157150371886046,1.0292944841128984,0.97895342420115805,0.98392236100512687,0.97998496606978891,0.98219382001404776,1.0188843788647024,1.0480622095227188,1.0185094763673121,1.0285972665930476,1.0328445377143918,1.0096190217264329,0.9773781537236238,1.0369610132737563,0.99524903289784594,1.0583958704524925,0.96834451883804662,0.95201464012087622,1.0459144886465639,1.0066351729690008,0.98719611689509379,0.9664972029653095
0.98158338370612741,1.0266079828423937,1.0075402398878779,0.9969561519782183,0.99740790068929486,0.95830849606217994,0.9917194329294583,1.0245833280961998,0.96204404057044091,0.99442344420045492,1.0233196712297865,1.0020759842034084,1.0588496972173622,0.98635977543511644,0.99026315397794817,0.94042700738812457,0.98369981930107875,1.011882955523187,1.0439644749136476,1.0020386237666676,0.9806383016368686,1.0121688163560565,0.96338465623836211,1.0105984745957717,0.92744514600125594
1.0013180019293217,0.986083168353033,0.9997166939105453,1.0033681292727719,0.99789579107315052,0.97947316605032186,1.0388424540956664,1.0487548700738489,0.99980703428262752,0.95934757070181265,1.0338738368263956,1.0348259601279957,0.99984991574368076,0.98870094127258656,1.0093660543753797,1.0310205373124499,0.98390919672757426,0.99399061054054128,1.02265996530933,1.0454416083128684,0.96298219385788375,1.0132548650500302,0.90964974429105527,1.0111370526733621,1.004294188902662
0.98257512305015426,1.0053637603262842,0.95869166698929709,1.004473549529969,0.96913099277966541,1.0084411356034784,1.0328793285311104,1.0051774767505006,0.99162797210515263,0.92429239515269468,1.005411801409601,0.99903258412103613,0.96387276420635593,0.95742464520901793,0.98071007402601162,1.0074414868582307,1.005971507310079,0.98931613660704365,1.0061196608474683,0.98617418796151901,0.97479438205604652,0.98224770229304947,1.0060546868368909,0.96816703788694036,0.98235993739490424
1.0403097057940838,0.96446831231325303,0.99847421759424393,1.0124357987094263,1.0047619230905591,0.99039205935969632,1.0412240679438645,0.99398709874793967,0.99482092909018383,0.94141917144302178,1.0122770460512687,0.98640276442847774,0.994266046532996,0.95730066251822954,0.97033528123141755,0.99096451524892215,1.0210160937345774,0.99065304466308168,1.030212432360657,0.97324046769129779,1.0251632950989573,0.96761151442091231,1.0354267054862678,1.0156917960935437,0.9499986559235587
1.0192114851982028,0.93681622741400417,0.97637843147286174,1.0116092893452082,0.96772128512787881,1.0013690118467526,1.0177288106254403,1.0116609338533922,1.0220824714887695,0.97612857549019683,1.0480713540315847,0.97715459187379139,0.9330389100151133,0.97091124552192742,1.0415809223854451,1.0051463862315071,1.0320444217137912,0.97536643680719204,1.0716592451332374,1.0253615554961639,0.99146046977528446,0.98109014615383972,0.98537823134267066,0.98405653108703239,0.92869354340584687
1.0194196534158368,1.0168056951285893,0.9489859535339471,0.99492701509574921,1.0515987932682465,0.9757443817533179,1.0168835064325152,1.0092680896130768,0.99013602671680756,0.99826167137148902,1.0533513660031477,1.0291706757246177,0.94085910553043373,0.97146698908260543,1.033955648133343,0.99477354578752508,1.02013975441186,0.96531767644156363,1.0376323727798067,0.99268451605983643,1.0022796469958049,0.97540836470488412,1.0030866621175476,0.96498885091569042,0.99606071302659571
0.98882812283855648,1.0161703588901481,0.99511362143268567,1.0021340920771271,1.0193430396336995,0.97784033567970752,0.9674623191402324,1.0196795173814097,0.98909075383650402,0.98956219508223497,1.0027251875284466,1.026483660509746,0.90972921990575495,0.85302445528571924,1.0151470171732178,1.0093552359115685,0.95463332808779522,0.99299309101577804,1.0549766953163318,1.0195925315932715,0.96401240502385743,0.95825398939985051,1.0330912227583682,1.0124785404236087,0.9905351851400086
1.0094228959478364,1.0201066567452803,0.96448353835742373,1.0134909958414915,1.0734062528577537,0.95503099366898558,0.99094098488010729,1.0014560714742844,1.0323206971439973,1.0075518059276329,1.0284083163882503,0.99443236962374248,1.0020821606990788,0.98009419367508643,0.96871090301936991,1.0286960613897509,1.0387234074358089,1.0233753344829459,1.0400890337207906,0.98707601383814192,0.99746045981925757,0.98525036392964849,0.96297886785946885,1.0148094050220449,1.0211042557740204
1.0226382159669878,1.0026429840785362,0.98610250003892208,1.0175304866260106,1.0451610166188696,0.85098183231847735,1.0163481461657762,0.99982073972130592,1.0307924460549118,0.93611426620499316,1.0268469679820729,1.0297618397880031,1.0571554201906774,1.0223323473503549,1.000665283302125,1.0191695345745289,0.98848332958355134,1.0092094504285065,1.0034787920231449,1.0284824646857353,1.0173426914137651,0.97983471967568514,0.97634434381692936,1.024228436594014,0.97803228766678074
0.97010521064614363,0.99904069909245619,1.0109598847963936,1.0145537113871059,1.0253137105411394,0.97523149024516753,0.99794678001634929,0.99018367612969582,1.0291721424844009,0.9701032342224053,1.0350999445283164,0.98381012294957371,0.95368247986118937,1.0084338396688932,1.0025036892022718,0.98578906070725436,0.97240822463268828,0.98911453144920392,1.0378001785001345,1.0325252328439867,0.93440321226317802,0.99817386337975655,1.02772052000152,1.0060721358531288,1.0242456406933871
0.96421932816911193,1.0050197670658307,1.0672030045520156,0.97585693155401299,0.99163392978265308,1.010371338313629,1.0181852888823988,1.0010935654832103,1.0128044728763215,0.98851906474604045,1.0023421272694353,1.0242681893579977,0.9944573313946552,0.9910424565214615,1.0396210175336846,1.0132906598851024,0.99876499357702908,0.99920345162324953,1.0103853299020877,0.99018549478884044,0.92628106020304724,0.97874793837271135,1.0357452412732746,1.0216857811762341,0.98578755780016425
0.9778026658725314,1.0295288290233617,0.98105312440167214,0.99421710512196815,1.0301128902534231,0.95312890216691959,1.0234898809805715,0.96314104806485901,0.9439582496434733,0.99181593648989441,1.0103473549784523,1.0323800061168551,0.99202528787135091,0.9680111424774609,0.99919555288344697,1.0140299469305254,0.95231259935089096,1.0358837922169541,1.0442804706168096,1.0052388904068605,0.98160765702975117,0.9885700795817226,1.0134298317119566,1.0195430489359409,0.95610005070968951
0.97165654364800902,0.96684136647828478,1.0364483631277654,1.0068939623828344,1.024274418108192,1.0009351854374935,0.99067608198111345,1.0036489778700133,0.96340632196093423,1.0160303132084432,1.0426161981273354,1.0213093509559918,1.0519830129232559,1.0478705227095231,0.98658358371865074,1.011684577540549,0.98555172296336291,0.98792115224404375,1.0423295569093618,1.0387070829204508,0.93163328146624746,1.0010316715884986,1.0078151094803327,1.0116604200723935,0.93804095099394902
1.0157045514592276,0.96316079555776835,0.99422633412391659,0.96745163508816956,1.0461375910833792,0.99134828883830417,0.99809496313780921,0.99844245101067708,0.97868422647861353,1.0056587600749261,1.0324907954319815,0.96127353382210889,1.0233089642337796,1.020374521733302,1.0352024653798295,1.0603201504271442,0.98571915807769839,1.0042462925795839,1.0139712725028214,0.98801645750643807,1.0139152778581939,0.97769949184366189,1.0606232192044971,1.019040597004337,0.93843317048612407
1.0106382873899733,1.0374626042246728,0.98883107468885767,1.004731226947015,1.0651602145294252,0.94030788145273403,1.049454383284756,1.0196972677787153,0.93807816238075392,0.91981294615094267,1.0361019987509852,0.97997597232105393,1.0327695278132081,0.99519027459210951,1.0497637042190293,0.97833816625286085,0.97864496230449249,0.98226937284812599,1.0083473320832446,0.99275376812409255,1.0047855672656578,0.96304432542282736,1.0398784559473779,0.99754557075023842,0.9856499032951761
0.99080588253778024,1.0053628607755869,0.99518824269808059,0.95135376582208009,1.0142095148417145,0.91054357472849079,0.99990736732859442,0.96973195254880973,1.0259662394346303,0.98115358106713191,1.0413814596677253,0.97610291495493118,1.0414883994721094,1.0181225350634722,1.0011881719557136,0.94303475658287594,1.0083749791370695,1.0043966531059976,1.0329664294722258,0.98941136842096211,1.0107441566858146,1.0083035773011697,1.0228401866746184,1.0037541258799281,0.96989775199297157
1.0005363757822068,1.052795213503015,0.99191598573787654,0.9898016356857704,1.0469627556160133,0.96149066558841823,1.0138547411635335,0.99575096919966333,0.98480872581514756,1.0035370604550748,1.0054883115764581,0.99586294425589428,1.0109571833346322,1.0472523914588101,1.0149180567881317,1.007549852250603,0.99503520116135968,1.0230297076590666,1.0011110798538883,0.9941529646182119,1.0113709312950734,1.0220706781007736,1.0294872178644865,0.99335211235029797,0.98695137336294647
1.0214774612031627,0.99476854190349451,1.0585981860579963,0.95927880824892864,1.0168527491565742,0.98219961155173352,1.0053686176919665,0.99575356965620154,1.0111763630554318,0.98394193555847065,1.0405525913472355,0.98120171246121912,1.0218207386066513,1.0130854776123603,1.0083479288985941,1.0246016643519706,0.99633465508799013,0.97879032273862043,0.9977802911223389,1.0272854720545523,1.0370220667821721,1.0361461394384568,1.0472115539811251,0.99966374524717427,0.96559244291304469
1.012824413974019,1.0811145148465109,0.94063169970328364,0.96196140356984805,1.0051848852058018,0.97868413624372186,1.0009970155125563,0.94657721712979381,1.0056521840378028,1.024503039665777,1.0246039174076225,0.95805241465162561,1.0303186392928134,1.021105205402969,1.0101353079241762,1.0209118647205788,1.0279653859916742,0.98790362419087197,1.0197925066022375,1.0334243176160425,1.022461139050072,0.95922011270045804,1.0113947715068343,1.0010317675551379,1.0125987623089383
1.0138641881757917,1.0466065706041909,0.96893158105355082,0.99085802544239476,1.0399389955476197,1.003636765812838,0.99814083615339877,0.9255052282363796,1.0034517295874013,1.0029266519293036,1.0356197222526775,0.98527086615567716,1.0009085288268496,0.98096644544745992,0.96384767755512202,1.0265372122664604,0.9744450936400163,0.98097221201134821,1.0328682431678344,1.0164659505109399,1.0030314116143688,0.98310435934113616,1.0257228643749574,1.0272724074712136,1.0091548930907854
1.0055681176530786,1.0409170212766139,0.94907280383893633,0.95736461779111703,1.0356157727860735,0.97828854663849485,0.98645589658383548,0.9925901126312916,0.99185727725456385,0.98296638606833131,0.99818111513027841,0.99958540410802033,1.0071966158156509,0.98651250991551831,1.026473505591295,1.0199889588780182,0.94891795249923105,1.00644540574366,1.0149619829772307,0.95873542268824008,0.99931940582107581,0.98569384638691993,1.0440826977579463,1.0208976164377965,1.0041086283807497
0.9994317713997275,1.0378701245757793,0.96413801622674455,0.96470349669851285,1.0645328125575073,1.0094999106577991,1.0193045587084359,0.97634793998345293,0.98645276462009635,1.0066912127791137,1.0404449649894927,0.98447978674875802,0.99559528853956092,0.9461961000464808,1.0288292282033789,1.0122019510437839,1.0438120050790727,0.96492445432250995,0.98103201447124233,0.91918331692229127,1.0133777528393555,0.97505228353587226,1.0325420224730997,1.0411522715152481,1.0055385328255699
1.004396337490411,0.99969662839703055,0.97765429834538942,1.0217581191194554,1.0762527139392126,0.97372601673647186,0.97622932404491747,1.0301906936790146,0.98521836751042491,0.99867900902778484,1.0157637038047413,1.0006356523719504,1.0221072669816429,0.97248111149636851,1.0012452917335066,1.0101664449582755,1.0088527026510081,0.96239216765228175,1.004844914373294,0.99475102878815647,1.0040693886128822,1.0211594102374977,1.0128557137809431,1.0183713150678402,0.99209161746543695
0.95698660755870757,1.0235576394946055,1.0160786768752581,1.0307914603792767,1.0667215134554968,0.97323392846052925,1.0495678637277843,1.0037455538518005,0.95425170484309696,1.032452558450343,1.0400565722918551,1.0192173257909611,1.0015685905318144,0.97766825258584122,0.99312353342566662,0.99263459822740907,1.0562495394949809,0.98097530189609616,0.97320401825910896,0.99232469856507133,0.98248222815887787,0.97105393531724993,1.0716873920675398,1.0073072135670007,1.0104822436942162
0.9889702841773127,1.0483052792659839,1.0151699997752284,1.0152214554432279,1.0448727720860609,1.0465954587376725,1.0144695006540843,0.99051044820302891,1.0107358754556304,1.0219864270155314,1.0250546092573158,1.0234024748065924,1.0243453398870932,0.99197135870774567,0.99815331833587229,1.0204933386217094,1.0115479857664933,0.99529485859858557,1.0110396910117212,0.95488702372922696,0.99334045690352846,0.94510707513995706,1.0201551957405284,1.0160295669236092,1.0518308048131122
0.98430054569429781,1.0272558376960867,0.99937724185257393,1.0337961876038688,1.0210925436106546,1.0081276497791503,1.0210353623536508,1.0061784801267759,0.96686119741270649,1.0310293617667514,1.0336069307583875,0.99104999681851191,1.0045036419825752,1.0184085282830488,1.0292264736701824,0.9968083775309079,0.98876044622154802,1.0324053010612328,1.0012471470910225,0.93915140432325162,0.98237406601032151,1.0063488657106481,1.0348918531388089,0.9996684656103646,1.008928679704447
0.9580911328324152,1.0102941630024909,1.0111782841915049,1.0439767797405031,1.0223957760650557,1.0324615261219046,1.006686930586248,1.0203345087828422,1.0179777141669171,1.0091727964716726,1.0263258423570476,1.0090696398502237,1.0425109721309056,1.0459271616751467,0.97669397675440206,1.0058573811568792,0.95520841104463594,0.95681635995177894,1.0151433049985203,1.0357923806389486,1.0122493709789442,0.99428360756682299,1.0278910400855377,1.0248380896040217,0.99814458200100964
0.98530412142868973,1.0588116833996528,0.98031489306574104,1.0119421137695455,1.0638222282851977,1.0338983858374244,1.0515348322905376,1.0011523551229051,1.0031478584872577,0.98814624060856449,1.041656101555972,1.0102503395940712,1.0168314957900795,1.0339685021038267,0.99379705964811904,1.0405233820718593,0.97070568549169522,0.9644950877527092,0.98742189419351545,0.9547197720882199,1.0236597317159515,0.95471384147514282,1.047692422570742,1.0343271652215613,1.004548093216945
0.98826411496971101,1.041336211656035,1.0368182416641845,0.99564027185330695,1.0288211889145935,1.0678281966733549,0.94184684469094193,1.0034827597034617,1.0209898042954,0.99158682638997553,1.0337627688062332,0.97388614338058843,1.0180014574139455,1.0022438924731205,0.99846659929107306,1.0259376189041691,1.0428902121369878,0.95638887970468334,0.95027545458162221,0.99109686570093547,1.0577257404635518,0.98887812025695454,1.0457224308633439,1.0192849421529344,1.0044064190693109
0.98948518200898294,1.0241261276801852,1.01425837626932,1.0104059496171407,1.0383618958452081,0.99915444799461339,1.0110080901607736,1.0178494286923097,1.0072575573853906,0.96907312138594792,1.0199938667509167,0.97833788556819368,1.0104986126163995,0.98562667053671149,0.97985098215372357,0.99907099950576617,1.0059230968439947,0.99461165331319801,1.0109160454346853,0.96868166539732514,1.020755316921353,0.9671675287157061,1.02794969920037,0.99570152233056453,1.0163658731099456
0.95263763557541659,1.0001614507414625,0.99480845531887996,0.99869681917837716,1.0425669577199095,1.051961165605406,1.0021079960753096,1.0098938623823215,0.98997271157607214,0.99757555632200046,1.0374659030667701,0.97485423367344892,1.042295457926218,1.0179389448345673,1.0039445805401026,0.9674625545530402,1.0253454799180752,1.0177161475252021,0.9906264528067894,0.96240928471276621,0.99308434854610317,0.91194787284220546,1.0274428956186532,1.0023333279641946,1.01759966638615
1.0197998736344751,1.0170545564108247,1.0064532330010396,1.0445287805338144,1.004731632885455,1.0575265625054158,1.0286472130926965,0.99043245075169395,0.97941779460707168,0.95290671052700038,0.96200133304836211,1.0408637430217793,1.0244580285796827,1.0104625951029003,0.98875026495506524,0.9847705395686569,0.94992948821253753,0.98055710510364802,0.99807340701256608,1.041247443861395,0.97161355261196225,0.97698825765431685,1.0402014814200107,0.9981965063295527,1.0221733741608856
0.95806450373417362,1.0091815210299571,0.99813275618501573,0.95158150033028432,1.0036427566741406,1.0236679849880839,1.0169313774313831,0.98093412952152814,1.0238772850347493,0.98498525215322241,1.002394058014394,0.97144526083737126,0.97869294892665393,1.0193053798928347,0.9829755955588001,1.0298086969415983,0.97233149438212918,1.0242526104948873,1.0038574875013619,1.0134379323751947,0.99184131405281628,0.97031816130341364,1.0667991802113301,0.99448702768421493,0.99428503276497793
1.0050359574905281,1.0267613392899801,1.028785841614889,1.0037656108548787,1.0402816667135057,1.0193483934407535,1.0102084483999207,1.0021800149378666,1.0204673512782751,0.98525650373195228,1.010120808083222,0.96473662985414577,1.0245431585370386,1.0155615009051717,0.99514742861364447,0.97378060836713964,1.009444245417682,0.98754945186186993,0.96422133689354306,0.95035062459461328,1.0081819256851861,1.0129986831145645,1.0216738113462533,1.0272568463611524,1.0115940770790275
1.029840351390253,1.01160158992127,1.0147857047948465,0.960401009753311,1.0222782407048905,1.0348139050562553,1.0155450351238358,1.0149742840361147,0.9712873566625273,0.98680569005529017,1.0140838883793528,0.94058483424087846,1.0355434835053177,0.98996252745227442,0.98394139246838208,1.0410715808756019,1.0269738103093025,1.0184131982283764,0.99707104762853649,0.9696510252719226,0.97959480506061747,1.0024136294432835,1.0494601117304954,0.99734752068495103,1.0148475383578339
0.9988215334977415,1.0326704952777488,1.0023910244760548,1.0154488749424029,1.0089008750107697,0.99712374971219198,1.0006807531496749,0.9737314123265095,0.96680849105806055,1.0146931287663832,0.97515161462300914,0.96625355766765508,0.99326924346978107,1.0145100839391015,1.0043294156250011,1.0340690561644117,1.0048922820824373,1.0178727377057097,1.0178132385479117,0.9405466280759982,0.93960113518601351,0.9891896106702428,1.0281965645187503,1.0418678778463457,1.0122695175126259
0.99790449390354463,0.99708903421141537,0.99235113811145226,1.0687965046611165,1.0483328108434748,1.0349684682546969,0.96621850038442325,0.96741049413200941,0.93799398100436393,1.0032669794091411,1.0180833414133232,0.99674441609971554,1.0095640206889516,1.015829838711146,1.0079752630373331,1.0584744412673894,0.98791903990990593,0.98476608997271364,1.0005227486926014,0.97971226188849891,0.98140181059041942,1.0097087646213103,1.0295938872543227,1.057822335096529,0.98300270086168473
1.0287449427562478,1.0215475142563886,1.0155075744113138,0.96647386195037388,1.0337098187338438,1.0298891994056134,0.99741148719369399,0.94929424122169725,0.96787493439708738,1.0068129461200515,1.0015596288570232,1.0009712006874099,1.0008693766675463,0.99584348074947437,1.0108071202004854,0.99584507019874591,0.97940512451047679,0.97542887533817357,0.99154925871687682,0.9189700091468086,0.99518759340812191,0.96921116645508809,0.99040995383539587,1.0450739179513762,1.0450875658317931
1.0329101973218657,1.0381395350450267,0.99182467383898198,0.91503669998089088,1.0745285607032453,1.0132334394088536,0.99197093370185907,1.0079796642213235,1.038367475856621,0.98198813754601588,0.98512987512015948,0.97336477705717372,1.0424492352310255,1.0100508526570324,1.0203305229441921,1.0299158100986887,1.0098893155849431,0.99546078933208504,1.0256945083494775,0.99530113928104469,0.99949461788299754,0.98137993710711602,1.0212697158594057,1.016424832259462,1.0530798125473442
0.98476255132005674,1.043517332039634,0.96795838743554052,1.062165006498405,1.0441484292982923,0.99192660073094929,0.98534180699977469,0.97356766356235158,1.0089595335900798,0.97837802177854538,0.98146177177222482,0.97651658018637733,1.0221363094412623,1.0363250737352543,0.99180421639819027,0.98906970862635279,0.97852178039951465,1.0283996272127967,1.0023883225057639,1.0094835009498804,1.0258589215127689,0.9292528308713095,1.0041674134614789,1.0075437919439831,0.99585351999044869
1.0243201055183233,1.0207120749793384,1.0179041528362756,1.0069824414633817,1.0121106582418871,1.0311063981348501,0.94765575578308547,0.9416303585827156,0.99842455277743303,0.94550236790256037,0.98620996760144197,1.0470389904713864,1.0034690313107397,0.99866925327830436,0.99031520599246459,1.0062671917300312,0.99285093473435393,1.0024335967984752,1.0203093002250485,0.99795385148918059,1.016974093779476,0.98216807723521693,1.0295820604306365,1.0248006863959442,1.0034747000101694
0.99136906909489531,1.0237321636701238,1.0002742632448869,1.114923634166727,1.0097705156361154,0.98697379987167988,0.99312715730877477,0.98304438612456813,1.0587663818134885,1.009113849399067,1.0037712825193057,0.99860068366611265,0.98621204943553298,1.0112028020319517,0.97517413399873465,1.0255581511637075,1.0017041021105144,0.9711903310134905,1.0107003565934678,0.99710448783177796,0.99953313332623306,0.98941290307641561,1.0299705937582477,1.0211237770525969,1.013847484403938
0.98821831760276835,1.0345772845794468,1.0028542793722075,1.0050797489447052,1.0379005397218191,0.93877178559327212,0.98532255532948376,1.0131448923376174,1.0255723078569643,1.0031720229452994,0.95640305978667139,1.0102077008706853,0.98649594420605147,0.99384581181648624,1.0059447218433211,1.0035025401064626,0.99778206146962478,0.98452498319456938,0.97025788754115938,0.99527813442448898,0.96036775092423676,1.0045672437478932,0.99010810564295537,0.98271298082643277,0.9102960590367789
1.0068576821475002,1.0097639013008595,0.96175445624371458,1.0871279343402431,1.0908030195892724,0.99391418172094403,0.98393445765561105,0.97889625991967277,1.0215827119194278,1.004989367604457,1.0115459217051377,0.99543443513238672,0.99102231906863103,1.0422880691671119,1.000245474404178,1.0066333248817194,0.99221709897932975,1.0070564016125398,0.96312962584274886,1.0201523035138846,0.98213889240188679,1.00462079702067,0.99577172609938425,1.0199289070442312,1.0118086344854305
1.0103028977046991,1.0235773760019744,1.0019971316412393,1.0095055284074888,1.0799228000383858,0.99429371331397087,0.95681453072683298,0.96456450551692396,1.0262006267159121,0.9962847841269854,1.0049515456293237,1.0148576451862397,1.0158468794894715,1.0265362293582254,0.98223382860705688,1.0246992403934025,0.97381943226772905,0.95930518977019974,1.0262668158460033,1.0176246831982085,0.99092537612942577,1.03900673312877,1.0373841707030491,1.00058350137213,0.98914261500461143
1.023264404672108,1.0197558350465614,0.97983073923086195,1.0352538353064147,1.0242862686312155,0.98826942266982309,0.98964463327032681,0.98800768795267524,1.0122628880237818,0.98415075342932679,1.0234245172142562,0.97788613302240646,0.98536306817876018,1.0120265683015055,0.99614954031571468,1.0207426367657282,1.0424871127632167,1.0152849467097009,1.0179199016214069,0.97778706033028839,0.95085818437341507,1.0084631466213732,1.0235444641383242,1.0305250388319978,1.012934609313072
1.0458018779865907,1.0341123259758576,0.96226627936491138,1.0546181329460165,1.0195004926247637,1.0205891876063755,0.98642170341619573,0.96518962640450723,1.0267774454315082,1.0102696694016307,1.0292769652702771,0.97564645804891037,0.98843626280518948,0.96345570383503099,0.9828601223873481,1.0512077225851972,1.0603872730578849,1.0064118211231139,1.0312720194244442,1.0293682829531352,1.0278303858281779,0.99525384716184695,1.0302146972786514,1.024593007369496,1.0008678673891733
1.0011519592648652,1.0622101458273951,1.0096711344570808,1.0368303548223174,1.0523927934659201,0.99269510144728013,0.95661558376346223,0.99383121199506652,1.0318303837922886,1.0216370850041647,1.0039175232574455,1.0033394836812735,0.93548379095303869,0.97479700279294279,1.0062301127062725,1.0182132896476601,0.95843321969847128,0.94050940655626691,1.006441999168302,0.97103529160740043,0.9964411611090811,1.035224354138828,1.0069673470779081,1.0087382453272553,1.0249881166134966
0.99567677912649544,1.0139355215495507,1.0099605059849108,0.9892569402921283,1.0329845335128869,0.97956090073553725,0.96731467229215695,0.97452870819520665,0.9895654848579799,1.0187273650812287,1.0538285651569008,0.98991563197208621,0.95959643448678211,0.98337368964002669,0.96293389352317738,1.048889983721738,1.0120443435472026,1.0161513477297663,0.98188979021316103,1.0100177674004052,0.96238840135433468,1.0007786902745661,1.0586808247700454,1.0116338113009187,0.99905893239384824
0.98580436148593142,1.0314975372513004,1.03368571504316,0.99722065154383044,1.0490862932451148,0.98813689121261528,1.0066014248890873,1.0053365986289724,0.99149022657137009,0.99365520569906318,0.9971197805833274,0.99965585170041982,1.0247853292125801,1.0127134014814181,1.0270906196682754,0.94737657841408407,1.0905762819176352,1.0523867623402403,0.96002399076412714,1.0171283255520187,0.98594303392962213,0.97426620032490274,1.025354278769679,1.0239894863559638,1.0094768218560275
1.0046112837539261,1.0529476070100039,1.004848804695275,1.0234375979405608,1.0267596700438804,0.95560220364598025,0.98350478851286349,1.0265735313963305,1.0312282508363635,0.98788044586974433,1.0032425322685186,1.0013755534189708,1.0281149618333869,1.0104034752843796,1.0054974790586788,0.94484640144966014,1.0477217029875909,1.0027938992062482,0.97475564896099254,0.97847001183266158,1.005834385385062,0.97003402733131405,1.0410837160603659,1.0180891458966521,1.0151679301730228
1.0164687924915079,1.0037168727043861,0.95480585239515448,0.98530571328052297,1.0673994896901402,0.99218197152335863,1.0137584224963927,1.0020876872612892,1.0147149996988538,0.99318663738189028,0.99499999811209749,0.97272034383692718,1.0101035598645576,0.99582214678757464,1.0198924861400109,1.0337956719465642,1.0395157959330132,1.0196448209627147,0.99840030348153452,1.0067108221400978,0.98431131065846822,0.93879429516823276,1.0351685484063957,1.0323731918054282,1.0131366424945769
0.962842173673359,0.97906414289660215,1.0157575827730685,0.93727094522625654,1.0376904404245035,1.0144629781267449,0.98558908350796071,1.0173842702126201,1.044635297896082,0.99115845247752576,1.0084257957116323,1.0138751976743197,0.98969952660503191,1.0247257620798491,0.98914682386642039,1.0336089872300718,1.0021473802675698,1.0502593234982491,1.0019025874769087,0.99959473257634179,0.98261639668503065,0.9813512632785818,1.0216384211572709,1.0173579059382323,1.0157732828850978
0.95696150814686465,0.97095901105510363,0.99419343354076795,0.94787123516203819,1.0571864995710074,1.0146897899103697,0.98095688366071443,0.99495592089939433,1.0170291349511329,1.0132462434152176,0.98027021007836646,1.0121579680794224,0.99537670737539974,0.96837912689143268,1.0084220198311062,1.0256612190464736,1.0668626126635254,1.033111836825799,1.0127914689856905,0.96838361689337593,0.97647104737808288,1.0226442277623073,1.0129089581276927,0.99183174409044139,1.0157484606932736
0.98647227280376859,1.0168359765534516,1.0166024140824272,0.97707597602370189,1.0391232622550723,1.0383713341521603,0.99153488487131358,1.002817591671193,1.0624161687252003,1.0108484762967804,1.0333495278482672,0.9803928681861227,1.0185744187465009,1.0158285016097666,0.97829867476839094,1.0517767511435685,1.0544584928031995,1.0660640351341908,0.98240960189174531,0.97593802120934225,0.94195986026253919,1.0133411581821576,1.0461923160303386,1.0376673273240662,0.98977487130988295
1.0143757681888232,1.0040756935634743,1.008025277451515,1.0122149466837036,1.0092337572245043,1.0236516828284001,0.96227994009315487,1.0046743234187776,1.0369196173154516,0.96903274306401388,1.0100764690223103,1.0282487186982938,1.0368587731904853,1.0328351434874128,0.9985448484309164,0.98187701458701482,1.0530256264169966,1.0450771584949312,0.99281811829321831,0.95264954431463544,0.99594656455574582,0.98979003113964614,1.0281617831628289,1.0075458845601124,1.0462676727485343
0.94941893436673963,0.83460000820906244,0.99641579765170341,0.99606207630571908,1.0435781885859359,0.99186433214923053,0.9509368625139063,1.0253862315463242,1.0326317830847282,0.98043699173679566,0.98794779858946002,0.98458825918057258,1.0044891039103816,1.0260750531446805,1.0091469299618534,0.98914267104896336,1.0029757891952096,1.036295054076211,1.0197487442103581,1.0249273076495977,0.96048295697107022,1.0048505588675096,1.0461060796790955,0.99947237498612707,1.017311889031177
0.99014330691841312,1.0367256372714693,0.96651432979061203,0.98758451865398011,1.024226750141753,1.0328372726740023,1.0183021820496543,1.0200741799587527,1.0192895873945063,0.96447347406272621,0.99194113377130677,1.0181004459110021,1.049930264147422,1.0280466896028542,0.99812023334120015,1.0490798452213537,1.0497430276227493,1.0207572994213499,0.96176173738332027,0.99230441937231451,0.94180826214020263,0.97722852032407359,1.0229824102759666,1.0215224161172556,1.012363520515617
1.0012430623407942,1.0156805632615362,0.97628876260178765,0.98416483501816177,1.0457693592824762,1.0402417513789848,1.0144196475132068,0.98488903895245616,1.019088428579322,1.0851466312264773,0.98678015236973926,1.0254671372327011,0.97174174310527039,1.0368345162700203,1.0010696853807906,1.00952481637654,1.0270780479496553,1.0303253457151531,1.0195317773267942,1.0085979060971189,0.97400551557649095,0.96452792972981216,1.0469878075859615,1.0071651643567068,0.99175579613774023
1.0043188190630088,1.0128539050024772,0.99721798619212731,0.96966701502094921,1.0643548501793219,0.96858973569045748,0.98389209521351362,1.0177704021219374,1.0446843127472636,1.0035922653974891,1.0125339194554945,1.0011142791104513,1.0457616104505387,0.99431495643943435,1.031234105070868,0.99928467255895548,1.0228203773236895,1.0508811808119976,0.98116064934421743,1.0438736253795116,1.0364895460020567,0.96026116135318107,1.0567576122512654,1.0110618334453254,1.006742160633515
1.0211952685274328,1.0227772416536869,0.9750870669615902,0.98831418919740832,1.0623425528546142,0.97516918398483488,0.97797366465633018,1.0120921413294648,1.0179156303827306,1.0183778500360692,1.0127879768516816,1.0033570324183378,1.0209690454920013,1.0224199777668204,1.0061630555400003,1.0249354985098895,1.0643797169751712,1.0118789137292847,0.94943763252459124,0.98692324189131153,0.9696249510608651,0.93438647967640276,1.0374215370229287,1.0287811523599011,0.99671685009890154
1.0210520652286892,0.99987712394438732,1.0096167551218602,1.0099043864958459,1.0601603614547603,0.9783803882527945,1.0058826303283943,1.0193991812692076,1.0436056660509716,0.98129296414242106,1.0135401572943354,0.9963617105074235,1.0135765857524923,0.99729350771499148,1.0266074643118068,1.0505965359134946,1.0137054832914323,1.0359508518499603,0.99115691770767833,1.0001040025396439,0.97968484382248533,1.0440099450970919,1.0225090145837288,1.0289256578053514,1.0152419367167149
0.99110575191928574,0.97307319712791418,0.98796034365067265,0.99894053931282611,1.0216536079738352,0.97672773249465816,0.97868807791045009,1.0055961715485222,1.029610619049566,1.0433989896701639,0.97512033267906684,0.98565477464330531,1.013807990748733,1.0060852964536255,1.0286236815401768,1.0237400924194562,1.0208426347018029,1.0373763162647318,0.98628659814307085,1.042953765242576,0.98108385422072542,0.9892281269584815,1.026130433865575,1.0147540667551564,1.0027104107619891
1.0018874427527615,1.0200014455868074,1.0344529261642608,0.96508204912847384,1.0120098728330007,1.0044212028527313,0.99384465051691406,0.99786592378890404,1.0358088134218608,0.97061003280240499,1.0042244249368788,0.97929738687515278,1.0668912357838389,0.97360645944074942,0.99084135973066545,0.99817383812727734,0.99162177673216834,1.0350485117644039,0.97250813498534006,0.99519470631977813,1.0334993716760583,0.99942944839563319,1.0114961539805549,0.99849886859725312,1.0156726073632347
1.0027290863815583,0.97918714900878534,1.0376806985312956,1.0204616933126278,1.0450181007078707,1.008711499734239,1.0102917796164634,1.0268591069933666,1.0307892202463587,0.97206499328670459,0.97182428053201153,1.0234326799314042,1.0014232157404128,0.92589962353614308,0.99465375520522836,0.99498148968784605,1.0181260066422615,1.0687502351117897,1.0070155879588272,1.0081288384668816,1.0280395976711496,1.017852897217828,1.0309399372034973,1.0227348767594089,1.0122110270202529
1.0165688027472015,1.0138668178502634,1.0181089126288625,0.99939832457438627,1.0739704431337342,0.98684471225908443,0.98610979551889688,1.0250943820127867,1.0055421951013936,0.99944023007193172,1.052072966335009,1.0205902736514498,1.0648686484717615,0.96897226848851947,0.94191010992153101,0.99884565842806539,1.0401182640631126,0.98219705503940602,0.99662634303910702,0.9860548450442147,1.0343571644083442,1.0311015237780647,1.0316733326664131,1.0306631420886712,0.94179365176715579
