0.81469680528803812,0.71454981865745071,0.63873766207185678,0.90560090375735502,0.61242393662386618,0.76263743203918921,0.67258150343626666,0.6958721534009924,0.69925610789765813,0.74790241605847574,0.70261845316257709,0.68559844547254079,0.62799997602657665,0.68931406811149853,0.73791726082522568,0.84118896925931375,0.71416122321524522,0.73552030326022366,0.69866446055968157,0.69580886322850077,0.81192237455898453,0.84612819015833851,0.67358211367778908,0.84914456541192007,0.70065545181853184
0.81918863018682797,0.72108450197361973,0.5874976105518761,0.85730245025963137,0.88205347402182832,0.76501696771051642,0.66726985535555661,0.69007846899321301,0.67475839873327281,0.75864085881013965,0.6522470837055937,0.79507243288470841,0.74697264646955364,0.7490102263794689,0.76466590057013062,0.87756062385813982,0.72583582364900712,0.71791511064603475,0.67427110195506079,0.69201330564673846,0.82479198847578827,0.9044404630799775,0.74426230259366233,0.75462609879953069,0.70594243593608486
0.82783933758494932,0.71736766110957384,0.56830703706969676,0.93375639659997645,0.88420179188372716,0.73841181585853766,0.75547516349897181,0.65299339042693405,0.64915331495896722,0.74997539548728109,0.76641496678982712,0.6961660015597565,0.73137098282524837,0.71480014817262227,0.76179466350291858,0.85433824398715452,0.68374506895928211,0.72533197195111387,0.83845243132989034,0.63585784178638183,0.79526268126018684,0.90135157666900523,0.78640596860408374,0.7545196898657559,0.70544841941480219
0.80795599280923702,0.73306278027203797,0.77603333236761751,0.86830953217430773,0.83161417783213831,0.76153847246122019,0.77849226260356275,0.73034204169818517,0.71371289673467886,0.75617741864774579,0.80674672290360505,0.78351145817910239,0.72069990792116234,0.72614926942531155,0.76540194321786292,0.85485933803281389,0.78321512171383567,0.73167851179178423,0.82324672334693916,0.64614626587328494,0.84855528903832156,0.85772971423132915,0.75360866459309062,0.75650119487360068,0.69633731276599697
0.84423782817247539,0.742489995622585,0.70661297393206857,0.86783270277077351,0.85420729215681823,0.72930129666109433,0.76917995341503975,0.79046930630596501,0.62417549472141975,0.79293821220081984,0.824202186491788,0.71005586471346827,0.69274053856780504,0.76233755468921149,0.75696210440500533,0.88193971414088479,0.81354235268337072,0.72832603990002753,0.82408204694608045,0.77875744431884653,0.82638608784282253,0.86189267400614111,0.75754347181387127,0.75345740718283172,0.78194678240130444
0.81386768364511619,0.74189671451660877,0.83278854689027482,0.85293608026008039,0.82173737430195037,0.72273391771104756,0.75486045859104856,0.79264015724010939,0.75741331639775844,0.76124400050306928,0.73640385969059419,0.85316166742157351,0.96275948423405655,0.82624171810050107,0.74942508344042391,0.90213834369295243,0.80989212915744158,0.80955951154933459,0.84375011461684202,0.82503104401517258,0.79387438095628871,0.91109382493216717,0.74956051729077067,0.79425573862323573,0.75196213465610262
0.78372840860389759,0.63560168485572932,0.87075714193524689,0.87820719827995797,0.81607887218166675,0.80249540416028764,0.77615249104374417,0.76367479326455312,0.77436360404663529,0.7851002076542567,0.83228853323362195,0.8977270850583271,0.96999617204056054,0.78725242482073143,0.61838839107696708,0.9221710030856598,0.80971714344020629,0.82254155910733917,0.85508886533846762,0.77620077171301693,0.82130493119992209,0.89770907797407118,0.77902138258859843,0.77141573373980754,0.78029364342020713
0.8097888051722707,0.74526266554689791,0.84918820125936612,0.86137221375354267,0.83399665875550355,0.80078351061038666,0.74043287336423713,0.68813895683633952,0.69476965027946913,0.73721880410340657,0.82835768658372055,0.87705084168262093,0.98502984364964197,0.81368514127335279,0.67921264884501842,0.89371459559803268,0.79524881105068423,0.84777574746867723,0.79934811145757489,0.82036615132609958,0.81713137508929778,0.89368045499086923,0.75067568935351958,0.7392291343903481,0.75128900852945313
0.79585487424006129,0.7292368965741387,0.86512364951407661,0.86217049437730708,0.80726077350656145,0.76296641141570798,0.75491885060864616,0.69560632920053156,0.7929017315982374,0.78057826003896791,0.81046001006845336,0.90587984642573527,0.95832035660838821,0.72987272756689614,0.79255176719347897,0.8658570416629694,0.78799956386548775,0.79331072403542158,0.83310139817677065,0.7948635154977941,0.83604166142336145,0.88033619974585109,0.77851331703096172,0.85849630434508439,0.77023615957005453
0.83004446361408446,0.65511901944718431,0.86674728184905703,0.86731761283592035,0.83821035402864297,0.80578301548097542,0.7150815686447628,0.74307025699668605,0.81046976947446303,0.79650740825660482,0.8595838559404223,0.89196067579453597,0.99514321644277792,0.67470564891568452,0.7270304383828784,0.90257924301431802,0.75504248839732624,0.80830640045069835,0.83188074963197089,0.84258721352705424,0.8296393836678293,0.90641952213344079,0.77914842399066275,0.84458793128230614,0.76673497879984553
0.80472201916807973,0.6075553040240117,0.8445911272701766,0.84053245553511835,0.80480534311754548,0.81290928465231782,0.74218004507286517,0.793350888266947,0.81871545550203628,0.77272807741561444,0.82404728201505717,0.91017144558108454,0.98275109486357859,0.87079811052991496,0.78648678719740706,0.89472925701125972,0.74376424353467374,0.82089316343490892,0.85681067505771069,0.75713328092106302,0.82709728849644337,0.84871992953376385,0.77507471327532018,0.85517158889476463,0.77735476893967714
0.81035216645400554,0.94096506762835308,0.85853385629883727,0.8622213717180327,0.85745147385200027,0.82345674109114486,0.87524285622370823,0.81509694815440492,0.84344674418816035,0.66766240255154619,0.84895290564249049,0.85880243867277528,0.9749615881954804,0.82439471256780661,0.81917243846272603,0.90412675797831266,0.66801355387723615,0.77168127978833223,0.86037978531966308,0.81249148743895072,0.83769715549657464,0.86799159385849445,0.74384890230424283,0.85254495094083294,0.76624070130823818
0.81122656384652825,0.91612601567429452,0.81616115382540855,0.92966722484814224,0.82907109314427596,0.81371261987902654,0.85901702708411609,0.81958137639760043,0.77191449641333265,0.96106104330522535,0.82225732668561136,0.91380950820926421,0.96746750152681416,0.85808387785688378,0.81285596870804966,0.82297152194774936,0.75952243599460967,0.75231506361665956,0.80605707042251939,0.8089133904029796,0.82832332086163496,0.89286781939930115,0.85290352686378057,0.896776138374903,0.80071342565911374
0.78441816409941301,0.97124921597308611,0.85404668468586797,0.8633564806772932,0.79640958470348355,0.82205559177200938,0.86572385177326261,0.80952870620019746,0.83226488420420286,0.98327354962528013,0.82075727592029812,0.91611209442114638,0.97862467098887251,0.87703275529617419,0.8211469415659276,0.89818940949525961,0.5467098805327526,0.75907559500793376,0.78372509357927189,0.83395723158609003,0.85719774743748256,0.86897469827766693,0.75119511329457722,0.85673449309337557,0.80835428629260564
0.62966794604010989,0.97385223376976526,0.85489807028871989,0.85028356299239005,0.82732170151492779,0.81991471731281829,0.89608315586364817,0.7929446832180107,0.85955086684761728,0.91373633572913449,0.83580980432498431,0.90969074073748313,0.96424134976544462,0.87001345887329928,0.79375535379130935,0.88779546635554984,0.65915916682523068,0.67267996008739617,0.79265981041044387,0.85459589491099552,0.8327067403184607,0.88759111371564714,0.84946887000710958,0.86914312761270163,0.77996862840260817
0.84108128483722133,0.92001366264536222,0.84288338510537564,0.87026983129381508,0.82149121117176171,0.83460720614903949,0.83389421550662812,0.88634341646142145,0.85409176948392507,0.9284556419991622,0.82002842623204719,0.88923174638819091,0.99001567346176889,0.87271973946446635,0.81813497085972642,0.8933437837907765,0.63574396874858941,0.72268038051895256,0.77275011944089611,0.84819909913670088,0.84592093531435741,0.90278881316858439,0.84627975122190024,0.86411774662823782,0.81586084360210442
0.88118381304659033,0.95984657646076221,0.7854198089332266,0.84738759478545511,0.82097071103303565,0.83292185843647548,0.83132818094937422,0.83636700171353473,0.84623579414008099,0.97202702808467745,0.84911861391590904,0.88748952153781913,0.9662375426080867,0.82808291486362162,0.77532185279156274,0.87243971339516768,0.63966512547239285,0.8551402157923278,0.80992890282944929,0.84421503914314566,0.8114522768784187,0.8489076492791795,0.84343496352125513,0.87752248986743697,0.71372989046464641
0.8533026992797571,0.95243771307714564,0.84602458055396601,0.87576762324070723,0.81854216571051708,0.81545072016916187,0.85687654592491247,0.82563619077099026,0.86255867270972375,0.95321460231978161,0.82111824086362206,0.86645844071532174,1.0147144701358988,0.87795535282614556,0.7690641720224981,0.91277055644328398,0.77340509496827137,0.87959607875230084,0.68742518330370017,0.84669478674347098,0.86607510498600737,0.85258393009430522,0.84112785319743411,0.84790861820060293,0.75934314057391927
0.84534924956216406,0.91259755172005907,0.83274649900932651,0.86730833459373113,0.86720486956832998,0.77764579122780053,0.81351562179403958,0.86953800633494849,0.88040265164684528,0.92261048070228779,0.82060219660752554,0.89145190079089109,1.0132780112529403,0.81334152972182183,0.75705444258221544,0.86944213779311608,0.75616442768472814,0.7840383508478117,0.85150058772132642,0.85001200622151074,0.876703083996212,0.84318364767968734,0.8548101725858589,0.86866286564593187,0.69669812243500284
0.83775310225516897,0.93374997610804311,0.85455622246951035,0.86697459127854049,0.85770142847919162,0.8407296596911672,0.88519621750980748,0.85443726797437891,0.77002998458440775,0.94186332602714495,0.83810651951849668,0.92862780935478562,0.95658280634704507,0.89354697371458436,0.81152457838572056,0.9334896124009664,0.89139746398921138,0.84626785102261171,0.80084510526264419,0.85349414640173504,0.85022172980586297,0.84338865385192685,0.84883381733016583,0.84728909002153308,0.69847425134238883
0.85571894365440226,0.93866820629695558,0.83690373666664652,0.85959941737724677,0.82406811577908701,0.80801243093333863,0.86780203662009314,0.79039607425173897,0.81254471162822506,0.936946448204246,0.81594911439461093,0.90801697692718486,0.96254362870572374,0.85280297965837715,0.82624737155174899,0.86183155609041462,0.87548460683806817,0.8242845650619347,0.66912680651378453,0.86323718201381716,0.83925633763287022,0.87401212810276807,0.8575628795391439,0.85243879389965793,0.74698070519661974
0.8778547806773439,0.95971775700825701,0.84641107436867069,0.9071834513868714,0.796107308341651,0.77626485253022159,0.89985163806436752,0.65431366182996886,0.84767335059897164,0.89619535944681927,0.84320072873468466,0.89877332487722816,0.94907393210436575,0.88311361221843476,0.80511709550656585,0.86711822319938969,0.86010914309045239,0.81955580198379041,0.61625913080461525,0.87274649307319208,0.81498767290444529,0.86158519080063833,0.8668874097209387,0.87153876897750993,0.68438128545146137
0.84713630051726052,0.93162525842746569,0.83644874755779297,0.90077310161415691,0.75787874331143823,0.73372362130188995,0.92514868045824505,0.92545783976099627,0.84917517887844052,0.95787883668436058,0.83624270577143367,0.853155631569668,0.98001153532302854,0.84599727863805363,0.82809590963404811,0.89988483255219853,0.89916258835872098,0.85519392090206192,0.74027015644573435,0.81538923243604433,0.82936103577567966,0.83677060200220399,0.84558222422559393,0.85534929395533521,0.84354222592793671
0.85486278574710906,0.90651986148546815,0.85403238007023019,0.87282227792160594,0.8394244032880761,0.7353097103573637,0.85761664546671312,0.84640432482345807,0.84060425240894632,0.97731479405484545,0.83344082865716473,0.91078502254028715,0.95434023522415135,0.82071452540782874,0.67876860977296061,0.89339548825834014,0.84716317600859548,0.81240127065419998,0.86343782194050467,0.78941816083259175,0.82968050815751437,0.85645187831940905,0.82474124961850126,0.90871914038628332,0.84195441767054469
0.83725149113727826,0.91642822704059723,0.84379648727070877,0.84934283005536371,0.85078224481400333,0.72650556884372886,0.8496012576841524,0.84774026732902796,0.82105491260327279,0.96133089932862703,0.83444991502137289,0.89673729826758519,0.9816728610580352,0.89596243278069732,0.80029462305358878,0.88859768234077252,0.83033457274022449,0.87706286405621481,0.85262388838229097,0.7428579132875579,0.78896683310172389,0.83430494933655441,0.86385540914107739,0.842561119093859,0.81934032761708908
0.8535521832811338,0.92054047138969097,0.84215196709870432,0.83536456340979703,0.87173308726680399,0.80192786452263909,0.9279885271327194,0.87244775578193823,0.87716509242451246,0.92994083447573583,0.81279086967561009,0.8654852232838306,0.95226326607211409,0.85444817802722173,0.7740229294209332,0.91536006568937667,0.88938277341209382,0.87710535022776925,0.83608766322362471,0.87681133538036937,0.79499266214706898,0.88079448690954754,0.86201582612888372,0.82242564774876747,0.78301964304551341
0.82281176290129077,0.92369659414644745,0.83756885719228835,0.89471338480114748,0.83815469899983874,0.65771015758509177,0.83117007678857302,0.83279697768339878,0.8564615910967841,0.92842899196663742,0.77092148097723556,0.89907795525749534,0.95778213934885692,0.86339334672939949,0.8678216479715225,0.8427246827517052,0.86310390653645208,0.87427165011914432,0.84211501529148425,0.88622852641165539,0.9248027062149522,0.8163523487282689,0.8321018441798137,0.84757470915151567,0.8853719089120351
0.86515690850815485,0.88051699359677971,0.82499287700303947,0.89625627196294866,0.86126274152080773,0.83795417501920455,0.74756809089333087,0.84072971994387302,0.8399312137232795,0.9272222404381778,0.7491360649152401,0.90723228293659253,1.002889779713779,0.8773291131961698,0.8480276841513712,0.88036060360727875,0.87975377480305739,0.89591804074321246,0.85515372897959818,0.87064622871714559,0.93193628002074536,0.93462827944092186,0.87135738410314867,0.85706208120314109,0.9150895709572644
0.82106463469970659,0.93238086699329092,0.92402488928244508,0.92053180876429452,0.87077437873065888,0.83169016903069271,0.76341083830798251,0.81725420446858343,0.58005861024714445,0.93885735555313587,0.90962933631269782,0.9150370408666193,0.95501218468232441,0.85961932594081003,0.88222959931151501,0.86357011856572197,0.88825909591956931,0.89221238445108519,0.78265331854189024,0.8685158054399551,0.90456022313304918,0.90345850812610062,0.83256132559173734,0.89981100691083238,0.89778001235401117
0.78927125179142543,0.93954714699177222,0.93890998701191875,0.87956502208454401,0.85499049587375087,0.88665768547883628,0.84860121532914246,0.85495091260820799,0.81004965777225801,0.93514461215264844,0.90955038089193474,0.9112620895378345,0.97536667199837335,0.86570652394854641,0.90107841060847782,0.85096270368969718,0.8695157560564567,0.9024843608964942,0.86769871856566105,0.81115248510471349,0.90762591820612859,0.87402492755874339,0.83805500519042975,0.85637247321185206,0.86796890705073648
0.83013496056736358,0.9256222995047001,0.92892235258815758,0.85341793652716313,0.81944683344884117,0.81008781692711884,0.84953376547199255,0.83489700152688417,0.94279042625080578,0.9071857538746847,0.88502181739907626,0.90346172111734224,0.9617735506536893,0.86707663185309236,0.88673931869118838,0.88880768754193951,0.87363350053716204,0.8718268911024073,0.84713619778592197,0.8316536219605819,0.92344976610870011,0.87647675595004526,0.92111171505154521,0.87099167190639781,0.8731394713800148
0.80286735099615547,0.96573329499506899,0.9269639595688578,0.8483415193598145,0.92207350824117129,0.77323675043354134,0.86265961243937994,0.92663125848956529,0.8916198729361271,0.95765343868608055,0.89725127625999335,0.91759592362755504,0.98638514019477652,0.87519564476674416,0.88803917624176887,0.9266821210780799,0.88419185635938968,0.89741345122951932,0.82509594170733258,0.81473556652730816,0.83889037312006609,0.92128766025231879,0.92567447189647634,0.87904996746703323,0.90059346564795195
0.91002662750672958,0.92813956057535096,0.91746467161191858,0.85843292391610648,0.916981261739096,0.72790350839736173,0.84780381950217276,0.90260316142057295,0.90103268833587735,0.90768129716732004,0.90913502131361623,0.8580341403590459,0.99795789127806778,0.87094271480914176,0.87568269765304707,0.83093088339236831,0.87606595707770407,0.87664537334250603,0.86467162699624356,0.88468212509320232,0.85389418751821422,0.88424954115544474,0.92092870607945998,0.83675531002188797,0.85913495014832819
0.89850464475567626,0.97889451980078812,0.94385504121429964,0.87243509646103501,0.8673449592134802,0.58895717521339686,0.95478212878737367,0.90794008056153996,0.95413894351882567,0.93450304451299426,0.89423223503841809,0.93552623710777882,0.97335886376617853,0.87972113663118523,0.88349589199373291,0.85792246840887354,0.86014834567956622,0.9032521890353794,0.83081355362430875,0.89938492648205015,0.74143200581861846,0.90250648853304138,0.9025201729730068,0.87164753643045711,0.86653323343004651
0.94499375855216117,0.96806261319574749,0.9174938801631175,0.84230367477997659,0.94030653992630864,0.96744039785742297,0.97707594360841954,0.89933371126586892,0.94243710946830339,0.94451947299925265,0.87595146494125575,0.92024058403610642,0.97906273364848295,0.86347733495473677,0.84377238919880948,0.89800700825799451,0.94170901408394614,0.94537714264304085,0.90640716690803436,0.90551289824289882,0.90732744518212605,0.89428816542931355,0.89538757676534808,0.85095883269722916,0.89235690424889991
0.896914321527158,0.91654160888094149,0.92756674877442835,0.87827060560825654,0.90659153224973643,0.95172944257060133,0.98192797636642171,0.93410502797257622,0.93903126625045419,0.94689639829872241,0.75218311228455825,0.91510814553951925,0.95246609096110268,0.89320574813457099,0.88574827598145511,0.89439139199941198,0.93201718724009619,0.86027891425480785,0.89537503439451527,0.88963176071837335,0.94054241315664033,0.91562747041567738,0.90546651528464928,0.88589957448610979,0.9125836556441389
0.93631761102896771,0.89797113374235482,0.92140846772786755,0.86533991434581092,0.89574007865766514,0.9457483212036053,0.98565343365913649,0.93212562960819301,0.88629705185404761,0.93860263827868051,0.80560663028709645,0.86725013111922489,1.0258439869352647,0.88396681806052035,0.88054996671275865,0.91717639417212249,0.95153341108781875,0.89248311151784709,0.90832648803880955,0.87539022288571211,0.95081251857604521,0.92910142698612219,0.90098175246735768,0.94173239356276528,0.89294126705274524
0.92167917264224497,0.91031609067881314,0.91784236830606825,0.89710850935078335,0.89122015904789087,0.92661110502157706,0.99472828357859899,0.89705598718173762,0.91775869666962973,0.87198281228324048,0.84003845419058176,0.89701674448964885,0.9501197566193339,0.87349420213403151,0.96572451887356259,0.86722041446669629,0.96549720728122401,0.89813713109881232,0.88754675003343186,0.94699563401600462,0.95931819008788921,0.90928083062815324,0.89789437581042542,0.97339242347352695,0.90660027560056644
0.91160461889237598,0.92816872886763457,0.94992174913538541,0.94327686171826197,0.93468928713210764,0.93287112628742774,0.98789310688909071,0.90633224065480078,0.90921403243718313,0.83717808202437105,0.94054087833926503,0.88518614980847055,0.9453257968198997,0.94645165134389575,1.0067572231697415,0.86737896627135469,0.93953042959028177,0.92746783481298878,0.94562791742747021,0.87251943532699605,0.93179689795610654,0.90154653015259434,0.92086725742686815,0.95991520676537423,0.91423462203672679
0.91505372061647239,0.91402371929866666,0.91523944610466945,0.95368161277896224,0.89292355870069173,0.92180169265284662,0.96998590915619609,0.89235447213481944,0.9266113045238078,0.97033657938201401,0.93268225441767338,0.90598457381742437,0.9993601649896372,0.9885890154580772,1.0091620519755198,0.93239305088865809,0.9286264384153512,0.88823187418077587,0.94100577013565145,0.97534119624298921,0.95344118676315515,0.94049025436475242,0.91377821789032854,0.95475757949699203,0.90720671060593039
0.90200512131057697,0.89419804844380757,0.92522608245776539,0.94565535669298062,0.97624492103811789,0.95569324728725802,0.98502230988325423,0.95017981163534548,0.93853116705659789,0.96027135203627878,0.93557942026416063,0.86786881400538618,0.99286024607470225,0.89402654573649254,0.98710825849733208,0.90788604200659384,0.94435009331933495,0.90268518711125301,0.94386219280236106,0.97322421908617229,0.94617679530386245,0.9288640624293506,0.89170042491400459,0.95976768014895042,0.88905638663090736
0.89848885060369543,0.92659855190439377,0.93617274198096811,0.89604426207026022,0.97606993348051807,0.95364311450618211,0.99752738301985799,0.93437161032250515,0.91211800946758936,0.96180868931223717,0.93546258159107631,0.78042162481501842,0.93356233277582901,0.84362017781317133,0.95634391988529677,0.87216578476209439,0.95156823310588456,0.95000583301980257,0.9110039368306253,0.97085587145883379,0.97881454376873644,0.93433164094999077,0.91014910557773332,0.96216806806999733,0.94274384320038174
0.88076438234908283,0.92069179129270595,0.92033595691466497,0.86365828160651048,0.95820850399190483,0.97007654786612807,0.97848049649228241,0.92449757644128228,0.93002548746629743,0.93794185571752764,0.94111385260683589,0.97467658090447518,1.0012634005580971,0.91233008706827634,0.98373354023089554,0.95359030702292624,0.92766489100862715,0.95923969391660102,0.9192817484021516,0.96941986425879756,0.9475613509389359,0.93454244944667308,0.86019898981380516,0.96687368589150258,0.96589333578126269
0.96455750517342753,0.93048740636776295,0.92381165742606619,0.95111429129642955,0.97941849939773085,0.98908094992653117,0.99325271346697697,0.9235246970595069,0.92393059462293381,0.95722564640016783,0.92506786162805976,0.94556833069489765,0.96309487013858475,0.9678115856757824,0.99998125647260949,0.95489322636796858,0.94912327483198689,0.95254966842171096,0.83895115693597522,0.96247357267565636,0.93805899574845619,0.92400309584449536,0.8990462743004024,0.97655044787542866,0.97650447905991455
0.93834444923382754,0.91667142109377253,0.85026299573357778,0.93672725719589345,0.93568693061809105,0.97918982704645929,0.96899424856622518,0.8401676475968487,0.98720750323885975,0.9679848108005884,0.92190209152258673,0.95162507899246251,0.98730112492476996,0.8958962388117826,0.98297481422570865,0.8849757745518867,0.94823635673571771,0.92291979319590189,0.96264352853733015,0.94838481799187857,0.92244340636744082,0.93298950550694293,0.97215827514233333,0.95804035633267792,0.94548390545096395
0.94967885872769009,0.8750195852697451,0.81582926945390499,0.97493396482807615,0.95246384922691818,0.95594865801014217,0.96689198612337635,0.89004712782506845,0.93915760285185046,0.99647894924448566,0.93591703571886531,0.93331979325420655,0.96208264417293665,0.85224084711329773,1.0123558203533789,0.94505238172088135,0.93971442433602803,0.92741235102430541,0.9312372086536016,0.96852633931317877,0.94383466312500941,0.92810440248821435,0.90927118959257203,0.96306056815328311,0.92374821995854783
0.94335412273700525,0.66434641462382027,0.97407138514424241,0.94543942396791236,0.9741021886916047,0.94513457591824657,0.97362807451079403,0.90196313685948892,0.95528900882089562,0.98475461271715392,0.88772505721979067,0.93107850557797167,0.99311429573344234,0.97900746549194484,0.9972015835931195,0.92166090299228876,0.94517122942937171,0.92498161324565831,0.94961982355844676,0.97141677366132984,0.98599342998688599,0.9371764367589499,0.87383278342609172,0.95997518487056832,0.91013411353728579
0.93456504059791057,0.91486726578297639,0.9603211195149739,0.95645315920164364,0.95971217032596501,0.89393189310119081,0.96027114054966922,1.0034102021064419,0.97349806764252211,0.97906468343193565,0.91245417052689992,0.92356495349808687,0.99421301316281951,0.96345793042263694,1.010114343441024,0.92096771069264516,0.94046844539907182,0.94722497038801678,0.93940250270172276,0.96494825379035709,0.9415894308829541,0.93291506942648394,0.95804309105789043,0.97292519621547968,0.86323770357688134
0.95651695288808092,0.92354202882293523,0.94275639372668008,0.93970646769834387,0.95490975984815174,0.94548553299120841,0.95255088241796526,1.0086005899293351,1.0015079764466304,0.91734138490887829,0.98417261529361599,0.8976629470676023,0.96957605294549498,0.96255427864216847,1.0068094743550007,0.9227950438669299,0.94475926606044713,0.9002418903958086,0.9103500743003855,0.95692975724649121,0.96104669718233959,0.93529998299344808,0.92475128358947245,0.97536138762124613,0.8663466490724796
0.96006972446524208,0.94055419139356666,0.96695501854494836,0.95198315836620528,0.96011923695964185,0.93314524295067647,0.96501604392060503,0.98824579253040201,1.021964825423602,0.85282815186325256,0.98414776841576601,0.91826321741452122,0.96443914796186692,1.0069284185485452,0.99122451573126724,0.96252011147953043,0.95523027247164538,0.94270992327917003,0.91992420583987788,0.95140082822504302,0.94071460383220495,0.91483779720024194,0.9618144910332378,0.97456881939922868,0.91639033107474344
0.96972712977549058,0.94571240903757514,0.96358485157779727,0.95312266817994151,0.97936242708984522,0.94626205986490641,0.97629762740740156,1.0158391070758304,1.0068970566507427,0.97438785046904486,0.99258185981449665,0.98690083342980095,0.98991696957091746,0.96598640596896235,0.98506704024257197,0.90774339180537866,0.92181307231684506,0.97276058041402058,0.92251586120439333,0.96126327827343261,0.94583277651753472,0.80069708058578704,0.96441907377119918,0.97939581158520639,0.87427940785108615
0.97399015294063307,0.95781930677377292,0.92702264904878495,0.9413224775028205,0.981617499638332,0.92036687053807775,1.0026834709643675,0.94312496347161212,0.97284726363768215,0.94689300642619556,0.98076664663194224,0.96693268350736683,0.9813965953326258,0.96463821378866765,0.99372823159747248,0.91036145566044946,0.92867770780443681,0.92611972579368262,0.89309798261873685,0.97300581331234259,0.91761106453111885,0.94812620077070797,0.9532213134897406,0.93843972735017012,0.98006602967666756
0.97712728973466589,0.94625604586476841,0.96320774487640581,0.93133700226859295,0.93453962883418495,0.98324199083793451,0.94082755104642857,0.99928323643451655,0.98774119461827159,0.94991840029550667,0.96686120473395987,0.94326914145875207,0.96718235406416142,0.97813633541060463,0.97325935129297969,0.93639510898139133,0.93903208009407124,0.98477266449213774,0.900817130535019,0.9447010134216165,0.94650927516124883,0.94139079471437948,0.93339670427484611,0.99362638178013563,1.00877458779814
0.9613448550652598,0.94808425319025169,0.97284967954530333,0.93940042784574618,0.90844701884112333,0.96721598126581831,0.98637310128367628,1.0027507743604103,1.0367327384753831,1.0026450212896187,0.98351481123498818,0.94584733272266364,1.0108503206869088,0.95546550417390974,0.98846520675374383,0.94925486292713446,0.90117932138810652,1.001970247629155,0.9266643222288905,0.95614975115028678,0.96067324760950112,0.99602382322000671,0.90043643789223293,0.97583990080187444,1.015631166890429
0.94983184153391909,0.95876684789073752,0.96887924141881498,0.91120656219995111,1.0059361373316178,0.94535535777098179,0.98396364083206511,1.0017745490928815,1.0118345598977727,0.94074540738944279,0.9930506858823881,0.96875103130470352,0.98399261250480907,0.95366527467650519,1.0103887244431156,0.92352080655476654,0.95134921141375206,0.96879547651822739,0.88038061331911799,0.97866368294568384,0.95575755624408554,0.9650243431339256,0.97009944243388069,0.9389618897849612,0.98131820666079583
0.94453270301030257,0.93078546310816546,0.95161953103429098,0.87997678258110734,0.97146443441634656,1.0100561501897896,1.0004279268693748,1.0193207829182354,1.0113186599815311,1.0068000058676088,0.9441352712588148,0.96921755301943557,0.97209176668263175,0.9571507305643504,1.0029078615980391,0.97268045219336097,0.95979250256796256,0.98101243528340798,0.93434175576799583,0.98454975203573047,0.95112334759468353,0.97198092461937069,0.89579335254827197,0.90885234151242666,1.0195689726411872
0.93253667395487305,0.95326330945785676,0.96017307021568432,0.96977726458796409,0.99742503154701412,0.96848468278318811,0.9859795704136326,0.98101753975299344,0.97156522886637842,0.97440037219964182,0.99113925168902539,0.95451254246723027,0.96763335358311708,0.99721984402352115,1.0010666901036855,0.97261588000491628,0.95139996061993992,1.0021969201122796,0.919107821410723,0.94158090176195175,0.94593464128010973,0.97497996720095248,0.90069854781381686,0.96276927600251583,1.0085367283827651
0.97646508520983133,0.97016806141304213,0.95785798529384381,0.93152640968692901,0.98640795645831891,0.98212738954455936,0.97510851818432576,1.0085737113459956,1.0396060800488856,0.94426479219190229,0.9650101000397856,0.9403382930128058,0.99183003654925683,1.0095280254001244,0.96490286702587502,0.96622256565433995,0.96644668762610086,1.0201553249822328,0.9583689097643624,0.79821740251771345,0.92319559392633055,0.96603554260411972,0.97814899127154287,0.93208404130282752,0.96000263886553872
0.97513971480985617,0.95026784247974838,0.95905228493501182,0.95315391296157992,0.98005616035932119,0.9961732548660871,0.95107439267072158,1.0011598400730231,0.97482730501036108,0.99915834555939465,0.98159516377543621,0.9184790320180839,1.0103752149664904,0.98188830737395971,0.98336600861761614,0.9543739984281282,0.96928396151606133,0.98565348529458718,0.91854731380375054,0.93090909222660512,0.83763046130840424,0.93581842564586248,0.99680953968563113,0.96783222706418426,0.94968810034379925
0.97962278405439407,0.97269241972501397,0.95034116495484178,0.96383099651705539,0.98910346617057976,0.97180702834271504,0.95411359758766934,1.0023286990471048,0.99090513516521994,0.99633637481652848,0.97396725827172492,0.9489357165452651,0.97110361222718011,1.0268240529168216,0.98381213109639842,0.97709833240535882,0.98167141193033547,0.98742561050100419,0.95054600061096028,0.96498174074580623,0.91007945071927332,0.92481698421171965,0.96225071680933549,0.96380488015185095,0.95453891387316037
0.93907699537535771,0.95113120033622922,0.98473812832990903,0.96629557090082907,0.96880853806405531,0.97452904965322928,0.98626653562503075,1.0008380381523989,0.99828655039127123,0.98285763254723013,0.98358806191920345,0.87645234412073458,1.0173616456559509,1.000095119404226,0.9749128298109645,0.97300931588644157,0.95856987932803783,0.99536585280960721,0.95951509508886978,0.98151368484440116,1.0036194618975203,0.92921236408484398,0.97933978287393197,0.95130836577938904,1.0244466531113303
0.98042089563437007,0.93377339251769365,0.99634312319215268,0.93707255914050425,0.96941777289963005,0.9767063415560705,1.000169527340609,1.0045546432702337,0.98800602440109531,0.98454981833664934,0.96669612387396642,0.95569733510101917,0.94857595721440446,0.98186035789021686,1.00677189219825,0.95695218848684838,0.99848890245844424,0.97504037649671693,0.8166090119084467,0.97105352450508053,0.93364393377206989,0.92032334020127782,1.0069614821400938,0.9423161296484821,1.0111580677898278
0.95876237811112131,0.9872936927015229,1.0039785290083698,0.94662143325961756,0.97071504119096874,0.97765740725794081,1.0006008634473236,0.98774555985547252,0.99910589046909237,0.99962956921380897,0.99508478941849265,0.97927276380517225,0.95268328186464835,0.98884748405624601,0.92328030616057655,0.98485299300150386,0.97732028683949246,1.0004320067054073,0.84641036072779041,0.99563413195735095,0.9439859130751771,1.0004685240839553,0.98002341453533448,0.97929159096177865,1.0290295697434932
0.93405603497806511,0.98041075759564944,0.99179202555927692,0.95664168399018035,0.96173986889352825,0.95511217399897141,1.0076533380153774,1.0081837612787707,1.0101909222428878,0.99483161710313073,0.96526659484644506,0.96077624511695858,0.91408655020813756,0.96554988939196817,0.99750468162134276,0.95699039909437189,0.9753766299710005,0.97363587823179087,0.99023531303222723,0.98632500142554547,0.98185039368199767,1.0265113467376263,0.9427015410595172,0.99086361037772952,0.97639120239309074
0.95070971597496345,0.97980847556599848,0.99660391364942869,0.91419722393458613,0.9911368903817892,0.99204194648322186,0.94333320046798785,1.0066460044435044,0.93830624841140087,0.98599937385209213,0.98820724692936845,0.98695170077745875,0.95377427640564383,0.98899946156729834,0.97383824881637815,0.98166094621495414,0.97763184373695322,0.99304200093042949,1.0070827227711736,0.9811687709808653,1.0518928729029298,1.0305007323491111,0.93611754526114843,0.94514828145196716,1.013766158226163
0.97710651870476628,0.96928270412379813,0.99494821050226889,0.97197105123841598,0.96450934892990781,0.96515240730888607,0.99211722708138428,0.99105972258532293,0.88447778165342616,0.97272570786717227,0.97552855300897623,0.96953311359480099,0.94379309766670927,0.98126027790315506,0.97993006662068849,0.97506542147220121,0.97039724251828685,0.98929227590829572,1.007185064228413,0.97827618029807439,0.8886678662499895,0.99816977743647384,1.0129417173577506,0.95208367332351895,0.96860590601469998
1.016548104992119,0.96599538710723665,0.98728021411198374,0.94048367619987516,0.96869541200112641,1.0055334143793118,0.99075357069340586,1.0095234108001006,0.95363839466434974,0.97670492092940941,0.97619128050220749,0.95482815983792779,0.97081617409155407,0.96049145446502149,0.98390062454023475,0.97532110400250949,1.0035784842444473,0.98628831606523837,1.0014949493725958,0.99728238611301656,0.98843192790590972,0.95034417968046347,0.96662120842384014,0.95760787910102507,0.98452529994202409
0.97631243642342702,0.9575823533342761,0.98336724711507606,0.99715650929122124,0.94778613819682112,0.98294205709767302,0.99509112109394071,0.98180947118401563,0.96655285377960753,0.96397418661142187,0.98152198579985228,0.94265604549263282,0.98572028302468018,1.0106882881262971,0.96423222160410238,0.99152308668598521,0.97315248592382619,0.9559198401070661,0.99914589189139147,1.0253282882225125,0.94457367343776211,0.9410307566656344,0.99706783264140519,0.98632452039652585,0.99972891264233588
0.950142427931152,0.97372583342948171,0.99010933789847866,0.96625805827734434,1.0082520955093028,0.96217574021631369,0.98090767733020434,0.97738418044147413,0.96917271589275045,0.96859945065518704,0.99314877921975608,0.99654965864604828,1.0081176706510215,0.98061500873483387,0.97951659125341284,0.95979952683267822,0.97077634833136661,0.98095064299125612,0.98179723150042375,0.98575208876525622,1.020213664049594,0.97529551231560641,0.98797620045679835,1.0083291576183373,0.99373808819668519
0.99706901265925751,0.95856567244955049,1.0223479009382763,1.0118324259935119,0.98907197457552998,0.97314328318167742,0.99971394442260419,1.0018013872116194,0.94234638744211396,0.99185054334684175,0.97119504307995863,0.99082614768425992,0.99412510439908919,0.99082842352467904,1.0034658651128139,0.91608786935103526,0.96448497720698911,0.95921836973448182,0.98922412959898298,0.98306028678334723,0.99798889023193693,0.98733203390582769,0.99865602758089178,0.97992717185421852,1.0099001756281822
0.98105242182555152,0.96784725725504961,0.99159082983644697,0.95437995794125075,0.9876981767141203,0.94528113154248261,0.94814091918857613,1.0003992839517226,0.93947044009793368,0.94743396270479896,0.98187541915031618,0.95751707800502917,0.98402620097199844,0.99135015600254051,0.97380999219461506,0.96798610293738041,0.90746458898787108,0.98089442318984033,0.99172357193010985,0.9644658923489271,0.99959671298191988,0.91633852329706766,0.97149806820044848,0.94953903024479414,0.99210186666094924
0.99694103367894893,0.97239626115411304,0.98588072839077179,0.95796547014540367,0.96416325462540453,0.9912238431905277,0.99609815867200191,0.99407108539247857,0.98744350784019475,0.86548355433909063,0.9771737903195119,0.97192815127083187,0.92868417160123184,0.99406951371451502,0.98104569285208343,0.97672342749161101,0.97507189977002684,0.9733862427172133,1.0012979414174503,1.0196790568152549,1.0124641789542492,1.0020842783226551,0.97909760007802993,0.96180042742575245,1.0019529417924211
0.94584393212003792,0.95983220087495369,1.0051791096700704,0.88836011212745092,0.95568865378004786,0.98043251977310575,0.95503042506149527,1.0014203923781204,0.994151145502988,0.98507295573768594,0.98674702208217868,0.96968518532852577,0.92216549608358578,0.96092014469747811,0.98842057919059556,0.96312923688143037,0.99043328672907827,0.98200134280023466,0.98893637352242847,1.0185913953051293,1.0243405124635103,0.95181750886856997,0.97385437819715837,0.85770729867415108,0.98154861030708651
0.94466641260955031,1.0005940194306151,0.99084153578315914,1.0206293420945551,0.98737980723782259,0.97086987534887537,0.98447008099483491,1.0014588149244401,0.93428834417711193,0.9845823369951503,1.0050404497413206,0.96864996450244545,1.0070147036162329,0.99265349493133725,0.99336725098653855,0.96426534013486387,0.96659781309825965,0.99357628944767695,0.97920548169863064,0.9998407476952289,0.97987670954675299,0.9876507368619819,0.99061903842130761,0.96130186197608269,0.97846242795315241
0.99438782861000818,0.99082881097566722,0.98343530830664838,0.99228999596606515,0.97094503545009592,0.95387732003969528,0.99759728798843406,1.0083794014608116,1.0134964096625001,0.96588535315027535,0.98422247616234348,0.9829157632881752,0.99322591663684778,0.96506214319196515,0.97690298615753635,1.0338072219877275,0.99921716698364371,0.954060775153319,0.99747055556275788,0.97940324573370086,0.9703999006382098,0.9544980865404934,0.97865988292304562,0.98307274992569205,1.0060460802319156
1.0242344618730952,0.98994563337540442,0.99780956471218052,0.89770907352409168,0.96824827625149035,0.92794539485106742,0.96445862047928277,0.99078231182045473,1.0265649263719614,0.88955646332861349,0.98298522479242567,0.9982609643752508,0.98704862115674186,0.96385679996287321,0.97411523727933569,0.94949350044036041,0.94533390211315271,0.98234189663132343,1.0042957197073141,1.0166647607382724,0.95872401592436962,0.94249526357633762,1.0129999145041042,0.9555449802100785,0.99907230182859064
0.98446807262955605,1.0035246260579382,0.9969559243605004,0.9646424794210775,0.99794475658225401,0.94369579087859845,0.96783783760443054,1.006287225602595,0.99192589600908254,0.93955919640425822,0.9942936420259556,0.9766200413536914,0.99419447903684155,0.94761437431329787,0.97807942831232664,0.97668825459002451,0.98818298879435806,0.98166222732534048,0.98195651788297034,0.97304439039665169,0.97902803457735155,1.004241803957213,0.98343913584936915,0.99510526288873435,0.98326788722951552
0.99501741730638715,1.0022588693358812,1.0084586637442134,0.97202432078727385,0.9557751736394996,0.95169693145375023,1.0128182725333108,0.98960949226394079,1.0001386689075675,0.98764088570859543,1.0007747365626738,0.9634309143724904,1.0241366909725662,0.9785233949745088,0.97243582687833552,0.98445360148935135,0.93483540646182361,0.97421746386599217,1.0027928158505088,0.9960258996330591,0.9948938816991052,0.99048402849216655,0.98521405834212794,0.95626714704587867,0.97881180261521994
0.97296158250851728,0.95689277246746485,0.9841756046052017,0.9626004742220452,1.0101714798347496,0.94445552396094146,0.99953866604228547,0.99855038814701258,1.0017553845232128,0.98114950153836322,0.97796882459516521,0.84796276440341467,1.0030796913123414,1.009680188136433,0.96752822913268699,0.99713679132331745,0.94461886861018018,0.97811616906178733,0.99991191869649299,0.97128533246917348,0.97965277921454785,0.98519479856847936,1.0011675313851263,0.98821393822601677,0.97593570535081597
0.99238069860278166,0.98543730840697219,0.97621649976675995,1.0008480232068404,1.0139368258410717,0.97697184055140374,1.0075563073013212,0.97872989974927427,0.95238160989666965,0.98812030918159477,0.97236901511821161,0.96594453521604284,0.988031924778772,0.99866298076786264,0.95183676332997835,0.97957538773511055,1.0206777500528363,0.98015160971819781,0.99074625467803124,0.97655184788187055,1.0313693969707678,0.98984035801706849,0.95426055398792231,1.009515111526758,0.97163809275723467
1.0049440493514965,0.98192443776649541,1.0119981286057758,0.99365959938820192,0.98460171182453793,0.98157310395732122,0.99270592623505971,0.99304412042630408,0.98053338946337254,0.9820697723429912,0.95533149984215149,0.95099572890799899,1.0007205422200469,0.97750855933974112,0.91889981455177061,0.98476060655574837,0.99904155169750541,1.0086342657130736,0.9987848190995261,0.99409913009499307,0.95642650643714999,1.0115652006207925,1.003473821874733,0.99150384042642392,0.82265407601972784
0.97160285612879327,0.98412775085596893,1.0021154449886041,0.98896781657980903,0.98252410878804319,0.95297979402361843,0.97666719525649615,0.98919229575475276,0.98467597401609674,0.94184388118694307,0.92160576710999498,0.86201717661611976,0.99177707546036542,0.9797031188134897,0.964087213279468,0.99793477591709823,0.98129230112832644,0.95638454424684183,0.99897725498598777,0.98208915499070637,1.017016527519611,1.006176666784649,0.98312624804914983,1.0302495060048058,0.98806947439756931
0.99142613709632821,0.98516345242578462,0.99563531346910461,1.0053517659024374,0.99957157286288445,0.97842361973158087,1.0036032901368672,0.99236522165002616,0.97874934532439362,0.92787597819126599,0.98619337323088352,0.92631115129997332,1.019811349711129,0.99771790351991896,1.0048203143320733,0.97783547726542552,0.99358328752680658,0.98190293137147411,0.98950107523062603,0.98804161722085404,1.0061852488139029,0.99876541581379208,1.038598783437906,1.0208454468294794,0.99960035051403939
0.98663952855301695,0.94874479203915996,0.96163770332928145,0.98221965626415098,0.98786018301120471,0.94396821354041838,0.96897398249673905,0.99655670489080783,0.94346091336822235,0.94697959253051645,0.98415164068758576,0.9584761089753332,0.99141406838756552,0.9625921958524799,1.0104456898089649,0.95029360911646543,1.0010323582802143,0.95194026660592823,0.99338604340281922,0.99297175780890057,1.0097473093297185,0.98142826978758979,1.0097042357211561,0.9766565269618469,1.0090256879569102
0.99220092738992804,0.94913579534459602,1.0003445677051659,0.98980344963713396,1.0099213789392316,0.96620935490431747,1.0108913617928992,0.98379019688193348,0.95438718181859317,0.96296344400775891,0.97704648823139506,0.94152517300911753,1.0015035424790484,0.94696824792591616,0.97206142147042807,0.95749048384971969,0.98622165606602774,0.94875660713395371,1.0046992692589878,0.99691929727868911,0.98751513562293003,1.0048925438714773,0.99206488288623995,0.99858214895570763,0.98586884600727986
0.97694930563464755,1.0104264744289262,1.0003742454450697,0.98669811416598208,1.0088451537765577,0.97279861795653755,0.98915381459912022,1.0082188224282966,0.97632973111882504,0.97165815827776336,0.97871520739362827,0.95227093404170027,0.98472054195275149,0.84800223216515935,0.99337741577442606,0.99331254914273226,0.97800985006940677,0.94873865641419974,0.99423237574524836,0.97246991347167644,0.97877000828177207,1.0015249190916833,0.99812595508528734,1.0073779668737093,1.0008229543804414
1.0057942421720132,0.98705282374370162,0.98037923681996886,0.967743089777787,0.99066881711921717,0.97570703671149062,0.97687556112331086,0.98497777917172069,0.96164418958260434,0.94771195202278824,0.95818681173327669,0.96808186991210721,0.96687829873053843,0.99693282025198515,0.96087022202996397,0.95432293877304242,1.004544017346759,0.98053480952790273,1.011515866828216,0.95515357979233717,0.99864222571941941,1.0237082739104402,1.0287651707318184,0.98052740522466564,0.97692918405613038
0.97219683049710592,0.9731929375100834,1.0025614827536109,0.98009835029098846,0.9978985904666835,0.94790475198083801,1.0074983854360113,1.0147094482711165,0.91909844217412417,0.98814165209899718,0.93309703129271693,0.97126469977985241,0.95604288926802417,0.9378815121426437,0.9738601757668216,1.0053262815671404,1.0063137886529008,0.96853533598683084,0.993698320034195,0.97797438584492291,0.98767153371064487,0.96115633062194872,0.96604724743248649,0.99097034151662622,0.95817219564446598
0.98099406133409772,0.8278143842271305,0.99461944910404176,1.0169078467474759,1.0179613900118938,0.98267815085410992,0.98743773476246055,0.99400150697352441,0.93752115650368617,0.97499713611790684,0.95970744785579942,0.99132394971273885,0.9997978999042535,1.0101722150707704,0.95403787636468951,0.95640389069536036,0.97709946862625419,0.98679804130346205,1.010787323957141,0.94777673646028227,0.98739189009993689,0.96938499595104011,0.99832464180293989,0.99633075625658418,1.0056317846028535
0.95847336237404146,0.99807141492184559,0.98621203183115791,0.97877006773228559,0.98055291541383338,0.99987476265880493,1.0179492863761026,1.0004008747347404,0.98868589017201436,0.97379099285181836,0.97334771060118896,0.96851615236568611,0.98915972235736482,0.92997986654104936,0.99697722655876675,0.92641722161605566,1.0010527928428412,1.0043546426156478,1.0020794025468862,0.94270575208252749,1.0028226846465687,0.97819964244943536,0.97774780316166654,0.96137723114015905,0.97525316569646281
0.99536746079232508,0.99868573174161857,0.98224548982473836,0.98632514527810289,1.0215819148653946,1.0000678356366688,0.99844882935277524,0.99217822386864063,0.96273188763692641,0.97313481696464599,0.97104749771828303,0.95259145417324342,0.99793365365781361,0.95013532237849518,0.96863328431878626,0.8468944173636489,0.99321653777858132,0.97767893224337665,0.98963178020763798,0.98010183626604497,1.0002779988199022,0.96959143667677561,1.0090717392275064,0.96724028516552685,0.98969574154238626
0.94144805241305463,0.97847710781841579,0.97996318955052486,0.99465002257775148,0.98869510283494588,0.98850270257099015,0.98860224599861413,0.99342143259028814,0.94022640725848805,0.98692114235463035,0.98493268295340353,0.943178364919526,1.0015632898332869,0.95516087775415759,0.94856500055408077,1.0091777224951175,0.99399872887403551,0.95119261348597872,1.0153588831874256,0.94279639114549418,1.0050740282655395,0.98720260963686113,1.0335652048328032,0.98043769456343677,0.99344406809397945
0.87757934288571193,0.99647208819074262,0.97664613589898674,1.0174149021827483,1.0170184286245663,1.007458028125598,0.99977179932844595,1.0048774841021859,0.9675854715225829,0.98714760611454699,0.99800368925362548,0.9633160314691801,0.99665654691419425,0.95376845519932929,0.99192182034790999,0.98217983438298961,0.97053420940150448,0.96229345684510859,1.0004961166134931,0.92168618238648814,1.0165674023664784,0.98983493262324418,1.0243986011285995,0.96815427765959039,0.98465898892659742
0.9725595423025184,0.99390744270569098,0.98240448073887976,1.0309224577983718,0.97055208420928485,0.99240587866086838,0.99875466180230232,1.014601176115725,0.97774472266501777,0.9845865825358695,0.97615602480408847,0.91884647405317066,0.97461984813595504,0.97646364304276645,0.99554030918231984,0.96904634690652813,0.94692519382305962,0.975803623756621,0.98621426876699725,0.95807585838383658,0.99018390654137589,0.97556260853528276,1.0184418041818426,0.96444813913392335,0.96930538610961503
0.92533170481655691,0.99442513382738695,0.98793490050945432,0.9860647880658796,1.014135403234236,1.0075262388464905,0.98750814028428624,1.0013221444979556,0.94666499975093266,0.96304702318266222,0.96428155732136145,0.92148136572492056,1.0015984606541148,0.98668791049359617,1.0031421708475647,0.95419962739301489,0.93792872541864236,0.99986480998605054,0.99318681857785129,0.98831925226068096,0.99977547169288128,0.98247993044747417,1.0111623681704567,0.94485458360055763,0.98997012374164084
0.96773977556296054,1.0006166393462321,1.0030635985512002,1.0357368832522613,0.99017702083278436,1.0311320215721045,1.0173963184840857,0.96733572011595503,0.99497206346961331,0.97092765144399307,0.94888212634884006,1.0446977823260173,1.0036897633946888,0.98751013829199408,0.95487360264926702,0.99438250187009392,0.91457075721685133,0.94842601926158909,1.0036562023349689,0.97796357147284219,1.008511307024428,1.0167652401697953,1.0579651163727997,0.94531689231530802,0.9898602438743288
0.96361442191514413,0.99321494584552861,0.99961565126342755,1.011430073362813,1.0030933221331919,1.0029868890484879,0.9901592530251524,0.99007547264422546,1.0001948318785863,0.98131242059160251,0.97100447240387133,0.96340480015140628,0.98208158270064982,0.98200934400802531,0.90454386961070687,0.93782233595502174,0.970237206269702,0.99578399910644722,1.010000629879606,1.0054166931450286,1.0257447555354338,1.0139192837464093,0.95828180202925084,0.94840332238924796,0.99396070801968228
0.97507945453703737,0.98290856000553462,0.98252605872502041,0.98305043229814537,1.0014801922977983,1.0029068745150711,1.0173208724379112,1.0146409126617857,1.0012661347562988,0.96024095445783864,0.95219321634428111,0.9860300314724868,1.0154732807336622,0.97884783761482508,0.98070969270231012,1.0130329383799495,0.96914292256873502,0.97355114619305327,0.98350911549747633,0.98595710317333707,0.98540980838330527,1.0082857934544736,0.98476737109231449,0.95284158864548008,1.0001155033949551
0.96922799032277285,0.97896582856273762,0.99936157125866065,0.99273715345519897,0.99323423016119172,0.98767751594299902,0.97422175654012255,1.0042165621572725,0.97279037798488999,0.93752104557189564,1.0014729625593151,1.0083165942453658,0.99778634920430687,0.9781126607416416,0.92068625885289823,0.98094026737365025,0.93420249949629053,0.93144870537635016,0.97439756006642675,0.96361408495485656,0.98545647759367705,0.99905454809616789,0.93514218247923309,0.99761019912803006,0.9998204020495588
0.98158743212161048,0.96553697525310567,0.96945860639686765,0.94041815792442207,0.98177795622519581,1.0174362568840083,1.0102239072109775,0.97908434827403445,0.99846193791710802,0.96442702699374927,0.98778503190219202,1.0057050320914016,0.98960171268405461,0.96111402842798543,0.98391477843959252,0.9698497583029223,0.95299994484529527,0.90290082712246744,0.94865988807914436,0.95980997002091428,1.0171862047461717,0.9474912508475245,0.99746006910131713,0.99255882407023999,1.0060012421832607
0.96430993460040693,0.99423838904041451,0.98824290660965652,0.91309594502343705,1.0135126813101738,0.9860561878004146,0.99042418780324004,1.0088613322069588,1.0094289931404541,0.99382673463764593,1.0283014403834523,0.9916972855452767,0.99049015413328267,0.96836670003354808,0.98412023342010102,1.0001870773980814,0.96907674836535285,0.98268754523279456,0.94114616669401574,0.95901909439233524,0.99806464343670021,0.96786776067334912,0.96016945732608561,1.0080583211386009,0.97708138272085421
0.95522371346277712,0.9523308496436943,0.96585260585822619,0.94977069067160058,0.9880804406714977,1.0164409571717861,0.97300314294130008,1.0169691240066865,0.99725300118470694,0.97570976976959412,0.99013977110589468,0.95453796083105891,0.98720917279370601,0.96158016638123078,0.98397371869111983,0.99252127728242279,0.92543576906675384,0.99466402192543169,0.96559454519828991,0.94662662221202065,0.99959597969751346,0.95912678711940158,0.96599132641201801,1.0108847509866867,0.99380645523222699
1.0045008083708167,0.94802216257956196,1.0210383213421224,0.96220088007889037,1.0081741589850408,1.0140290963613616,0.99450852540997203,1.0067595066046728,1.0076637094820464,0.96184487520947715,0.98493093171480506,0.92982289441693511,0.98716435845624129,0.99324273514791916,0.98555632024460627,0.99984403756385454,0.9792220522763162,0.99853425639091997,0.90498780106520449,0.86158855319713623,1.0028546841980477,1.0024700955347192,0.94986132483898167,1.0120583919528758,1.0023252523422599
0.95751347661162312,0.94611393180302084,0.98551931691019634,1.003692617093465,0.99530450991205288,0.98608052140233871,1.006622535401174,0.97532769565343369,0.99944862942252066,0.94876747986406873,0.99242445498011533,0.92863598831434346,0.98543652052338626,1.0024924242950581,0.98629380603177108,0.98506092209785201,0.95621589379081073,1.0063306845927518,0.96867158848654733,0.96549127077786956,0.99070005482161649,0.99396942321744286,0.94902153615915097,0.98192199730392371,1.0117556901926978
0.96556987130387473,0.9211056355866668,0.98403960862718587,0.97884706425850787,1.0102834624746995,0.96510114019967763,0.98310858514590693,0.99500503768121806,0.98510517093528782,0.98591244320742011,1.0057777991130292,0.95413465589357982,0.98371657331067808,0.99625619573057722,0.98914608176177998,1.0171501554551166,1.0026016868339414,0.99429217234752743,0.95380753299564236,0.99111699026696265,0.95531527285956741,0.9952158798014904,0.96647811997931821,0.99846954985610281,0.99934756428812699
1.0162522153834261,0.90115838472768373,1.0024223702461943,1.0110215712312776,1.0061107840090515,0.97489155040834119,0.98041979268058854,0.98594733179825478,1.0145124655890669,0.98740154126832003,0.96881111662792907,0.91449332793075078,0.96004137112092125,0.96426747213639297,0.98717263434733715,1.0294588461334373,0.95105298612567835,0.99680867249739902,0.9936522711491248,0.99611963575409201,0.94534448210758948,0.94438637110906098,0.98692137582259765,1.0164097389587508,0.98019261193762397
0.95313058065251055,0.93465440737116756,0.98818353949055449,0.98644052797305437,1.0267807360363099,0.99053569091766247,0.99470836546087349,0.99958041156439414,1.0167118442355443,1.0038005208164817,0.97467005679189889,0.9892637240378086,0.96747749860768217,0.98532893776124308,0.97428595323021572,0.98008570862791389,0.9576121056647755,0.95677073014445213,1.0101034666421196,0.99524637222753498,0.98836654089614073,0.99631722807331957,1.0057888047552748,0.9740783192667426,1.0094774762982803
0.92046116655629184,0.99281430240653057,0.98701705319411348,0.96184505466117109,0.98243241246854363,0.97768016216411302,1.0036825708478136,1.0001579652001469,1.016726956378551,0.98358114519915041,1.0078560483982066,0.92667429148202385,0.94396484920564983,0.98602001220148761,0.95671930341303524,1.0360844001529113,0.93992156715505426,0.99955000130341298,1.0176336188009325,0.98778229235357362,0.97968433985660108,0.9716856557753123,0.9371240265417905,1.012973950471576,0.99372987348798514
0.95693694893078884,0.93271342067449126,0.9849140073519187,0.99409259483188961,1.0076434467040407,0.97966157974879153,0.97565115876195796,0.9901838443945673,0.98147438718211788,1.0022392482913032,0.99478343721436258,0.93443933315134808,0.99018416190085379,0.98160195827154428,0.9719133198150316,1.0094982145125875,0.8753542603010146,0.96640111410330432,0.96937766216107535,0.97145186097480929,0.96402503921290594,0.99724547907112004,1.0150856137130182,0.99694219780062632,1.0064961709944236
0.94848402748712857,0.93531558698772277,1.0138959211118066,0.99909454452049207,0.99130275066418039,1.0005570987308838,0.99040815129315074,0.98283830243038439,0.99714856291041254,0.99472954404193803,0.99540320222337342,0.93171459492435149,0.95236531372110478,0.98381693992388142,0.96968089595367091,0.99924655981460531,0.97828273972528934,0.98611054078895866,1.0079300937831457,0.97992551940545225,0.98256050342693446,0.98546292016984938,0.96789774288299524,1.0320569156712955,0.9911645604654572
1.0112975555602377,0.89540973683290404,0.99756775291401156,1.0483378249692921,1.0036164686046105,0.96401968568207297,0.98708107374709586,1.0056108095992013,0.9914027240197083,0.98455091298643216,0.99551033950463064,0.98368105841554321,0.90484818819895785,0.98267062276044082,0.97204995751799139,1.006694754961071,0.98396224476187777,0.95583958477362818,0.98469284183263805,0.97002675931290205,0.97471391828481391,0.99117551097134449,0.95130179341003407,1.0185981213623145,0.98131663709852901
0.99396585139803306,0.89271866063459548,1.0006007795623948,0.99753760161868632,0.98623828772561117,1.0028825825129493,0.99818334676035214,0.99544669070546465,0.98173601050985548,1.0033673502391476,0.98294681568721431,0.96936479792550279,1.0037163088738403,0.96191193938281283,0.96250340304152637,0.99591205285472539,0.97403868975274155,0.97394115315476404,0.97786290504707285,0.96508213815423316,0.96278766153156237,0.99485118889698487,1.0067243453362895,0.98208377534073277,1.0079052406196585
0.9819314535684347,0.9736043517984041,0.96769229178748128,0.96158408208726542,0.99777345080417312,0.95891416176584743,1.0074821816614383,1.0015582864471302,0.98740081580930628,0.98766478168863148,0.98615759697802086,0.96337702647660128,0.99661120897069522,0.97170922182721042,0.93042412369557614,1.0051187700975583,0.97233556312775782,0.99542924454799409,1.002158917002691,0.98361680093558601,1.004288165553773,0.97264391151963236,0.99182439969407743,1.0001228074618596,0.99384436290464451
1.009589757946745,0.98800273921184911,0.97667554273337742,0.98982667348149678,1.0071443193054852,0.90497175593730161,0.9902404966008248,1.0062847478317556,0.98865739385044349,0.94099700672353503,0.98924489837296548,0.96577231276433573,0.98624526085435371,0.97949819098965529,0.94432486955296802,1.0161219343933527,0.98888877180571999,0.99683805126170733,0.98764098928833222,0.97820403967728353,1.0022494637543855,0.96714397180441181,0.99592175599678312,1.0133831398496194,0.95926783348631273
1.01593370284415,0.94058876169116801,0.95467366211570592,1.021313895412113,0.99829362564550672,0.98479059438255889,0.99192575463333632,1.0044366061382568,0.99985120987925435,0.96054482682220999,0.94105371960423978,0.98168653809817608,0.95950677475815616,1.0027470751471024,0.97557288511752582,1.002731703418396,0.96809731641015073,0.97981761153906066,0.96911516851126056,0.97035651267742395,0.99762657642721198,0.9686956444898388,0.98314090823337941,0.99900811598635719,0.94559596288246772
1.0205388422730368,0.88145464671277518,0.96311857022904068,0.96537685317771227,1.0012815249993967,0.98802765485527966,0.99173007958885984,0.98700008881151635,0.99316320628900545,0.95256196714803132,0.96913179102226443,0.9741170716785168,0.985969736181732,0.9659541114985738,0.9782844447415584,1.0152137257706717,0.97073595242107746,0.98336416405121763,0.98182616680177259,0.97178528959102983,0.9929084714093307,1.0036551292372855,0.97703747317604128,0.99425817779865844,0.99401487511093956
0.98803017133043791,1.003159619422979,0.96509205762662453,0.97219716863319561,1.0047541736855778,0.98674526452741507,1.0038350872588651,1.0031841511230217,0.97173598633732827,1.0256991568678466,1.0004183232134023,0.9523549765696685,0.97125671943561209,0.9847821466714668,0.97041693495820858,0.99371511592790784,0.95894582528545524,1.018586775461723,0.99320823175759732,0.98298628476566696,1.0136316084048127,0.98647526254627449,0.97593273568969652,0.99905890236079598,1.0158824810225102
1.0013633017532813,0.99735124607581005,0.97388015718019405,0.93395063034597126,0.99942603041425981,0.99525639686678546,0.99364858702352687,0.99349847009578718,0.99905350871065757,1.0068580863050083,0.97654390259367685,0.97190433069991378,1.0142893881068364,0.9911647900465006,0.92787940018635295,0.9986700863699135,1.0008394918831347,0.99372013890541966,0.96235675519862407,1.006402518741027,0.97435381278399791,0.98950715997855554,0.97226553524807036,0.97953126073379981,0.99490332160885575
1.0139671768684504,0.97419614322676618,0.98889877362203449,0.96936294269455403,1.0092137768732206,0.98802384880668681,0.98641716867831586,0.997904780607209,1.0097703356019245,0.95985177727103188,1.0159173932303402,0.82722876235196707,0.9969762431398661,0.9580875735461355,0.96206456511973737,1.0074365049730802,0.96498775765076517,0.97173404693007381,0.98114072657433049,0.99920419205697208,0.96826856818324603,0.96394308225983805,0.98524105469963974,0.99324134428844835,0.99291085881237862
0.99568205804215471,0.99849326265122051,0.90322428132830745,0.96504917964848091,1.0030984829529723,1.0191250985615576,0.98537538601713281,0.9939453053937759,1.0066631892025792,0.99647987595421161,0.92131671727713516,0.98761018490201569,1.0118992737975394,0.94115619632482139,0.89531222564403345,0.98033718670865988,0.94476461078068585,0.97950453336432231,0.94650227283285093,0.98516368665466247,0.99834714665224766,0.95825503542978607,0.9683169730643153,1.0130742969008679,0.99356733732305946
0.99576519662539398,1.0093555974185255,0.99477695237612085,0.95339987734547293,1.01220074525465,1.0129610950504189,0.98272777364616881,0.98526493486417999,0.9860609563089916,0.94813153969356723,0.96617992562679755,1.0024945762045636,0.99887678366230515,0.93374296093830311,0.96057592676061732,1.0195131941394087,0.96284336708253826,0.9997710234352799,0.96340157509634128,1.0011747666762245,0.98744064074128646,0.96389070028512036,0.98149624116043432,1.0035826678838167,1.0095609023035785
1.0075899803847617,0.98797757207914905,0.9681397680477174,0.96002627216676573,1.0117811266776395,0.99171722449868771,0.98596985038518636,1.0129774783339669,0.99962081553572901,0.95018729736848351,0.94683936326435414,0.97926998185746383,1.018492352757985,0.90616712127081556,0.99370979346660115,0.97436205423191546,0.91377106574005496,0.99685445942743744,0.9650529756676145,0.94452283444155016,0.99690947919711259,0.95755544820894956,0.96122437191985366,1.0249120349393519,1.0102137091473882
0.99068126546668767,1.0063733818917346,0.94851484044326428,0.94999166176142624,1.0014201330065682,0.98702113052660745,1.02871014624821,0.98328448188530826,1.0036567988123268,1.0011134915088753,0.94364009753784972,0.96142362709060214,1.0094159153909614,0.95011867813049755,0.98076047231433428,0.99670855077464127,0.9724219769553587,1.0110505577680826,0.96756595409720225,0.92062397086030845,1.0027776299461986,0.94907535224765471,0.96964712438245459,1.0088062894823082,1.0067015702778594
0.98364350706990389,0.98798611496491684,0.96049728762040498,0.89702028418146695,1.011765218809608,0.9860233879715391,1.0074451441032921,0.98028622331496684,0.98281161102132475,1.0135425332792281,0.95725433148581385,0.9797204552441664,1.0150923701993588,0.96610946414944165,0.9838365509864242,0.99888399254728588,0.98793460631678609,1.0090332749741171,0.95484920941076179,0.98452193654027764,1.0218852374944962,0.95657238181982784,0.99530899100320769,0.99458174885065076,0.96557032299203449
1.0104726825787205,0.96693559865527501,0.99130621364660698,0.97905754631537889,1.0040040224469144,1.0063440651904891,0.98107893412237379,1.0094480796803356,1.0072886338065365,0.99872417491153953,0.9242023969419898,0.97207650804894152,1.0092823441085323,0.93600770495064256,0.95824523893356961,0.98881220342463361,0.98969791583879307,1.01177746856311,0.99769342982486509,0.98453168830981208,0.99289345763731141,0.91520705752951648,0.96553043084604717,1.0117501669289306,0.97842026838633167
0.99753801262001973,0.98826811983807927,0.99565822136503668,0.94896022471778252,0.98231483934929764,0.98620047415857848,1.0117429208401558,0.99362249958894577,0.98244829545134948,0.98614343257690584,0.90568064070978926,0.98650342904780763,1.0015953727269307,0.99155971934910914,0.93248937317998426,0.999165756862465,1.0101171710470236,0.97900711202169877,0.97301886094453971,0.97710949035673089,0.98333646423571419,0.90037236251378483,0.84460266565312603,1.0016573735967378,1.0239305012533513
1.0047644195646062,0.96953714011728731,0.97591092212412611,0.95553607366028281,1.0052283634456416,0.97356852563848073,0.98794232052717657,0.99575029239747137,0.99593007088898999,0.99321608306637077,0.9656555569544556,0.97470642990213119,0.98429374807584313,0.98860953636527871,0.99735245990667087,0.98927746128035154,0.97591842405880447,1.0241343844510136,0.9485080221194887,0.95830105402665255,0.99166562101380529,0.91619629877377751,0.94945681403953353,0.98803717220997844,1.0044173588523519
0.98908004388617188,0.98412707478972661,0.97505096057836915,0.99677200873443417,1.0040089707425175,0.97857099884287968,1.0012705547340561,0.99302465450945565,0.99285652025749382,1.0123134743441222,0.96591261275955642,0.98927449251567878,0.99904215807097263,0.9779314919493356,0.98006743359647641,0.97275701918703528,0.97595007896951136,0.97051373506188765,0.95661173446501624,0.95991772830306032,0.99916910485588273,0.97170576247639018,0.97642198909895805,1.0184635609239896,0.99734414338207644
0.9751103002822874,0.96689639586803355,0.99050173404982866,0.93942815035492788,0.9987243311856292,1.008711650903114,0.98510682288487073,0.98935666005482159,1.0063630801413244,1.0147547235249732,0.9288466722800659,0.97609684585077094,0.99943513168643994,0.96247787251408146,0.97059575298547218,0.98508820665125774,0.96770213434389563,0.9820202284368208,0.94961598213947773,0.9190045161618613,0.98857460916947837,0.95487461117563199,0.97938596140571266,1.0204843513613739,0.99662663000613905
0.98709818295555696,0.9987903002828793,0.96439831229577466,0.98722159881849492,1.0065414815783933,0.99293275507031997,0.99639398407674484,0.98856992761693285,0.99115056481052921,1.0093664284893011,1.0039073814876631,0.99250599760280922,1.0132675417178176,0.98383159405359089,0.97580452988770539,0.99021803002084574,0.97575127383889282,0.91115063001387564,0.98969021880757979,0.99359902235450381,0.97799764579344517,0.97999258376655918,0.98965821339517057,1.001994242687787,0.98299896475339521
1.012616118666781,0.96711617237757852,0.96773895649064101,0.97677842188675867,1.0132429867955128,0.98495074320474296,0.99087805428259679,0.99859517230963368,1.0151228869283497,0.99301264228462582,0.9872982836120292,0.97252089507389161,0.99883451026408288,0.98546659465825404,0.99609526935171067,1.0141301204176822,0.90589053883956239,0.98148972124234146,0.97723068693526927,0.98604602912588102,0.98291529299164559,1.0082567516446928,0.97018741565547384,0.97511969044489544,0.99439995617633903
0.9961242149727827,0.99707723289487216,0.96709125349954772,0.9798329361223781,0.99324950286361857,0.98985072417805597,0.96909144765431565,0.99948291389468735,0.98003354742290527,1.0271170711785935,1.0404134589892564,0.97137047386408115,1.0141357697463982,0.97788439463834009,0.95999032261561568,1.0084322485828248,0.97092450823150378,0.91995743737832225,0.9744272295788512,0.97654019946951942,0.9908501783450816,0.95807056918100564,0.96424556846693865,0.99551013051736803,1.0039451163551401
1.0001289685424921,1.0106483355284055,0.93932839516084232,0.97142125056990125,1.0006881250786284,0.95719468177835321,1.0096842039003817,0.99322399473998535,0.97046012395555026,0.99507272595278184,1.0189622170331287,1.0066835143097919,0.97268996542109731,1.0026471335584455,0.95764997084994752,1.0165276228643769,0.95760173386281833,0.97589100173993693,0.99617391814834944,1.0124571388314869,1.0075966977433419,0.96612204586619899,0.96451600807823656,0.97719375250767226,0.99988228978056171
0.97220918715103977,0.97800474021697448,0.89135953611414998,0.98862295564339697,1.0255569734241043,0.95049334268247943,1.0249643716682797,1.0017080219924663,1.0004407411711205,0.99780341066582234,1.0041472401240672,1.017676612434391,1.0105202516430931,0.9796358632623311,1.0073567679446913,0.98609927050970525,0.98444580692650296,0.97152701549789267,1.0001688603498886,0.99614249842183089,0.98267279346565095,0.93580436233903708,0.954847125239211,1.0032104380760622,0.98510236559651621
0.99178069370304101,0.98410866090212634,0.99238970439255625,1.0064016133443319,0.99695443046014665,0.95171441210739904,0.98857124099776117,0.99789086049726261,0.99620077448670186,1.0092113261263009,0.99874265260470874,1.0032357546952821,1.0000825428133648,1.0012211309322752,0.98897392828843311,0.98985326941919749,1.0028519831735963,1.0087987013934765,0.9919775711634079,0.97797174171114043,0.94492786287257513,1.0139594148256934,0.94725257857326151,1.0113473363311389,0.99469625410900275
0.99520723162651459,0.97714772665388161,1.0295214712936602,0.98683637960784387,0.9906957121132729,0.94923068146721823,1.0042016937162126,0.98267993769223549,0.9787052691418201,0.96949169086534026,0.98193789040107482,1.0012755432067049,0.99452497474756962,0.96129785698563441,0.9619628168975326,1.0038188407002235,1.0000249335220592,0.97782220221043026,0.98841174970327084,0.95264247558841231,0.97223703629818348,0.95103203334742703,0.92851093609503388,1.0063738453168436,1.0006172351542288
1.0098583005174115,0.96841963782831775,0.99743166857641485,0.9775054320861476,1.0109087179792737,0.98714005085750922,0.98356310604783759,0.99739859672288367,1.0017327405062459,0.99973306692602726,1.0242177797303045,0.99717856160470375,0.98436099973793512,0.94334214822867379,0.9772891818619559,0.99071181088626148,0.95780667570677502,0.97394737412124377,1.0058913420705096,0.93383581738438459,0.97726690865967425,0.94571861290580472,0.99387827554930619,0.99383482321874583,0.99849090066669843
0.96734305063610626,0.97370765198699405,1.0088354483281905,0.97771479410146478,1.0031869516530525,0.97271052896712062,0.99012754775709744,1.0178903411722278,0.98314614308426129,0.99958393300816262,1.0226250194544833,1.011410603758337,1.0128842795253918,0.91639302672375378,0.99204917631962775,0.99930628231455854,1.0033253807981222,1.023712124351422,0.98588309815341379,0.97902143587542678,0.9848438414428824,0.97978284617960221,1.0028012090653988,0.9838263445072869,1.0072337439040271
1.0088846463343544,0.99649977538481405,0.96456842745896687,0.96057590646785285,0.9743040498352471,0.98892807284082385,0.99489230638780557,1.0123106514624109,1.0080345334265701,0.9938372202272181,1.0372147143587933,0.99074197199126601,1.0054779468083266,1.0038983611512755,0.97155345305959795,1.0001329058618416,0.98083439297078956,0.96583337292998139,0.99809359863416391,0.97465291559971334,1.0000552835745784,0.93478996296002637,1.0086153855098898,1.0193374100646162,1.0000150723457628
1.0129199764287662,0.9874580879385525,1.0331290183646045,0.96560883629823879,1.0076524606331168,0.96840435189049523,0.97313445076159655,0.97321130609190898,0.99895379359428327,0.97587100668912707,0.98323729700627382,0.95995659552835499,0.99291111456594916,1.0069864374673936,0.9793071530449371,1.0134962420172664,0.96985730704216278,0.95487513984830441,0.95465535247427302,0.95184159220989717,0.95641580179737906,1.0358391005651295,1.0052610362542176,0.9949529373056476,0.99229908054542082
0.96417323606287653,0.95848798219157649,0.99469805521488264,0.9597829357857619,1.0081557954520612,0.95683794333853101,0.9632008812825531,0.99560556769802222,0.98112149478479349,0.97810076032313487,1.0010932258365557,0.93465005774371157,1.0114197641056084,0.99587237872375145,0.94841660877784117,1.0051643844060887,0.97423627492603471,0.93258587370261792,0.97039498291098114,0.92529647946989746,0.97275909460067467,1.0034387175845174,0.97652872169643679,0.99827592403860688,0.98154438907675867
0.94591869747758661,0.93284700269163701,0.95243383757294775,0.98787418817814776,1.0074322200090613,0.94362758823430171,0.99223300043509655,0.99043740949085202,0.97832005051002757,1.0086244386163068,1.0100981313775608,0.99133299520672558,0.99317691117847462,1.0102108365745244,0.99964378550617883,0.99920443380236834,1.0115864591767605,0.9590516868229384,0.90286303611276775,1.013457593891572,0.99292405737501899,0.98040542619521853,0.96633373378173038,0.99215808340762612,0.98675104513885037
0.85774514276781144,0.92326177958419708,0.97782214663649036,0.96356817843374143,0.99911611629835972,0.978799533141538,0.9303695615864207,0.98916831116602066,1.0032839370739712,0.99138591322322323,0.99988089100127919,0.92735921057662329,1.0146674387510912,1.0128511447385977,0.95278669050539744,1.0005678406319742,0.98842261573641121,0.9708089323849376,0.96083679598904903,1.0038792208421436,0.99603235512488397,0.99396964093884588,0.99198469681760759,1.0244022506898711,0.99489567471890761
1.0047113327561927,0.97995733492522263,0.96550034351746949,0.98154331232057446,0.99028866104988988,0.99194806661875656,0.90414277731300075,0.9847506196051744,0.99696986296113344,0.98451926776853871,1.0084576022070124,0.92934561109420566,0.99292940382569606,0.98006749100157853,0.96161052747855957,1.0029625703891276,0.99915767164440994,0.97505551676966873,0.95896990508922675,0.95976729073381395,0.98717883171594711,0.97064377034646065,1.0155579001163511,0.9655643768484683,0.98397182055671195
0.94594241893350173,0.96865547340000613,0.99058041279452391,0.9539341176583962,1.0027758289051891,0.96188587359438904,0.9301453368221464,0.99007295707216236,0.9876494090893414,0.98594212495967326,1.0292994569377105,0.97957557466164391,1.0004466512181491,0.98997852063886627,0.96775948064830664,1.0239084704157511,0.98780415275997924,0.96752270561179321,0.89461205672333022,0.95845456709987575,0.97206726016134604,0.98907386760885774,1.0150268351000566,1.0029220171442885,0.97802823736855282
1.0050874827998648,0.99433483354297414,1.0079154515801452,0.93467279140916981,0.97958540166820562,0.9423688322058229,0.99368685249114785,1.0113415273875339,1.0217613353093196,0.98429450424028797,1.0060082652771085,0.9732169245708695,0.99941545911743779,0.99821565385207911,0.99991278871505096,0.99244424004241893,0.99059471098662233,0.97215263305930777,0.9719310497896323,0.99543150849411544,0.93736337108475898,0.98441239143967796,0.9665497487080853,0.9849148346230282,0.97861860633898445
0.97229520443121931,0.98727401627834643,0.98363644331367139,1.0035396065368509,1.0066566219380539,0.99425664153913018,0.99109666507006222,1.0089173009698156,0.99530296887214109,0.99682015772211763,1.008476306750542,0.96326332530385217,0.99870743137165907,0.97834329949552068,0.9529961804233702,1.0066601410303329,0.99659243799672026,0.96469819285184433,0.98434393090510464,0.99763163403873556,0.95092406797643969,0.94017963386258774,0.94556888292320851,1.0039763295998652,0.99952463384605394
1.0040507340960056,0.96438967211913473,1.0203540996918417,1.0040386804064751,0.98677738783218094,0.95369060988907206,0.9928659015558654,1.0009219901253321,0.97550092540844502,0.99644297178957908,1.0068622096382236,1.0102546243604607,1.0070422045049645,1.0038572712661458,0.9689353570000282,0.9832269906351544,1.0091922466737082,0.96255194459173066,0.98279675683968948,0.9926118617088977,0.9761033097347358,0.90882185558324435,1.0056977610919802,1.0240805974503535,0.98278439641208948
1.0134398888734328,0.96913264859223203,0.98867655233940455,0.99448725850989961,1.0059702061650369,0.94927207714989903,0.94505304631229714,1.000025800925016,0.99981567493345136,0.98995772099141865,1.0041406369845993,0.98269592865188737,1.0019923008284166,0.99358567079841431,0.97782320206324469,1.0029946860229835,0.99418682541153458,0.98553152303713643,0.96711837400541678,1.0065591711122972,0.99181663431019917,0.95743874510668858,1.006298725390999,0.99274140979541614,0.98851186257996604
1.0163781856409289,0.91992333394996784,0.98640301354415405,1.0030294113408795,0.99454328258248703,0.98243342522147414,1.0143741777109707,1.0011009286767876,1.0034079192851513,1.0332403166519946,1.0047699454858692,0.99201183550822436,0.99012648765456357,0.98549115374126384,0.97464631230184406,0.98056249831219455,0.97890651219510449,0.96198862055394296,0.96190231218715716,0.9996281894706619,0.96733697692048393,0.95994930583331228,1.0000125246293607,1.0018527977384735,0.96340218202053995
1.0029863931257978,0.96356601085147775,1.0022417232461291,1.026543112375736,0.99618591801512901,0.98385800681392033,0.99177708820724486,0.98162687310932295,0.97107105846795339,1.0096408356494375,1.0267112297438001,0.99365776777666515,0.9978360356563778,1.000232774693447,0.97130858081233773,0.99473420312469896,0.99118447102814689,0.97998823715337358,0.96123909294638288,0.99821789205849654,0.95548475832784618,0.95042406326687356,1.0149935859545411,0.98430652407226082,0.95637044492405687
0.99114036285321272,1.0143496982940325,0.98506444372494295,0.99497507547998365,1.0063936525400812,0.9690403487566186,0.99153669854343129,0.99883338379940045,0.96205628500506679,1.0198435031919744,0.99856961857728321,0.99065866956425341,0.9940923437346233,1.0130687783352308,0.97740309913215273,1.0073136068550039,0.99634788397416074,0.99650864685712948,0.97527108903165094,0.99294842090870117,0.96398806385336755,0.962225617316671,1.0054863475334932,0.98330248586333868,0.99451975100685197
1.0267561156749614,1.0056400728176342,0.96135013745161424,0.98130910849279052,1.0023557617010888,0.93065493893383378,0.99618489392089693,0.9978017683787439,0.96975922505627421,1.0020288328987175,1.0145867886711495,0.9813920235670136,1.0295962868227542,1.0023118243865885,0.95184798553101013,1.0066903180848226,0.96425352319295243,0.99553225121787525,0.9300442902688294,1.0276260427756283,0.97171961978798449,1.0069881075612028,1.0175084652269952,0.99555313886230512,0.99600072775507176
1.0221384944691438,1.0032506364018119,0.92352415044383163,0.96474172014811432,1.0228575314286787,0.93618123128373942,0.98662863420092617,1.0206952327857943,0.96807007491480168,0.99970264917151574,1.0337279193734261,1.0079915914117603,1.0081695563165693,0.99836366847681257,0.96609944759050392,0.99774676078254043,0.98381271151758232,1.0124027736289711,0.95033974627454953,0.98886957510592777,0.95909353720301138,0.98374013045749975,0.97999023642312966,0.99478598023637699,1.0040397419794604
1.0261248366284403,1.0059021804349089,1.0162488541134802,0.95561151099492714,1.0154767414516457,0.98077208450450903,0.98487344196481397,0.98750958944921086,0.97036347908926057,1.0175727466493949,1.0055105262836157,0.98796131470679738,1.0061498758612692,1.0075382852817083,0.97178840230624786,0.98033979989327147,0.98779912792883817,0.99345274232141567,0.99142529232778642,1.0070439721684128,0.97101843119680731,0.95578427689585443,0.98330155814239484,0.97271295379514422,0.99072384839152228
1.0048507480085516,1.0038245612612067,1.0020080192116589,0.99400124368799458,1.0180018290825157,0.95667621949662585,0.97626450915859508,0.98738991437656842,0.87721398138838969,1.0065695443521498,1.0020940546515682,1.0012570492976538,1.008063324927208,0.97845957394847671,0.98079688272686816,0.99884454848422644,0.99624605806830302,0.98742852168975381,0.9713935659134677,1.003015426745411,0.92054776426706875,1.0088318978794479,0.99143026650080579,0.98819351176618486,0.98674710514496544
1.0058078423358054,0.97127030203286802,0.99924137693388937,0.98802464005933954,1.0075313517411937,0.98284821410498047,0.96661911161476055,1.0027889004979176,0.92217390955064205,1.0210611835692149,1.0036083899523049,1.0063868599231107,1.0084666285604047,0.99168991309664312,0.99637220897555534,0.97194897128384816,0.98631353773463604,0.99311288170340417,0.96933966474292943,1.0058145891378569,0.97233310779997739,1.0140500297688955,0.97507817835273747,0.99736592739925378,0.96683574596333155
1.0132308612571288,1.0064505202579017,1.004447202307774,0.9818942639257785,0.98586198813379056,0.96948777216583493,0.98297692211208876,1.0027557034773029,1.0003240249320962,0.99790141635647289,1.0106895994858895,1.0005527771757587,1.0102153109103766,1.0106326760657667,0.97484606085490966,0.99058969046984036,0.9825546867751479,0.97810218315106545,0.97756793377444451,0.99868953854582798,0.99601881932323333,0.9717303146701588,1.0205833898592014,1.0065381476127671,0.97304771971780979
1.0076479365301596,1.0034927036659249,1.0004214456500071,0.98708726658741008,1.0192866936452716,1.0054710567325895,0.93294043479417355,1.0097915615453941,0.97868205482361914,1.0111148561002494,0.99376242234207357,0.98656775894287307,0.99348313495485696,1.0227521046228827,0.95204142826570159,0.98406490559867066,0.97699502884098166,0.99193094778237656,0.93605421739415673,1.0094649146601444,0.95259630326248834,0.99649104486063789,0.9944064509945153,0.99531014473854273,0.97422514502073543
1.0321804506157446,1.0008463585583443,1.0083084493495906,0.9995921765447443,1.0124434025609674,0.99031245386761513,0.90663257247888063,0.98775625093390174,0.97866586085493101,1.0236016172249072,0.99238224488952786,0.98709293453168379,1.016953419170282,0.99734997105663159,0.99827926231681352,0.99729539854774063,1.0206337823252118,0.96004196594416635,0.96270111850442441,0.99564903495595669,0.97487230254725599,0.97468631467572453,0.99173175890668286,1.018635718020436,0.96185227046922628
0.99320213546216507,0.98931674509162904,1.0031925365154455,0.96148201197566174,1.0269292927030151,0.93624425603212635,0.98432348362277067,1.0026540585833954,0.99658125392775654,0.9896872701374827,1.0002532971976594,1.0285383247970641,1.0052295930297301,1.019150402311958,0.90017832115748364,1.0187907315767939,0.99761518702339957,0.96595005169272918,0.99079254331014344,1.0155809417789847,0.9801660478194596,0.98192461653124608,0.99419822349661346,1.0099683880595181,1.004125792221386
0.99937342903199045,1.0000988692828434,1.0023972169657849,0.91614207995010055,1.0190250475203899,0.9819837627235195,0.9030071532404097,1.0045249769026856,0.98471593869066842,0.99354580451565577,1.0201389910776801,1.0029940204985432,0.99014231952534859,0.98510070144283868,1.0273006522944301,0.98715034947951319,0.99549887632448042,0.991058689500526,1.0066425976723772,0.99650240612921426,1.0008434129680608,0.95073967415257843,0.97255197373032609,1.0100072316281214,1.0108977823992411
0.98809182566883935,1.0108841725826057,0.98636339091704361,0.98332154054714205,1.0004391636311682,1.0034409561090649,0.96238466979655801,0.99308351601665668,1.0129872695911071,0.9741557919166266,1.0045507229456885,0.99837137630056161,0.99056338804835409,0.99872169312225667,0.98828797943950408,1.0176429951547101,1.0083222460020298,0.99469632165076038,0.97219888577599078,1.0034873062725247,1.0006885074779439,0.97985899171308766,0.96306942640489124,1.0005114217476727,0.98722073492342488
0.9998926677960891,1.009030425315955,0.99929640485816995,0.96335602262510278,1.0040148574425751,0.98473323731754236,1.0038827874701226,1.0005986555609876,0.97878595243326816,0.99925529850489181,0.98529869789427638,1.0067853586085529,0.97473932079177228,1.0033457796874046,1.0100819178399056,0.97158922740485865,0.97624222360454782,1.0075647518740642,1.0042131048341982,0.98985560033645636,1.019640622794308,0.9968287009600546,0.96488961574356935,0.99480494627212501,0.98739723378361477
1.0157826668457333,0.97977527267637932,1.0154830890198621,0.98952429315150425,1.0097023374044345,0.98517536176786669,1.0364425384067641,0.98655582571053246,0.98314224100027414,0.99140144408707398,1.0079207352526356,1.024146482986932,0.92968613142751744,1.0182842006082198,0.99625125799126357,0.99559977442554726,1.0004554764050098,0.98769358917162664,0.98684839631541654,0.98735491328989289,1.0053793304132264,1.0005663487682157,0.95696914309736358,1.0239907740573573,0.98551037203529512
1.010575994288671,0.95629743600572359,0.99726842041691488,0.97308854593173755,1.012823647673931,0.97984302733402229,1.0251027676697588,0.99663289441787928,1.0029586162555499,1.0125823930823461,0.99047954038681019,1.0072755608677963,0.94557243013204295,0.98639279178166506,0.99144069614866381,0.98658573117003545,0.9708547378036787,0.98056343524104328,0.99031003099001635,1.0033114109679984,1.0163698967853914,0.99267208434689236,0.99285804785624665,1.0020717433658093,1.0183260067389879
1.0286704643575482,0.96647600833340408,0.99137959577510937,0.98623209961317249,0.99960793022242611,0.97988395148219487,1.0196856642418795,0.99184971423616619,1.0197441222253927,1.0142432240882104,1.0406197303049518,1.0143298941878385,0.96985954429773991,0.99512252931889189,1.0011773173734109,0.98126710559761754,0.96777658534700428,0.97638506998094265,0.96773870873937418,0.98837563356393676,1.0141074430999319,1.0116977534014027,0.98701515657644656,0.98623105467923522,1.0122701675737407
0.99237473066923321,0.95865012614918055,1.0026900177981684,0.9807380150922177,1.0152162028196237,0.97200716399554488,1.0081596097601242,0.98189656165127448,0.96592122898836741,0.99037363789831845,0.96958210975098624,0.99704285060456255,0.9556854605840579,1.0080979544005071,0.96534217386849153,0.94773165066430221,0.91897474861988659,0.9429817547949797,0.99716515949200868,1.0136637264695088,0.99383771598574633,1.0185479249790814,0.98946714901200128,0.995754305325252,1.0050129434125823
0.98041209617993708,0.97851016564097915,1.0141387397054968,0.97764768875318275,1.010916360202293,0.96951618175536503,1.0400997188192216,0.9934167832482701,1.0191706743054678,0.98308550110280213,1.0234486006803161,0.99819171000108198,0.94248578650359915,0.96597545918217309,0.96694184668078509,0.9680617677529163,0.95589345998141195,0.88723416430561908,0.97203708310827963,0.99706749514000814,1.0029649007240637,0.98753530291662539,0.94875375475219992,0.98592872199993464,0.98981432752487131
1.0040813468934764,0.97279845358358752,1.0026026331990081,0.9307391050594308,0.99023149973912084,0.94513169302176792,1.0278031188998507,1.0073953803753672,1.0169596007946549,0.99434622517956239,1.0013059457580791,0.9981281655335994,0.99455816726291713,1.0180450285149312,0.99935590286865739,0.96613276413368621,0.98130689453430275,0.95838513132263037,0.97372438874275857,0.99875301041190412,0.97940027673493402,1.0064355826553271,0.94821578972577025,1.0028461011140217,0.9799611710462891
0.99997508226568421,0.95144230000596219,1.0151693297834004,0.9881326060294523,0.99592440866804155,0.97691962049288994,1.0318056218351355,1.0063896133022894,1.0133784340542062,0.99176257945974811,1.0264431500452826,0.98888233299804185,0.96030060662395589,1.0083508847514437,0.97661933505992105,0.96242620541578849,0.98261941205384407,0.99534444743509998,1.0055766722725674,0.99641542366275793,0.9932879078423158,1.0120048346202652,1.0030838907873405,0.98393491254954668,0.98566848571287169
1.0049594854886683,0.9921351688768556,0.99367372458042846,0.94152719626921055,1.0064118070596719,0.96389413298791959,1.0274400173692007,1.002826098373498,1.0047532910042081,1.026599445681635,1.0054960319931325,1.0140791687895914,1.0089379434652657,1.0115910476035013,0.91870400125804208,0.92568489709502388,1.0101479175478583,1.0065318313547984,1.0023319860164706,1.0116447569321678,0.99980842051529273,1.0161253239841419,0.98581118970868487,1.0073953585689774,0.97909599321829777
1.0173593137070591,0.98017524803619926,1.0265816407093613,1.0094120087203755,1.0019546498415868,0.94592857197790536,1.0347486940741124,0.98951003290201889,0.99326158032101286,1.0134218772212389,0.99988742282349063,0.99791008032061035,0.98274635670332755,1.0172082942353273,1.023116372115195,0.94396067963521524,1.0140802878123529,0.98546048090841221,0.98691502822441279,1.0016611507977555,1.0025109533466228,0.98775046378724007,0.99252103340506348,0.97359934346778965,1.0099465146826061
1.0074397874091185,0.98355205672252677,0.97962312276839369,1.0045041779225687,0.99745363191370551,0.95361937807601649,1.0056689896733286,1.0180845165520875,0.97387181395707634,0.98955336630713453,0.99235488725819776,0.99181960528625934,0.99828354524000584,1.0135433985372999,1.0480381247769655,0.97592365033138528,0.98997676847531579,1.0003827222813757,0.99810473797932342,0.99083904651048382,1.0230775076444036,0.99564286114870404,0.99224276811503365,0.94990039438856255,0.99612987785190665
0.99672662508662246,0.9862840762820817,1.019876085303854,1.0114207791540253,1.005742782611883,0.97422438089596008,1.0088439977485932,1.0095406613035143,1.0072531661698343,1.003862974588831,1.0083685499114141,0.99016601562271367,1.0099213941360812,0.99021921723327344,0.98700854091404799,0.97973704517469518,0.98427963000198326,1.0241760405338116,0.99424415965442037,0.99380297047129695,1.0004990012753712,1.005974440561515,0.99605751206649473,0.94774448237308517,0.9830438500076395
0.99566888078390936,1.0171284470878101,0.99008561298758035,0.98824293785926565,0.99543913777599191,0.99309977503878633,1.0262403052766338,1.0050654978789222,0.99221559392631398,0.99816216051913276,0.98782259279011575,0.99735146825137988,0.9523590867656555,0.97107433387011843,1.0274782246748211,1.0087170872922406,0.99507668093026036,0.99535315967859284,0.98781545805436766,0.99757734007760512,0.98042437228719781,0.99231736052138797,0.97429953921868007,1.0112964521734371,0.95900033983406796
0.99983548990861315,0.99141261608181352,0.99219998708408597,0.95423143027250223,1.0009888102227031,0.9451846878153054,1.0117389883755763,1.0038112673392772,0.9963922863842426,1.0188043864954164,0.99946960511453464,0.99008493545509169,0.89438143731755904,0.92105145018513868,0.98535837439354812,1.0167683364398208,0.99686992423596277,0.9748785725493303,0.99975102270809424,0.97671877462623002,0.92364520615344559,0.98388382814831876,0.93246466848075882,0.99181071624564232,0.96116650063302211
1.0099301270374776,0.97121151916804094,1.0011943438371462,1.0172089698772291,1.0009687530315479,1.0068981419601,1.0222146346092635,1.0121687936560166,0.99183639376180732,0.99287801695687472,1.0180956223259185,0.99212264563815955,1.0026636387414205,0.94546008995666986,1.0165751736380146,1.0116786741205623,0.98120738870054713,0.98794229061920347,0.99556293584974254,0.9714720164341436,0.94897450058456223,0.99958056759583414,0.93233412005135619,1.0113634359986605,0.89679860841860193
1.0145482236128196,0.86901746409238256,0.99959536988522912,1.009471600234193,1.0329048754293457,0.99054357133400595,0.99570581549510606,0.98831207830416212,1.0085720378222431,1.0072529675766093,0.98425616042575581,0.9862902739584678,1.0102690638020668,0.95703123585819083,1.0223868081307432,1.0013198210127361,0.99954120447522454,0.95407901188370692,0.98865253116296459,1.0104049854418786,0.93300080056596701,0.99760484959143236,1.0066792343996505,0.98029372240318968,0.95142834624766903
1.0080397057839114,1.0087122047152262,1.019105887810239,0.99881200136307191,0.9885334266545821,0.96594472216463989,1.0008325725604681,0.94752283799894521,0.99269302038287199,1.0320148765105661,0.98360878847745514,1.0033005142120444,0.99508256690087293,1.0071570394568756,1.0167614001466752,1.0133006126400304,0.98811281122716588,0.98993900661313972,0.97554265688776687,0.9825323931108737,0.97406949673970733,0.99861700725926972,1.0449348976954831,0.99787443113229046,0.98383183248105543
0.9937269374612433,0.99631534704042812,0.98331157369542965,0.99243006072206486,0.98367110181246353,0.91975629940960824,1.0107795760065763,1.0219488255822515,1.0292287128895896,0.98721856226006122,0.99382111957833519,1.0097600333954,1.0203056423214458,0.99308250412858867,1.0473593661458902,1.0060585100695432,1.0001025360944029,1.002319106244268,0.78065199563275756,0.95652754416109564,1.0075237357493776,1.0040537473592177,1.0121640890000385,1.0233912290295104,1.0189583785272935
0.99257283199347168,0.99942154700236618,0.96373776538258227,0.941044495521274,0.98486388117597323,1.0373489965512901,1.0306277097855088,1.0131454430479991,0.98885494938042151,1.0160589601425767,0.98049454734945563,1.0073937086281031,1.0399409639193151,0.94069316725762431,1.0348018303658939,1.0070345608910627,0.99745285165320052,0.96747183530038039,1.0163929300754662,0.97789361364156979,0.98656916919883786,1.0132000966781012,1.0180378433802508,0.98666567409365646,0.97367079399116963
0.97978249393400518,0.99938744452780537,0.96956601254955743,0.99224989734211377,0.98347496660245581,1.0117401483901665,1.0096333404469862,1.0320153879068701,0.98604148910078537,1.0103414905333503,1.0340239324955951,0.99847389648730356,1.0115734370535929,0.98332009480158866,1.0321363626922726,0.99143444613452048,1.0079176592691379,0.98277217879979506,1.01733287986677,0.96213623072845489,1.0056274168113637,0.98718774170479062,1.0451365214401003,1.0205845067070047,0.97603384444775398
0.91522622448271518,0.99752104310471157,0.9659708382906933,0.97300153461628125,0.9919339428041577,1.0116705511360196,1.0023009301295052,0.98311277214787074,0.99043537352165567,1.0174054555436269,1.0046220322572235,1.0031294749678572,1.0116568608702583,0.96372336047445595,1.0130748999836849,1.004373306919637,0.99119338529031731,0.9514465979126725,1.0015067694055217,0.96006614333491347,0.96795407958927626,1.0034409005472549,1.0102006423312333,1.0084030924091605,0.99819409732990061
0.96633401559360665,1.0000733963844421,0.96382940055117339,0.97738489767129488,0.9504168364965333,1.0163130957118616,1.0402334924371885,1.0041941103001155,0.99156230048933691,1.0187457697664442,1.0055423265380938,1.0038085775383958,1.0129821842383497,0.95760580460952061,0.9864141597690973,1.000740428467308,0.98501965843403683,0.95631961178568226,0.99502775004538258,0.93375254073450364,0.99840481240425216,0.99724198685088827,1.0035147370311259,1.0182567913399609,1.0342393081519126
0.94449728090994278,0.96787604249172776,0.96361848929959448,0.98077289684854307,0.99667243483607149,0.99173992570055192,1.0278951484383658,1.0089591192326697,0.97444025982909788,0.99503480967605795,0.99721121016403147,0.99480250454429653,1.0185799293682323,0.95663013502770244,0.99449077873359615,0.99450548607638989,1.0051807234789163,0.92309088061173383,1.0007362739776633,0.96111155558084738,0.94724644560588522,0.98722963412391451,0.99781226901710884,1.0070894080730692,1.0374553886526374
0.9659067574105592,0.97377649870768412,0.99074375037227747,0.97408111301236733,0.97783774159952952,1.0075319855966396,1.0290489239965381,0.98686660388152991,0.99498876969314476,0.99553151031610665,1.0015554917734415,1.0200113086239262,0.96925540052908321,0.93063503217096388,0.99134396591448248,0.9806650389658027,1.000760535199837,0.95627542169138846,1.0110072376229515,0.95091828245106247,1.0073672147173336,0.99487272929175963,0.97848232087818787,1.0010667939955367,1.0079217107410396
1.0047194224977263,0.95112658101073355,0.9738187669722127,0.96589202101845539,1.0168232522863974,1.0239075149748369,1.0074362492146718,1.0022043904076021,0.99959460757789576,1.022569602001131,1.014004019045716,1.006930033374293,0.98741627137070476,0.90364090436233535,1.0186624262842603,1.0087782025053107,1.0079403328169534,0.95141497828958677,0.99264277441653981,1.0150626890896062,1.0055044270441476,1.0077279241990473,1.0050466759707251,0.99299337076633176,1.0212952786428364
0.97104401198903134,0.98972981956823125,0.99211830068060269,1.0029841195186266,0.98965617098898984,0.99857391404962681,1.0227306069951028,0.97218042341058619,0.99696663209639047,1.0043739637861004,0.99156761254957704,1.004546506083402,0.9491212556511931,0.93275237986653436,0.98909058317052778,1.0188163809248254,0.97504580778489536,0.92614318179278665,0.99560863874200722,1.0027539217796255,0.96043776234371914,1.0133677023555006,1.0087981847730376,1.0026427459605234,1.0339449708513335
0.99071870677561702,0.9533403206279718,0.98479850437037231,1.0146095568390048,1.0173029246001064,1.0469451563136978,1.0048029106133045,0.99616049240979765,0.99603459800074656,1.0121750908040592,1.0103066323534,1.0044035497628423,0.97296949831947099,0.8219873484246718,1.0013146869427165,1.004381305033434,0.97672557881380573,0.9908092343341639,0.99088147547393979,0.94910121436533879,1.0001628156114621,1.0083227839918407,1.0070125604796887,1.0098849503246137,1.0261204027386133
0.98150212568381501,0.92871625666313318,1.006490859247926,0.98420069152049516,0.96251603914035477,1.0120386125217236,1.0074879322003434,0.98901166693265119,0.94534663229259575,1.0142077731685695,0.99758167480287807,1.0135587020265726,0.84881974484272149,0.99226344308900749,1.0139713735805835,0.96699050704239986,1.0057726458856688,0.99158030098780259,0.99237362190005007,0.97422591020265015,1.016783780175508,1.0116017303023648,1.0448708946979592,1.0055738094693583,1.0415953688653847
1.0484505842038292,0.98347930088823732,0.9673560461685683,1.0024880180855384,1.0098128466507186,1.0115746763343727,1.0212819020997408,0.99450579745591539,0.98340700931727765,0.99496817312167618,1.0014847977137891,0.99237767955376066,0.96573221621878813,1.0021879911517284,1.0159604622779712,0.98290744927247176,1.0287061771076629,0.96744884790777275,0.99338908311455454,0.99311979017112306,1.0228081205806181,0.98649737491613942,1.0077026624090486,1.0124274012860635,1.022232690253895
1.0122683392190504,0.93747929720609935,0.9731046609157934,0.96111341283076746,1.0065606724113219,0.98240829238456928,1.0157151084347247,0.99286615579554982,0.97569957410205599,1.0170952187305728,1.0252110048078926,1.0022681999127971,0.99192587322957726,0.97859458664370547,1.002505397747572,1.0348434216404738,1.0088054871529499,0.98820036931413746,1.0200618474127681,0.97363785158916571,1.0360394431587872,1.007060928786877,1.029143690436779,1.0119626894120293,1.0216941755657438
0.98452157264764939,0.96794544399626725,0.94638364126390007,0.95653914131170981,0.97389725556860218,0.99994384402074266,1.0006640722162665,0.97861001237383605,0.98131818926892467,1.0181062740606603,1.0062852951882106,1.00044054686965,0.98052572665838922,1.0127653569774113,1.005653275864721,1.0034586098920677,1.0204112474391627,0.98439794137015357,1.0049113708142139,0.98364330989580995,1.0119660516615747,0.99556346053204514,0.98481625376636628,1.0254749592076438,0.99465737889557582
0.9967546372887498,0.91185026264916624,1.003460314942809,0.95321829110129674,1.03098043465558,1.0243137240893456,1.0172889275525927,1.015280911084905,0.98035480938369535,1.0166889436018529,0.99129549668888839,1.0060780571693739,0.98640155270340535,0.98176022673898411,1.0207841374962887,0.99112462788490252,1.0094043537804285,0.98796005683194565,0.99796337541383684,0.97165410948829667,1.0029166393339046,0.99233575147382447,1.0082910780067469,0.99420061000527249,0.99887605239461019
0.99605502736823071,0.98387150247427613,0.9967810019426141,0.85908250170058731,0.95145683267209491,0.96933981561245164,1.0485334698315991,1.0067278145037992,0.98096479172930817,1.0011563318575321,0.98868440356151077,1.0173018505588958,0.97968848858738433,0.92247480908158763,0.98885485935434891,1.0261073423104432,1.0287237030125218,0.97846008832894182,1.0105245516461709,0.97289158410795129,0.99161396601539975,1.0017947047331843,1.0056488781635509,1.0089973618425183,1.0231313196029843
0.96834782933116426,0.96556736112479302,0.97102851120126243,0.94802704355213785,0.96332225167572227,0.96728255762325921,1.0222310432792654,1.0005341817835207,0.97736263877873486,1.0232899327261815,1.0102113177699741,1.0049245493958499,0.99126310312428967,0.99768699456870225,0.99640293771527577,1.028887930260634,0.98979623005129447,0.99372492147188907,1.0075225354268957,0.98072299492432879,1.0116003330428605,1.0201157081404637,1.010647631875534,0.98706184648084283,0.99924055569021042
0.96694904277795835,0.98074022806807304,0.99113574247841041,0.9827492624863382,0.95467720999059635,1.0028530273123171,1.0293919153615951,1.0092660163292722,0.98736978355774407,1.0284140770840142,1.0179259968376964,0.97996591147722822,0.9928634035371201,0.95814956969555209,0.99123858246456664,1.0427981629852425,1.0232179944890796,0.99758943869726813,1.0006103729625986,1.0016465538908192,1.014872827714433,0.9947615597317393,0.96754526887748071,1.0059857447925256,1.0138419514802659
0.95431936941547024,0.99031243388868728,0.97456218947464768,0.96478523432051932,0.98604759177667123,1.0019514980073754,1.0191603347601041,0.99699191508294016,0.99123399455579309,0.99676569391593783,1.0349209045057837,0.97775201094767672,1.0143691909244479,0.94141787554981526,0.98771514535778393,1.0095127135889039,1.028215564550383,1.0013980774203739,1.0103045542695617,1.0018700499103337,0.99920538863605535,0.98402070453038892,0.97750175200758616,0.9944758584714507,1.012728422482045
0.9563072033260569,0.98836032730754919,0.98264926239230532,0.97450366514795916,0.98931772830830356,1.0008994372643603,0.99381892877593692,1.0223972498116145,0.9727975471069582,1.0012389978464704,1.0125631055769446,0.99720655112804657,0.99573087329970211,0.96657384471906727,0.99982309435413119,1.0099711811423162,1.009558158825814,0.98096936428365222,0.98345947731681027,0.99753105372018247,0.99664177259357911,0.98269543849284025,0.98727370588597319,1.011735710941319,1.0178259818767494
